1.278250e-04
9.322225e-02
-2.580917e-02
6.960910e-02
1.641560e-01
3.559648e-02
4.788604e-02
1.584230e-01
1.637672e-02
3.629583e-02
8.172592e-03
3.066530e-02
8.352318e-02
7.757461e-02
5.666654e-02
6.670645e-02
9.445837e-02
8.065917e-02
2.949966e-11
1.464104e-10
7.029719e-10
6.847344e-10
-3.175486e-10
1.006300e-10
-1.779080e-10
2.888174e-10
-6.018758e-11
8.481107e-03
4.049719e-02
3.084536e-02
-3.988274e-02
-1.105111e-02
2.434597e-02
-6.429861e-02
-5.546146e-02
-3.075919e-02
6.142906e-11
-2.410499e-10
1.307771e-10
-5.134134e-11
-8.908072e-11
3.333560e-10
-8.659126e-11
-2.392807e-11
-2.239763e-10
4.755238e-03
6.033795e-02
4.347113e-02
-2.453550e-03
3.697845e-02
-1.426886e-03
-5.333413e-02
-3.836600e-02
-7.361053e-02
1.384105e-10
2.550699e-11
-1.823310e-10
-3.373567e-10
-7.121361e-10
-9.589914e-11
-3.834160e-10
1.377830e-10
-3.106173e-10
8.934578e-02
6.744569e-02
6.475628e-02
4.631590e-02
3.012559e-02
2.001131e-02
3.297599e-02
7.741865e-03
-6.560250e-04
3.168263e-10
-3.347061e-10
-3.305647e-10
2.390117e-10
-2.026778e-10
1.981990e-10
5.921920e-10
9.900951e-11
-2.019007e-10
-1.272652e-10
-1.232740e-10
9.621593e-12
-1.466660e-10
4.768196e-10
-4.247770e-10
-1.326446e-10
-3.547271e-10
4.314083e-11
-2.528486e-02
1.647009e-02
2.544538e-02
-4.146363e-02
3.725621e-03
1.683695e-02
-2.971029e-02
1.246263e-02
8.420174e-03
9.707063e-09
3.136070e-08
2.105911e-08
-6.619980e-08
-5.948761e-08
-2.920622e-08
-8.715386e-08
-5.962831e-08
-4.438634e-08
4.771359e-02
1.405726e-02
2.207057e-02
3.305547e-02
-2.792066e-02
-1.730059e-02
5.536263e-02
3.038734e-02
2.399600e-02
-4.940858e-03
1.931936e-02
5.651510e-02
-4.039792e-02
-1.620979e-02
2.265694e-02
-2.977302e-02
-2.690572e-02
-2.246093e-03
2.695982e-11
-5.543065e-10
2.400690e-10
-3.740590e-10
4.543994e-10
2.844618e-12
1.343805e-10
-6.714996e-10
-3.374639e-10
7.727438e-10
1.353603e-09
1.050457e-09
6.916114e-10
5.115012e-10
1.078108e-09
8.514063e-11
2.532888e-10
2.593073e-11
3.415590e-02
1.093932e-01
8.522730e-02
-8.829060e-02
-8.206812e-02
-3.522274e-02
-5.945185e-02
-1.583701e-01
-6.047188e-02
-1.985786e-02
-2.365585e-02
-9.466542e-04
3.787251e-02
4.411393e-02
-3.298780e-02
-4.470199e-02
-3.430216e-02
-6.587549e-02
-2.637517e-10
1.440179e-10
-1.757620e-10
-1.009618e-10
-3.604898e-10
-8.441734e-10
-5.182946e-10
2.130585e-11
-3.995299e-10
2.900388e-02
1.424283e-01
-3.935441e-02
2.867926e-02
4.626573e-02
2.873274e-02
5.190537e-02
-1.484906e-01
5.371907e-02
3.023481e-11
2.854334e-10
-3.488099e-11
-1.388729e-10
7.163846e-10
2.562026e-10
-4.293278e-10
-3.921150e-10
-4.809834e-10
1.697586e-02
3.703065e-02
2.964296e-02
-4.745918e-02
-5.071349e-02
-1.183742e-02
-5.897984e-02
-5.872712e-02
3.610184e-03
-3.495317e-10
-1.989814e-10
-2.383637e-10
-4.620469e-10
-1.014117e-09
-6.053412e-10
-4.713039e-10
-2.350585e-11
-3.954437e-10
-5.254333e-03
-5.986257e-02
-7.804192e-02
4.659152e-02
2.419486e-02
-1.963692e-02
4.703107e-02
9.310390e-02
3.957293e-02
6.434911e-10
-1.428925e-10
7.915266e-11
3.971069e-10
-2.894062e-10
7.568111e-11
4.244037e-10
-6.383106e-11
-1.550479e-10
6.999994e-11
6.586775e-10
3.037675e-10
5.503914e-11
-1.341534e-10
1.973749e-10
4.370738e-11
-6.970082e-10
-4.577243e-10
-2.331004e-02
7.873383e-02
-4.289531e-02
1.319174e-02
2.840412e-02
-1.952720e-02
6.457007e-02
2.125758e-02
8.712968e-03
4.309243e-08
1.684706e-07
1.926749e-07
2.301890e-07
3.613345e-07
3.498515e-07
2.522225e-07
3.439056e-07
3.959190e-07
-3.353603e-03
-1.381373e-02
2.310397e-02
3.418767e-02
2.442538e-02
1.522625e-02
-3.098998e-02
4.348090e-04
-6.546324e-02
-2.631434e-02
-1.021073e-02
-5.710519e-02
-7.310016e-02
-1.078283e-01
-8.526130e-02
5.313369e-03
-3.867681e-02
2.341435e-02
-3.839414e-11
-7.263791e-10
-5.232687e-10
-1.201384e-09
-1.279712e-09
-6.189220e-10
-7.132519e-10
-2.151495e-10
-7.727002e-10
-1.679093e-09
-2.257948e-09
-1.447891e-09
-2.156850e-09
-2.901817e-09
-2.887910e-09
-2.267462e-09
-2.780723e-09
-2.425606e-09
7.790940e-02
1.116845e-01
9.129448e-02
8.281605e-02
4.776700e-03
-7.723822e-02
1.739255e-02
-3.544153e-02
-9.621470e-02
2.694444e-02
-6.909914e-03
-1.984720e-02
2.236788e-02
-3.015789e-02
-3.270128e-02
1.618280e-02
-1.700461e-02
-1.356732e-02
8.071105e-10
3.865648e-10
2.495736e-10
2.794625e-10
4.424796e-10
-1.889061e-10
7.603296e-10
5.776596e-10
5.749016e-10
-4.690752e-03
9.254845e-02
5.327002e-02
-5.564548e-02
6.628196e-02
4.923402e-03
-3.899023e-02
1.933466e-02
-5.345996e-02
4.175162e-10
-3.894742e-10
6.533287e-10
-2.365284e-10
4.871056e-10
-1.790878e-10
-7.262814e-11
2.530750e-11
-2.858963e-11
8.831152e-02
3.314573e-02
-9.191344e-03
9.144673e-02
-6.323981e-02
-1.236984e-01
1.285943e-01
-2.555594e-02
-7.887562e-02
1.337703e-10
3.594148e-10
3.317033e-10
3.991373e-10
-1.281039e-11
-5.570744e-10
-9.148177e-11
-2.083120e-10
-3.343325e-10
-4.410845e-02
-1.010817e-02
8.764944e-04
-8.352388e-02
-2.985934e-02
1.315542e-02
-1.368892e-01
-4.956227e-02
-4.398215e-03
-3.956897e-10
2.835708e-11
-4.490970e-10
-4.446812e-10
-1.500151e-10
-5.437076e-10
-3.940824e-10
2.444245e-10
4.501905e-11
6.469706e-10
-9.124105e-11
4.571911e-11
1.648339e-11
-2.763260e-10
4.161292e-10
1.493639e-10
4.352455e-10
3.496871e-10
1.086872e-02
1.909199e-02
1.131592e-02
-4.481481e-02
2.607825e-02
4.945248e-02
-7.891923e-02
-1.564013e-02
4.993609e-02
6.692095e-09
-4.130628e-08
-1.272135e-07
3.621977e-10
-5.002703e-08
-1.231605e-07
-2.477319e-08
-8.101377e-08
-7.607734e-08
9.322619e-03
7.519518e-03
-2.159084e-02
-1.475638e-02
-3.707647e-02
-2.133248e-02
2.357224e-02
1.831312e-03
2.255852e-02
3.086399e-02
4.789850e-02
7.154265e-03
4.246882e-02
1.006343e-01
2.366816e-02
1.345877e-02
7.848886e-02
5.869049e-03
2.334189e-10
5.271959e-11
-4.733684e-11
6.394413e-10
6.497912e-10
-3.225792e-12
2.060355e-10
7.802580e-10
-4.702541e-10
-4.418150e-10
-1.006359e-09
-7.022991e-10
-6.470274e-10
-7.380708e-10
-1.531731e-09
-1.611360e-09
-1.471628e-09
-1.806484e-09
-1.214665e-01
-6.487113e-02
9.810127e-02
-1.297702e-01
-6.012172e-02
7.929056e-02
-2.237341e-02
-2.105958e-02
5.573034e-02
2.289000e-02
3.474518e-02
-2.146616e-02
1.407050e-02
7.309528e-03
-3.053696e-02
-3.005810e-02
-3.676329e-02
-4.234990e-02
6.262151e-10
1.295406e-09
7.435810e-10
1.401673e-10
7.283020e-10
4.005848e-10
4.199650e-10
4.312137e-10
3.811550e-10
-7.929394e-03
1.042857e-02
-4.920942e-02
7.392976e-02
1.816134e-01
-1.382422e-02
3.615005e-02
6.377386e-02
4.213529e-03
-3.572821e-10
-1.789970e-10
-2.782246e-10
7.296877e-10
-2.066630e-10
2.684124e-10
-1.350306e-10
1.554187e-10
1.114444e-10
-1.914018e-02
-8.827577e-03
1.319758e-02
-3.184324e-03
3.387468e-02
2.259186e-02
-1.667028e-02
2.997904e-02
1.616926e-02
6.569995e-11
5.137025e-10
-7.553141e-10
7.161503e-11
-3.209089e-10
-2.011679e-10
-4.357274e-10
1.452576e-10
1.632915e-10
1.127412e-01
8.366289e-02
-3.506969e-02
1.828584e-01
1.172691e-01
-1.853058e-02
9.601801e-02
3.919699e-02
-6.950168e-02
-7.841365e-10
-4.318248e-10
-7.598602e-11
-1.052290e-09
-2.172596e-10
2.164936e-10
-1.184310e-10
2.144454e-10
2.705729e-10
2.741049e-10
1.502628e-10
5.764971e-10
6.216027e-10
4.073052e-10
-2.517537e-10
1.086083e-09
8.199229e-10
2.513931e-10
-6.764226e-02
5.088409e-02
2.534118e-02
-9.141889e-02
6.904459e-02
5.663681e-02
-1.190618e-01
-4.979607e-03
4.221011e-03
1.876728e-07
1.638213e-07
1.165210e-07
2.317981e-07
2.388672e-07
2.086563e-07
3.763182e-07
2.509184e-07
1.675638e-07
-7.551302e-03
3.015120e-03
-2.688227e-02
2.458374e-02
-9.433519e-03
-3.078675e-02
5.922513e-02
3.325705e-02
-3.632870e-03
4.951318e-02
6.216949e-02
-5.355476e-03
6.270311e-02
9.327085e-02
-2.760423e-02
-9.494690e-02
-7.178444e-02
-1.230798e-01
5.443162e-10
-1.511547e-10
2.215996e-10
-7.599369e-10
4.294665e-10
1.056102e-10
5.877003e-11
-1.519343e-10
5.396557e-11
1.181903e-09
5.743744e-10
6.728674e-10
4.490395e-10
-1.617163e-10
2.711175e-11
-1.045648e-09
-1.581059e-09
-2.311690e-09
1.286068e-01
1.011325e-02
-7.179108e-02
8.876749e-02
1.251955e-01
-9.748983e-02
6.411913e-02
-1.032910e-01
-1.326654e-02
6.799775e-02
6.821603e-02
1.527887e-02
-1.307249e-02
-1.322016e-02
-7.716236e-02
1.944521e-02
7.262491e-02
9.113487e-03
-1.417702e-10
3.476320e-10
-6.067005e-12
-8.965390e-11
-3.133329e-11
-4.994901e-11
4.465017e-10
-3.619427e-10
2.336812e-10
-7.722981e-02
-2.367733e-01
2.919854e-02
-3.296025e-02
2.604727e-01
5.424570e-02
-5.766903e-02
-1.658811e-01
1.015375e-01
1.138163e-10
-8.798377e-11
-6.262962e-10
6.841575e-11
-3.142768e-10
-4.128193e-10
2.733044e-11
3.677896e-10
-2.592848e-10
-2.311581e-01
5.900248e-02
2.720630e-01
-2.254722e-01
5.897414e-02
2.608504e-01
-1.882902e-01
2.045169e-02
1.839481e-01
-3.915127e-10
-4.194346e-10
4.950647e-10
6.705413e-10
7.337227e-10
-3.171333e-10
2.447218e-10
6.189588e-11
-3.530302e-11
7.453510e-02
6.458535e-02
-8.339593e-02
1.196028e-01
1.333687e-02
-3.703355e-02
3.159241e-02
7.013235e-02
-9.508016e-02
4.057289e-10
1.370982e-10
-6.033749e-11
-1.116135e-10
1.990017e-10
-3.309957e-10
1.008370e-09
6.314158e-10
-2.080800e-10
3.811338e-10
-4.477769e-10
1.693190e-11
4.925785e-10
4.822444e-10
-8.942384e-11
1.211363e-09
2.873830e-10
3.592516e-10
2.205806e-02
1.945787e-02
-2.093812e-02
-4.371575e-02
4.691502e-02
-1.695773e-02
2.290130e-02
4.722534e-02
-1.769952e-02
5.196492e-07
4.845589e-07
3.989355e-07
1.459521e-07
2.630219e-07
4.413432e-07
-1.976843e-07
-3.486736e-07
-8.492528e-08
-1.797391e-02
-2.973804e-02
6.403723e-02
-2.249478e-02
-9.018295e-02
4.801575e-02
-1.643508e-02
4.476265e-02
4.686003e-03
5.934549e-04
3.243418e-02
-1.085930e-02
1.667534e-01
1.370618e-01
-5.737381e-02
-6.347877e-03
-9.892183e-02
-1.363391e-01
6.454445e-10
4.839680e-10
1.924974e-10
4.397741e-10
5.874756e-10
4.247274e-10
1.578552e-10
1.767450e-10
-3.205054e-11
3.791394e-09
3.423915e-09
2.573691e-09
3.784645e-09
4.400068e-09
3.698486e-09
2.304346e-09
2.932257e-09
2.924678e-09
1.941773e-01
2.551123e-01
-6.083956e-02
-2.652580e-02
-1.583387e-01
-1.034043e-01
-1.192590e-01
-2.424570e-01
-1.001913e-01
-3.273673e-02
-5.045081e-03
2.443196e-02
-4.818749e-02
-1.717836e-02
-1.297800e-02
-5.635025e-02
-6.300665e-02
-7.184923e-02
2.853053e-11
-6.129618e-11
8.416268e-11
-3.431915e-10
-4.348800e-10
9.428836e-11
1.333321e-10
-2.442651e-10
-2.928166e-10
-1.435103e-01
-3.995164e-02
-1.097203e-02
1.352346e-02
-9.210462e-02
1.379356e-01
1.283695e-01
1.168011e-01
4.582035e-02
2.962847e-10
3.133112e-10
3.750057e-10
5.156382e-11
3.582888e-11
-1.197695e-10
-7.466953e-10
-9.875896e-11
-2.943910e-10
5.383373e-02
-5.123062e-02
-1.549607e-01
8.403785e-02
-4.247943e-02
-1.146768e-01
7.432506e-02
1.097274e-02
1.546664e-02
-2.448028e-11
-8.317099e-11
-3.584881e-11
-2.482031e-10
-2.573320e-10
-4.562127e-11
5.258572e-11
-6.075714e-10
-8.297637e-11
-1.566095e-01
-2.188215e-01
-7.481382e-02
-1.327703e-01
-6.752024e-02
-5.436968e-03
3.677081e-04
4.142143e-02
9.371947e-02
7.261239e-10
-1.207324e-10
-1.014969e-10
5.852717e-10
2.617312e-10
3.794444e-10
3.482855e-10
3.062110e-10
-1.352785e-10
-4.025200e-10
-6.638382e-10
-2.540224e-11
-9.322999e-10
-3.234875e-10
-3.592525e-10
-4.104110e-10
-5.222055e-10
-5.668973e-10
1.774489e-02
-1.117978e-04
-3.937471e-02
1.642198e-02
-5.520961e-02
2.714852e-02
2.300501e-02
-2.678694e-02
3.741156e-03
1.491564e-07
7.644748e-08
-6.098099e-08
3.391624e-07
2.638171e-07
6.074853e-08
3.857138e-07
2.352651e-07
1.353440e-07
5.715447e-02
-3.526502e-02
-1.917081e-02
4.761434e-02
4.581542e-02
6.472948e-03
-1.404060e-02
-3.475181e-02
-3.997552e-02
-7.031325e-02
-2.890847e-02
4.622853e-02
-1.004376e-01
-8.405402e-02
3.170592e-02
9.112924e-02
3.798731e-02
7.211579e-02
1.264124e-11
-2.755377e-10
1.171559e-10
-1.148415e-10
-7.119524e-11
1.805032e-11
-4.990445e-10
-4.111711e-10
5.163704e-11
-2.062746e-09
-6.118389e-10
-6.669282e-10
-2.086613e-09
-8.912259e-10
-7.496553e-10
-7.975435e-10
-1.139424e-09
-3.159807e-10
-2.058593e-01
-9.254460e-03
1.649875e-01
-2.578291e-01
-1.391742e-01
3.328121e-01
-1.146251e-01
6.787136e-02
1.990799e-01
-9.841591e-02
-3.469767e-02
-1.545978e-02
1.942110e-02
5.240846e-02
7.536977e-02
6.026623e-04
-2.094667e-02
-6.356765e-05
2.735468e-10
3.501023e-10
9.978912e-10
1.736367e-10
3.703064e-10
8.176188e-11
-4.486345e-11
-2.891730e-10
-1.462360e-11
9.322533e-02
1.516154e-01
1.248454e-02
9.356802e-02
-3.188460e-01
-1.679483e-01
-9.075273e-03
1.226020e-01
2.316783e-02
-5.178039e-10
-6.492518e-11
-3.301978e-10
4.763640e-11
5.987490e-11
-3.629317e-10
-1.763247e-10
-5.831499e-10
-1.379620e-10
5.080089e-02
-2.880164e-02
-3.673965e-02
-1.605657e-02
-4.458915e-02
-1.130693e-02
1.205891e-01
9.550934e-02
-3.231441e-02
4.384264e-10
2.802786e-10
-2.266100e-10
4.543225e-10
-1.636193e-10
-7.621704e-11
-2.201664e-10
1.751391e-10
-8.672154e-10
6.000741e-02
1.249220e-02
-1.082463e-01
8.941445e-02
6.255131e-02
-1.670528e-01
1.498709e-01
1.810153e-02
-7.063416e-02
4.597814e-10
6.968665e-10
1.519543e-10
2.817109e-10
-9.272273e-11
2.809789e-10
4.005358e-10
1.009330e-10
6.143627e-10
-7.511288e-11
1.676155e-10
9.131498e-11
3.290763e-10
-6.566584e-11
-1.386243e-10
-1.358723e-11
4.020698e-10
5.031806e-10
-7.528531e-02
1.821320e-02
-3.663567e-04
2.456455e-02
3.892516e-02
-2.050613e-02
-1.397736e-02
5.557026e-02
5.724043e-03
-2.168750e-07
-1.253904e-07
-7.447823e-08
1.767805e-07
2.010847e-07
9.963318e-08
2.377096e-07
2.167592e-07
1.032038e-07
-4.873168e-02
-2.833341e-02
3.159209e-02
-8.081824e-02
7.917486e-02
5.205551e-02
-5.157954e-02
3.215298e-02
9.555592e-02
2.113420e-02
7.529475e-03
5.426595e-02
-5.231205e-02
-2.063524e-01
-5.006966e-02
8.939612e-02
6.929760e-02
1.466986e-01
4.676350e-12
-3.721505e-10
5.664646e-11
3.794149e-10
4.761709e-10
2.039833e-10
-1.692368e-10
-1.060121e-09
-3.226276e-10
-1.548048e-09
-2.123707e-09
-1.808246e-09
-4.842972e-10
-2.467376e-09
-1.013048e-09
-7.140566e-10
-9.752588e-10
-1.037267e-09
-3.179945e-02
-2.493978e-02
-3.667497e-02
2.715742e-02
3.014245e-02
-4.981584e-03
1.100536e-01
7.875298e-02
2.590753e-03
3.959179e-02
5.416969e-02
-2.012026e-02
-9.698118e-03
1.332018e-02
-4.560624e-02
-9.615885e-02
-4.416859e-02
-6.446907e-02
1.074284e-11
6.228949e-10
5.139694e-10
8.411685e-10
5.021567e-10
1.430815e-10
8.340118e-10
7.212334e-10
4.815141e-11
-1.073544e-01
-3.209989e-02
-5.296402e-02
6.766728e-02
1.268872e-01
6.946903e-02
3.428850e-02
8.017968e-02
1.302889e-02
-4.195272e-10
3.893524e-10
-7.919303e-11
-2.823868e-10
3.324456e-10
-4.560124e-10
2.004972e-10
-2.091847e-10
3.314508e-11
-5.314436e-03
-7.086505e-03
-6.197812e-02
8.586407e-02
9.268533e-02
-1.420659e-02
2.404720e-02
4.806036e-02
3.951143e-03
2.481216e-10
7.135947e-10
7.796140e-12
6.746745e-10
5.834613e-10
1.306263e-09
6.838378e-10
5.829827e-10
-1.961760e-10
2.634211e-02
4.322979e-02
6.526297e-02
3.154700e-02
6.994145e-02
8.357099e-02
-1.424753e-02
7.592759e-03
5.246687e-02
2.110956e-10
3.279117e-10
-7.840324e-11
-6.436554e-10
-6.135634e-11
1.190191e-10
6.428874e-10
-2.806476e-10
-1.389830e-10
3.421731e-10
8.066110e-11
6.951998e-10
2.554307e-10
1.559621e-10
4.021790e-10
8.242564e-10
-1.524444e-11
3.527438e-10
-6.395721e-02
6.795213e-02
2.749920e-02
-7.032704e-02
6.022415e-02
2.396513e-02
-6.678686e-02
2.653407e-02
-4.208189e-03
1.470012e-07
2.551888e-07
2.413985e-07
2.133330e-07
2.923146e-07
2.777140e-07
1.900714e-07
2.697815e-07
2.241324e-07
-6.076633e-02
-1.075376e-02
-4.345906e-02
1.385060e-02
6.810997e-02
3.142113e-02
-5.269479e-02
1.883885e-02
-4.142104e-02
8.557659e-02
1.285836e-01
1.044092e-01
3.350955e-02
8.417499e-02
2.034575e-02
-7.760321e-02
-5.175973e-02
-7.075278e-02
7.289599e-10
1.846324e-10
1.079224e-10
3.497870e-10
5.740283e-10
5.043163e-10
6.375993e-10
3.106616e-10
-8.549864e-10
1.758862e-09
1.752728e-09
1.119900e-09
1.814110e-09
1.443163e-09
8.503202e-10
7.587082e-10
9.794433e-10
-2.839180e-10
-1.448485e-01
-2.289212e-01
-4.512465e-02
3.474449e-02
-4.899648e-03
9.530622e-02
1.785830e-01
1.948349e-01
1.716273e-02
3.152382e-02
-4.670529e-02
-6.747015e-02
-2.291055e-02
-3.942621e-02
-6.663037e-02
-6.101646e-02
-2.154051e-02
4.530858e-03
-4.813661e-10
1.645900e-10
-2.263329e-10
-5.131074e-10
-7.528523e-10
1.223977e-11
-7.293570e-10
-6.494157e-10
-3.868771e-10
1.187956e-02
-3.777564e-02
6.211073e-03
1.705960e-02
-1.392685e-01
1.223084e-01
-2.997663e-02
-1.195310e-01
-3.667003e-02
-4.151955e-10
1.873845e-10
3.781308e-10
-5.199943e-10
4.275112e-10
5.702779e-10
-3.179676e-10
-7.195292e-10
-5.355705e-10
-2.664602e-02
2.496180e-02
8.643081e-02
-4.062747e-03
1.917227e-02
3.024709e-02
-5.189093e-02
-8.445393e-02
-1.242340e-01
3.011340e-10
-4.249084e-10
2.501784e-10
-5.242499e-10
-4.300758e-10
5.906059e-11
-1.815956e-10
-1.387297e-11
4.768054e-10
5.434347e-02
8.053684e-02
7.676004e-03
-1.551480e-02
8.202875e-04
-5.840918e-02
-6.700915e-02
-9.566884e-02
-4.364792e-02
1.910534e-10
2.343372e-10
1.788694e-10
3.005343e-10
-1.457944e-10
1.115399e-10
4.090505e-10
2.172490e-10
4.107277e-10
-2.028120e-10
-4.121544e-10
-7.625216e-12
-3.127490e-10
9.628871e-11
-6.777520e-10
-1.263921e-10
-1.095076e-09
2.565928e-11
-7.252337e-03
-2.002210e-02
1.905856e-02
3.272880e-02
-7.205980e-02
-8.506899e-03
2.011089e-02
1.403982e-02
5.117642e-02
8.465899e-08
2.052997e-07
1.320929e-07
1.405896e-07
1.401142e-07
8.350878e-08
9.519242e-10
-1.356395e-07
-1.883915e-07
5.864764e-02
1.015418e-03
1.544891e-02
2.835120e-02
3.927692e-02
-2.986502e-02
3.216466e-03
8.181022e-02
3.603233e-02
-2.198048e-02
-1.166613e-01
-9.816329e-02
3.948165e-02
-3.362083e-02
4.200431e-02
7.297270e-02
5.478857e-02
6.390069e-02
-1.948098e-10
-2.704605e-10
-1.036858e-10
6.137937e-11
1.604352e-10
-3.170005e-10
3.541820e-10
5.949260e-11
1.672592e-10
-1.266892e-09
-2.484095e-10
-6.404979e-11
-9.231455e-10
6.364561e-12
2.584279e-10
-9.485635e-11
8.479949e-11
1.397777e-09
-3.884754e-02
1.698346e-02
3.144242e-02
3.615110e-02
-1.366783e-01
1.434846e-02
-2.791717e-02
5.255364e-02
1.332962e-02
-4.540577e-02
4.413160e-02
-5.037455e-02
-4.337822e-02
2.451401e-03
-9.319852e-02
-7.774552e-02
-6.929979e-02
-5.506966e-02
-3.070766e-10
-1.693987e-10
-6.076658e-10
-1.725307e-11
-2.657677e-10
-7.710002e-10
5.453012e-10
-3.012228e-10
-6.831883e-10
-4.291785e-02
-2.239297e-02
-6.442003e-03
4.473418e-02
-3.356781e-01
-1.159161e-02
-1.175893e-02
8.246887e-02
1.745964e-02
-3.452889e-10
-4.901536e-10
-5.064011e-10
-1.267384e-10
2.715997e-10
-9.304936e-11
-4.015712e-11
-2.513501e-11
2.828547e-10
3.778955e-02
3.653254e-02
7.138406e-02
-6.393631e-02
-5.221989e-02
3.999863e-02
-4.387010e-02
-3.389506e-03
-2.597548e-02
-2.846422e-11
7.484904e-11
-6.962880e-11
6.210527e-11
3.564134e-10
1.237145e-11
1.815106e-10
-2.023978e-10
-1.982307e-10
2.785999e-02
3.588044e-02
-3.090752e-02
-2.379750e-02
3.131314e-02
-7.015993e-02
4.200936e-02
-4.262899e-02
-2.959047e-02
-4.455934e-10
-6.544030e-10
3.664558e-10
-4.772236e-10
-5.106857e-11
-4.232723e-10
-4.443704e-10
-1.095370e-10
1.236463e-10
5.697525e-11
-6.743731e-10
-4.844862e-10
2.247190e-10
-1.815363e-10
-1.261791e-10
3.726068e-10
-4.397877e-11
5.870777e-10
1.276126e-02
-3.586290e-02
-5.613265e-03
9.620124e-02
-6.856263e-02
-6.426138e-02
-6.208083e-02
-4.787436e-02
-3.461708e-02
1.760948e-07
4.478432e-07
6.623368e-07
2.476414e-07
6.662018e-07
5.892794e-07
8.501539e-08
3.807066e-07
1.275743e-07
-6.045413e-02
4.890429e-02
6.157833e-02
-1.122037e-01
1.635008e-01
3.387581e-02
-3.768684e-02
1.044109e-01
-1.362087e-03
3.370088e-02
-5.869946e-02
-3.103972e-02
1.662754e-02
-1.191378e-01
1.605732e-03
1.027870e-01
1.211582e-01
1.313811e-01
-5.566987e-10
-2.119819e-10
-8.716232e-10
3.117323e-10
6.619015e-10
1.593641e-10
5.655245e-10
2.484494e-12
-3.482291e-10
1.373203e-10
-1.019375e-09
-1.610688e-09
5.110928e-10
3.352806e-10
-1.630078e-09
5.028250e-10
-4.179361e-11
-1.107366e-09
-4.194029e-03
4.367673e-03
-3.185753e-02
-3.081980e-02
-7.387315e-02
-3.410305e-02
-1.839963e-02
-7.620805e-03
-1.089450e-02
1.341797e-02
6.002840e-02
9.742594e-03
1.313988e-02
5.410094e-02
2.524098e-02
-3.418588e-02
1.798787e-02
2.814956e-02
1.161799e-10
3.704905e-11
-9.488230e-11
1.069533e-10
-6.098960e-11
-1.521036e-10
1.908414e-10
-4.779471e-10
-1.204359e-09
-3.901237e-02
-8.753953e-02
1.221598e-03
-1.020262e-01
-1.872520e-01
4.092600e-02
3.183836e-02
1.277230e-02
2.723695e-02
2.503896e-11
2.948718e-10
-4.679276e-10
4.586766e-12
-3.260361e-10
-5.756104e-11
-6.799479e-10
-2.770156e-10
-5.827975e-10
-1.711773e-01
-2.085846e-01
-7.550259e-02
-1.546396e-01
-1.504138e-01
1.248738e-02
8.472379e-02
9.154090e-02
1.841791e-01
-2.160878e-10
-5.192741e-10
-5.862958e-10
-1.519294e-10
2.412739e-10
-1.923323e-10
-4.472910e-10
-6.075100e-10
-3.368474e-10
5.473151e-02
2.181535e-02
2.024793e-02
3.742716e-02
3.310800e-02
3.650764e-02
2.957664e-02
-6.406398e-04
3.426962e-02
-1.347144e-10
1.502643e-10
5.534987e-10
7.970174e-10
4.234344e-10
7.039564e-10
-4.377655e-11
-5.504748e-11
-3.114097e-10
2.423587e-10
-4.976742e-10
-1.698110e-10
2.442166e-11
-7.030038e-10
-2.636799e-11
-4.347163e-10
-4.670753e-10
-1.239901e-10
2.299597e-02
-7.144516e-02
1.841164e-02
2.626021e-02
-1.247819e-01
-8.412009e-03
-5.259999e-03
-7.307687e-02
1.877447e-02
-1.736753e-08
2.432875e-08
-7.003471e-08
1.753200e-07
1.013891e-07
-1.542834e-08
3.543661e-07
1.507671e-07
6.825104e-08
-7.363237e-03
-2.884044e-02
-6.572010e-03
7.122193e-02
7.596581e-02
-5.184869e-02
3.943393e-02
3.301025e-02
-6.258896e-02
4.346022e-02
4.730417e-02
6.432757e-02
-1.420014e-02
-1.107003e-02
7.082636e-02
-4.079334e-03
7.474122e-03
1.476854e-02
-2.671066e-10
2.393248e-10
-1.416446e-09
-1.980275e-10
-5.350044e-10
-6.410562e-10
-7.385297e-10
-4.798124e-10
5.710352e-11
-5.069031e-10
-3.800241e-10
-6.835223e-10
-5.098238e-10
-6.944127e-10
-6.738927e-10
-7.649449e-10
-3.584597e-10
-2.817039e-11
-1.453784e-01
-2.139782e-01
-6.111219e-02
1.005678e-01
-8.921470e-02
-3.218357e-02
2.034836e-01
2.645659e-01
2.490692e-02
-1.710564e-04
-2.949602e-02
-3.880515e-02
5.308022e-03
-1.631665e-02
-3.002276e-02
-1.482100e-02
-4.540112e-02
-4.669520e-03
1.501711e-10
8.577235e-10
4.850823e-10
-9.524224e-11
-5.551766e-10
-6.147011e-10
1.817413e-10
8.705564e-12
-3.292433e-10
2.909820e-03
1.576538e-01
6.414569e-02
6.991215e-02
-1.506964e-01
1.317041e-01
3.731286e-02
4.146176e-02
-3.077489e-02
-2.946007e-10
-3.169237e-11
9.142549e-11
-5.287752e-10
-1.434437e-10
1.975824e-11
-6.883306e-11
2.701293e-10
2.188041e-11
-6.899171e-02
-1.212481e-01
-7.996177e-02
1.105013e-02
-4.036328e-03
-1.809698e-02
3.985067e-02
1.023113e-01
2.436797e-02
-6.806637e-11
2.427910e-10
3.603646e-10
2.193292e-11
5.016988e-10
-1.813979e-10
-5.580388e-11
-5.080709e-11
-3.178728e-10
1.265211e-01
2.132415e-01
2.497475e-01
-8.850902e-02
6.189912e-03
2.029265e-02
-1.844939e-01
-2.395395e-01
-1.402116e-01
5.110041e-10
3.800870e-10
5.759858e-10
3.326960e-10
2.760513e-10
-1.320206e-10
3.473735e-10
4.937648e-10
2.935572e-10
2.746781e-11
-5.600643e-11
-1.597396e-10
-3.552322e-11
4.189546e-11
1.427905e-10
2.213198e-10
-6.673048e-11
-5.571427e-11
-3.429662e-02
3.721302e-02
-2.545483e-02
3.705894e-02
-4.413763e-02
-1.107384e-02
7.286711e-03
6.403899e-03
3.475894e-03
2.497453e-07
1.947605e-07
1.896897e-07
1.280089e-07
7.692120e-08
2.249337e-08
-4.346504e-08
-1.331332e-07
-2.262199e-07
-7.859809e-02
-9.015532e-02
-2.982521e-02
-4.511646e-02
4.634247e-02
-1.583377e-02
5.624909e-02
1.122818e-01
2.659576e-02
8.193626e-02
7.074443e-02
1.702284e-02
-6.807750e-03
-2.246322e-02
1.189640e-02
-1.131149e-01
-5.877985e-02
3.459950e-02
7.110382e-11
-1.903184e-10
-5.788797e-11
5.438432e-10
4.105191e-10
6.941991e-11
-3.362819e-10
-2.440349e-10
-3.482417e-10
-7.813956e-11
-6.673474e-10
-5.952448e-10
4.364686e-10
-8.994087e-10
-9.518571e-10
1.708777e-10
-2.513739e-10
-4.876141e-10
-5.621209e-02
-6.235832e-02
-1.903873e-02
2.555946e-02
-6.736486e-02
-5.834610e-02
9.275214e-02
9.247462e-02
7.080853e-02
-2.838399e-02
-7.117116e-02
-1.019116e-02
-1.596103e-02
-2.368087e-02
-1.669048e-02
2.409220e-02
4.798220e-02
-2.738791e-03
1.200590e-11
-1.363817e-10
-3.299087e-10
3.477181e-10
5.479783e-11
-1.020477e-09
3.699726e-10
-6.855427e-10
3.682681e-11
7.810418e-02
6.059677e-02
9.984007e-02
3.095835e-02
5.733304e-03
8.598121e-02
-6.652484e-02
3.738235e-02
3.643643e-02
-8.495427e-10
1.020045e-10
-6.968106e-12
-3.168244e-11
-7.161046e-10
-1.058512e-09
-4.539640e-10
-3.169174e-10
-1.601992e-10
1.349317e-01
2.323618e-01
1.419897e-01
2.921984e-02
-3.502668e-02
-6.970274e-02
-1.153099e-01
-2.312935e-01
-2.053682e-01
-6.126693e-10
7.497589e-11
-1.309244e-09
4.684933e-10
-4.814118e-10
-7.906296e-10
-2.057890e-10
-1.358607e-10
-1.000575e-09
-8.058307e-02
-1.223173e-01
-1.524417e-01
-1.383159e-02
-9.771960e-04
-1.651542e-02
4.466215e-02
7.506642e-02
1.127254e-01
4.876078e-10
1.141681e-10
5.003676e-10
4.144493e-10
4.011683e-10
-9.420082e-11
4.479138e-10
-3.969615e-10
5.149715e-10
-3.870587e-10
-3.080686e-10
-4.615597e-10
1.091084e-10
-2.618566e-10
-3.303010e-10
3.560697e-10
-1.391786e-10
-3.318753e-12
6.471469e-02
1.000849e-02
-1.256697e-03
-1.091795e-02
-4.104791e-02
-2.066108e-02
4.834566e-04
1.013249e-02
1.886858e-02
1.189534e-07
6.757308e-08
1.155106e-08
7.655141e-08
5.477574e-08
3.209968e-08
-7.878458e-08
-3.798720e-08
-2.833096e-08
6.166860e-02
-4.976957e-03
-1.280507e-02
3.262052e-02
1.634649e-02
8.095738e-03
9.370687e-03
3.154937e-02
-2.646198e-02
-4.437904e-02
-1.077640e-01
-6.693221e-02
1.052905e-02
-1.885236e-02
6.004539e-03
8.134494e-02
9.455419e-02
6.615513e-02
-6.175159e-10
-6.642876e-10
-6.272995e-10
-7.666607e-10
-3.093660e-10
1.940111e-10
-8.915562e-10
-1.473354e-10
-7.138822e-10
-6.144889e-10
-7.345301e-10
-1.357539e-09
-1.100943e-09
-1.130053e-09
-4.607066e-10
-2.481028e-10
-4.716608e-10
-5.892858e-10
-4.185940e-02
4.050928e-02
8.099307e-02
-3.124779e-02
4.713245e-02
-3.605284e-03
-6.476057e-02
-5.163704e-02
-5.967541e-02
1.357452e-02
2.912358e-02
4.545045e-02
2.206409e-02
5.895860e-02
9.877791e-02
-2.800041e-02
-2.063248e-02
2.070001e-02
9.979939e-10
8.005928e-11
5.548003e-10
1.024457e-09
2.233895e-10
4.135486e-11
4.017486e-10
6.655609e-10
-7.329190e-11
-6.856529e-03
-2.741430e-02
-1.597035e-02
3.286408e-02
1.142916e-01
-3.231783e-02
-1.433381e-02
-5.439410e-02
-6.352917e-02
-1.601153e-10
-8.255685e-10
-1.561123e-10
3.577602e-11
-9.129800e-10
-5.618083e-10
5.353469e-11
-1.433426e-10
-1.409478e-10
8.145630e-03
3.317231e-02
1.778636e-02
2.257551e-02
2.022356e-02
5.263312e-03
-8.851144e-03
-1.795311e-02
-3.872124e-02
-8.621560e-10
-1.017850e-09
-2.089702e-11
-3.154710e-10
-3.750233e-10
4.027385e-11
-4.570660e-10
-3.363853e-10
-3.215734e-10
7.432924e-02
3.934984e-02
-9.358875e-03
8.536994e-02
3.334656e-02
3.549498e-02
2.681301e-02
-4.788691e-03
-1.696863e-02
3.737852e-10
3.004012e-10
6.740596e-11
-2.906041e-10
-4.298905e-10
4.688562e-11
-1.095733e-10
-2.518716e-10
-1.802184e-10
7.117800e-10
2.572024e-10
1.572059e-10
3.618167e-12
-1.600026e-10
4.285108e-10
7.668623e-11
2.008752e-10
2.944037e-10
1.009655e-02
-2.583530e-02
-8.236055e-02
-1.038980e-02
5.384351e-02
-8.149091e-02
-1.789933e-02
4.211323e-02
7.003503e-03
-9.810451e-08
-1.387146e-07
4.984299e-09
-1.253714e-08
4.932410e-08
2.907166e-07
7.081641e-08
2.716481e-07
4.491802e-07
-1.326897e-01
-6.626178e-02
-1.187330e-02
-5.848131e-02
1.654747e-02
1.299562e-01
-4.605354e-02
4.100034e-02
1.443076e-01
-1.539178e-02
-1.232553e-02
-9.521551e-03
9.180500e-03
-1.239981e-02
-5.630309e-02
-3.541382e-03
-2.893117e-02
-7.353882e-02
-4.770490e-10
-4.785918e-10
-4.267444e-10
-2.237362e-10
-5.198866e-10
-1.569061e-10
-2.665278e-10
-3.293639e-10
-9.073652e-10
-7.329843e-10
-2.806533e-10
-2.892574e-10
-5.219618e-10
-3.385579e-10
-9.158966e-10
1.081807e-10
-9.467793e-10
-1.745088e-09
1.577747e-02
2.330680e-02
-2.743133e-02
2.786888e-02
2.924508e-02
-3.875837e-02
2.042252e-02
-4.852404e-03
-6.373098e-02
-2.511948e-02
-1.260958e-02
2.142402e-03
5.647907e-03
8.131285e-03
4.742439e-03
-1.283432e-02
-7.428966e-03
-2.396998e-03
3.719702e-10
3.843931e-11
2.958715e-10
4.157475e-10
1.401616e-10
3.273076e-10
1.930471e-10
-1.158503e-10
8.120313e-10
5.397312e-02
3.920811e-02
4.832131e-02
-6.304140e-04
2.409280e-02
7.491629e-03
2.208637e-02
2.689399e-02
3.546171e-02
4.126048e-10
-4.005656e-10
-2.078539e-10
1.333070e-10
-1.464656e-10
7.466577e-10
4.033348e-10
6.178732e-10
3.284520e-10
8.339021e-02
1.100725e-01
7.459521e-02
6.988076e-02
1.039620e-01
5.872800e-02
-1.607283e-02
2.928982e-02
-1.256195e-02
-1.778960e-11
-2.255495e-10
5.106053e-10
-9.547754e-11
2.877790e-10
1.166677e-10
1.626324e-10
2.972286e-10
4.576040e-10
4.750461e-02
2.930363e-02
4.766630e-02
4.477860e-02
2.425862e-02
3.212866e-02
3.760025e-02
1.930858e-02
1.394197e-02
-3.294695e-10
5.552319e-10
5.753601e-10
1.412400e-10
4.951310e-11
-2.615459e-10
1.474318e-10
7.021465e-11
-2.525729e-10
-5.306238e-11
-5.706695e-11
5.511810e-10
3.190387e-10
-5.222713e-10
2.954987e-11
2.408034e-10
-2.508368e-11
-4.355432e-11
-2.358189e-02
-1.343371e-02
-2.269913e-02
-4.427800e-02
-1.298643e-02
-1.516138e-02
-3.916255e-02
-1.406947e-02
-7.944932e-03
1.748228e-07
2.584880e-07
1.901631e-07
1.765050e-07
2.148750e-07
1.868745e-07
1.774956e-07
2.124035e-07
1.925149e-07
-1.488191e-02
-1.173961e-02
-7.869787e-03
-1.371137e-02
3.039063e-04
1.633370e-03
-1.551051e-02
-1.193401e-02
-1.334246e-02
-6.385786e-03
-1.397508e-02
3.709879e-03
-4.853401e-02
-5.441199e-02
-4.443171e-02
-4.605244e-02
-5.457762e-02
-4.186403e-02
2.757133e-10
-5.611930e-10
-4.629119e-11
-7.758515e-10
-5.365371e-10
6.679055e-10
1.447577e-10
2.405930e-10
1.055414e-09
7.127698e-10
1.206437e-09
9.074097e-10
6.776997e-10
-1.399663e-10
-2.343785e-10
-6.792898e-10
-1.382663e-10
-6.247954e-10
-4.156179e-02
-5.141368e-02
2.629353e-02
-1.607365e-02
-5.140338e-02
5.363882e-02
-1.067251e-02
-1.348765e-02
1.094239e-01
2.656773e-02
6.746943e-02
-1.458589e-02
2.511890e-02
5.989832e-02
1.703047e-03
-2.656628e-02
1.182403e-02
-4.499289e-02
-2.559023e-10
-2.450903e-10
3.310420e-10
-2.533727e-10
1.119085e-10
-5.452014e-10
-2.108023e-10
5.728497e-10
-4.652712e-12
1.972956e-02
3.113388e-02
5.798526e-02
-1.077947e-02
-5.741296e-02
-1.531705e-02
-3.991989e-02
-5.730212e-02
5.146864e-02
2.869266e-10
1.179555e-09
1.480703e-10
-3.128754e-10
-6.641120e-10
-8.579619e-10
-3.584850e-10
-1.120769e-10
-5.134529e-10
2.810096e-02
2.469343e-02
7.061236e-02
-3.791076e-02
-3.603000e-02
2.226981e-02
-2.587144e-02
-2.938585e-02
8.511364e-03
4.384203e-10
-8.776713e-10
-5.670253e-10
2.523319e-10
7.720179e-11
-1.152380e-10
2.169068e-10
-3.545115e-10
-6.296532e-10
-5.918885e-02
-4.333346e-02
-5.837304e-02
-7.300994e-02
-3.675296e-02
-6.542879e-02
-5.063275e-02
-3.071233e-02
-4.305804e-02
-4.810672e-10
1.831081e-10
2.759691e-11
1.042960e-10
-7.767301e-11
4.970244e-10
-9.896351e-12
-4.021166e-10
-3.762990e-10
-1.039844e-11
-1.930261e-10
-2.627581e-10
-1.054574e-09
-1.250875e-10
-2.783124e-10
-1.553126e-10
2.322243e-10
-6.826727e-11
3.758077e-02
-1.624157e-03
-6.608821e-02
3.408843e-02
2.397314e-02
-3.781804e-02
6.130436e-02
3.857558e-02
-1.446612e-02
-1.751738e-08
6.408544e-07
3.298004e-07
6.743528e-08
7.132580e-07
3.087163e-07
-1.321547e-07
3.766538e-07
4.108593e-08
3.492413e-02
1.507456e-01
6.015975e-02
6.549320e-02
1.934674e-01
1.212964e-01
-3.191702e-02
7.122373e-02
1.841445e-02
1.199888e-02
-2.080997e-02
7.845371e-03
-2.093544e-02
-4.737588e-02
-2.932847e-02
4.570723e-03
-8.202552e-03
1.363465e-02
-4.102184e-10
-5.176625e-10
-8.931570e-10
1.622061e-10
-2.050650e-10
4.106253e-11
-2.222361e-10
-5.147623e-10
-9.187363e-10
3.801648e-10
4.530195e-10
2.381171e-10
1.744213e-10
7.830770e-10
-2.041384e-10
4.645790e-10
7.398600e-11
-3.877924e-10
