-2.273407e-01
-1.401638e-01
-2.365751e-01
-3.726557e-01
-2.837133e-01
-3.632503e-01
-2.974440e-01
-3.279703e-01
-2.898779e-01
-1.932337e-01
-3.300951e-01
-2.723693e-01
-4.231077e-01
-2.312062e-01
-2.391592e-01
-1.252566e-01
2.169103e-02
-1.754082e-01
-2.154069e-01
-2.290084e-01
-1.494489e-01
-2.229715e-01
-4.313160e-01
-4.234127e-01
-2.752394e-01
-2.321322e-01
-2.526569e-01
-3.880589e-01
-3.415434e-01
-1.366524e-01
-2.111374e-01
-3.112182e-01
-1.710352e-01
-2.129785e-01
-6.731880e-03
-2.500447e-01
-2.184275e-01
-3.922633e-01
-3.328171e-01
-1.565027e-01
-3.839028e-01
-2.208109e-01
-2.625950e-01
-1.859478e-01
-1.587138e-01
-2.552979e-01
-2.790813e-01
-3.516153e-01
-2.007229e-01
-1.718189e-01
-2.309647e-01
-3.133811e-01
-2.386107e-01
-2.202653e-01
-2.120793e-01
-2.587735e-01
-2.561585e-01
-4.396803e-01
-4.479418e-01
-1.975693e-01
-3.359896e-01
-1.952040e-01
-3.157346e-01
-3.616979e-01
