9.011230e-03
7.614833e-03
5.679136e-03
6.999435e-03
1.205709e-02
7.333296e-03
8.735470e-03
1.001799e-02
1.047171e-02
8.071629e-03
8.269484e-03
9.781902e-03
5.740883e-03
9.697195e-03
5.053500e-03
5.466737e-03
5.786418e-03
5.714406e-03
4.344498e-03
9.809337e-03
6.068067e-03
8.517828e-03
6.512362e-03
5.153324e-03
5.200820e-03
6.480089e-03
5.016489e-03
5.428847e-03
7.863767e-03
6.570381e-03
3.593013e-03
3.999555e-03
3.833028e-03
4.321735e-03
5.355686e-03
4.548803e-03
5.284414e-03
3.620953e-03
4.636802e-03
4.679693e-03
7.361196e-03
6.390640e-03
5.954455e-03
6.236742e-03
6.120573e-03
7.043331e-03
8.828994e-03
4.305289e-03
8.731123e-03
1.195402e-02
7.644594e-03
6.327902e-03
7.639404e-03
6.105422e-03
1.333929e-02
8.487586e-03
8.451150e-03
7.776259e-03
6.058356e-03
4.212158e-03
1.044953e-02
5.193840e-03
9.477647e-03
1.134963e-02
