3.211901e-02
4.560908e-02
2.908663e-02
4.404590e-02
3.627520e-02
4.615891e-02
3.921396e-02
4.504939e-02
3.075981e-02
3.957291e-02
3.017463e-02
5.541867e-19
4.925358e-02
4.670566e-02
3.703734e-02
3.582761e-02
2.329861e-02
2.238328e-02
1.621193e-02
2.327999e-02
1.998454e-02
3.247589e-02
3.003208e-02
3.319906e-02
1.908376e-02
2.146837e-02
2.343298e-02
1.674757e-02
2.795498e-02
2.517321e-02
1.642246e-02
1.929579e-02
1.900010e-02
2.536054e-02
2.736888e-02
2.163058e-02
2.404352e-02
2.691157e-02
1.823799e-02
1.904158e-02
2.735212e-02
1.722612e-02
2.733916e-02
2.630217e-02
2.700513e-02
3.385894e-02
2.618448e-02
3.330630e-02
5.379362e-02
4.193228e-02
4.992912e-02
4.307705e-02
3.458730e-02
4.049681e-02
3.597635e-02
4.733644e-02
3.732138e-02
3.477441e-02
5.510152e-02
4.512775e-02
3.355163e-02
4.397136e-02
3.587336e-02
4.273916e-02
