1.229092e-03
-1.824495e-03
1.072772e-03
-1.289010e-03
-3.666228e-03
7.482132e-03
-5.810614e-02
-3.938750e-02
-3.923573e-02
5.677921e-02
4.560381e-02
6.109507e-02
-3.089470e-02
-4.113942e-02
-3.156496e-02
-5.278741e-03
-8.084076e-03
-1.035285e-02
3.469137e-02
3.691558e-02
4.655889e-02
1.252079e-03
-2.070900e-02
-3.816707e-02
-4.127925e-02
-3.821190e-02
-4.781121e-02
-8.988230e-03
-1.249999e-02
-1.337212e-02
6.530623e-03
-3.616011e-02
-1.071569e-02
-2.380094e-02
-6.720072e-04
-5.977252e-03
3.254838e-02
2.873807e-02
2.652279e-02
-2.139763e-02
-1.561727e-02
-1.679181e-02
-5.965040e-03
-1.354757e-02
-2.108796e-02
-1.624005e-02
-7.720529e-03
-1.047631e-02
-2.692283e-02
-1.973533e-02
-3.224232e-02
2.441968e-02
2.057427e-02
1.452176e-02
-2.924578e-02
-2.707245e-02
-1.989260e-02
-2.607935e-02
-8.953537e-04
-1.062373e-02
-4.126723e-02
-2.393428e-02
-2.571838e-02
-2.794484e-02
-2.666865e-02
-2.255570e-02
-2.884797e-02
-1.707212e-02
-2.133129e-02
-1.700171e-02
-8.362281e-03
-4.448941e-03
-1.148816e-02
6.921561e-03
-1.196323e-02
8.448364e-02
3.402959e-02
6.983541e-02
3.564809e-03
2.968441e-02
2.324066e-03
-1.350356e-02
-4.631094e-03
-6.940368e-03
-2.036441e-03
2.686268e-03
-4.343140e-03
3.345405e-02
2.258216e-02
1.532807e-02
5.068147e-03
2.940880e-03
1.361635e-02
-5.652944e-02
-2.481207e-02
3.445842e-02
3.158034e-02
3.348012e-04
-2.422358e-02
-1.313021e-02
-2.148217e-02
-2.371570e-02
-1.224082e-02
-3.079521e-03
6.808230e-03
1.176218e-03
-5.575680e-03
-1.031269e-02
-2.732769e-03
-1.445157e-02
-1.755380e-02
1.811705e-01
1.673558e-01
1.768921e-01
-4.893321e-02
-4.313697e-02
-5.349020e-02
2.455024e-03
1.906880e-03
-5.979408e-03
1.273314e-02
2.264115e-03
-1.729023e-02
3.826145e-02
3.188742e-02
3.640596e-02
-5.422027e-02
-6.009764e-02
-7.994311e-02
5.407748e-02
6.068649e-02
6.026895e-02
4.916779e-03
1.904826e-02
-3.763887e-03
-2.981182e-02
-3.008217e-02
-3.723597e-02
-1.525629e-02
-5.867220e-03
-2.426848e-02
-4.651278e-02
-5.713038e-02
-4.201503e-02
-2.540599e-02
-1.996106e-02
-3.133792e-02
-7.112088e-03
6.411292e-02
-1.137786e-02
-2.547222e-03
3.124349e-02
6.293263e-03
-2.482084e-02
2.779517e-02
-5.680332e-02
2.365839e-03
5.326648e-02
-1.246628e-02
-6.063315e-03
7.471263e-02
5.557903e-02
3.999560e-02
-5.940276e-02
-5.498550e-03
5.125367e-02
-1.034265e-02
-1.346282e-02
2.787125e-02
6.567133e-02
-3.196155e-03
-8.824711e-02
1.386229e-01
-4.285857e-02
-5.718344e-03
2.170083e-02
-7.968205e-02
1.524911e-01
-1.927176e-01
8.866682e-02
2.528356e-02
-1.550543e-02
-3.101329e-02
1.269433e-02
-5.076498e-03
6.544658e-03
3.038708e-02
4.882287e-02
7.348685e-02
1.006375e-02
-3.280499e-03
-1.035835e-03
1.287776e-02
-3.337674e-02
-7.120881e-03
1.723391e-02
-4.789111e-02
-1.983869e-02
-2.585386e-02
-1.072457e-01
-3.884348e-02
-8.397729e-02
-8.100274e-02
-1.531631e-02
-6.275216e-02
-7.775197e-02
-4.820751e-02
2.719514e-02
7.905873e-02
3.885099e-03
-1.423316e-02
1.238301e-02
1.778731e-02
-8.879846e-02
-2.483375e-02
1.222174e-02
-7.106326e-02
-6.012382e-02
-7.960086e-02
-1.215188e-01
-1.406146e-01
-8.491773e-02
-1.031072e-01
-1.017044e-01
-5.513839e-02
-7.016036e-03
4.380242e-02
-2.958082e-02
-3.448925e-02
1.821764e-02
-3.998913e-02
-9.495955e-03
1.857569e-02
-1.357482e-02
-1.674079e-01
1.041924e-01
1.003977e-03
-1.631619e-02
-1.200363e-03
2.237542e-02
1.494598e-01
4.660081e-02
-4.750144e-02
2.818235e-02
4.329306e-02
1.260205e-02
4.020483e-02
-2.441025e-03
-8.882173e-05
3.454239e-03
3.412690e-03
1.369060e-02
-1.787937e-03
-6.107010e-02
5.334419e-02
2.729271e-02
-3.544297e-02
5.787164e-02
2.631403e-02
-1.188031e-02
2.851894e-02
7.607950e-02
1.195071e-01
4.039369e-02
-4.646199e-02
6.366920e-03
-3.385293e-02
-6.197072e-02
-3.941438e-02
-1.008804e-01
3.819348e-03
6.727006e-02
3.162192e-02
-9.288123e-02
1.175057e-02
-2.978140e-02
-1.016962e-01
2.366271e-03
1.161025e-02
-8.487773e-02
-1.081079e-01
-1.917847e-02
2.469827e-02
-6.372586e-02
-2.403734e-02
3.238543e-02
-3.506376e-02
8.040833e-04
2.439212e-03
-2.045490e-02
-1.224020e-02
2.214059e-03
4.906163e-02
3.476696e-02
-5.479708e-02
-6.040296e-02
1.630452e-02
-4.842626e-02
5.914091e-03
-6.642687e-02
2.629455e-02
6.008476e-03
-5.442720e-02
9.125229e-02
3.112702e-02
-6.829637e-03
-7.518537e-02
-8.249246e-02
-2.046676e-02
-3.947242e-02
-6.029172e-02
-2.111830e-02
5.169228e-02
9.948947e-02
5.556598e-02
-1.572366e-02
4.583768e-02
-7.954004e-04
-9.868938e-03
1.414619e-01
-6.797682e-02
4.093353e-03
-4.407727e-02
1.674434e-01
-1.897399e-02
-1.869224e-02
-1.437827e-02
2.966079e-03
6.273419e-03
-1.940312e-02
3.807043e-02
3.755186e-02
1.166875e-02
2.336340e-02
8.521348e-03
-4.043316e-02
2.242442e-02
9.125696e-03
-3.646425e-02
-5.269175e-03
-3.228372e-02
-1.955752e-02
-6.954462e-02
-7.354280e-02
-6.173486e-02
-3.096187e-03
2.477133e-02
-3.956426e-02
1.246888e-03
-3.513566e-02
-2.076145e-02
-5.882252e-03
-5.394047e-03
-7.647894e-02
-3.137739e-02
-1.605643e-02
6.088769e-04
8.537031e-03
3.294028e-02
1.836072e-02
-4.261882e-02
-2.820409e-02
-7.007236e-02
-9.356955e-02
-1.190841e-01
-1.011479e-01
-2.030956e-02
7.130619e-02
-1.100553e-01
3.133641e-02
2.284885e-02
6.758329e-03
-4.855281e-03
-1.776541e-03
2.214062e-03
1.268449e-03
-3.651330e-03
-6.655067e-03
4.029160e-02
9.983517e-02
3.042370e-02
1.816086e-02
8.600918e-02
7.746630e-02
9.347332e-02
-9.704715e-02
-1.074254e-01
1.447532e-02
-1.352023e-02
-2.051606e-02
3.375274e-03
-3.600460e-02
-1.595783e-02
-8.747092e-04
2.360142e-02
-6.728258e-03
3.862129e-03
1.273457e-02
1.074175e-03
-3.486745e-03
1.539332e-02
9.423982e-03
-9.473929e-03
2.355050e-02
-7.891517e-03
6.695969e-02
8.335090e-02
3.077472e-02
-5.968771e-02
-4.106606e-02
-1.579054e-02
-1.137303e-01
-5.820623e-02
1.223925e-02
-3.207862e-02
-6.369482e-02
-8.389475e-03
5.169904e-03
1.482408e-02
-7.079846e-02
5.514668e-02
-1.716078e-03
-8.822992e-02
-1.250221e-01
-9.815731e-02
-6.788915e-02
3.943173e-02
-9.409004e-02
-6.016146e-02
-4.157675e-02
-8.546694e-02
5.215205e-02
-1.549755e-02
-2.075383e-02
3.966462e-02
2.515911e-02
1.555794e-02
-3.710634e-02
4.917191e-02
1.308164e-02
-3.934972e-02
-4.974182e-02
-1.784479e-02
1.226084e-02
-3.087973e-02
-4.112327e-03
7.650724e-02
-5.337035e-02
-1.118920e-01
-7.250568e-02
-3.285511e-02
-2.057292e-02
-8.665741e-02
-1.033797e-01
-6.059161e-02
-2.186845e-02
-1.292202e-01
-7.757762e-02
-3.033195e-02
1.037642e-02
-1.159803e-01
-1.173464e-02
4.310594e-02
6.162428e-02
-1.479548e-01
1.219755e-02
-1.285570e-01
1.155614e-02
8.744860e-03
2.240331e-02
3.325349e-02
1.100883e-02
-1.520649e-02
-2.474448e-02
1.318232e-02
-4.750295e-02
-3.606436e-02
-3.544405e-02
-3.262079e-02
-4.719439e-02
-3.974691e-02
-1.255146e-02
-1.886744e-02
-8.468578e-02
1.284392e-02
4.587771e-02
-7.063334e-02
-4.279746e-02
4.065770e-03
-4.026990e-02
-4.860067e-02
-1.841260e-02
-1.496290e-02
-4.872256e-02
-6.997897e-02
-1.145093e-02
-4.615913e-02
-1.172595e-02
1.236190e-02
4.006027e-04
3.465249e-02
7.554885e-03
-2.073104e-02
-3.184000e-02
-9.121644e-02
-3.720571e-02
1.197876e-01
-6.214343e-02
1.769668e-02
1.627297e-01
-7.243200e-02
-4.513238e-02
7.293768e-02
8.366049e-03
-1.049292e-02
-5.914501e-02
7.138620e-02
1.845787e-03
-5.323628e-02
2.184195e-02
-1.074242e-02
-6.072771e-02
-8.989022e-02
-5.266630e-02
-8.008713e-02
2.422905e-02
1.922137e-01
-1.466448e-02
-4.686572e-02
-4.006315e-03
-8.189192e-02
3.622711e-02
3.031609e-02
-3.133277e-02
2.544665e-02
1.886321e-02
-7.435228e-03
2.114991e-02
2.264386e-02
1.543741e-02
1.387565e-02
-2.506407e-02
-3.760706e-03
-3.193252e-02
-4.407760e-02
1.766788e-02
1.473859e-02
3.864700e-03
4.649755e-02
6.956764e-02
5.285607e-03
-9.107064e-02
1.326770e-01
-5.761111e-03
-1.255333e-01
7.372544e-02
-3.153566e-02
-1.013500e-01
-4.180055e-02
-2.500831e-02
1.182453e-02
-4.596663e-02
-7.665202e-02
4.393791e-02
1.317003e-02
-3.051790e-02
1.110128e-02
-8.462736e-02
-1.042306e-01
-5.294075e-02
-1.038471e-01
-6.634599e-02
-6.948788e-02
-6.143254e-02
-2.454730e-02
-9.493385e-02
-6.081883e-02
1.260432e-02
1.381804e-02
-4.240745e-02
2.292532e-02
4.680599e-02
-3.706431e-02
-9.569858e-03
5.390785e-02
1.295631e-02
-1.354079e-02
-2.874060e-02
2.173015e-02
4.495925e-02
-1.804493e-02
1.387781e-02
1.676288e-02
-7.385775e-02
-5.359687e-03
-2.344348e-02
-6.713984e-02
5.557830e-03
-1.681330e-02
-1.413316e-02
-1.252041e-02
-4.515802e-02
1.635780e-02
-1.342341e-01
1.516747e-02
2.148144e-01
-4.353981e-02
-1.945356e-01
1.467972e-01
1.189951e-01
-8.646969e-02
-4.004784e-02
-4.078317e-02
-2.221506e-02
8.167364e-03
-1.130890e-03
-3.430551e-02
-3.674839e-03
2.061517e-02
-2.824263e-02
-3.400736e-02
-6.391847e-02
-8.258211e-02
1.467108e-02
2.203653e-02
-5.200349e-02
-4.110035e-02
9.742699e-02
-1.094655e-02
-5.785174e-02
9.425505e-03
3.406331e-02
-2.422140e-03
1.421785e-01
-5.197388e-02
2.459357e-02
2.173848e-03
4.300118e-02
4.162674e-02
1.516278e-03
-2.972229e-02
1.143239e-02
7.467261e-03
-4.222578e-02
1.429001e-02
-2.463812e-02
-4.536476e-02
2.472039e-02
1.470608e-02
-1.322479e-01
-4.806522e-02
-3.793968e-02
-3.212988e-02
4.528834e-02
7.089116e-03
-1.165546e-01
2.662173e-02
3.269819e-02
3.719974e-02
1.838335e-02
1.224313e-02
1.567417e-02
3.635100e-02
2.462275e-03
-2.777496e-03
2.438936e-02
-3.077834e-02
-8.671042e-02
-1.578115e-03
6.454398e-02
-2.354339e-02
-3.280508e-02
6.940982e-02
6.219915e-02
-1.091485e-01
-4.098727e-02
-3.092819e-02
1.508097e-02
-5.194906e-02
-4.558873e-02
-1.040450e-02
-2.769124e-02
-2.297393e-02
-1.669214e-02
2.148428e-02
2.150609e-02
3.660319e-03
-3.495331e-03
2.961753e-02
-3.330253e-03
2.264844e-02
4.645917e-02
5.869004e-03
-2.227443e-03
1.667939e-02
-3.052318e-02
3.430261e-02
-2.005242e-03
-5.555014e-02
4.825899e-02
-3.380593e-02
-1.034786e-02
1.890635e-02
1.388396e-02
2.332257e-02
-5.304576e-02
-1.545896e-02
1.800152e-02
-2.007863e-02
4.638234e-02
-1.005938e-02
-3.733389e-02
4.801813e-03
6.651309e-02
-1.470933e-02
-4.077985e-03
-6.202031e-02
7.436582e-02
-6.936014e-02
-1.674228e-02
2.838127e-02
3.440518e-02
-1.326442e-02
-9.869711e-03
1.000772e-02
-1.751150e-02
-6.908180e-02
2.519704e-02
1.903262e-02
-9.118601e-03
6.205024e-02
4.405418e-02
-1.843744e-02
-1.051225e-03
-1.014934e-02
-6.061641e-02
-5.053721e-02
-7.173734e-02
-1.076342e-02
7.742419e-02
5.589634e-02
-2.640061e-02
4.264683e-02
3.826961e-02
-2.416771e-03
-1.744148e-02
-7.486279e-04
6.133069e-02
-8.077607e-02
4.097865e-02
-9.650938e-02
-1.730796e-02
2.674335e-03
7.535790e-02
2.149457e-01
2.259875e-02
-1.927544e-02
-4.843982e-02
-5.375449e-02
7.389216e-03
6.254846e-03
2.476151e-02
2.913145e-02
2.204600e-02
3.102538e-02
3.993821e-02
-5.694861e-03
1.664653e-02
-3.333210e-02
-6.130872e-02
-3.732307e-02
-2.491254e-02
-1.187173e-02
-3.093896e-02
-1.004151e-01
-2.868522e-02
-4.855984e-02
-3.976271e-02
-7.834902e-02
-4.635872e-02
-3.502480e-02
-3.775904e-02
-2.616413e-02
1.711929e-02
-1.108781e-03
-2.667655e-03
-1.435832e-02
-5.471597e-03
-5.539081e-02
-8.582742e-03
2.228198e-02
-6.871095e-02
-1.013587e-01
-8.512210e-02
-4.033928e-02
-3.992260e-02
-3.161399e-02
-4.375903e-02
-3.411602e-02
-8.706386e-02
-3.201555e-02
1.357308e-02
2.017554e-02
2.026047e-02
-7.333585e-03
-8.287625e-03
-4.852287e-03
-3.491160e-02
-2.362814e-02
1.983546e-02
9.105959e-02
3.349833e-02
-5.939541e-02
-2.017280e-02
4.518316e-02
-4.357205e-02
-6.429906e-02
6.538131e-02
5.699976e-02
-3.666343e-02
-1.405286e-02
6.201359e-03
-2.866635e-02
-1.392289e-02
8.869797e-03
-1.667931e-02
3.896824e-03
4.648345e-02
2.480731e-02
8.346262e-02
1.162701e-02
-2.855079e-02
9.876612e-03
-4.295153e-02
-1.293738e-02
2.704637e-02
-1.103570e-02
-1.276035e-01
-1.166292e-01
-1.256617e-01
-2.729485e-02
3.861337e-02
-2.873818e-02
8.038785e-02
1.683771e-01
5.854820e-02
-6.872494e-02
-5.880799e-02
-5.456651e-02
-8.232178e-02
-8.961017e-02
-7.584884e-02
-3.685553e-02
-1.331139e-02
-1.152523e-02
-1.133346e-02
-2.219397e-02
-9.366727e-02
-1.634533e-02
-4.331465e-02
-2.517494e-02
4.971855e-02
3.617002e-02
-3.416135e-02
-9.358270e-03
-5.980311e-02
1.377775e-03
5.431451e-02
2.075464e-02
-2.891220e-02
-8.836736e-03
-9.857373e-03
4.996569e-03
-1.931545e-02
3.149482e-02
1.884665e-02
-3.347160e-03
1.895726e-02
2.721652e-02
-2.474742e-03
-2.280573e-02
-1.071566e-02
5.271765e-04
2.571599e-02
-2.536921e-02
-1.889060e-02
-6.216360e-02
2.138573e-02
3.375266e-02
-2.332615e-02
-1.482800e-02
-1.220420e-01
-7.871427e-02
-8.170438e-02
-6.601943e-02
1.615214e-01
-2.083854e-01
-1.013364e-01
-8.486251e-02
1.923575e-02
2.582970e-02
2.166424e-02
2.928860e-02
3.351162e-02
-6.420130e-03
-1.419660e-02
6.317024e-04
-1.978082e-02
-9.569223e-03
-1.514811e-02
-8.753778e-03
-2.094574e-02
-2.822247e-02
-1.624592e-03
-3.134646e-02
-3.285675e-02
-6.615184e-03
5.124322e-03
-4.573993e-02
-6.324720e-02
-2.164959e-02
3.168575e-02
1.133677e-02
-1.227451e-01
-7.214191e-02
-4.887246e-02
-2.303577e-02
-2.369108e-03
5.296947e-03
2.854784e-02
-5.367951e-02
7.566006e-03
5.510742e-02
2.198483e-03
3.118712e-02
1.602339e-02
-1.755002e-02
-2.077839e-02
6.556074e-03
2.262798e-03
-2.945453e-02
9.371593e-02
8.560419e-02
-9.082842e-03
-6.971680e-02
-2.533446e-02
-2.420164e-02
7.067793e-03
5.798898e-02
1.657460e-02
3.177339e-02
1.848877e-02
3.022012e-03
3.308800e-02
3.916787e-03
3.014646e-02
5.259143e-02
-7.726476e-02
2.067009e-01
6.972303e-02
-7.098508e-02
-9.146062e-02
2.392014e-02
3.673770e-02
3.415781e-02
-2.362859e-02
4.081547e-02
2.082389e-02
-2.409705e-02
7.078413e-03
-2.145871e-02
-1.729443e-02
-4.241843e-02
-1.041835e-02
-6.727643e-02
-8.417122e-02
-3.966264e-02
-5.792661e-02
-7.632163e-03
2.789118e-02
-2.563066e-02
3.605778e-02
-1.569066e-02
-3.232314e-03
4.176700e-02
6.038843e-03
3.867067e-03
-2.127147e-02
-1.977903e-02
6.238510e-02
-3.207850e-02
-6.993587e-02
-1.991792e-02
4.305517e-02
1.501771e-02
-8.119260e-03
2.851214e-02
8.344372e-03
-5.177802e-03
-3.585272e-02
-1.487931e-02
-4.958468e-02
-8.530859e-02
-5.498109e-02
-4.967276e-02
3.147215e-02
1.600305e-02
-1.613856e-02
3.952506e-02
-5.636288e-02
-4.336539e-03
1.951672e-02
2.083359e-02
3.476958e-02
-2.595445e-03
-9.186835e-03
-4.695275e-02
-2.361596e-02
-1.034568e-02
1.499879e-02
2.030040e-02
3.291728e-02
3.415028e-02
-4.941338e-03
-2.299933e-02
-2.089598e-02
-2.368371e-03
-2.517366e-02
-3.538560e-02
5.156257e-02
-7.361151e-02
-9.175307e-02
2.631135e-02
1.696940e-02
4.430362e-02
-1.077223e-01
-3.845133e-02
-6.663898e-02
-1.486802e-01
2.282631e-01
-5.190701e-02
5.452775e-02
-1.076377e-01
-1.009657e-01
6.649954e-03
-3.251516e-02
-1.124274e-02
1.381500e-03
-1.658083e-02
4.208256e-03
-2.034454e-03
3.905101e-03
1.808224e-02
-3.089377e-03
2.276295e-02
-1.742211e-02
-3.214258e-02
-2.765504e-02
-1.773146e-02
3.432488e-03
-2.382713e-02
1.694504e-02
2.954809e-02
-8.129912e-03
1.613713e-03
4.120098e-02
-3.552614e-02
-1.790697e-02
7.334060e-03
2.612029e-03
-1.770014e-02
2.494315e-02
4.687695e-03
-1.738191e-02
2.195635e-02
-1.098123e-02
3.384495e-02
-1.018994e-02
1.581809e-03
7.973604e-03
3.932151e-02
8.136593e-03
-3.030923e-02
-2.256203e-02
3.594562e-03
-1.823473e-02
1.476531e-02
3.065964e-02
2.651531e-02
4.346529e-02
2.249288e-02
-2.192114e-02
4.144480e-02
3.375882e-02
2.835291e-02
-9.419678e-03
7.996297e-03
1.851062e-02
-1.750432e-01
-3.464870e-02
6.676904e-04
-2.011779e-01
-2.655400e-02
5.861892e-02
9.431066e-02
3.792123e-02
4.496843e-02
-1.512327e-02
-1.774225e-02
1.680053e-02
1.332120e-02
3.378053e-02
1.096472e-02
1.957635e-03
-8.724218e-03
5.132444e-04
-1.284023e-02
-1.822288e-03
-2.995490e-02
-5.292051e-02
-5.113734e-02
-6.597695e-02
-4.323490e-02
-1.536964e-02
-1.005443e-02
-2.030929e-02
3.988090e-02
3.794351e-02
1.959510e-02
5.881658e-02
2.558281e-02
1.416907e-02
-3.687352e-02
-2.311698e-02
2.454311e-02
-2.871601e-02
-1.438646e-02
7.266480e-03
3.236014e-02
3.757877e-03
-7.755190e-03
6.678028e-03
-4.313040e-02
-6.805813e-02
-1.611685e-01
-4.676379e-02
-7.481647e-02
-2.708573e-03
-1.761740e-02
-6.274518e-02
-4.490869e-02
-4.927045e-02
3.253525e-02
-2.852649e-02
-2.087086e-02
2.384555e-02
-1.963104e-03
2.464574e-03
1.078986e-02
-1.693163e-02
5.648940e-02
7.435687e-02
-4.424724e-02
-4.120721e-02
9.693985e-02
-6.072014e-02
-4.193777e-02
-6.416059e-02
-1.156983e-01
-4.328522e-02
-5.581627e-02
-1.088841e-01
-7.463867e-02
5.014174e-02
-9.753200e-02
-1.703473e-01
3.192453e-02
-1.012324e-01
-1.866263e-01
-8.070803e-02
-1.173262e-01
-7.340675e-02
-1.151755e-01
1.896504e-02
1.593082e-02
-1.540269e-02
-1.430123e-01
2.793402e-02
3.816365e-02
-5.646143e-03
-3.426298e-02
3.152319e-02
1.190798e-02
1.858257e-02
-4.610964e-02
-6.941491e-03
3.725789e-03
3.079884e-03
-9.247020e-03
4.660296e-02
-1.339996e-02
-4.418420e-02
1.338717e-02
1.880741e-02
-1.636037e-02
-6.828442e-02
3.795239e-02
1.301275e-02
9.099638e-04
-1.192644e-01
-3.931005e-02
-2.339042e-03
-1.308750e-01
-5.394369e-02
-6.437860e-02
5.787645e-02
-3.417871e-03
4.092826e-02
3.724864e-02
-3.893691e-02
-7.868267e-03
-7.399644e-03
-2.025782e-02
1.584040e-02
-7.892752e-04
-6.779756e-02
5.164417e-02
9.807631e-02
-3.663016e-02
6.873263e-03
6.567264e-02
-7.520543e-02
1.392100e-02
-4.238956e-02
-8.535845e-03
-1.205541e-02
-2.276906e-02
3.288926e-02
6.541662e-02
-4.089632e-02
-2.960976e-02
2.351026e-02
-8.493130e-02
-1.073779e-01
6.297994e-02
-2.256286e-01
-2.635422e-01
-4.911806e-02
-8.993040e-02
-6.947110e-02
-2.048147e-02
1.334457e-02
5.477196e-04
1.964364e-02
-1.300056e-02
-3.107973e-03
3.505852e-02
1.219742e-02
-4.489630e-03
5.498920e-02
-4.892719e-03
-4.583443e-02
1.991678e-02
2.013992e-02
-9.940271e-02
-3.662729e-02
4.536518e-02
-6.147174e-02
7.120750e-03
-1.336765e-01
-2.894244e-02
9.722324e-02
-1.592036e-01
3.381717e-02
2.050963e-01
-5.851403e-02
1.539328e-02
6.630794e-02
7.695726e-03
-9.993662e-02
-3.458006e-02
-4.836689e-02
-1.300481e-01
-1.935252e-02
4.823882e-02
-3.706030e-02
5.419210e-02
-2.915508e-02
1.020511e-02
-4.217589e-02
-1.385360e-02
-3.697476e-02
-1.695938e-03
-8.127374e-02
-4.056044e-02
3.902896e-03
2.265520e-02
1.388738e-02
-8.870756e-03
2.076738e-02
2.972105e-02
4.919333e-03
1.442842e-03
1.159703e-02
-1.245105e-02
-8.450161e-03
7.979541e-03
1.608456e-02
-3.256967e-02
-4.219644e-02
2.410391e-03
-2.104668e-03
-4.801206e-02
-6.174963e-03
-3.150730e-02
6.813232e-04
1.316784e-02
-9.268768e-03
1.625584e-02
2.917952e-03
-6.342626e-03
1.345741e-02
-1.896651e-02
-9.593330e-02
1.867891e-02
-4.339704e-02
1.237121e-02
7.887383e-02
-7.908312e-03
2.919577e-02
8.282066e-02
3.609581e-02
6.437928e-03
-8.641554e-04
-1.084143e-02
8.125969e-03
-1.499859e-02
-1.806778e-02
1.090187e-02
-6.588238e-03
1.860693e-03
-3.504659e-02
-1.883329e-02
-1.201409e-02
-8.346381e-03
1.855112e-03
-4.976335e-03
3.626074e-02
2.524734e-02
4.391200e-03
8.512761e-02
-3.039132e-02
-3.783245e-02
6.691436e-02
9.489290e-02
8.013158e-02
-8.062765e-03
3.565384e-02
7.697771e-02
9.364239e-03
-2.143336e-02
-4.013469e-02
-6.278658e-03
-4.608340e-02
-3.628645e-02
-3.901085e-04
-2.585152e-02
-6.724012e-03
-7.397694e-04
4.216808e-02
-6.760531e-02
-3.628049e-03
5.883779e-03
-1.651693e-02
-2.020074e-02
-3.106996e-03
-3.624812e-02
1.990132e-02
-2.703520e-02
-6.270710e-02
-7.497465e-03
-3.589636e-02
-8.013796e-02
8.134891e-03
-3.593751e-03
-6.057880e-02
6.690288e-02
1.105106e-01
2.848281e-03
1.369852e-02
7.407432e-02
3.606525e-02
3.445247e-03
2.402648e-02
-2.548362e-02
-1.084857e-02
-5.740204e-03
-1.914574e-02
5.691651e-03
-8.663707e-03
-9.781442e-03
-1.212243e-02
-1.754414e-02
-1.810203e-02
-2.257720e-02
-1.905232e-02
3.985506e-02
-8.264820e-03
-3.487235e-03
3.609033e-02
-2.961649e-03
-1.444297e-03
3.545536e-02
3.683976e-02
3.200231e-02
-3.963659e-02
5.038170e-03
2.863071e-02
-4.172517e-02
6.959704e-03
3.411807e-02
-2.098092e-02
-2.374145e-02
-7.118663e-03
-6.097943e-02
1.930417e-02
6.251554e-03
-2.179290e-02
8.975113e-03
4.771307e-02
-4.136571e-02
-3.056371e-02
9.175626e-03
-1.490015e-02
-1.027849e-02
4.378601e-03
-1.943849e-02
3.502772e-03
-2.010920e-02
-5.058179e-02
-1.957218e-03
-4.093967e-02
-7.865398e-02
5.513128e-02
5.722216e-02
2.511356e-02
-1.307534e-02
4.357480e-02
4.252958e-03
3.980721e-02
2.294579e-02
-1.606436e-02
2.986382e-02
2.158480e-02
-1.358370e-02
6.015473e-03
2.501143e-02
-1.182526e-02
5.589339e-03
6.542666e-02
-5.748509e-02
8.657692e-03
1.622269e-02
-4.465339e-02
8.151381e-03
4.273287e-03
-4.431879e-02
3.492258e-02
-1.623081e-02
5.176252e-02
-1.438726e-02
4.848997e-02
2.382674e-03
1.334792e-02
-7.285034e-03
5.479353e-02
4.720561e-02
2.781868e-02
-2.878360e-03
6.274591e-03
-2.473802e-03
-2.182894e-02
-3.266580e-03
-5.355585e-03
-1.278412e-03
2.417355e-02
-2.345110e-02
-1.091043e-02
3.473875e-02
1.847875e-02
1.926234e-02
9.051029e-03
-1.186048e-02
8.235210e-04
-3.446301e-02
2.801581e-02
6.119512e-03
-4.378575e-02
2.040556e-02
-1.053796e-02
-1.193014e-02
-2.928513e-02
-2.353328e-03
3.042732e-04
-1.830181e-02
3.166807e-03
1.039833e-02
5.990987e-03
2.803062e-03
-8.753352e-03
7.599577e-03
9.017616e-04
-2.959261e-02
-3.677888e-02
-2.649161e-02
-1.178334e-02
-3.502811e-02
9.710902e-04
-4.533339e-02
-5.493731e-02
-1.608807e-02
-5.086403e-03
-2.818316e-02
5.958647e-03
1.833600e-02
1.877027e-02
4.935755e-02
1.372955e-02
3.727266e-03
2.672363e-02
2.647676e-02
4.797237e-03
-5.748658e-02
-1.605096e-02
3.931262e-02
-2.081157e-02
1.380373e-02
4.297431e-02
-1.137315e-02
-1.236362e-02
-1.319422e-02
1.314359e-02
3.519271e-03
2.898494e-02
2.632561e-02
-3.295240e-03
2.366948e-02
1.225610e-02
3.848032e-03
2.087318e-01
-2.894816e-02
3.840113e-02
2.243392e-01
8.601706e-03
1.320348e-03
1.883862e-01
-3.051392e-02
3.179066e-02
4.032771e-02
2.505485e-02
7.842170e-03
1.436260e-02
1.337065e-04
-2.757376e-02
-3.015117e-02
-4.273944e-02
-4.226998e-02
-1.689774e-02
-3.547936e-02
-1.656789e-02
3.237034e-02
-8.354686e-03
-5.306517e-02
3.904440e-02
-1.710084e-02
-4.082600e-02
7.987029e-03
-9.278235e-02
1.139494e-02
-3.798886e-03
-7.027248e-02
-1.077166e-02
-1.728057e-02
-6.061834e-02
-1.797933e-01
1.217158e-02
1.332732e-01
-1.677762e-01
-5.269515e-02
1.706627e-01
-1.619708e-01
-8.957694e-02
1.092566e-01
1.746072e-02
-3.027521e-02
1.838513e-02
2.522614e-02
-2.259529e-02
8.558391e-03
-2.594363e-02
-3.923803e-02
-2.739879e-03
3.305883e-03
-1.555024e-02
-6.158779e-02
2.794688e-02
3.580780e-03
-6.147337e-02
1.706212e-02
-2.105440e-03
-8.383273e-02
-2.472464e-02
-7.042871e-02
-1.033758e-01
-4.115715e-03
-1.162714e-01
3.827526e-02
-7.095812e-03
-1.230784e-01
5.045352e-02
6.475487e-02
-7.621167e-03
-7.204217e-02
5.084771e-02
2.249857e-02
-7.127635e-02
7.768343e-02
3.881239e-02
-4.818710e-02
3.667406e-02
-4.404584e-02
-4.449714e-02
7.397826e-02
-5.566755e-02
-5.716339e-02
5.804935e-02
-2.944161e-02
-3.424205e-02
2.275015e-02
8.359898e-04
-6.089999e-03
3.895066e-02
2.857104e-02
-1.087979e-02
2.042135e-03
2.308641e-02
2.986713e-03
4.278948e-02
-1.039409e-03
-6.433177e-02
6.546488e-02
1.059237e-03
-7.653215e-02
4.984857e-02
-8.187378e-03
-8.110734e-02
3.045858e-02
1.926829e-04
9.299641e-02
-4.173177e-03
-3.776547e-02
2.889701e-02
3.034280e-02
-7.604373e-02
2.344569e-02
-5.085988e-02
1.438929e-02
7.824230e-02
-3.553014e-02
-3.317954e-03
7.661685e-02
-2.786460e-02
-1.142066e-02
6.982817e-02
1.388557e-02
-5.632994e-02
-8.308018e-03
2.978765e-02
-5.355329e-02
-5.407853e-02
-1.184866e-03
-1.456438e-02
-4.087482e-02
-3.575134e-02
-1.857439e-02
6.767091e-03
-4.334919e-02
-1.852558e-02
2.521867e-02
-7.910302e-02
-2.080885e-03
5.302151e-02
3.796334e-02
1.560825e-02
3.003885e-02
1.639489e-02
-1.537067e-02
-4.061766e-03
2.872677e-02
-4.838084e-03
-8.526394e-03
4.333523e-02
-4.143208e-02
-7.248606e-02
1.915454e-02
-4.598536e-02
-5.617014e-02
8.527566e-02
2.503993e-02
-2.667999e-02
3.373564e-02
-3.963421e-02
8.823923e-03
3.494225e-02
-3.303128e-02
-6.931692e-03
5.365299e-02
1.234909e-02
-1.247911e-02
2.175798e-02
8.246850e-03
3.271350e-02
3.338805e-02
-3.017287e-02
2.221602e-02
-2.870619e-02
9.064370e-03
-4.455263e-02
-4.654945e-02
2.035994e-02
1.466929e-03
5.392482e-03
-1.121761e-02
8.563092e-02
-5.817005e-02
-2.064263e-02
1.419442e-02
2.126899e-02
5.166857e-05
2.003927e-02
2.132826e-02
3.149323e-02
3.300272e-02
-1.973271e-02
-1.386094e-02
-6.779068e-02
1.327052e-02
-5.080350e-02
-1.639435e-03
-1.743687e-02
4.925555e-02
2.759380e-02
3.050699e-02
-2.595665e-02
1.018324e-02
-9.840992e-03
4.094823e-03
-4.504810e-02
5.382797e-02
-1.544879e-01
1.442086e-01
-8.753976e-03
1.783221e-01
-4.141457e-02
5.252914e-03
-9.249568e-03
-1.874038e-02
5.698926e-03
3.722849e-03
-1.831695e-02
1.573890e-02
-8.777592e-03
-2.177913e-02
3.858356e-03
1.326493e-02
3.172102e-02
-1.810953e-02
-3.548270e-02
2.645336e-02
1.328820e-02
8.391473e-03
2.303523e-02
-5.778452e-02
1.269604e-02
-9.579940e-04
-4.918941e-02
-1.076932e-01
9.587475e-03
-6.053982e-02
-5.139248e-03
7.565354e-03
2.298509e-03
1.898447e-02
3.421060e-02
1.610971e-02
3.000492e-02
3.799352e-03
-4.278964e-02
-5.391822e-02
-9.768316e-03
-3.541789e-02
-1.652112e-01
4.469485e-03
6.000361e-02
2.666118e-01
6.927148e-02
-2.724531e-02
-1.977233e-01
-2.295455e-04
-2.068412e-02
1.167555e-02
-5.519936e-03
1.138511e-02
3.599448e-02
1.515333e-02
-5.966293e-02
-1.753133e-03
-3.760753e-04
-3.585471e-02
-7.387860e-02
-1.450553e-02
1.637325e-01
-2.645890e-02
-3.744404e-02
-2.569245e-02
7.573570e-02
1.119500e-02
-8.991082e-03
2.151781e-02
4.093830e-03
-7.036245e-03
-1.312892e-02
-7.106072e-03
-4.206690e-03
-8.153711e-03
2.295495e-02
1.117148e-02
-1.657373e-02
4.126421e-02
-6.502269e-03
-7.244227e-03
-7.414446e-03
1.987741e-02
-9.088206e-03
3.345645e-02
2.453340e-02
4.145636e-03
-1.486182e-03
-1.235321e-02
-4.040666e-02
-2.899501e-02
2.853279e-02
4.435671e-02
9.210298e-03
7.467553e-03
4.814532e-02
3.857078e-03
8.828766e-03
-7.902008e-02
1.336058e-02
-3.071483e-02
4.004119e-02
3.955442e-02
2.127106e-04
-7.802091e-03
-6.446834e-02
-4.432111e-02
-7.564187e-02
3.949804e-02
1.815891e-02
-6.406782e-02
-5.801868e-02
-4.931867e-02
6.475671e-04
-8.352353e-03
-9.552856e-02
2.752538e-02
4.631793e-02
8.346307e-02
-5.666064e-03
-4.440485e-02
6.507081e-02
2.009506e-02
-3.452092e-02
5.922175e-02
6.132903e-03
-5.271689e-02
-1.647379e-03
5.871008e-02
-1.811993e-02
-6.130064e-02
-5.688886e-02
-6.578111e-02
1.246552e-02
6.028433e-03
-2.694242e-02
-2.020051e-02
-2.324146e-02
-4.679528e-02
-5.793154e-02
-2.262869e-02
6.225014e-02
1.394772e-02
9.052470e-02
4.660061e-02
-1.046211e-01
-6.203883e-02
-2.572971e-02
3.613076e-03
-2.403066e-02
1.086184e-02
3.004265e-02
7.641400e-03
1.872752e-02
3.019971e-03
4.124907e-02
6.454564e-02
2.223941e-02
-1.934064e-02
-4.357501e-02
-2.002880e-02
-9.480976e-03
-1.812534e-02
5.703860e-03
-2.051904e-02
-3.384178e-02
9.317263e-03
1.556686e-01
3.445897e-02
5.552857e-02
2.086588e-02
-1.784038e-02
7.219794e-02
1.416725e-02
-7.827159e-02
9.868579e-02
-2.164228e-02
-7.172360e-02
5.300447e-02
-5.969876e-02
-6.176710e-02
-6.066307e-02
-6.048572e-02
1.154120e-02
1.368058e-02
5.505636e-02
-6.423601e-02
1.643407e-01
3.877580e-02
-6.677530e-02
4.405804e-02
-5.473002e-02
-1.436567e-01
-4.107778e-02
-1.491129e-03
2.437206e-03
-1.308037e-02
2.943332e-02
5.453825e-02
6.555021e-02
2.513500e-02
-2.770671e-02
-3.253355e-02
1.974323e-02
2.219430e-02
-1.694069e-02
-2.022513e-02
-7.900016e-03
-7.017837e-02
2.924752e-02
-3.246336e-02
-5.783119e-02
-3.428676e-02
6.380078e-03
-8.099917e-03
5.095625e-02
5.348486e-02
4.433129e-02
5.055207e-02
3.623263e-02
-2.350579e-02
1.031482e-02
-2.544818e-02
-4.056139e-02
-2.103565e-02
-4.938426e-02
-1.489634e-02
1.426888e-02
-6.230559e-03
-6.457117e-02
-1.050076e-02
1.123368e-02
-5.110320e-02
-4.444919e-03
-1.054357e-03
6.218706e-02
4.450464e-02
-2.937296e-02
7.782748e-02
2.862980e-02
-4.451219e-03
5.975700e-02
-1.113929e-02
-5.628537e-02
-5.115207e-02
-6.746695e-02
-1.343550e-02
2.138712e-02
1.886547e-03
-6.433260e-02
1.126380e-02
5.805595e-02
-2.368426e-02
-1.950703e-02
4.167847e-02
3.982559e-03
-1.743409e-02
5.469951e-02
-1.713669e-02
8.803988e-02
1.989948e-01
6.175643e-02
1.800259e-03
7.902490e-02
-5.232249e-02
7.759213e-02
1.257181e-01
4.150849e-02
7.183484e-02
1.252221e-01
4.991582e-02
1.747763e-02
8.425349e-02
3.150058e-02
-4.008225e-02
7.902641e-03
-1.135391e-03
-2.945090e-02
8.525194e-03
2.078507e-02
-1.072258e-02
2.725447e-02
2.218060e-02
5.224191e-02
5.423518e-02
3.605808e-02
-1.016755e-02
-2.432512e-02
-2.405514e-02
-4.526911e-02
-2.377189e-02
-1.869938e-02
-1.667141e-03
-1.848044e-02
-4.607167e-02
3.366692e-02
3.217454e-02
3.200246e-03
4.553072e-02
4.152469e-02
2.285542e-02
-4.091114e-02
-4.500218e-02
-2.993472e-02
-3.760206e-02
-2.555384e-02
-3.603277e-02
-2.382177e-02
-1.576125e-02
-5.724132e-02
-3.096480e-02
1.035904e-02
-3.247901e-02
-2.361628e-03
-2.589595e-04
-4.004817e-02
-8.522177e-04
3.023956e-02
-2.320041e-02
3.058885e-02
1.802577e-03
-6.940392e-02
2.187542e-02
-6.512804e-03
-6.971047e-02
2.392044e-02
1.549918e-02
-1.972063e-03
-1.531642e-02
-2.015798e-02
-2.019937e-02
5.134541e-02
6.871744e-02
4.637886e-02
1.776104e-02
3.135615e-02
-8.004184e-03
-2.517223e-02
-7.514942e-03
2.074907e-02
-3.375028e-02
1.227752e-02
7.926099e-03
-7.511131e-02
-6.240065e-02
-7.230156e-02
5.009305e-02
-3.388943e-03
4.092089e-03
2.276839e-02
-1.271367e-02
1.785997e-02
-4.778879e-02
-4.912141e-02
1.408154e-02
-2.133857e-02
3.688329e-02
6.215773e-03
2.960521e-02
7.199562e-02
1.563076e-02
2.190250e-02
2.638035e-02
-1.290980e-02
2.610443e-03
5.108137e-02
-7.636915e-03
7.110073e-02
1.169183e-01
5.638900e-02
-2.762662e-03
2.989162e-02
-1.509163e-02
-2.471300e-02
-1.140858e-02
-4.222644e-02
2.239472e-02
3.634563e-02
2.314114e-02
6.389730e-02
7.557211e-02
4.471238e-02
-3.676712e-02
-2.964192e-02
-1.862766e-02
1.108065e-03
9.370678e-04
-5.219590e-04
-3.302098e-03
-9.139654e-03
3.227405e-02
-4.852124e-02
-3.424990e-02
-5.711812e-02
-2.110351e-02
-1.748622e-02
-4.060550e-02
-1.905833e-02
9.013201e-04
-2.066238e-02
3.559913e-02
-1.517968e-02
1.040221e-03
-5.053509e-02
-3.334786e-02
-7.634714e-02
2.619571e-02
3.269159e-02
5.024289e-02
-6.888959e-02
-2.336378e-02
-2.200638e-02
-5.164481e-02
-3.874420e-02
-2.360326e-02
6.032023e-02
5.557577e-02
2.982723e-02
5.139932e-02
2.368602e-02
4.280252e-02
-3.991800e-02
-9.641738e-02
-4.569047e-02
-4.756127e-02
-1.162761e-02
2.022904e-02
-2.130443e-02
-1.438890e-01
-1.562237e-02
2.136338e-02
2.684774e-01
-4.774178e-02
-1.370099e-02
-7.906440e-02
1.398168e-01
1.454932e-02
3.802745e-02
2.944273e-02
2.186155e-02
3.064257e-02
2.555594e-03
5.211027e-03
-2.317935e-04
-3.318220e-02
-1.844864e-02
-1.098055e-02
-5.939579e-02
3.606750e-02
5.505905e-02
-8.173835e-03
8.924534e-03
8.918595e-03
7.888481e-03
1.177460e-01
-1.638566e-02
-1.470736e-02
-9.816269e-03
1.030347e-01
1.016825e-01
-4.064633e-02
-7.445545e-02
-1.363893e-01
-6.744246e-02
-4.525892e-02
-7.349158e-02
3.006485e-02
1.536830e-02
2.447060e-02
6.812615e-02
5.543308e-02
1.575212e-02
-3.542501e-03
2.041691e-01
4.192102e-02
-1.856979e-01
-1.185560e-01
-1.264346e-01
4.069765e-02
1.101093e-01
-1.347991e-02
-5.173562e-03
-2.435975e-02
-1.895563e-02
-1.549352e-02
-2.621930e-02
-1.729866e-02
2.744810e-02
4.559118e-02
5.435307e-02
2.818293e-02
5.773634e-03
-9.784561e-02
-9.124728e-02
4.570930e-02
3.822118e-02
9.303387e-02
-2.419388e-02
-6.138233e-02
-1.836810e-02
-3.849495e-02
-3.094231e-02
-2.200085e-02
-1.785798e-02
4.812092e-03
2.710482e-02
7.939555e-03
-2.868197e-02
-3.489318e-02
-5.537565e-02
-3.528213e-02
1.798473e-02
6.153406e-03
2.231604e-02
-6.824867e-02
-8.356675e-02
-6.985196e-02
3.403169e-02
7.105219e-02
4.480635e-02
2.656180e-03
2.443714e-02
-1.567964e-02
-7.444277e-02
-7.600550e-02
-5.910301e-02
-1.285048e-01
-5.648123e-02
-8.765209e-02
5.581231e-02
6.890947e-02
4.731066e-03
3.596811e-02
8.652676e-02
1.839640e-02
-9.306103e-02
-1.091225e-02
6.265973e-02
9.081712e-02
5.053189e-02
-1.174262e-02
-6.487434e-02
-6.614820e-02
-6.438849e-02
