9.043705e-02
9.889158e-02
1.334716e-01
1.320384e-01
8.995074e-02
1.024462e-01
1.171689e-01
1.176071e-01
1.130090e-01
1.707270e-01
9.321477e-02
1.415182e-01
1.199025e-01
8.943578e-02
1.305070e-01
1.120835e-01
1.052604e-01
1.208393e-01
1.291210e-01
1.247702e-01
1.198116e-01
1.199679e-01
1.002916e-01
1.172195e-01
1.040285e-01
2.104975e-01
1.127755e-01
1.120343e-01
9.598044e-02
8.237861e-02
1.104376e-01
9.546014e-02
1.431944e-01
1.104315e-01
1.334570e-01
9.448786e-02
1.165013e-01
9.213319e-02
1.310988e-01
1.284348e-01
1.264862e-01
1.017950e-01
1.933786e-01
1.447956e-01
1.284661e-01
9.671318e-02
1.016029e-01
1.283860e-01
1.348126e-01
1.098267e-01
1.490991e-01
1.009609e-01
1.095626e-01
1.127895e-01
1.003319e-01
1.028345e-01
1.227766e-01
1.230324e-01
1.246267e-01
9.485035e-02
1.016800e-01
1.153963e-01
1.211308e-01
1.330905e-01
