-9.127757e-02
-8.909750e-02
-2.320449e-02
2.205815e-02
-1.176737e-01
-8.866694e-02
-1.099913e-01
-9.063280e-02
-1.061942e-01
-8.997856e-02
-7.855820e-02
-7.205416e-02
-1.092043e-01
-1.198676e-01
2.783334e-02
-5.828132e-02
3.232710e-02
-3.810435e-02
-7.736516e-02
-1.110800e-01
-4.051792e-02
-9.906968e-02
-4.361805e-02
2.235960e-02
-8.158532e-02
-9.594833e-03
-4.246385e-02
-9.108362e-02
-8.002947e-02
-1.854360e-02
-4.455758e-02
-7.009265e-02
-2.072406e-02
-1.337754e-02
-7.015906e-02
-3.279188e-02
8.798968e-02
-2.256429e-02
4.515535e-02
-7.691600e-02
9.698823e-02
-3.552574e-02
-7.364389e-02
-6.677540e-02
-8.278246e-02
-4.502496e-02
-1.525798e-01
-9.593732e-03
-1.109752e-01
-1.075932e-01
1.363124e-01
2.350836e-02
6.840003e-02
-3.908148e-02
-5.015826e-02
-3.678273e-02
-3.822027e-02
-5.345067e-02
-8.475552e-02
-3.499194e-02
-1.181125e-01
-7.800784e-02
-7.025507e-02
-4.632178e-02
