2.644533e-09
8.286579e-09
1.470515e-08
8.595703e-09
1.449866e-08
1.812290e-08
1.069537e-08
1.557515e-08
1.522925e-08
4.656927e-10
2.353517e-09
4.171030e-09
4.835731e-09
6.157722e-09
7.497158e-09
2.221537e-09
2.757733e-09
4.096662e-09
-1.265108e-10
5.177002e-10
2.348189e-10
-4.056266e-10
-3.669673e-10
1.703158e-10
1.155002e-10
-1.403657e-10
6.390689e-10
1.648278e-10
3.215245e-09
6.562615e-09
4.410445e-10
2.050914e-09
5.140695e-09
-1.064735e-09
2.649349e-09
2.178707e-09
1.296689e-10
-5.040734e-10
-1.109474e-09
-6.150183e-10
-1.497583e-09
-1.359983e-09
-7.401762e-10
-1.154388e-09
-1.043023e-09
1.538559e-08
1.219262e-08
1.000456e-08
1.571684e-08
1.278979e-08
1.102674e-08
1.536481e-08
1.393099e-08
1.250358e-08
3.122230e-10
8.040451e-11
2.381403e-10
5.167294e-10
7.825739e-10
1.977317e-09
-1.886767e-09
4.468200e-10
1.869697e-09
-2.632161e-10
-2.168995e-09
-1.189977e-09
4.052010e-10
-5.314354e-10
-5.952792e-10
-1.705193e-10
4.361234e-10
6.996957e-10
-2.855036e-09
-1.295133e-09
-7.298110e-10
2.787543e-09
1.017531e-09
8.780393e-10
1.186659e-10
-1.977644e-09
-4.767747e-10
1.003458e-08
9.457805e-09
8.680312e-09
9.549533e-09
7.580389e-09
5.840730e-09
8.125876e-09
6.309446e-09
5.954881e-09
-2.721344e-09
-3.759800e-09
1.953992e-09
-2.429946e-09
-2.882296e-09
1.042692e-09
-2.376787e-09
-3.338800e-09
5.464054e-10
-3.493709e-10
1.428843e-09
8.729991e-10
1.362586e-09
2.747116e-09
1.021641e-09
1.442650e-09
2.143260e-09
1.237268e-09
2.987475e-09
3.843271e-09
2.970886e-09
2.312420e-09
3.637655e-09
3.816885e-09
8.106067e-11
1.071665e-09
1.702902e-09
-2.796919e-09
-2.632701e-09
-1.594413e-09
-5.709173e-09
-5.734458e-09
-4.860184e-09
-9.001067e-09
-8.733557e-09
-9.441076e-09
1.427620e-10
8.462294e-10
8.476696e-10
4.106761e-10
7.822459e-10
3.890302e-10
5.040815e-10
6.900878e-10
2.245451e-10
3.441691e-10
4.858471e-10
-4.351516e-11
3.933111e-11
9.200108e-10
7.935468e-11
1.891127e-09
7.152771e-10
8.732098e-10
2.666304e-01
5.113414e-02
-1.419571e-01
5.841535e-02
-1.794413e-01
-1.679832e-01
-1.510889e-01
-1.451662e-01
1.072607e-01
8.984947e-02
-2.481036e-02
-5.068265e-02
-4.348614e-03
-6.365887e-02
-3.799057e-02
-9.388794e-02
7.570384e-03
8.665794e-02
-7.273981e-11
6.056743e-10
-5.271242e-11
-1.393904e-10
-2.882338e-10
1.554176e-10
-3.949826e-10
4.227360e-10
-4.584924e-10
4.604715e-02
-1.423783e-03
-1.562451e-02
1.970340e-02
5.580830e-02
3.171742e-02
5.017477e-04
2.785562e-02
1.319256e-02
-6.419424e-04
2.468946e-02
4.248165e-02
-3.745370e-02
-5.547772e-04
1.421669e-02
-5.064448e-02
1.461256e-02
2.627985e-02
-8.128437e-02
2.479199e-02
3.787817e-02
4.602538e-02
5.668899e-02
-6.897849e-03
-1.244985e-03
-3.523709e-02
-1.002865e-01
1.278643e-02
3.287983e-02
6.568830e-02
6.097111e-03
1.029460e-02
3.925364e-02
1.458948e-03
4.674790e-03
2.239656e-02
-9.929284e-02
-2.941416e-02
5.749967e-02
-4.556922e-02
6.471926e-02
8.769222e-02
2.973993e-02
8.438433e-02
-5.903166e-03
-1.937067e-02
-3.945351e-02
4.090829e-02
3.633329e-02
2.687293e-02
3.097523e-02
-3.078633e-03
-1.330838e-02
1.803698e-02
3.247199e-02
4.384792e-03
-2.156286e-02
1.200625e-02
-1.806557e-02
-3.047386e-03
-2.002804e-02
-2.223810e-02
2.773577e-02
-3.744053e-02
1.895012e-02
1.118242e-02
-2.050799e-02
-3.230863e-03
1.180457e-03
2.251258e-02
-3.003132e-02
-4.255703e-02
2.336622e-02
2.182681e-03
-2.821171e-02
-9.714222e-03
-2.280539e-02
-2.245930e-02
-4.684883e-02
-2.290944e-02
-9.434373e-03
-2.473638e-02
-2.672887e-02
-5.293629e-02
9.337578e-03
2.970704e-02
-2.293075e-02
2.864895e-02
7.610859e-03
-3.226250e-02
1.965746e-02
-2.073258e-02
-8.281630e-02
-2.046680e-02
-1.296753e-02
-1.362972e-02
7.246949e-03
3.037353e-03
3.797479e-02
5.471356e-10
4.722025e-10
6.683082e-11
1.139979e-10
9.252204e-11
-3.153540e-10
3.649355e-10
2.997732e-10
1.229790e-10
-6.124938e-06
1.485362e-05
3.806024e-05
-4.093341e-07
1.571403e-05
3.203060e-05
1.877938e-05
2.772017e-05
2.652394e-05
1.051509e-02
-2.231718e-02
-1.169207e-02
2.595178e-02
-1.520332e-02
-1.757530e-02
3.828674e-02
5.196618e-02
3.330811e-02
-6.523420e-03
-1.844932e-02
-7.326761e-02
1.271653e-02
2.172853e-02
-2.979375e-02
4.169817e-03
1.448696e-03
-5.282465e-02
3.217923e-10
1.585926e-10
1.032443e-10
3.271336e-10
7.390837e-11
1.102063e-10
-5.884372e-10
1.397055e-11
5.016888e-11
-3.296255e-03
-6.675550e-02
1.707103e-02
4.075000e-02
-6.520659e-02
7.787795e-02
4.158467e-02
1.980182e-02
5.763887e-02
4.592650e-02
7.109924e-03
-4.418884e-03
2.792127e-03
-2.281438e-02
-2.656039e-02
4.050285e-03
-9.452140e-03
-1.090496e-02
9.620071e-02
1.057387e-01
6.349771e-02
7.885472e-02
8.394256e-02
4.007468e-02
-3.883081e-03
1.782936e-02
2.329624e-03
-2.190813e-02
-2.375081e-02
-3.651284e-02
-2.135100e-02
-2.921136e-02
-3.490870e-02
-9.245134e-03
-1.336607e-02
-2.198243e-02
-8.922717e-03
1.428933e-02
-1.702432e-02
3.074175e-03
7.329232e-03
-3.950825e-02
1.252012e-02
4.636362e-03
-3.351941e-02
-4.504194e-02
-2.625945e-02
-4.484922e-02
5.790274e-02
9.520610e-02
3.199049e-02
-4.593995e-02
-4.447424e-02
-6.143653e-02
-1.768024e-02
-4.130947e-03
-1.437885e-02
2.078348e-03
2.646586e-02
6.984441e-03
4.665861e-03
2.802120e-02
1.491668e-02
6.411958e-03
-2.613878e-02
-5.862261e-02
1.804550e-02
-5.767306e-03
-2.247927e-02
1.827957e-02
6.412532e-03
-1.159572e-02
7.495059e-03
2.543809e-02
3.338301e-02
8.531214e-03
2.115463e-02
2.385258e-02
-3.031492e-03
2.414895e-02
1.829661e-02
-1.579623e-02
4.590409e-02
-8.309092e-02
9.029590e-02
1.352825e-01
4.875083e-02
1.262456e-02
8.857655e-02
-2.066486e-02
-2.302775e-02
-4.854818e-02
2.354255e-02
-6.168555e-02
-8.673885e-02
-1.720704e-02
-7.245936e-02
-9.139566e-02
-5.508189e-02
2.174602e-10
3.594365e-11
2.697512e-10
5.274610e-10
-4.800011e-10
3.548534e-11
2.889157e-10
-3.383529e-10
-5.463792e-10
-1.526084e-06
9.937621e-07
2.139857e-06
1.228148e-06
7.209438e-06
8.619604e-06
1.179545e-05
1.543851e-05
1.662056e-05
5.342437e-02
1.649093e-02
-3.395784e-02
-1.119253e-03
2.289614e-02
-4.905412e-02
3.886966e-02
3.340767e-02
-6.501579e-02
-1.135217e-02
-3.688847e-02
-5.886767e-02
-9.122342e-03
-2.689822e-02
-3.745054e-02
2.264464e-02
1.504523e-02
-8.047081e-02
-1.743605e-10
-2.684516e-10
-7.338288e-11
-1.290591e-09
-4.888778e-10
-2.947942e-12
-5.487997e-10
-1.472218e-09
-1.349337e-09
-1.457700e-02
-5.469504e-02
-3.206522e-03
-8.206321e-02
2.385310e-02
-2.185947e-02
2.747365e-02
3.455922e-02
-2.059311e-01
1.825596e-02
-1.140256e-02
-2.377340e-02
4.340458e-02
-7.136262e-03
-2.075876e-02
6.384873e-03
-2.859313e-02
-2.125703e-02
-3.964967e-02
-2.416583e-02
-7.894743e-03
-1.020973e-01
-1.696130e-02
4.054720e-02
-6.583031e-02
-2.838993e-02
1.855143e-02
-1.152638e-02
4.807931e-04
1.793173e-02
-5.621174e-03
-1.092280e-03
1.405067e-02
-5.719006e-03
-1.309723e-02
-1.291075e-03
4.724427e-02
-5.620369e-02
3.652493e-02
-1.079572e-02
-3.142494e-02
4.866080e-02
-8.051766e-03
5.851540e-03
-1.752004e-02
1.025376e-02
-2.874105e-02
-3.359703e-02
4.716079e-02
-1.239731e-02
-7.001445e-02
-1.438009e-01
-6.651472e-02
1.492658e-01
1.819066e-02
7.256736e-03
-4.747361e-02
2.011735e-02
-2.192630e-02
-1.024406e-02
1.820660e-04
-4.606539e-02
-7.014392e-03
-7.055305e-03
-9.320125e-02
-8.135908e-03
-8.058044e-02
-7.232286e-02
-2.381657e-02
-3.545029e-02
2.757324e-03
-1.346241e-02
-1.416176e-02
-9.373455e-03
-4.450739e-02
1.580878e-02
-3.636737e-02
-1.551758e-02
-4.904428e-03
-2.878572e-05
1.591246e-02
-3.670979e-02
2.887803e-02
-1.674174e-02
6.664343e-02
1.095583e-02
-9.556877e-02
1.421379e-02
6.128205e-03
1.270295e-02
-1.443929e-02
-1.032695e-02
7.349069e-02
-3.073685e-02
1.422012e-02
9.152016e-03
1.795991e-02
-1.274148e-03
-3.709489e-02
-3.628507e-11
-5.352269e-10
-6.127799e-10
-1.053314e-10
-8.278103e-10
-4.434404e-10
3.354347e-10
-9.737532e-11
-2.765750e-10
-3.010884e-06
-2.527680e-05
-4.995353e-05
-2.260573e-05
-4.444729e-05
-4.218370e-05
-2.118596e-05
-3.595526e-05
-4.588688e-05
-1.104567e-01
-1.349693e-01
-1.336360e-01
-1.840097e-03
7.581685e-02
-2.023495e-03
-6.041307e-02
5.224952e-02
-1.697847e-03
-9.050297e-03
-4.782794e-02
9.720645e-03
-8.225121e-02
-2.678042e-02
4.219735e-02
-3.570434e-02
6.182112e-02
6.263728e-02
4.234010e-10
-5.897355e-10
-9.675856e-12
3.301150e-11
-2.662854e-10
-3.957796e-10
4.664892e-10
5.754384e-10
-1.260440e-10
2.849885e-03
3.684947e-02
-1.158912e-02
-1.452278e-02
4.576076e-02
1.108433e-02
1.556640e-02
1.770148e-02
-1.461435e-02
-8.343454e-03
-1.886912e-02
-5.837445e-02
-6.786082e-02
-6.010863e-02
-6.599306e-02
-5.641675e-02
-2.799435e-02
-1.989115e-02
-2.086959e-02
1.151660e-01
5.831969e-02
4.091579e-02
3.894408e-02
-6.981681e-02
-5.350201e-02
-1.658551e-01
-2.004625e-01
4.522935e-03
6.903004e-03
2.104762e-02
1.630707e-02
6.047929e-03
8.510625e-03
9.518513e-03
-9.414447e-03
-1.879069e-02
-8.243652e-02
-1.220558e-01
-7.345957e-02
-9.771729e-02
-9.859586e-02
2.002027e-02
-5.447908e-02
3.486107e-02
9.437105e-02
-2.113009e-02
1.034389e-03
-6.700827e-03
1.322894e-02
-2.231565e-03
-2.010921e-02
-2.331657e-02
-2.358983e-02
-3.941671e-02
-5.460594e-02
8.396716e-03
2.707865e-02
6.064183e-02
1.263425e-01
6.456719e-02
2.881785e-02
1.080211e-02
-4.302780e-02
-2.051239e-02
9.376852e-03
1.347319e-02
-1.001197e-02
-2.493282e-02
-1.764435e-02
3.908307e-02
-2.762222e-02
-7.078674e-02
-3.643622e-03
2.022881e-02
3.757631e-02
3.829142e-02
1.408382e-02
-5.987535e-03
5.139733e-03
-4.694891e-02
-2.918671e-02
1.504776e-02
-7.212176e-03
-3.983104e-02
-3.535730e-02
-5.342063e-02
-6.107606e-02
-1.243273e-02
-2.612168e-02
-2.128983e-02
4.227802e-03
1.361894e-02
-1.260495e-02
-9.192949e-02
-3.884923e-02
1.267170e-02
-7.312773e-02
-2.462601e-02
5.720706e-02
9.340825e-11
3.663967e-10
-3.750191e-10
-6.659201e-10
2.166783e-10
9.744086e-11
9.136130e-10
4.788674e-10
-1.045321e-10
-4.509470e-05
-2.436957e-05
-9.167285e-06
2.982552e-06
2.270409e-05
1.287018e-05
5.287608e-05
5.088118e-05
1.897192e-05
1.623324e-01
2.155928e-01
3.832963e-02
-7.101874e-02
4.164374e-03
9.755768e-02
-1.297767e-01
-1.055071e-01
3.324052e-02
-4.527333e-02
-2.925085e-02
1.882668e-02
-3.339945e-02
-4.677222e-02
-2.702586e-02
1.219365e-02
7.705044e-04
-1.258580e-02
8.653973e-10
9.875908e-10
6.615679e-10
-8.976413e-11
3.355101e-10
4.389447e-10
-1.050609e-10
-6.247282e-10
2.037762e-10
-4.625253e-02
7.948125e-02
-4.138790e-02
-1.012844e-02
9.817204e-03
4.661781e-02
4.595323e-03
1.320974e-02
7.164168e-02
-2.929514e-02
-7.006069e-02
-6.293480e-02
2.456063e-02
-5.507203e-03
-1.780398e-02
7.027325e-02
4.336607e-02
2.662174e-02
4.895240e-04
-1.916260e-02
-4.585057e-02
-2.217185e-02
4.320992e-03
-1.710481e-02
8.720923e-03
1.723350e-02
-1.793521e-02
5.017535e-03
1.232156e-02
3.704260e-03
5.272033e-03
2.364408e-02
1.930413e-02
-7.254039e-03
9.719893e-03
1.464049e-02
-4.848073e-02
-1.099598e-01
-6.827409e-02
8.310602e-02
-7.661224e-05
-7.911301e-02
8.711031e-02
1.227237e-01
8.937257e-02
-6.024179e-02
-7.912682e-02
-3.214235e-02
-4.523901e-02
-4.669666e-02
-6.344221e-02
3.876866e-02
5.298797e-02
3.140878e-03
3.094015e-04
1.433912e-02
1.108317e-02
-4.913290e-02
-1.716109e-02
4.620583e-02
-4.267838e-02
-3.998431e-02
-2.534812e-02
-5.921625e-02
1.419813e-02
5.447854e-02
-7.672851e-03
-1.662954e-02
1.463186e-02
3.627366e-02
-2.287707e-02
-8.592158e-03
-1.886595e-02
-2.831354e-02
-5.542552e-02
-2.453548e-02
-8.295706e-03
-2.334992e-02
4.494635e-05
3.224858e-02
3.431654e-02
-1.973222e-04
4.969718e-02
2.544816e-02
-3.258459e-03
2.289175e-02
1.825569e-02
-6.109995e-02
-2.393915e-02
-4.926701e-02
-3.670542e-02
-3.289502e-02
-6.918110e-02
-4.096377e-02
-6.134683e-02
-3.724812e-02
3.106020e-02
1.485065e-02
5.110012e-02
4.420677e-10
-1.463421e-10
3.142713e-10
7.376070e-10
-5.333518e-10
5.959001e-10
-6.367393e-11
7.099848e-11
-9.947543e-11
1.757334e-05
1.823841e-05
2.492833e-05
2.265835e-05
3.381179e-05
3.798763e-05
1.853228e-05
4.066908e-05
4.370759e-05
4.190728e-02
-2.598025e-02
-7.719815e-03
2.398030e-02
-8.806013e-02
4.668371e-02
1.045130e-02
-3.279939e-02
3.569519e-02
-3.570323e-02
1.785118e-02
-3.087729e-02
3.437409e-02
3.536174e-02
-3.155347e-02
-4.872071e-02
1.155459e-02
-1.561240e-02
4.373391e-10
-1.321812e-10
1.177279e-10
-1.531393e-09
-1.385268e-09
-9.828707e-10
-3.614599e-10
-1.078433e-10
3.763620e-10
6.278493e-03
-3.844347e-02
5.344884e-02
-2.784407e-02
-3.471856e-01
3.402559e-01
-2.437162e-02
-9.605066e-02
2.971105e-02
2.943010e-02
-4.714748e-02
4.635227e-03
5.785538e-02
7.453150e-03
1.423641e-02
2.782043e-02
-2.718026e-02
2.343047e-02
3.620831e-02
-3.858617e-02
-2.609625e-02
-3.514331e-02
-1.786719e-02
1.459485e-02
-2.584877e-03
1.744145e-02
-2.607951e-02
4.180141e-02
6.773622e-02
3.092328e-02
3.199870e-02
6.902821e-02
4.880128e-02
-9.035728e-03
5.152410e-02
4.027799e-02
-5.756697e-02
-5.680845e-02
3.938736e-02
-7.601820e-03
-1.392017e-02
-4.225796e-02
4.656390e-02
1.477068e-03
2.366485e-02
-8.678404e-02
-1.106410e-01
8.389057e-02
9.309226e-02
1.614542e-01
-1.681964e-01
-7.721755e-02
-4.032265e-02
6.260393e-02
2.903996e-03
3.263225e-03
1.465654e-03
-3.095934e-02
-3.716004e-02
3.372390e-02
-1.658210e-02
-1.139451e-02
-6.168067e-03
4.373076e-02
-1.432024e-01
-6.231247e-02
1.976851e-01
-1.693694e-01
-1.555389e-01
1.144365e-01
-2.925978e-02
-6.043768e-02
-1.766131e-02
-2.642678e-02
2.314236e-02
8.958258e-03
1.789077e-02
1.738723e-02
2.184654e-03
6.222700e-02
1.506813e-02
5.952912e-02
-4.111906e-02
5.462844e-02
1.178580e-01
2.075967e-02
-1.216460e-01
4.761112e-02
2.502052e-02
4.548799e-02
-7.896510e-02
-8.513287e-02
1.485669e-01
-3.329735e-03
-1.227477e-01
2.215357e-01
1.941423e-03
-1.024383e-01
-1.179431e-03
-4.913431e-10
-3.655638e-10
2.210315e-10
-6.929748e-10
-2.758231e-10
-2.049128e-10
-6.642741e-10
5.472682e-11
1.211821e-11
1.174029e-05
4.586332e-05
3.183672e-05
1.045631e-05
2.332264e-05
4.710051e-07
-1.988138e-05
2.680342e-05
-2.882993e-05
1.509945e-02
-9.789029e-03
1.151507e-02
4.591648e-02
-1.018339e-01
7.020982e-03
-9.989622e-03
-2.046588e-02
-9.483615e-03
-9.703825e-02
-5.147516e-02
-4.667696e-02
-1.377945e-02
-8.047722e-02
-4.874239e-02
7.289961e-03
7.856356e-03
-9.900606e-03
1.231251e-10
-2.111970e-10
4.120649e-10
1.272832e-09
-2.186930e-10
1.940652e-10
1.866352e-10
1.732600e-09
9.121802e-10
3.011188e-02
-4.122618e-03
-6.460918e-02
2.615317e-01
-4.399802e-01
1.183027e-01
-5.308516e-02
-6.800633e-02
-7.405823e-02
-2.106505e-02
-7.407617e-02
2.662696e-02
-1.809342e-02
2.617498e-02
8.201119e-03
8.177850e-03
2.012114e-02
3.985119e-02
3.237119e-02
-2.957386e-02
-4.815906e-02
-2.575568e-02
-5.065808e-02
1.920545e-03
-3.137963e-02
1.122721e-02
-1.885501e-02
-3.626063e-02
2.922125e-02
-1.555324e-02
-4.025007e-02
1.245091e-02
-1.064901e-03
-3.035412e-02
2.829157e-02
-1.225871e-02
-1.235094e-02
8.860779e-04
-4.765546e-02
-2.907212e-02
3.183287e-02
-7.981290e-02
2.808086e-03
-1.973755e-02
2.064118e-02
5.586184e-02
-1.371951e-01
-7.586947e-04
-1.216982e-01
1.606328e-01
-3.373198e-02
-7.674787e-04
-7.553638e-02
-8.011870e-02
3.400166e-02
3.914910e-02
-4.547227e-03
5.645451e-03
5.143277e-03
1.732071e-02
-8.616646e-02
5.437016e-03
-1.236054e-02
4.138489e-02
-6.034314e-02
-1.301962e-02
1.615147e-01
-1.290554e-01
-4.481336e-02
-5.603370e-02
-6.586316e-02
-4.420539e-02
-3.414844e-02
-1.651391e-02
-3.019226e-04
-1.622488e-02
-3.550625e-02
-1.744956e-02
-4.902424e-02
-3.377486e-02
2.102188e-02
-2.185133e-02
-1.240412e-02
1.070327e-01
-1.384475e-01
8.085677e-02
1.914022e-02
8.474940e-03
-1.447925e-03
3.996063e-02
2.311745e-02
-4.953249e-02
4.020757e-03
3.128310e-02
-1.380980e-01
5.445731e-02
-1.527082e-03
-2.812978e-02
7.165305e-02
-7.886342e-11
-2.936057e-10
5.125249e-10
-1.063851e-10
-5.514383e-11
1.926235e-10
3.567885e-10
6.948522e-11
2.237343e-10
-3.898309e-05
9.611927e-06
-4.357440e-06
-6.829274e-08
2.065796e-05
-2.755772e-05
-4.924896e-05
3.876896e-05
-1.975209e-05
1.003728e-01
1.353096e-01
3.831994e-02
2.605737e-02
-5.683750e-02
-4.768406e-02
9.739327e-03
-3.638215e-02
1.211540e-02
-3.849247e-02
1.130643e-02
-4.105085e-02
5.457095e-02
4.179446e-02
-1.024889e-02
-8.703540e-03
-6.318908e-02
6.393311e-03
1.070671e-09
8.023050e-11
-1.968514e-10
-3.731571e-10
-3.985651e-10
-5.865873e-10
1.682157e-10
-4.276262e-10
3.347636e-10
1.192860e-01
2.579426e-01
1.328566e-01
2.688525e-02
-1.666677e-01
4.932419e-03
-8.458417e-02
-9.284820e-02
-7.482190e-02
-3.091677e-02
-3.891350e-03
4.128702e-02
-2.353112e-02
-2.100980e-02
2.111030e-02
-1.415789e-02
-2.556900e-02
3.315316e-02
1.856582e-02
-3.119014e-02
-7.312409e-02
-2.194033e-02
-2.856568e-02
-6.423782e-03
6.216395e-03
1.892887e-02
2.560641e-02
5.391362e-02
6.599408e-02
6.156858e-02
3.796374e-02
6.184505e-02
5.239376e-02
4.356913e-03
4.932678e-02
6.259125e-02
-1.203615e-02
6.475519e-02
3.180503e-02
-3.098339e-02
2.132339e-02
-4.583712e-02
-5.032505e-02
-2.435386e-03
8.489363e-03
-1.779713e-01
-2.177168e-01
-1.394893e-01
-1.203491e-01
7.228286e-02
-9.187415e-02
-6.253853e-02
-1.145693e-01
-5.886606e-02
3.239354e-02
2.423964e-02
2.695621e-02
-1.513814e-02
-2.651933e-02
-9.442744e-03
-1.823583e-02
1.929286e-02
-4.439610e-02
2.242955e-02
7.198752e-02
1.306814e-02
7.308055e-02
3.681860e-02
-3.403031e-02
-1.570029e-02
2.988183e-02
3.107540e-02
7.484551e-03
-5.040810e-02
-5.634529e-02
-8.085886e-03
-3.268091e-02
-2.088337e-02
-1.144786e-02
3.199178e-02
1.549516e-02
-5.618617e-02
-1.154296e-01
-1.372146e-01
6.391091e-02
1.028579e-01
2.634943e-02
7.746091e-02
1.399892e-01
5.611002e-02
1.253980e-01
1.351718e-01
1.080217e-01
-1.305402e-01
-1.731546e-01
-1.184940e-01
-1.326171e-01
-5.943476e-02
-1.235634e-02
9.342354e-11
3.432074e-11
-4.758884e-10
-2.046854e-10
1.658303e-10
8.431682e-11
-1.984831e-10
2.106251e-10
4.254779e-10
4.039386e-05
6.120920e-05
6.192244e-05
4.579786e-05
5.050052e-05
4.959649e-05
3.523604e-05
6.017457e-05
5.657245e-05
-7.648148e-02
-3.611578e-02
-1.946783e-02
-9.186094e-02
-1.006874e-01
-6.979755e-02
-1.054082e-01
-1.022801e-01
-2.332479e-02
2.591377e-02
3.679243e-02
2.363085e-02
-1.298433e-02
5.810831e-03
-1.634687e-02
-1.712647e-02
-8.840567e-03
-4.762656e-02
1.305663e-10
1.340002e-10
-2.940958e-10
3.615905e-10
2.836445e-10
-4.575485e-11
-1.691056e-11
-3.187582e-11
-5.223251e-10
-2.590071e-02
8.104436e-05
1.966127e-02
-1.750859e-02
-7.494508e-02
3.422005e-02
1.321797e-02
-3.863930e-02
1.170650e-02
5.127221e-03
3.862841e-02
7.719948e-02
1.164921e-02
4.599818e-02
6.547536e-02
6.321099e-02
8.158021e-02
7.843101e-02
5.958582e-02
7.694735e-02
4.783936e-02
1.898380e-02
3.816649e-02
3.067199e-02
3.747809e-02
5.070514e-02
5.599016e-02
-6.269912e-03
-1.404340e-02
-2.049171e-02
-7.229067e-03
-9.692376e-03
-1.656477e-02
2.560799e-03
7.783870e-03
4.224185e-03
6.038176e-02
2.032709e-02
-1.918215e-02
8.363834e-02
8.566225e-02
2.357682e-02
5.234230e-02
5.308742e-02
-2.732983e-02
1.848221e-02
-2.442600e-02
-1.811288e-02
7.071342e-02
8.017128e-02
1.073354e-02
3.957183e-02
2.501845e-02
1.017788e-02
-3.841173e-02
-4.581457e-02
-3.239337e-02
-2.059681e-02
-3.059621e-02
-1.357651e-02
-4.208936e-02
-5.816577e-02
-1.637808e-02
3.589158e-02
-1.510407e-02
-6.683290e-02
3.182712e-02
7.365574e-03
-6.131408e-02
1.929771e-02
5.167661e-03
-4.552017e-02
-1.585007e-02
-5.823324e-04
1.861947e-02
-9.308890e-03
-1.598589e-04
2.067938e-02
-7.053043e-03
1.558404e-02
2.560493e-02
2.239809e-02
4.687821e-02
8.230110e-03
6.149423e-02
8.427113e-02
6.831021e-02
4.013579e-03
5.130695e-02
1.544233e-02
-3.754105e-02
-2.806815e-02
1.272883e-02
-1.119170e-02
-2.539167e-02
-8.056633e-04
6.371254e-02
3.816751e-02
2.641690e-02
4.069348e-10
5.014658e-10
5.378465e-10
-2.689149e-10
2.415150e-10
3.013674e-10
2.766510e-10
5.094465e-10
5.624786e-10
-8.971381e-06
5.767569e-06
1.449851e-05
-6.572296e-06
6.615065e-06
1.356249e-05
1.133177e-05
1.690435e-05
1.891215e-05
-1.851340e-02
-1.673048e-02
-5.300286e-03
-2.246859e-02
-8.498611e-02
-6.908514e-02
3.733210e-02
-4.384103e-03
-1.725356e-02
-1.598711e-02
-8.808000e-02
-7.195049e-02
3.771709e-02
-6.279381e-02
-1.106177e-01
9.449480e-02
4.801662e-02
-3.141076e-02
-1.435441e-10
1.244265e-10
2.432146e-10
3.280863e-10
5.230502e-10
3.591740e-10
-3.568808e-10
-6.375298e-10
-2.369527e-11
5.456272e-02
3.380449e-02
5.744595e-02
-1.434913e-03
-2.261633e-02
9.233259e-03
-4.567986e-02
1.395088e-02
3.860772e-02
4.286023e-03
-1.897584e-02
3.624557e-02
-7.164236e-03
-2.335026e-02
-3.992570e-03
2.663053e-02
-1.326147e-02
-3.737080e-02
-1.209771e-01
1.743948e-01
1.687276e-01
-1.779369e-01
1.962846e-02
1.395806e-01
-1.715529e-01
-2.336180e-01
-1.898409e-01
-2.015333e-02
-1.429049e-02
2.368117e-02
-1.207680e-02
-1.675539e-02
-1.206484e-02
-3.297605e-03
-1.502027e-02
-1.973704e-02
-3.444797e-03
-6.143241e-02
-4.255215e-02
3.801993e-02
-2.812432e-02
-5.271413e-02
5.017143e-02
3.613681e-02
2.234552e-02
-3.911794e-03
1.920434e-02
6.964578e-02
-3.881914e-02
-4.722588e-03
2.496358e-02
-6.193783e-03
-2.713289e-02
-5.189686e-03
5.516342e-02
3.347711e-02
3.866777e-04
3.357338e-02
2.172847e-02
1.939253e-02
1.218290e-02
1.171592e-02
1.050466e-02
-2.677405e-02
-4.424256e-02
-1.305356e-02
-1.992335e-02
-5.710499e-03
1.158581e-02
-2.735922e-02
8.647284e-03
5.003949e-02
2.155331e-02
2.624110e-02
-9.427784e-03
1.627426e-03
-1.688646e-02
-3.262268e-02
1.414717e-03
-1.924766e-02
-1.737179e-02
-6.764428e-02
-3.079065e-02
-1.168875e-02
-5.049075e-02
-1.807813e-02
1.465630e-02
-3.410855e-02
-1.642535e-03
3.257203e-02
-4.989847e-02
-1.300173e-01
-6.206785e-02
5.036132e-02
-5.668437e-02
-6.866968e-02
7.779653e-02
2.339489e-02
-2.934546e-04
-2.802809e-10
-2.288176e-10
3.605138e-11
-3.558117e-10
-7.039031e-10
-5.342436e-11
-1.393139e-10
1.663434e-10
-5.791023e-10
-4.949346e-05
-4.156926e-05
-1.790209e-05
-2.560630e-05
-1.412971e-06
4.131059e-05
3.957214e-05
7.364574e-05
9.783571e-05
-4.684496e-03
-1.131821e-01
-6.116184e-02
1.886964e-01
-4.785804e-02
-2.055646e-01
1.458091e-01
7.221234e-02
-1.453702e-01
-4.988354e-02
-3.168960e-04
-2.105176e-02
1.122604e-02
4.133742e-02
-4.008994e-02
-1.485379e-02
2.387114e-02
7.958850e-03
-3.770468e-10
-3.677510e-11
-5.042473e-10
9.118733e-11
-1.420925e-10
-4.701510e-10
-8.446282e-11
6.482707e-10
-3.825325e-10
-7.403210e-03
-2.932423e-02
-4.157736e-02
-2.204666e-02
-5.111891e-03
2.888858e-02
-1.278876e-02
-5.118595e-02
2.681946e-02
-4.907047e-02
-3.661825e-02
-3.763656e-03
-4.584592e-02
1.920157e-03
5.368137e-02
6.435155e-03
2.892436e-02
6.284058e-02
6.838612e-02
-4.520241e-02
-3.890844e-02
5.193779e-02
-5.197792e-02
-3.402629e-02
4.900137e-02
-3.342309e-02
-2.132680e-02
1.992604e-02
2.676810e-02
6.248253e-03
1.529449e-02
1.941956e-02
1.617470e-03
4.243615e-02
3.279193e-02
1.326742e-02
-8.488390e-02
7.415222e-02
1.332554e-01
-1.474783e-01
3.793095e-04
9.851008e-02
-8.118117e-02
-3.965522e-02
4.458884e-02
3.852472e-02
2.602674e-02
3.436659e-02
2.856903e-02
2.158927e-02
2.222913e-02
3.014284e-03
2.192719e-02
8.832678e-03
7.463072e-02
-1.895506e-02
-5.861209e-02
1.314142e-01
2.859401e-02
-5.962766e-02
7.019725e-02
6.781491e-02
1.087596e-02
-6.735383e-03
-2.665598e-02
4.356585e-02
1.388599e-02
-4.505499e-02
2.149103e-02
1.595261e-02
-7.515661e-02
-1.092489e-02
-2.076641e-02
-4.584394e-04
1.088116e-02
-3.917757e-02
-2.426556e-02
-2.876246e-03
-4.888928e-02
-1.873522e-02
1.163771e-03
-5.777311e-02
1.168220e-02
-4.184582e-02
-3.453054e-02
1.616351e-02
-2.079485e-02
-4.559427e-02
-1.376936e-02
-3.352753e-02
3.876779e-02
5.667704e-02
4.817580e-03
-4.254640e-02
3.804838e-02
3.718698e-02
-1.048966e-01
-5.117700e-02
-2.155389e-02
-1.080130e-10
-1.676640e-10
-3.488686e-10
-3.259869e-10
-4.557187e-10
2.171066e-10
-4.342899e-10
2.965507e-10
-3.809540e-10
-2.022648e-06
2.324711e-06
6.782022e-06
-3.036425e-06
1.159190e-05
1.724833e-05
1.508926e-05
2.790718e-05
2.181267e-05
5.439481e-03
-8.649684e-02
-2.751743e-02
-4.884868e-02
5.321251e-02
2.494920e-02
1.956456e-02
-7.196338e-02
-4.986016e-02
6.455707e-02
7.055382e-02
2.574231e-02
-2.038985e-03
5.524885e-02
9.956197e-02
2.241031e-02
-2.941981e-02
-6.113537e-02
1.325698e-09
5.825863e-10
-1.614983e-10
-1.421066e-10
8.571099e-10
-1.183062e-10
2.144416e-10
2.846872e-10
3.766717e-11
-4.181927e-02
-2.033421e-01
-3.262695e-02
-3.513798e-02
2.892538e-01
-1.514942e-01
5.159635e-02
-1.236094e-01
3.935497e-02
3.369018e-02
2.931763e-02
-2.577860e-02
1.196963e-02
-3.607986e-02
-1.258543e-02
-1.443563e-02
-4.694072e-02
-3.018929e-02
2.009940e-02
-4.235740e-02
1.489336e-02
3.494936e-02
2.492938e-02
-2.307835e-02
4.662710e-03
4.233955e-02
-5.042373e-03
2.276419e-02
1.887655e-02
2.179613e-02
2.785352e-02
1.546125e-02
3.399049e-03
4.457894e-03
8.370996e-03
3.170663e-03
1.052592e-02
-3.435717e-02
-2.897737e-02
1.108691e-02
-1.947428e-02
6.733930e-02
6.634992e-02
2.551404e-02
3.715695e-02
-7.026301e-02
8.984106e-02
-1.157183e-01
-2.778881e-01
-4.032625e-01
-1.358553e-01
-5.889900e-02
1.790276e-01
-1.455104e-01
-3.358932e-03
-2.652476e-02
8.548088e-03
-8.613147e-03
1.843891e-02
4.263685e-02
-2.407051e-02
-2.874652e-02
-1.461238e-02
3.558847e-03
1.272136e-02
-1.912335e-02
-8.718540e-02
3.761093e-02
4.312140e-02
1.078436e-03
7.543382e-03
5.736434e-02
2.300845e-02
-1.572800e-02
1.306224e-02
-5.859618e-02
4.087234e-05
6.688848e-03
5.701879e-02
5.214572e-02
-6.078448e-03
-6.039196e-02
-4.220819e-02
-8.881365e-02
7.053246e-02
-2.619564e-02
9.915976e-02
4.053770e-02
-5.205315e-02
-4.149431e-03
5.761088e-04
9.875664e-04
3.159669e-02
-7.173373e-02
6.300069e-02
-2.736340e-03
-3.734450e-02
1.141324e-02
1.884500e-02
-1.141502e-12
-3.370959e-10
-5.787345e-10
-5.157011e-11
-1.691274e-10
-4.160950e-10
-3.696143e-10
-5.477200e-10
-1.867429e-10
2.278143e-05
-1.059329e-05
-2.128815e-05
-9.487136e-06
-1.432038e-05
-9.699587e-06
-1.503585e-05
-6.226845e-05
-4.249023e-05
-6.619063e-04
1.838935e-02
-5.991746e-02
5.405155e-02
-4.195688e-02
-8.435000e-02
-3.719081e-02
5.672594e-02
-3.237204e-03
1.367250e-01
1.819352e-01
6.699874e-02
2.714851e-02
3.738926e-02
1.502470e-02
-1.258231e-01
-1.494308e-01
-9.697177e-02
-6.426116e-10
-9.097026e-10
-1.062951e-09
-1.614435e-10
-7.149423e-10
-6.894958e-10
-7.529719e-10
4.745300e-11
-5.449620e-10
6.306435e-03
-1.280278e-01
1.557447e-01
-4.785772e-03
-2.115605e-01
-4.482920e-02
-9.181473e-02
2.072681e-01
-1.182055e-01
-1.426102e-02
1.079849e-02
3.520012e-03
-3.665017e-02
1.020838e-02
-2.259900e-03
2.753288e-03
-4.747601e-03
-9.986670e-03
8.561957e-03
-4.670768e-02
-5.400350e-02
-2.618610e-02
-4.277662e-02
-1.106989e-03
-1.392064e-02
2.374306e-02
-4.051261e-02
-5.375161e-03
-7.990612e-04
5.192153e-03
-4.926504e-03
-5.368556e-04
2.404009e-02
1.304619e-02
4.439490e-03
1.438721e-02
-1.267816e-02
6.063685e-02
7.456742e-02
-4.024232e-02
-3.072952e-03
1.564146e-02
2.179886e-02
-6.577124e-02
1.003962e-02
-9.861907e-02
-1.121456e-01
-1.147008e-01
-1.223781e-01
1.905382e-02
-3.349827e-02
-1.782426e-01
-2.211286e-01
-1.203780e-01
2.574394e-02
2.133502e-02
-2.773010e-03
5.263997e-02
2.652026e-02
-9.094707e-04
-3.076997e-02
-1.481411e-03
-1.610253e-02
3.620075e-02
-6.712423e-02
-6.880140e-02
3.816758e-02
5.283111e-02
4.811461e-03
-6.111737e-02
1.203550e-01
1.475262e-01
5.585261e-02
5.606411e-02
1.835771e-02
1.853400e-02
6.541062e-02
6.822697e-02
-5.880444e-02
4.684333e-02
4.456392e-02
9.779942e-02
1.955815e-01
9.882569e-02
-1.109726e-01
-1.109790e-02
-4.489932e-02
-8.138767e-02
-1.124460e-01
1.067242e-02
-2.305533e-01
-3.246584e-01
-1.947218e-01
7.999044e-03
-1.574559e-02
-2.469965e-02
1.745495e-01
3.144630e-01
1.794846e-01
2.411010e-10
5.918915e-10
3.438083e-10
-1.822187e-10
5.737722e-10
3.080049e-10
5.678909e-10
9.746969e-11
1.707247e-10
5.009767e-05
1.238335e-05
-1.159490e-05
2.533704e-06
-1.320408e-06
-1.205890e-05
-4.156774e-05
-3.154547e-05
-1.433303e-05
-5.324964e-02
-4.837110e-03
3.006987e-02
3.434791e-02
-1.973551e-03
-2.831066e-02
2.310949e-02
-3.591176e-02
-4.597123e-02
9.643827e-02
4.110252e-02
4.806589e-03
4.840491e-02
-7.597401e-03
-2.375298e-02
-3.294962e-02
-5.058365e-02
-4.723465e-02
6.475130e-10
5.377672e-12
2.459352e-10
7.141632e-11
-1.058059e-10
2.502960e-10
-1.091664e-09
3.161560e-11
-1.639247e-10
3.537404e-02
-2.508351e-02
-4.618076e-02
-4.799313e-02
6.394403e-02
1.147055e-01
5.267612e-02
6.559718e-02
5.716957e-02
-3.256419e-02
-3.721077e-03
-2.616203e-02
-4.699183e-02
-2.863836e-02
-3.431970e-02
-2.110457e-02
-2.962354e-02
-4.688457e-02
1.320081e-02
1.105545e-02
2.352450e-02
7.287015e-04
1.234338e-02
-1.199945e-02
-2.301133e-04
1.447951e-02
-6.247981e-02
-8.488472e-03
1.329176e-02
3.296377e-02
-1.800288e-02
1.021624e-02
2.259814e-02
-3.446786e-02
-1.785471e-02
2.001235e-03
1.546602e-03
-2.518635e-02
1.001365e-04
-3.685227e-02
-2.576466e-02
4.676091e-04
1.454473e-02
3.563299e-02
-1.132944e-02
1.370758e-02
1.209837e-02
3.735328e-02
3.171322e-03
-1.439141e-01
-1.394191e-01
-7.421406e-02
-3.949874e-02
1.970136e-02
5.497161e-02
2.568063e-02
7.045585e-03
8.150825e-02
2.357109e-02
-7.114790e-03
3.348446e-02
-3.047720e-02
-3.102163e-04
-7.832907e-02
-1.140158e-01
-4.966555e-02
-1.626402e-01
-1.860671e-01
-6.434366e-02
-5.737811e-02
-9.191757e-02
-4.195279e-02
-3.845647e-02
2.461246e-03
1.013130e-02
-2.147025e-02
-6.533828e-02
-4.650204e-03
-6.120691e-02
-9.311586e-02
-2.590290e-02
-8.270506e-04
3.980126e-02
2.572527e-02
7.669187e-02
-2.280733e-02
-9.578184e-02
7.116402e-02
-4.397071e-02
-6.812457e-02
-1.371198e-01
-3.896012e-02
4.701862e-02
-1.007933e-01
7.650075e-02
1.806491e-01
1.810603e-02
2.867215e-02
3.430848e-02
-1.881947e-10
-7.703831e-10
-2.602855e-10
-6.736571e-10
-3.286732e-10
-5.591998e-10
-2.725230e-10
-3.005833e-10
-5.346966e-10
-6.864419e-07
1.688191e-06
-2.432124e-05
-2.316071e-05
-3.743233e-05
-3.714322e-05
-3.392314e-05
-3.981419e-05
-2.767254e-05
-1.357704e-01
-2.385787e-01
-1.893826e-01
-8.277735e-02
1.550572e-02
4.755153e-02
-1.041501e-02
2.168655e-01
1.196116e-01
-5.851444e-04
-3.425036e-02
-4.811646e-02
-1.995195e-02
3.864978e-02
5.795994e-02
2.025256e-02
1.028285e-01
1.036787e-01
7.756793e-10
1.041707e-10
3.279117e-10
2.029502e-10
4.209863e-10
-2.391091e-10
-2.192132e-10
3.743549e-10
-8.774382e-10
8.775026e-02
6.393118e-02
6.643716e-02
3.960815e-02
1.457789e-02
-5.837956e-02
-1.924313e-02
-1.055665e-01
-1.011344e-01
-2.759201e-02
5.078887e-02
6.042269e-02
-3.481856e-03
2.302416e-02
-6.608172e-03
-1.483005e-02
-3.532124e-02
-3.746892e-02
2.062561e-02
-4.625015e-02
-6.575873e-02
-7.171858e-02
-5.056703e-02
-4.256086e-04
3.287439e-03
9.017936e-02
1.411678e-01
-3.694715e-02
-3.890878e-02
-7.473807e-04
-2.234152e-02
-2.761444e-02
-1.991779e-03
-3.529142e-03
-1.922445e-02
-7.336150e-03
9.695020e-02
1.373925e-01
6.976841e-02
3.386733e-02
-3.016438e-02
-5.191107e-02
-1.281775e-01
-1.615795e-01
-1.193100e-01
-4.596338e-02
-1.682348e-02
-4.379274e-02
-4.323002e-02
-5.612852e-02
-3.369556e-02
5.023861e-03
-3.705612e-02
-9.169706e-02
2.735730e-04
-1.304639e-02
-1.144705e-02
2.152211e-03
4.785477e-02
3.235548e-02
1.019709e-02
7.916586e-02
3.647052e-02
2.572911e-02
2.518278e-02
3.109154e-02
1.192865e-02
-1.331792e-02
-4.081387e-03
7.687907e-03
-8.845017e-03
3.051794e-02
-4.146845e-02
-7.817024e-02
-6.922480e-02
-7.554340e-02
-2.899529e-02
2.314585e-03
-3.887901e-03
4.236973e-02
-4.716487e-03
1.068987e-02
3.098688e-02
1.276348e-03
-2.281304e-02
-2.998657e-02
-3.275132e-02
1.164107e-02
-6.373354e-03
-2.570183e-02
2.055564e-03
2.060031e-03
-1.483202e-02
-3.245418e-03
2.660405e-02
7.160479e-03
-6.067425e-02
-1.700227e-02
5.138233e-03
-8.539727e-10
3.178463e-10
-6.641568e-10
-9.032466e-10
-7.801764e-10
-9.693658e-10
-1.040745e-09
-4.643039e-10
-8.194902e-10
5.820019e-05
5.354389e-05
3.438210e-05
6.489315e-05
5.186533e-05
2.947377e-05
3.728523e-05
1.876322e-05
-1.349208e-06
