9.605998e-04
3.221113e-02
1.199359e-02
3.807407e-02
9.195524e-03
9.531463e-03
1.083552e-02
-2.606354e-03
-6.121014e-03
-3.525317e-02
1.080551e-02
5.595613e-02
-6.950979e-03
-1.047994e-03
3.869130e-02
3.260811e-02
-1.652381e-02
1.985081e-02
-8.417305e-02
2.906365e-02
-1.085225e-02
-5.110408e-02
4.292440e-02
8.863470e-03
-2.949586e-02
4.659044e-03
4.925456e-02
2.882242e-01
-1.542790e-01
3.976867e-02
3.558817e-01
-2.072076e-01
1.333922e-02
1.051591e-01
-5.716531e-02
-3.423362e-02
2.222846e-02
-2.106592e-02
1.480151e-02
3.057784e-02
-5.463405e-03
1.073753e-02
2.366455e-02
-2.556922e-02
5.629982e-04
3.065791e-02
5.703521e-03
3.509560e-03
1.925338e-02
-8.061805e-03
7.179502e-03
4.296202e-03
6.222392e-03
-5.778606e-03
-2.867116e-02
1.163863e-02
-2.744324e-02
-5.095813e-02
4.487615e-02
-3.889756e-02
-5.641988e-02
-3.034588e-02
9.092911e-04
-2.082803e-02
2.005441e-02
-6.681772e-03
1.561981e-02
2.445053e-02
-1.460244e-02
4.903193e-03
2.538756e-02
-1.173871e-02
3.071177e-02
-3.727831e-02
-5.854440e-03
3.244653e-02
-4.813010e-02
3.048291e-03
3.800077e-02
-3.422754e-02
1.952116e-02
3.191344e-02
-1.354823e-02
-4.742918e-03
5.793394e-03
-3.372794e-02
-8.415741e-03
9.926218e-03
-9.807291e-03
2.879219e-02
1.126319e-01
-9.208323e-03
-6.884282e-02
1.547197e-01
-4.345272e-02
-5.412285e-02
4.858246e-02
-4.007221e-02
-2.452487e-02
4.713990e-04
-6.280658e-03
1.384372e-02
-7.699385e-03
9.199184e-02
-1.440104e-02
-3.275628e-03
2.765988e-02
-3.692837e-02
-1.789125e-02
-3.892256e-03
-2.349467e-02
-1.463611e-02
8.992645e-03
-1.934727e-02
-5.313127e-03
4.190481e-03
-1.377889e-02
3.204367e-02
-1.271470e-02
-3.768355e-02
5.067924e-02
-4.389197e-03
-3.408264e-02
2.936624e-02
-2.559514e-03
-4.272595e-02
-1.170603e-03
-6.884968e-02
-1.065887e-02
-2.554862e-02
-2.928638e-02
1.391286e-02
-3.698609e-02
1.134013e-02
7.635263e-03
3.391977e-02
5.677461e-03
-2.028248e-02
1.733713e-02
4.649809e-02
-3.353362e-02
-1.794553e-02
-8.112663e-04
-4.449587e-02
8.169773e-02
-5.014275e-03
-3.982645e-02
-1.811484e-02
-7.193690e-02
-4.919952e-02
-7.564376e-02
-5.691430e-02
-1.066467e-02
3.829312e-02
-8.441224e-03
8.588288e-03
-2.716810e-03
-3.452559e-02
-2.262585e-02
-3.412843e-02
-3.747047e-02
-1.962158e-02
6.024842e-03
7.226631e-02
1.085408e-01
1.175225e-01
5.371635e-02
-2.104376e-02
4.691507e-02
-8.158888e-02
-1.283190e-01
-1.203862e-02
-3.566694e-03
2.189280e-02
2.459379e-02
2.452952e-02
2.510603e-02
5.927292e-02
-1.769502e-03
-8.143583e-02
8.957213e-03
-3.118571e-02
-5.164538e-02
-1.334901e-03
-5.258867e-02
-3.698782e-02
-8.219593e-03
-8.638568e-03
1.069449e-03
-4.521116e-02
-1.606644e-02
4.628737e-03
-2.157614e-02
-1.153945e-03
-4.342413e-04
-1.865535e-03
1.158407e-02
3.582460e-03
2.412989e-02
2.445422e-02
1.943202e-02
2.159267e-03
1.666130e-02
-1.946723e-02
-1.149496e-02
-2.412514e-02
-3.154323e-02
-1.904115e-02
-4.701971e-03
2.313333e-02
1.156162e-04
9.742249e-03
-1.452359e-02
-2.125658e-02
-3.644992e-02
-7.862339e-02
7.327747e-02
4.343679e-02
-7.483987e-02
1.009112e-01
-4.984222e-02
-9.443898e-02
-2.280696e-03
-8.949780e-02
-1.193353e-01
2.191905e-02
7.808782e-04
-1.237508e-02
-8.387268e-03
-1.992253e-02
4.913618e-03
-2.235716e-02
3.851443e-03
4.725873e-02
-4.874444e-02
-8.807001e-02
-9.228601e-02
-1.506410e-01
-1.089238e-01
-3.276879e-02
6.241674e-03
1.121654e-01
1.358050e-01
9.772356e-02
1.286273e-01
7.133134e-02
8.980458e-02
-7.718103e-03
1.628545e-03
-2.287308e-02
-4.603912e-03
3.610165e-03
-2.591555e-03
1.465546e-02
-3.674078e-02
3.621433e-02
5.943248e-02
1.008441e-02
2.783023e-02
3.230444e-02
2.090331e-03
-7.506769e-02
-3.813096e-02
1.086877e-02
-1.336131e-02
4.683477e-02
5.609664e-02
7.615011e-02
5.494820e-02
-8.111749e-03
-2.026172e-03
-6.228527e-02
-6.179612e-02
-8.847306e-02
-8.598667e-02
-3.405103e-03
-8.967365e-02
1.309079e-02
6.260032e-02
1.177295e-01
1.162791e-01
9.272234e-03
1.594679e-01
7.922989e-02
-5.022518e-02
6.506526e-02
-4.139214e-02
-8.465098e-02
4.277347e-03
2.099591e-02
-4.538039e-02
-1.533422e-02
6.626441e-02
6.723113e-03
-4.891581e-02
1.739818e-02
2.998290e-02
2.463649e-03
-2.664036e-02
5.103660e-02
4.334916e-02
-3.098397e-02
-2.997258e-02
-3.186073e-02
5.080231e-02
-1.323580e-02
-4.103452e-02
-6.995977e-02
2.475368e-02
1.497201e-02
-6.785956e-02
-2.523234e-02
-7.504354e-03
6.088555e-03
4.024085e-03
9.574251e-02
7.549742e-02
-9.532908e-02
-1.431170e-01
1.247603e-01
7.206981e-02
1.436741e-02
-1.376288e-01
1.040227e-01
-1.218352e-02
-6.526517e-03
-5.861411e-03
-4.810500e-03
-3.115531e-02
-1.620082e-02
5.092659e-03
1.155152e-02
3.059583e-03
-3.232471e-02
-1.371245e-02
2.922298e-02
-2.849549e-02
-3.442818e-02
1.374307e-02
2.961949e-02
-4.518281e-02
-2.428786e-02
-8.693082e-04
2.098285e-01
9.215105e-02
2.431734e-01
-1.278542e-01
2.251980e-01
2.744528e-01
1.984983e-01
1.000045e-02
7.625013e-05
-8.950673e-03
-9.369307e-04
-3.656568e-02
-2.215846e-02
-3.594619e-03
7.015540e-03
-1.515592e-02
-1.628654e-02
-1.528422e-02
-4.056962e-02
-2.513672e-03
3.965863e-03
-1.855676e-02
-1.195997e-02
-3.770446e-02
-3.877458e-02
1.816764e-02
-1.509710e-02
-2.202877e-02
-5.433848e-02
1.132273e-03
-2.411406e-03
-8.606719e-03
1.158796e-02
7.204948e-04
2.139350e-02
-8.829336e-02
4.520199e-02
5.778361e-02
-6.770080e-02
-4.758093e-02
5.707931e-02
1.258356e-01
-6.743386e-02
-5.869712e-02
-1.615181e-02
2.995360e-02
1.166430e-02
-3.482997e-02
1.210553e-02
3.611511e-02
4.844666e-03
-4.086307e-02
3.235602e-02
1.865836e-03
5.887855e-02
3.520755e-03
3.825982e-02
1.012589e-01
2.492578e-02
-1.274687e-02
5.832200e-02
-2.738087e-02
1.975056e-03
-2.511407e-02
-1.081838e-02
-2.651758e-02
-1.174545e-02
2.792480e-03
2.920330e-02
2.328448e-03
3.369802e-02
8.882317e-02
-4.017821e-02
-2.768026e-02
5.364408e-03
7.700452e-02
-3.660260e-03
-1.201570e-01
8.488632e-03
6.658266e-02
8.940235e-03
1.058298e-02
5.312231e-02
-6.820877e-02
1.793906e-02
2.124573e-02
2.893000e-02
-1.129867e-02
-3.347028e-02
9.054577e-03
-5.967207e-02
-9.853139e-02
-6.122543e-02
-8.553044e-02
-9.446500e-02
-9.965564e-02
-9.614938e-02
-1.246794e-02
-9.083865e-02
-1.314816e-01
-1.099046e-01
-6.277305e-02
-7.253616e-02
-3.618314e-02
-2.513804e-02
-3.539251e-02
-6.222399e-03
-2.577891e-02
-3.481772e-02
-3.186080e-02
-2.014149e-02
3.110485e-03
8.833060e-04
-2.887217e-02
-4.864367e-03
-1.722967e-03
8.721742e-03
-1.206174e-03
4.346041e-02
-1.068046e-02
4.983947e-02
2.781196e-02
1.218133e-03
-8.069901e-04
1.583843e-02
2.981615e-03
-3.938041e-04
-1.332456e-03
9.508214e-03
7.137641e-03
1.335092e-02
-1.494730e-02
-3.197030e-02
-2.506590e-02
5.354812e-02
4.344833e-02
-4.620746e-03
8.598697e-02
3.315556e-02
-4.551147e-02
1.461191e-01
7.109682e-02
-3.307476e-02
4.899436e-02
3.386945e-02
1.345758e-02
-2.076123e-02
3.039284e-02
-3.495296e-02
-4.131983e-03
-9.976437e-03
8.118892e-03
-2.860391e-02
-1.765652e-02
3.637129e-02
-1.799782e-02
6.894493e-03
6.403480e-02
1.992057e-02
5.346781e-02
6.442787e-02
-5.219708e-03
-6.552967e-03
-8.387697e-03
-7.053986e-03
2.945024e-02
-3.016034e-02
-3.495234e-02
-4.423411e-02
-5.174959e-02
-3.740272e-02
-2.112898e-02
-4.370347e-02
-4.695434e-02
-2.817433e-02
-2.038145e-02
-5.881110e-02
-3.173650e-02
4.677161e-03
-1.350398e-02
5.389628e-05
-1.566219e-02
-2.431916e-03
1.394439e-02
-2.699062e-02
4.755582e-02
3.458727e-03
-3.269638e-02
3.841650e-02
2.542018e-02
4.712328e-02
5.286917e-02
1.745342e-02
1.352581e-02
1.535498e-02
2.090554e-02
3.868632e-02
-2.433558e-02
-4.530315e-02
-3.227861e-02
1.990924e-02
4.500520e-03
8.181930e-03
4.757321e-03
-1.133028e-02
-4.648047e-03
2.471302e-02
-9.187119e-03
6.324300e-03
-4.426484e-02
-7.216998e-02
-5.095642e-02
-7.671010e-02
-9.975071e-02
-5.124609e-02
1.822588e-02
3.418242e-02
2.153386e-03
1.879217e-02
2.959956e-02
6.032838e-03
2.166745e-02
-2.734553e-05
-2.095757e-02
1.294835e-03
5.459465e-02
7.711580e-02
-7.334614e-03
1.710444e-02
8.134592e-02
8.790344e-03
3.089257e-02
2.144795e-02
-1.567744e-02
-2.745134e-02
1.320870e-02
-5.296779e-02
-6.182381e-02
1.077300e-02
-2.503287e-02
-4.748105e-04
4.082968e-02
-4.667565e-02
3.023516e-02
-2.084725e-02
-1.122044e-01
4.368023e-02
7.986753e-02
-1.008674e-01
3.691769e-02
1.186673e-01
-4.634067e-02
1.265509e-03
1.816439e-02
-1.643291e-05
-3.049527e-02
4.905700e-02
-2.721216e-02
-6.653714e-02
7.668563e-02
-1.612285e-02
-4.291967e-02
-5.100544e-03
7.204384e-02
2.844676e-02
-1.327624e-01
6.016498e-02
1.620460e-01
-1.182207e-01
3.458403e-02
7.974928e-03
-3.961588e-02
1.461939e-02
8.977259e-03
-5.180653e-02
6.326736e-03
-3.968039e-03
-8.024398e-02
-3.353777e-04
3.222513e-02
2.657773e-02
-4.607755e-03
1.037123e-02
-1.210158e-02
-5.072103e-03
1.405229e-02
-4.003765e-03
-4.855518e-02
2.847250e-02
-3.894504e-02
-4.529223e-02
4.653658e-02
6.133365e-03
-5.148147e-02
6.808107e-02
1.247482e-02
-4.492949e-03
-8.382809e-03
-4.322466e-03
-2.466034e-03
-5.165591e-03
-2.829357e-02
6.522407e-03
6.006843e-03
-1.860053e-02
4.139560e-02
-1.771807e-02
-4.172436e-02
-1.799131e-04
-1.213880e-02
-1.018367e-01
6.849340e-02
-1.138917e-02
-6.571368e-02
9.597520e-03
-4.155825e-03
3.751072e-02
-1.507811e-02
-3.051642e-02
-2.783750e-02
-1.288770e-02
-1.863036e-02
-2.937896e-02
-1.844098e-03
5.152842e-02
-1.058317e-01
-2.942266e-02
1.422765e-01
-1.905211e-01
-5.091005e-02
2.713879e-01
-1.969477e-01
1.177626e-02
4.308111e-03
-2.325991e-03
-5.226044e-03
1.802152e-02
6.261235e-02
-6.015183e-02
-3.148926e-02
1.039008e-02
-1.284285e-02
1.785840e-02
1.181458e-02
-2.200487e-02
1.203461e-02
-6.829929e-03
-3.675288e-02
1.234772e-02
-7.117188e-03
3.214584e-02
-3.046642e-02
1.334781e-02
6.173350e-02
-3.191373e-02
-4.100797e-02
8.236915e-02
-4.096080e-02
-9.036390e-02
-1.931186e-02
-5.683938e-02
4.413527e-02
2.195428e-02
-1.092945e-01
6.764175e-02
1.254395e-02
-1.181509e-01
1.179106e-01
-4.958482e-03
-6.058298e-03
-1.151025e-02
-9.956730e-03
-3.858433e-02
-3.209595e-02
-2.020437e-04
1.547892e-03
-2.491385e-02
3.451622e-03
-1.941140e-02
-4.546896e-02
2.290427e-02
-8.607205e-03
-2.356201e-02
-2.308970e-03
-2.203567e-02
-4.518902e-02
5.050790e-03
-1.611150e-02
-6.310202e-02
6.843271e-02
2.190426e-02
-5.113297e-02
5.624605e-02
4.665609e-03
-1.153767e-01
1.123400e-01
3.633394e-02
6.877412e-03
1.137981e-01
-2.565900e-03
-2.976220e-02
7.944880e-02
1.265927e-02
6.479902e-03
1.558162e-02
9.483429e-02
8.092706e-02
-6.999671e-03
4.482175e-02
1.274547e-01
-1.286188e-02
7.540427e-02
1.223686e-01
-2.722304e-02
-2.155818e-02
-2.497305e-02
-1.210328e-02
-2.859317e-02
-2.368441e-02
-6.665887e-03
-2.275345e-02
-2.226248e-02
6.329088e-02
-1.848998e-02
-5.290182e-02
5.668571e-02
-9.186666e-03
-6.205309e-02
5.672041e-02
1.033302e-03
-4.221542e-02
-6.402529e-03
-6.994198e-03
-7.767668e-03
-2.012599e-02
-3.509496e-02
-3.695074e-02
3.295957e-02
3.576154e-02
-2.832030e-02
5.851528e-03
-3.115752e-02
-2.811951e-02
2.934011e-03
-1.063951e-02
-1.961355e-03
9.053427e-03
-5.891543e-03
-1.828281e-02
8.732443e-03
-3.978852e-02
-5.415104e-02
-3.539822e-02
7.915559e-03
-6.685005e-02
-2.451428e-02
-5.729498e-02
-4.963889e-02
1.419229e-02
-6.770559e-03
5.164521e-02
2.729618e-02
-6.170058e-03
6.874251e-02
-1.055694e-02
-2.554931e-02
7.032483e-02
-1.182338e-01
-1.361762e-01
-1.027842e-01
-1.043238e-01
-1.616758e-01
-7.596113e-02
-8.416600e-02
-1.656318e-01
-9.116950e-02
1.262219e-02
-6.813816e-03
1.088785e-02
2.113654e-02
-3.376349e-02
-9.681028e-03
4.338941e-02
2.242860e-02
1.624046e-02
-2.563228e-02
-2.955222e-02
-6.976523e-03
-8.573916e-03
-2.243277e-02
-6.524761e-03
8.344204e-04
-3.379224e-03
9.541329e-03
-5.779848e-02
-3.016452e-02
4.670781e-02
-7.741455e-02
-1.885212e-02
1.002349e-01
-5.932402e-02
-1.488430e-02
1.000105e-01
1.800242e-02
3.216237e-02
1.166590e-02
6.473850e-02
3.742108e-02
-7.032743e-03
7.262553e-02
3.165437e-02
-5.238208e-03
1.492959e-03
6.760212e-03
6.285723e-02
-3.841696e-02
-4.763511e-02
2.464813e-03
-9.538367e-03
-2.750841e-02
-1.359260e-02
3.431496e-02
4.670851e-02
-1.130060e-01
9.408772e-03
1.128201e-01
1.180483e-01
-9.318896e-02
-4.771219e-02
2.812495e-02
-1.151487e-01
-6.430120e-02
2.139023e-02
-3.505775e-02
-4.666460e-02
-4.512832e-02
5.997628e-02
3.165220e-02
-5.557995e-02
-6.707185e-02
-6.640082e-02
7.196818e-03
2.829202e-02
-9.477988e-02
-4.739839e-02
1.078031e-01
4.529560e-02
-3.757207e-03
-2.910603e-02
-2.444680e-02
-1.853412e-03
1.022413e-02
-4.662799e-02
2.527664e-03
2.587346e-02
8.995471e-02
6.464182e-02
-3.515013e-02
-2.536162e-02
1.518399e-02
-2.362667e-02
-2.592940e-02
-6.251596e-02
4.251989e-02
-2.053205e-02
-5.406995e-02
-2.531662e-02
-1.679049e-02
4.639313e-03
-3.790328e-02
-1.708630e-02
-1.107584e-02
-4.409194e-03
-1.226419e-02
-4.201860e-02
5.443920e-03
2.438794e-02
-2.837977e-03
-1.700962e-03
-5.013008e-02
6.762399e-02
6.972589e-02
7.897629e-02
1.090759e-01
-3.366419e-02
-3.866352e-02
-2.905925e-02
2.821861e-02
-4.235950e-02
-1.287447e-01
9.453553e-02
6.062975e-02
-5.587451e-02
4.396232e-02
-1.894422e-02
1.982963e-02
5.191630e-02
-1.183973e-01
-7.981808e-02
6.463140e-02
1.041604e-01
-1.731071e-02
9.945233e-03
9.224081e-02
4.666911e-02
-5.680225e-02
4.986053e-02
1.344763e-01
-1.370123e-01
-9.294179e-02
3.185783e-02
-2.792874e-02
5.429666e-03
1.249888e-02
-2.151295e-02
-5.311847e-02
-7.875962e-02
6.402687e-02
8.863467e-04
-3.925141e-02
-2.363553e-02
-6.801569e-02
-3.419949e-02
-4.025768e-02
-4.903318e-02
-8.810414e-02
3.944831e-02
-3.369739e-03
-7.039857e-02
-1.157937e-02
-2.893333e-02
-2.450611e-02
5.659038e-03
-1.146195e-02
-2.538271e-02
-1.006014e-02
-3.104176e-02
-4.634649e-02
-1.618482e-02
2.406738e-02
-3.324932e-03
-3.675449e-02
-1.471123e-02
9.691049e-03
-1.300018e-03
-2.272527e-02
-3.219125e-02
6.044685e-02
2.873735e-02
-5.124115e-02
7.981216e-02
1.005830e-01
6.639036e-02
1.638834e-02
1.042244e-01
6.604993e-02
2.874666e-04
-4.207399e-02
-9.298337e-02
8.425475e-02
-3.008368e-02
-1.107950e-01
7.725946e-02
4.469970e-02
-5.197474e-02
-2.783127e-02
-1.486059e-02
-1.261637e-02
1.133935e-02
2.046476e-02
-5.149853e-03
2.548016e-02
2.720799e-02
1.553521e-03
-4.902789e-02
-1.841475e-02
-1.086999e-02
-2.107141e-02
3.982772e-02
3.419897e-02
-7.136595e-03
2.368427e-02
-2.795073e-02
3.101989e-02
-1.016954e-02
-7.539234e-02
-5.154532e-02
-1.146181e-01
-1.134970e-01
-7.162368e-02
-5.604171e-02
3.496607e-02
1.143810e-02
5.268065e-02
-7.375579e-03
1.211026e-02
-1.450139e-02
-5.089439e-02
-1.001315e-02
-2.390376e-02
-5.721707e-02
-4.915784e-03
2.235251e-02
3.822969e-02
8.162792e-03
4.162166e-03
2.963486e-02
-1.977223e-02
-1.678332e-02
1.693824e-03
-1.853106e-02
-4.334075e-02
-5.767325e-02
-3.970847e-02
-2.505123e-02
-1.257309e-02
-5.253576e-02
1.494745e-03
3.988727e-02
5.356115e-02
3.452924e-02
3.337476e-02
-3.492606e-03
-3.886711e-02
-5.253049e-03
-4.550244e-02
-2.187772e-02
1.378736e-02
-8.494965e-02
-3.518491e-02
4.240922e-02
-5.654231e-02
2.125827e-02
7.359052e-02
2.036724e-02
4.323005e-02
3.373194e-02
-1.197836e-03
-1.840014e-02
1.456427e-02
-4.021057e-02
-9.114028e-02
2.033782e-02
-4.747755e-02
-2.917237e-03
1.464272e-02
-1.776605e-02
3.432450e-03
7.971061e-03
1.959115e-02
3.592229e-02
2.856174e-02
-2.821420e-02
-2.929641e-03
2.190126e-02
-8.890169e-02
9.871795e-03
3.785352e-02
9.115073e-02
1.587828e-01
1.267273e-01
1.712349e-01
1.243538e-01
-1.411236e-02
8.345832e-03
2.099610e-02
-1.001452e-02
2.614443e-03
1.331834e-02
1.063975e-01
9.264519e-02
1.433697e-01
8.323926e-02
-1.641199e-02
-1.165289e-02
-2.397944e-02
-4.187512e-02
-3.289277e-02
-4.855250e-02
-1.406967e-02
-1.147915e-02
-1.753999e-02
-6.390126e-03
5.871946e-02
4.902003e-02
3.283436e-02
-9.546962e-03
-5.440479e-02
-2.938648e-02
-7.783092e-02
-6.666723e-02
-3.849854e-02
1.238472e-02
7.099993e-02
-1.681082e-02
1.150529e-01
1.077850e-01
4.322349e-02
1.031682e-01
1.631014e-02
8.600402e-02
4.914622e-02
4.050138e-02
2.455104e-02
-5.276223e-02
3.830941e-02
4.807594e-02
6.302276e-02
8.470066e-02
-8.166327e-02
1.045403e-02
1.413225e-01
-9.658910e-02
-1.103062e-01
7.015030e-02
8.130267e-02
-1.250370e-01
-1.636145e-01
-8.509377e-03
-3.194694e-02
-7.716931e-02
9.793485e-02
2.195839e-02
-2.931386e-02
6.421789e-02
1.172485e-01
1.103411e-01
-1.416604e-02
-6.737981e-02
-8.870956e-02
7.794405e-02
3.196445e-02
-4.428022e-02
2.767641e-02
1.083303e-01
4.906061e-02
1.554054e-02
-3.955001e-02
-4.160840e-03
-4.179846e-03
-1.073284e-02
2.705798e-03
3.968937e-03
-8.479472e-03
-3.617237e-02
1.656272e-02
3.592597e-02
8.331325e-03
2.536868e-02
3.640534e-02
-5.984260e-02
5.010716e-02
4.401496e-02
-3.435656e-03
4.831483e-03
-4.656457e-03
-1.906752e-02
-3.883475e-04
-1.078220e-02
-2.956125e-02
3.552293e-02
1.565906e-02
-2.385220e-02
-1.672786e-03
2.968504e-02
3.703067e-02
4.007911e-02
-1.620320e-02
4.977869e-02
9.927925e-02
1.535873e-01
1.136791e-01
2.823753e-02
4.267390e-02
-3.736518e-02
-1.086175e-02
3.395356e-02
-1.208906e-02
-5.324411e-02
2.120172e-02
7.904407e-02
-1.100359e-02
-2.221860e-02
-7.230346e-02
6.560507e-02
-4.241816e-02
-4.553473e-02
-2.403700e-03
8.998540e-02
7.510322e-02
-6.893090e-02
-3.988758e-02
-5.547288e-03
-2.088708e-02
-3.203105e-02
-4.503487e-02
6.248839e-02
1.709699e-02
-9.152661e-02
-3.195282e-02
-6.912575e-02
-7.548959e-03
8.274266e-03
-7.096054e-02
-1.215477e-01
6.089831e-02
8.886811e-02
4.334192e-02
-3.628080e-02
-5.532004e-02
-6.109137e-02
-4.629938e-02
2.660582e-02
-4.796482e-02
-5.324852e-02
-6.427107e-02
-3.494763e-02
-4.093481e-03
-1.955718e-02
-2.531131e-04
-7.563105e-02
-7.755484e-02
-7.156437e-02
-5.845041e-02
-6.651435e-02
-4.940565e-02
-7.851843e-03
-1.014819e-05
1.342996e-02
-2.118410e-02
1.208498e-02
3.641871e-02
4.504579e-03
3.599998e-02
-7.192838e-03
6.902250e-02
1.293791e-01
2.561323e-02
5.300528e-03
1.060477e-01
1.287431e-01
-9.912983e-02
-9.125482e-02
1.321541e-02
2.155994e-02
-3.001619e-02
-4.888241e-02
1.701557e-02
-9.806320e-04
-3.681771e-02
-6.132642e-02
-3.210570e-03
-9.111568e-03
-3.306611e-02
1.302992e-02
-3.206895e-02
5.429808e-05
-3.876683e-02
4.544229e-02
-1.993265e-02
1.501898e-02
2.045495e-02
-1.254260e-02
-7.680780e-04
5.430573e-03
3.260528e-04
-5.988846e-03
-1.827916e-02
3.616001e-02
-1.179609e-02
-1.614170e-02
-4.524838e-02
2.908573e-02
-3.457308e-02
-4.544308e-02
1.796005e-02
-2.243716e-02
3.116398e-02
-4.651869e-02
4.298131e-02
1.204743e-01
-1.110008e-01
1.049855e-01
1.045416e-01
-1.166303e-01
6.241906e-02
-2.327006e-01
3.193336e-01
-1.545234e-01
-1.808326e-02
-1.417380e-02
-1.920839e-03
5.775219e-03
-1.232909e-02
-1.884654e-03
1.878064e-02
-1.358106e-02
2.087958e-02
-1.384079e-02
-3.772072e-04
2.129334e-02
-5.761820e-03
-5.457875e-03
-1.004165e-02
-1.129127e-04
9.102667e-03
-1.842206e-02
2.472007e-02
5.661211e-02
3.877052e-02
-1.000582e-01
1.073352e-01
-2.397746e-02
1.248870e-01
4.580687e-02
-1.621065e-02
-9.803873e-03
-1.139118e-02
-2.086937e-02
-1.933122e-02
-1.101340e-03
-3.158928e-02
-1.446553e-02
-1.813306e-02
-3.872202e-03
-1.067599e-02
-3.082004e-02
-2.506101e-02
5.420328e-03
1.618251e-02
-3.086325e-02
-6.779332e-02
2.979813e-02
-7.398945e-02
-1.575999e-02
6.283180e-03
6.214974e-03
-2.652293e-02
-3.427500e-03
1.798556e-02
7.256158e-03
-1.295564e-03
4.674579e-02
3.403207e-02
-8.339944e-02
1.900659e-02
1.449412e-02
-7.462061e-03
1.769474e-02
-9.375055e-02
1.360493e-01
-7.625865e-02
-3.980284e-02
-5.459934e-03
-1.341488e-02
-9.293382e-03
-1.772559e-02
-1.092886e-02
2.233090e-02
-3.139590e-02
8.180445e-03
-7.913009e-03
-1.365617e-02
-3.761482e-03
-1.984843e-02
-1.284070e-02
-2.378098e-02
-1.513645e-02
-1.168206e-02
-9.665676e-04
4.844415e-03
7.187322e-03
-1.923968e-02
-2.429800e-03
-1.954550e-02
-1.905825e-02
1.652412e-02
-5.963505e-05
4.196435e-03
2.797070e-02
-1.176701e-02
6.613981e-03
2.928620e-02
-2.856670e-02
-2.549706e-03
1.871314e-02
3.082115e-02
-2.933169e-02
5.457638e-02
5.166636e-03
1.978529e-02
-7.181577e-02
6.352819e-02
-1.469372e-02
1.088977e-02
3.568302e-02
1.006362e-01
3.413615e-02
1.345790e-02
1.034883e-02
2.014484e-03
-3.734497e-02
9.394373e-03
7.105706e-03
1.034349e-02
7.201981e-02
5.176616e-02
4.119016e-02
-6.019332e-03
1.572917e-02
-3.387586e-02
-1.696271e-02
-4.081761e-02
-5.342560e-02
4.834279e-02
-7.331837e-02
-7.546247e-02
4.768580e-02
-6.137795e-02
1.592099e-02
1.145368e-01
7.855786e-02
1.284236e-01
2.549000e-02
2.741504e-02
-2.629309e-02
-5.592858e-02
-5.226355e-02
-9.867352e-02
6.431862e-02
-3.901601e-02
6.361423e-02
6.234631e-02
3.975860e-02
4.124494e-02
1.576245e-02
3.747752e-02
-7.766642e-03
-3.596452e-02
5.462360e-03
-2.527929e-02
-1.245383e-02
-2.716765e-02
-1.023229e-02
2.084284e-03
2.697195e-02
2.296042e-02
5.508274e-03
-2.653514e-02
-2.746445e-02
-1.925686e-02
4.798030e-03
-3.077616e-03
-1.309130e-02
4.336914e-02
4.740865e-02
2.168206e-02
1.441292e-02
9.755474e-03
5.998604e-03
-2.550871e-02
-1.189079e-02
-9.353385e-03
1.944065e-02
1.651552e-02
1.596699e-02
2.618710e-02
3.848685e-02
6.224455e-02
-1.330103e-02
2.207968e-02
1.305314e-02
4.884324e-02
3.466711e-03
9.019071e-03
-1.095279e-02
2.763221e-02
-2.053471e-02
-2.718746e-02
-4.308098e-02
-2.312883e-03
-1.725698e-02
-1.979101e-03
5.204353e-02
6.920160e-03
1.978428e-02
3.472064e-02
8.891625e-02
7.294507e-02
3.122922e-02
4.997131e-02
-6.879029e-02
-9.543191e-02
-8.723103e-02
-1.012773e-01
6.101388e-03
-3.807040e-02
8.526874e-02
7.059847e-02
1.345769e-01
1.926502e-01
1.179786e-01
1.034631e-01
1.022564e-01
2.737800e-02
-1.035154e-02
-3.118439e-02
-2.196235e-02
1.639299e-03
-1.611395e-02
-1.525312e-02
1.000332e-02
-1.328236e-02
5.958342e-03
5.100705e-03
-4.266902e-02
-3.694990e-02
-7.112639e-02
-7.909550e-02
2.460566e-02
-7.095137e-02
1.590226e-02
7.159789e-02
2.623415e-02
5.939149e-02
-4.925821e-02
9.650245e-02
-2.575222e-03
-5.572159e-02
1.524840e-02
-8.992285e-02
-4.045317e-02
-1.228801e-02
5.240286e-02
3.489835e-02
6.434517e-02
2.227432e-02
1.547282e-01
1.692398e-01
2.261775e-01
9.155326e-02
-1.672072e-02
-1.624851e-02
-2.173790e-02
-4.313223e-02
-3.482135e-02
4.688755e-03
-5.337778e-03
-3.030797e-02
-5.933173e-04
1.377502e-02
1.545379e-02
-6.801683e-02
-4.346456e-03
5.703029e-02
-5.737291e-02
-5.009441e-02
9.285401e-02
-3.643526e-02
6.622855e-02
1.915480e-02
-3.185351e-02
4.052712e-02
3.264063e-02
1.745203e-02
-5.215314e-02
-1.772110e-02
4.477344e-02
-1.381908e-01
-3.706167e-02
1.303301e-01
-1.046990e-01
-1.658360e-01
1.145032e-01
-2.097423e-02
-1.518990e-01
4.067193e-02
1.153641e-02
-2.768404e-02
-8.752537e-04
-4.183243e-03
-4.725807e-02
-2.549207e-02
7.590780e-03
-5.178635e-02
-2.976855e-02
3.135619e-03
-2.172811e-03
-6.770814e-03
-3.173876e-02
-5.293869e-03
-1.758019e-02
-1.807141e-02
2.187342e-02
-3.049977e-03
1.396109e-02
-2.853335e-02
-2.554990e-03
5.981739e-02
-5.517018e-02
-1.218595e-02
2.934049e-02
4.000019e-02
-2.483499e-02
-7.219328e-03
-1.851787e-03
9.568275e-03
-1.176929e-02
-2.838068e-02
-5.770271e-03
6.513781e-03
-1.012710e-02
-1.484135e-02
-3.713774e-02
-3.739937e-02
-1.387674e-02
-3.568164e-02
-2.158868e-02
-3.514402e-02
1.387517e-02
-4.449888e-02
2.686734e-03
-4.104715e-02
1.007116e-02
3.726169e-02
-2.312061e-02
-1.723864e-02
2.695181e-02
-1.693384e-02
-2.316781e-02
2.544630e-02
7.229292e-02
-1.472210e-01
1.759212e-02
1.223237e-01
-1.600543e-01
-8.243752e-02
1.669258e-01
-5.314850e-02
-1.290797e-01
3.575961e-02
2.424283e-02
2.721092e-02
2.638871e-02
7.109126e-02
4.105131e-02
-1.502934e-02
2.500994e-02
-7.198034e-03
4.052280e-03
8.989470e-03
-4.897687e-03
3.749168e-02
3.833699e-02
1.532482e-02
2.122128e-02
3.236629e-02
1.244617e-02
-5.167272e-02
1.244468e-03
6.726331e-02
-3.999795e-02
-4.249397e-02
8.371382e-02
-1.256193e-02
-7.397097e-02
3.938928e-02
-9.755325e-02
5.913654e-02
7.070465e-02
-1.078624e-01
5.433944e-02
6.637859e-02
-5.266395e-02
6.992090e-02
1.672136e-01
-5.171319e-02
-5.435221e-02
-7.514760e-02
-7.180869e-02
-2.047309e-02
-5.506024e-02
3.388041e-02
-4.185062e-02
-3.618574e-03
6.447057e-02
6.809648e-02
-2.675598e-02
9.657123e-02
1.196924e-02
-1.084209e-01
-2.796167e-02
-9.839042e-02
-1.297534e-01
6.038781e-03
2.163611e-02
-6.993220e-03
3.157041e-03
2.402068e-02
1.187777e-02
3.391777e-02
1.481191e-02
-3.626775e-02
6.111280e-02
-1.157007e-02
-1.320792e-02
-4.838077e-03
-4.673075e-02
6.548372e-03
7.137137e-03
3.601684e-02
9.463149e-02
-3.441228e-02
-1.097377e-02
1.692575e-03
-1.195477e-02
-1.723396e-02
-3.762215e-03
7.308997e-02
2.851371e-02
2.510371e-02
2.889933e-02
2.509874e-02
1.468472e-02
-1.035188e-02
-1.176133e-02
9.193298e-03
-5.464147e-03
4.655986e-02
3.578879e-02
-5.004133e-02
-4.429130e-02
-4.206911e-02
-3.783456e-02
-1.198417e-02
1.162302e-02
-8.082245e-03
1.294889e-02
4.157401e-02
-7.254801e-02
-1.168121e-01
-6.018231e-02
-9.047368e-02
-7.808878e-02
3.575183e-03
-5.535605e-02
-1.801165e-03
2.453682e-02
-5.390098e-02
-2.959822e-02
4.329777e-02
-4.705939e-02
1.302524e-02
4.337333e-02
6.389976e-02
9.213572e-02
1.380912e-02
-9.171312e-02
-7.372253e-02
-5.414930e-03
-7.608037e-02
-6.339722e-02
1.229763e-01
1.806196e-02
1.063298e-01
1.369494e-01
7.677643e-02
8.750175e-02
3.043558e-03
6.753802e-02
2.528944e-02
-5.519761e-02
-1.016931e-01
-1.463014e-01
-1.016334e-01
2.281748e-02
3.873607e-02
4.096775e-02
2.190481e-02
6.144594e-02
8.294504e-02
1.202531e-02
2.526083e-02
-4.335332e-02
2.322720e-02
1.853703e-02
-2.183957e-02
5.944818e-02
2.588910e-03
2.422083e-02
4.767950e-02
5.354992e-02
6.049498e-02
-1.522352e-03
9.622001e-03
8.053998e-03
-2.507608e-02
-5.172083e-03
-2.535308e-04
-4.234469e-02
-3.462669e-02
-3.001000e-02
-5.331768e-03
6.679768e-03
-1.339328e-03
-1.533591e-02
-5.370510e-02
-7.349051e-02
-6.517397e-02
-8.913932e-02
-6.838395e-02
-3.084600e-02
1.734720e-02
5.603644e-02
1.650945e-03
2.318720e-02
1.770848e-02
-4.287810e-02
-8.191563e-03
-3.608656e-02
1.477469e-02
2.347277e-02
-1.215095e-02
2.642191e-02
-2.114521e-02
5.657962e-02
2.268755e-02
4.344418e-02
2.417812e-02
-6.326634e-02
-4.050723e-02
4.092904e-02
-6.033053e-02
-6.538512e-02
-3.359472e-03
-4.552726e-02
-6.034514e-02
-4.888824e-02
5.258656e-02
8.700629e-02
8.309796e-02
8.416049e-03
1.259758e-02
7.391847e-02
8.299653e-03
-9.938586e-03
3.737498e-02
-3.981395e-02
-7.593347e-02
-7.864615e-02
-2.023834e-02
-2.462866e-02
-1.306458e-03
-2.272010e-02
-6.014348e-03
2.635496e-02
-2.403418e-02
-2.427918e-02
-2.946777e-03
1.415586e-02
1.563356e-02
-2.762994e-02
5.075510e-03
7.833471e-02
4.828198e-02
-1.723040e-02
-4.084478e-02
-3.901945e-02
-2.363159e-02
-3.832643e-02
-3.845606e-02
-2.293180e-02
-4.016330e-02
-5.119516e-02
2.558056e-02
-1.350965e-02
-5.526323e-02
4.338063e-02
2.337801e-03
-5.051178e-02
7.363017e-02
7.566308e-02
4.718898e-02
2.705214e-02
9.194464e-02
5.275179e-02
1.816962e-02
7.525185e-02
1.206994e-01
8.011898e-03
2.612896e-02
1.074654e-02
-7.457663e-04
-2.426524e-02
-9.918820e-03
-4.341625e-02
-4.798582e-02
-4.776702e-02
-1.115732e-02
-6.765459e-03
3.480530e-02
2.790428e-02
5.196143e-02
1.692911e-02
5.020132e-03
-1.082564e-02
3.638265e-02
3.749721e-03
4.765334e-02
3.928265e-02
-6.224255e-03
-3.564852e-02
-4.454740e-02
6.659589e-02
2.059887e-02
-5.132073e-03
6.529882e-02
-1.560091e-03
-3.141686e-02
-3.646871e-02
-4.832301e-02
-4.938972e-02
5.325137e-02
5.603094e-03
-4.232062e-03
7.976298e-02
6.625526e-02
5.301741e-02
-6.329365e-03
-4.765644e-02
-5.081957e-02
-2.855163e-02
-4.853462e-03
-6.112737e-02
6.631577e-03
-3.868581e-03
-6.277052e-03
3.613438e-02
3.647119e-02
7.383315e-02
6.636464e-03
5.774729e-03
4.598137e-02
2.977550e-02
3.463647e-02
7.130931e-02
-6.622060e-02
-6.248450e-02
-7.237525e-02
-7.040817e-02
-9.032334e-02
-1.102439e-01
-9.005762e-02
-1.048551e-01
-1.196381e-01
7.420561e-03
2.508641e-02
5.225071e-02
-8.277519e-04
-2.867592e-02
-3.360577e-03
-2.830748e-02
-1.901748e-02
-3.667921e-02
5.239163e-02
-2.466502e-02
-1.980907e-02
7.919524e-02
6.989864e-02
4.042054e-02
8.076591e-02
1.234369e-01
8.666258e-02
-1.536496e-01
-1.925402e-01
-1.556330e-01
3.784638e-02
-7.454271e-03
-9.712061e-02
9.600996e-02
1.210430e-01
2.667271e-02
-2.568795e-02
1.341567e-03
-8.715789e-03
4.441384e-02
7.914994e-02
4.100582e-02
3.599752e-03
4.356897e-02
4.683398e-02
-6.979314e-02
-3.051458e-02
6.145725e-03
-6.707238e-02
-6.120650e-02
-5.536678e-03
-5.716209e-02
-4.564553e-02
-1.933778e-02
4.089522e-03
1.501693e-02
2.992760e-02
-2.762442e-02
-2.275759e-02
-2.651178e-05
1.019351e-03
-2.082967e-02
-2.448335e-02
5.020125e-02
6.670231e-02
2.622593e-02
3.673303e-03
3.884743e-03
-3.336019e-02
-3.008968e-02
-2.328323e-02
-5.677100e-02
4.388862e-02
6.653647e-02
8.090892e-02
-2.320705e-02
-5.633745e-03
2.301686e-02
-7.022046e-02
-5.562701e-02
-4.967637e-02
1.269752e-02
3.664122e-03
-2.040944e-02
-8.092104e-03
-2.571163e-03
2.905544e-02
-3.433013e-02
2.196583e-03
2.119247e-02
-2.438255e-02
1.209777e-02
-8.474388e-03
-2.315823e-02
1.279953e-02
1.652459e-02
-4.357313e-02
-4.206280e-02
-2.832883e-02
9.729395e-03
4.700461e-02
3.831859e-02
5.047696e-02
-4.237110e-02
6.231047e-02
1.709750e-02
4.951246e-02
-1.805121e-05
-6.852144e-02
-7.613879e-02
-1.101930e-01
7.631982e-02
8.570211e-02
3.268021e-02
9.546170e-02
1.603551e-01
1.348505e-01
-3.677654e-02
2.483818e-02
1.008949e-02
-4.204024e-02
-2.086134e-03
-2.054031e-02
-6.397575e-03
-5.542322e-02
-5.269397e-02
-1.772338e-02
-2.709381e-02
-6.859136e-04
-3.672360e-02
-2.185120e-02
-1.660219e-02
-5.202371e-03
-4.359495e-02
-8.054053e-02
-2.848194e-02
-4.453835e-03
7.760892e-03
-1.526131e-02
1.700910e-03
1.018964e-02
-8.389159e-03
3.268749e-03
8.335245e-03
3.262123e-02
3.383436e-02
1.686370e-02
-1.260179e-02
2.983443e-02
6.606850e-02
-3.886500e-02
6.256483e-03
5.147219e-02
7.589923e-03
-2.443788e-02
-6.157771e-02
3.105349e-02
2.535491e-02
2.403852e-02
6.581347e-02
7.430699e-02
5.089550e-02
-1.994672e-02
-2.098299e-02
1.439612e-02
-4.749132e-02
-4.399228e-02
-3.614646e-02
9.670225e-03
-3.494561e-02
-4.736777e-02
-1.074341e-02
6.920428e-03
3.525094e-02
-3.346528e-02
-1.032057e-02
3.922354e-02
-5.629358e-02
-5.705946e-02
-1.507526e-02
1.154142e-02
2.410529e-02
1.589379e-02
5.812614e-03
3.324928e-02
1.948753e-02
-2.272272e-04
-1.561312e-02
-2.234697e-02
-6.454197e-02
-8.706055e-02
-6.157526e-02
-3.049529e-02
-2.984934e-02
-1.122472e-02
-6.223891e-03
4.671283e-03
5.211686e-02
-5.515297e-02
-2.545341e-02
-1.674713e-02
1.314485e-02
2.519282e-02
1.602212e-02
1.170726e-02
7.338637e-02
6.321739e-02
-2.323473e-02
-8.423333e-04
-1.993827e-02
-1.251289e-02
-2.651584e-02
-5.047048e-02
3.518661e-02
1.870342e-02
-2.768879e-02
-2.026387e-02
-1.054201e-02
-3.965815e-03
-9.307746e-03
-3.109621e-03
2.448062e-02
-2.913575e-02
-3.555930e-03
3.547072e-02
-2.143589e-02
-5.371341e-03
7.061965e-02
-1.853865e-02
-2.408979e-02
-9.179330e-03
-1.010931e-02
-6.092662e-02
-2.455980e-02
-1.555612e-02
-2.974050e-02
-1.708721e-02
1.561372e-02
-5.387762e-03
4.257759e-02
-3.475622e-02
-4.084872e-02
2.674691e-03
-2.699973e-03
2.264875e-01
3.653240e-01
-8.943207e-02
-6.297430e-02
1.997802e-01
-1.896852e-01
-1.311907e-01
-4.231919e-02
-4.266481e-02
-5.251939e-02
-4.580672e-02
-2.302041e-04
1.591805e-02
1.911779e-02
-1.993840e-02
-5.732948e-03
-3.603763e-03
-4.460678e-02
-8.806515e-02
-5.717819e-02
4.300668e-02
-5.545987e-03
-1.525410e-02
1.880138e-02
3.841267e-02
1.872784e-04
1.266370e-03
5.901190e-03
-4.766980e-03
-4.005832e-03
9.063255e-02
3.615822e-02
-3.812474e-02
-6.914778e-02
-6.153368e-02
-4.647986e-02
-4.176223e-02
-3.035756e-02
-5.734089e-02
-6.159614e-02
-5.816866e-02
-1.309981e-02
-2.710029e-02
-1.971800e-02
3.844221e-03
3.108235e-03
-1.382437e-02
1.437094e-02
7.914519e-03
1.233935e-02
9.767497e-03
1.135396e-02
1.703499e-02
-4.345866e-02
3.602130e-03
7.674471e-02
-2.325887e-02
4.148985e-02
8.149869e-02
-5.547316e-02
-9.542519e-02
-1.751978e-02
4.505538e-04
8.096973e-03
-2.780577e-02
-7.920586e-02
-3.636576e-02
-1.910413e-02
-1.197174e-01
-8.360271e-02
-1.937934e-02
5.795172e-02
-1.865381e-01
-1.596510e-01
1.820373e-01
-5.407455e-02
-2.616657e-01
2.180871e-01
2.116446e-01
-5.972456e-02
7.329862e-02
5.038358e-02
-4.644338e-02
8.056992e-02
1.237864e-01
4.619426e-02
2.489956e-02
1.098554e-01
1.203166e-01
1.016455e-02
2.278316e-02
-1.832473e-03
-4.475264e-02
-3.248464e-02
-3.202008e-03
-2.149872e-02
-3.338611e-02
-4.993763e-03
1.994367e-02
7.105074e-02
7.932093e-03
2.251373e-02
5.953382e-02
5.060929e-02
3.550692e-02
-4.219146e-03
-6.385081e-03
2.935417e-02
6.176843e-03
-2.073541e-02
1.003923e-02
1.665347e-02
-1.055683e-02
3.799154e-02
5.536754e-02
2.647391e-02
3.684415e-02
1.774667e-02
4.815546e-03
4.022724e-02
1.620352e-03
-1.707266e-02
4.710434e-02
4.688670e-02
1.720188e-02
-8.634994e-03
-9.179584e-03
-1.508803e-02
-4.204250e-02
1.310438e-02
6.415910e-02
-3.333667e-02
3.122688e-03
3.574637e-02
-5.027246e-02
1.671279e-02
-1.791844e-02
-3.312794e-02
-8.029290e-03
1.136742e-02
-1.651316e-02
-7.424238e-04
2.396281e-02
-1.117672e-02
1.263486e-03
-3.972105e-02
2.730830e-02
-2.727853e-02
-2.952084e-02
2.474833e-02
-1.314909e-02
-2.341468e-02
5.300748e-02
4.423638e-02
3.976376e-02
1.666677e-02
3.101877e-02
-8.003318e-03
-9.044694e-02
3.583473e-03
-6.390175e-03
2.513875e-02
-2.919915e-02
3.362372e-02
-1.397125e-04
-2.740014e-02
-2.394488e-02
2.234182e-02
4.820387e-02
1.488063e-03
5.580120e-02
3.178836e-02
5.597072e-02
1.494768e-02
5.913769e-02
5.198929e-02
2.401381e-02
5.134748e-02
3.206689e-02
-1.292376e-02
9.314379e-03
8.908689e-03
-2.483879e-02
8.595461e-03
-2.420734e-02
-2.358454e-02
-3.745068e-03
-2.335905e-02
-2.613010e-03
2.915892e-02
-5.173295e-02
-3.671648e-02
2.520448e-02
1.786438e-02
-5.138231e-03
2.759319e-02
6.555519e-02
-1.482104e-02
-2.777685e-02
-6.646705e-02
-2.339345e-02
-3.631052e-02
-2.063847e-02
-3.908169e-02
-3.122414e-02
-5.223605e-03
2.037270e-02
-4.468287e-03
1.585790e-02
-2.952386e-02
-2.220936e-02
-2.446496e-02
2.930995e-02
-2.147348e-02
-2.924684e-02
-2.572769e-02
7.378372e-03
3.620134e-02
-1.169143e-02
2.924999e-02
6.000255e-03
-2.250664e-03
7.813361e-03
-4.553216e-03
8.626584e-04
-6.804207e-02
-6.822265e-02
-1.696299e-02
-1.228908e-02
2.865052e-02
4.450558e-02
7.018603e-02
6.681944e-02
2.631607e-02
1.083779e-01
5.574370e-02
-4.242386e-03
1.272232e-02
-8.013982e-02
-8.536794e-02
-5.285528e-02
-4.148925e-02
-2.023788e-02
-3.691627e-02
-1.888504e-02
-1.395104e-02
-1.174703e-02
-2.621978e-02
-6.000540e-02
-6.443094e-03
-2.276704e-02
4.065963e-02
4.948454e-02
5.838140e-02
4.074024e-02
4.392091e-02
3.685505e-02
4.130378e-02
3.690877e-02
-1.600491e-03
5.590578e-02
7.384075e-02
3.183013e-02
6.380395e-02
1.212677e-02
-4.009145e-02
3.673945e-02
-2.482080e-02
-8.029254e-02
1.806896e-02
-7.214838e-04
-1.866912e-02
3.657273e-03
7.486626e-04
-2.986974e-02
-4.181289e-03
-1.620394e-02
-2.049667e-02
-3.859762e-02
-7.123400e-02
-6.827628e-02
-1.822998e-02
-1.488374e-02
2.701212e-02
-4.040387e-03
3.459411e-02
5.363602e-02
-1.395362e-02
4.470019e-02
2.862355e-02
1.292344e-02
-9.752098e-02
2.806764e-02
5.815973e-02
7.509135e-02
7.442003e-02
-4.510697e-02
-1.579436e-02
1.433129e-02
-2.466997e-02
9.781292e-03
2.945011e-02
1.003956e-02
2.065141e-02
3.981757e-02
-9.688650e-02
-1.289078e-01
-8.137389e-02
-5.633732e-02
-9.662489e-03
6.755368e-02
4.203232e-02
7.502110e-02
6.939375e-02
3.086856e-02
8.598367e-02
4.514891e-02
-1.446010e-02
3.365319e-03
1.159681e-01
9.450619e-02
1.561505e-01
9.250978e-02
-1.830718e-02
-3.206001e-03
-2.473037e-02
-9.997548e-03
-5.625351e-03
-1.635922e-02
-4.255068e-02
-4.379023e-02
-3.630476e-02
6.858442e-03
2.316840e-02
5.080533e-02
3.516331e-02
3.992398e-02
4.187759e-03
-1.803179e-02
-1.125015e-02
-3.512503e-02
-6.319247e-02
-1.015986e-01
-6.364166e-02
-2.112672e-02
1.036380e-02
1.069777e-01
8.005948e-02
1.109902e-01
1.062932e-01
-4.044174e-02
1.428987e-01
1.478425e-01
4.608074e-02
4.167821e-02
1.212758e-01
1.937448e-02
1.440821e-01
9.802476e-02
2.294130e-02
1.293031e-01
7.899978e-02
-1.220167e-01
-5.281538e-02
1.222217e-01
-9.493019e-02
-1.854386e-01
-5.030536e-02
-4.471948e-02
-3.521480e-02
5.495545e-03
-1.562169e-02
-2.622912e-02
-4.392734e-02
-1.321008e-02
-3.981805e-02
-7.728519e-02
9.763684e-03
-5.425176e-04
1.729329e-02
-2.129027e-02
-4.837179e-02
-2.545783e-02
-1.371915e-02
-2.425712e-02
-5.583558e-02
-1.313171e-02
1.874481e-02
-2.165283e-02
2.400768e-02
1.172948e-02
-7.836943e-03
1.256090e-02
8.107030e-02
6.893717e-02
-2.038397e-02
-5.914978e-02
-2.635561e-02
5.764315e-03
-3.064448e-02
-1.382649e-02
1.135363e-02
-3.299296e-02
-1.093384e-02
-2.809045e-02
3.710632e-02
1.156820e-01
-7.489045e-02
-8.072875e-02
-2.557757e-03
-3.333938e-02
-1.050485e-01
-8.000120e-02
8.068660e-02
5.194182e-02
2.108005e-02
6.787830e-02
-4.977925e-05
5.557696e-02
-9.747111e-03
5.890892e-02
8.651180e-02
1.156867e-02
-4.474156e-02
-6.158748e-02
5.587774e-02
3.457722e-02
-2.922129e-02
4.104310e-02
5.614032e-02
1.254924e-02
5.320787e-02
-2.413379e-02
-5.828229e-02
5.740603e-02
-1.396892e-02
-8.601855e-02
6.059771e-02
2.735634e-02
-1.053153e-01
-3.075596e-02
8.963598e-02
1.568416e-01
-9.924548e-02
-3.145425e-02
6.692935e-02
-5.856904e-02
-9.469385e-02
-4.483473e-02
4.206292e-02
1.067772e-02
-2.712485e-02
3.350754e-02
2.714356e-04
2.349926e-02
4.823863e-02
1.590783e-02
3.752108e-03
-4.223097e-02
-3.302738e-02
-4.867343e-02
-2.586979e-02
-8.743660e-03
-7.420079e-02
3.201212e-02
-1.691709e-02
-3.842632e-02
-1.797040e-03
-3.190073e-02
-3.395196e-02
-3.628994e-02
-6.400634e-02
-6.551031e-02
-1.595774e-02
-4.492545e-02
-4.958151e-02
-7.968173e-02
-1.589376e-01
-1.275630e-01
5.119523e-02
-3.408381e-02
-1.085082e-01
1.255438e-01
8.795247e-02
-1.366197e-02
-2.668063e-02
-8.802436e-02
-7.316475e-02
-4.142076e-02
-6.294842e-02
-1.036940e-01
2.356680e-02
1.656685e-02
-2.547671e-02
-4.770345e-02
-7.621678e-02
-1.039111e-01
-7.177330e-03
-3.675046e-02
-1.266167e-01
-1.846202e-02
-2.478154e-02
-3.348485e-02
3.199831e-02
-3.388555e-02
2.943990e-02
1.463491e-02
-1.573997e-02
1.708472e-03
3.842025e-02
-8.265220e-03
8.711853e-05
-8.618883e-03
1.327539e-02
-4.056489e-02
-1.749990e-02
-1.177155e-02
-5.117793e-02
2.684239e-02
2.850307e-02
-4.213168e-02
8.617660e-02
-1.240220e-01
7.707509e-02
1.147170e-01
-9.700937e-02
7.452837e-02
5.231095e-02
-8.267023e-02
6.365166e-02
-1.375511e-01
1.739232e-01
-1.388997e-01
-1.470819e-01
3.202198e-01
-1.687168e-01
-9.161659e-02
1.565327e-01
-4.016209e-02
1.706389e-02
1.247724e-02
-1.797056e-02
2.980731e-02
7.827055e-03
-3.737726e-02
-6.534794e-03
-2.212598e-02
-3.630235e-02
-8.639967e-03
5.138374e-02
8.652480e-03
-4.381044e-02
2.432153e-02
-3.029978e-03
-2.046377e-02
3.689639e-02
1.465086e-03
-3.006998e-02
5.729171e-03
-1.851809e-02
2.098068e-02
-1.038645e-02
1.456912e-02
2.931131e-02
-3.433480e-02
4.784307e-03
1.401203e-02
-3.449825e-02
-2.057791e-03
9.541154e-03
-4.849261e-02
2.607120e-03
2.411003e-02
-1.759074e-02
5.857208e-03
-5.699039e-03
5.240547e-02
-1.392782e-02
-1.394555e-02
3.309944e-02
-5.405435e-02
9.199475e-04
3.439382e-02
-2.051023e-02
1.986654e-02
-5.706760e-03
-3.621874e-02
1.814399e-02
5.028949e-03
-1.008138e-02
1.494851e-02
7.892537e-03
-2.947977e-02
-1.036043e-01
1.297917e-01
-6.590779e-02
-8.873904e-02
1.941185e-01
-1.122750e-01
1.916073e-02
4.273621e-02
-4.206960e-02
1.669678e-02
-1.992702e-02
-3.301819e-02
3.099069e-02
1.560034e-02
-5.569397e-03
3.182528e-02
-8.257286e-03
-3.400265e-02
-6.839931e-03
1.784926e-03
1.109180e-02
7.078646e-03
1.934022e-02
2.308727e-02
-3.421347e-03
1.842893e-02
1.747023e-02
2.361528e-02
-4.813866e-02
5.261727e-02
3.514021e-02
-4.551227e-02
3.490732e-02
1.599395e-02
-7.243811e-02
4.562102e-03
7.425862e-03
-1.706050e-02
-1.312170e-02
1.243644e-02
-1.400244e-02
-2.223615e-02
3.027675e-02
-4.745395e-02
2.752108e-02
-4.121574e-02
7.502128e-03
-3.923135e-03
1.651794e-03
-9.908907e-03
3.816411e-02
-2.813509e-02
-6.325112e-03
3.422660e-02
-2.466133e-02
-5.696005e-02
1.591237e-02
-1.244421e-02
2.779169e-02
-1.621337e-02
2.248736e-02
-6.041373e-03
-1.987773e-02
1.282245e-02
1.073807e-03
-2.952025e-03
2.072576e-03
-2.744836e-02
1.237839e-02
-8.908490e-03
6.684880e-03
-4.069950e-02
-6.994412e-02
7.825524e-03
-3.713549e-02
3.093278e-02
-3.967369e-03
-1.726937e-02
-1.912875e-02
-7.588709e-03
3.830566e-02
5.644615e-02
-1.810197e-01
1.985732e-01
-1.481796e-01
2.930692e-01
-2.113104e-01
5.602432e-02
-1.099895e-01
2.824779e-02
-1.441028e-02
-1.894706e-02
-1.797645e-02
1.483090e-02
2.548282e-02
1.406499e-02
2.766999e-02
4.174785e-02
-5.159368e-03
2.351627e-02
-8.326368e-03
-1.606230e-02
-9.695540e-03
-3.102928e-03
1.352757e-03
-4.481184e-02
-3.153580e-02
-6.637483e-03
9.498438e-04
6.927493e-02
-3.569993e-02
7.470676e-02
-5.180058e-02
6.235067e-02
8.568707e-04
2.157147e-02
2.684762e-02
4.916617e-03
7.699170e-03
-2.588181e-03
-3.752769e-04
-2.296006e-02
-1.732874e-02
-1.929555e-02
1.285075e-02
-8.445675e-03
1.719836e-03
-2.726310e-02
2.020208e-02
-4.827494e-02
1.425460e-02
-7.068119e-02
1.148703e-02
-4.146801e-02
2.877244e-02
-2.853451e-02
-5.390345e-03
-3.428233e-03
7.127503e-03
-9.105988e-04
2.902548e-02
1.506675e-02
7.524323e-03
2.010640e-03
4.858992e-02
-9.317976e-02
5.547411e-02
-1.087409e-01
1.422404e-01
-7.444759e-02
2.850320e-02
-1.913282e-02
-2.473672e-02
-2.606767e-02
2.124296e-02
-4.357129e-03
4.406426e-02
-5.458605e-02
1.494008e-02
-2.802145e-02
2.448076e-02
-2.470550e-03
-7.991571e-03
6.412522e-04
-4.292589e-03
-2.111849e-02
-3.897521e-02
-3.258126e-02
-6.516783e-03
-1.342755e-02
-4.298689e-03
-2.256510e-02
-4.042697e-03
-3.502636e-02
-1.396019e-02
4.261657e-03
-1.618840e-02
1.015119e-02
1.062251e-02
7.001844e-03
2.177503e-02
-4.454864e-02
3.546581e-02
-4.663277e-02
5.769805e-02
1.375826e-02
-1.954620e-03
9.730487e-03
-1.698437e-02
-6.967362e-02
2.636934e-01
-6.389231e-03
1.909325e-01
-1.609930e-01
1.590622e-01
3.115070e-02
1.277582e-01
8.033557e-02
-4.181523e-02
1.544337e-02
-2.573419e-02
-4.606698e-02
-2.329757e-02
4.995943e-02
2.341700e-02
-1.308550e-02
-4.646997e-03
1.577929e-02
-3.494679e-02
-4.441605e-03
-2.046074e-02
1.208477e-02
-1.255951e-02
-3.452577e-02
-2.961346e-02
-1.736450e-02
-1.652461e-02
-2.570895e-02
-9.838996e-03
-1.680320e-02
2.129727e-02
-3.094397e-02
-3.691883e-02
-7.974625e-04
3.709677e-02
-1.122330e-01
1.842017e-01
3.826391e-03
7.154315e-02
-2.568804e-01
2.044875e-01
8.026132e-02
6.847990e-02
-1.397706e-01
-1.525396e-02
-2.303130e-02
1.604622e-02
-2.869954e-02
4.499008e-02
6.085976e-03
-3.793726e-02
-1.174414e-02
1.353852e-02
-7.115192e-03
1.011411e-02
-3.923062e-03
-4.586720e-03
-3.410971e-03
-1.621208e-02
-2.695554e-02
4.649440e-03
-7.673604e-03
1.572572e-01
-5.605572e-02
1.858310e-01
1.892439e-01
-3.337407e-02
2.641882e-02
-9.627678e-02
2.076208e-01
2.240011e-02
-2.227033e-02
1.481363e-02
1.272241e-02
-1.328213e-02
-2.257975e-03
-1.027689e-03
-7.083067e-03
-1.163987e-02
-1.067335e-02
-6.035367e-03
2.418104e-02
-3.512181e-02
6.896479e-03
-6.816949e-02
1.094561e-02
7.169586e-02
5.324015e-03
-4.422208e-02
-2.892966e-02
-7.927233e-03
1.715637e-03
-1.875702e-02
-1.891710e-02
-1.726839e-02
4.837713e-02
1.771935e-02
5.179376e-02
-1.091874e-01
4.135780e-02
2.359261e-02
9.962958e-02
-1.012477e-01
1.343259e-02
-3.216680e-03
7.698534e-02
-7.601140e-02
1.473291e-02
2.399460e-02
1.803080e-02
3.869083e-03
-3.581758e-02
1.850030e-03
-1.456855e-04
-4.857945e-03
-1.689222e-02
-5.087869e-03
-1.668089e-02
1.229848e-02
2.388441e-03
-2.738929e-03
3.168067e-03
-3.313237e-02
-3.498821e-02
-1.332790e-02
2.133128e-03
-1.776839e-02
-2.268908e-02
-2.637140e-02
-3.192741e-02
-4.444933e-03
9.376346e-03
8.350761e-03
1.433924e-02
1.306661e-02
5.789475e-02
-9.762222e-02
-1.845180e-02
1.333470e-02
2.686545e-02
1.778767e-02
-4.799207e-02
2.110985e-02
-9.328810e-03
-1.129816e-02
8.496589e-02
6.188446e-02
6.216814e-02
-2.337397e-02
-1.945011e-02
4.004169e-02
9.135260e-02
-5.618129e-02
-1.913727e-02
7.489877e-04
-5.594892e-02
2.475356e-02
5.487123e-02
-5.317295e-02
3.583425e-02
3.866547e-02
2.455503e-02
-3.423566e-02
2.396654e-02
-2.099197e-02
-1.761441e-02
2.518830e-02
-1.368637e-02
1.500173e-02
3.177623e-02
4.830848e-02
-7.394695e-02
-1.041466e-01
1.093330e-01
-9.496299e-02
-1.025474e-01
8.192391e-02
-8.629860e-02
-7.257805e-02
4.472729e-02
1.349583e-01
-4.571563e-02
1.409661e-01
1.143845e-01
-1.333938e-01
1.343016e-01
4.587734e-02
-1.243957e-01
7.848366e-03
1.942930e-02
2.636849e-02
1.951100e-02
-1.378356e-02
3.424913e-03
4.513369e-03
-2.119076e-02
-1.446875e-02
1.769107e-03
-2.623304e-02
-9.681700e-03
-7.458570e-03
-2.964579e-02
-1.073660e-02
-1.447829e-03
-2.963452e-02
-1.787526e-02
-4.631350e-02
-5.676964e-02
-4.117124e-02
-3.559077e-02
-6.735495e-02
-2.194931e-02
3.045981e-02
-5.295173e-02
-7.831165e-03
-4.802124e-02
4.110408e-03
3.401699e-02
-4.238136e-02
1.042879e-02
3.069528e-02
-2.491856e-02
9.144962e-03
-6.544171e-04
-5.163582e-04
2.321238e-03
1.939359e-02
-1.793567e-02
2.104415e-03
1.301983e-03
-8.361759e-03
-1.055658e-02
2.896584e-02
-8.626708e-02
3.504300e-03
4.386073e-02
-8.505008e-02
2.491208e-02
5.512367e-02
-5.410216e-02
4.227114e-02
6.219007e-02
-7.905174e-02
4.652362e-02
1.224498e-01
-9.288250e-02
4.997295e-03
1.210041e-01
-4.258196e-02
4.177399e-02
4.417647e-02
2.993586e-02
-1.785695e-02
1.524687e-02
-5.567383e-03
3.930991e-02
4.328138e-02
-2.987693e-02
-8.817488e-03
-1.154465e-02
7.532022e-03
-2.540197e-03
-1.809049e-02
-6.716981e-03
-8.466357e-03
-4.003963e-02
-4.407652e-03
-1.920905e-02
-3.567489e-02
-1.549866e-03
2.668224e-02
-3.482328e-02
1.936619e-02
2.232027e-02
-4.383257e-02
4.712691e-02
-1.050447e-02
-5.963807e-02
8.616941e-03
-2.431013e-02
-1.765336e-02
-2.915652e-02
-3.559571e-02
-1.172266e-02
-4.816865e-02
-1.995493e-02
3.851139e-02
3.000276e-03
2.519071e-02
-5.641119e-02
7.063626e-02
-5.916191e-02
-4.097994e-02
2.110970e-02
-1.625065e-02
6.467088e-03
-1.303574e-02
3.423728e-03
1.302823e-02
-4.647311e-02
-3.266656e-02
-1.240075e-02
-4.900507e-03
1.795401e-02
2.492048e-02
3.650907e-02
3.851814e-02
1.822319e-02
3.775759e-02
4.936216e-02
2.355718e-02
2.282735e-02
6.758699e-02
4.830205e-02
-2.511671e-02
-2.319245e-02
9.726854e-03
2.640108e-03
3.054770e-02
8.508455e-03
1.508402e-02
2.052784e-02
7.538609e-03
-8.329905e-03
-2.481774e-02
1.910839e-02
2.278510e-02
8.388896e-02
2.586506e-02
1.808951e-02
6.890447e-02
5.803355e-02
-3.887478e-02
-3.828641e-03
1.504184e-02
-2.934521e-02
-4.581294e-03
2.378474e-02
-9.848730e-03
-1.644334e-03
3.770398e-02
2.375852e-02
2.667746e-02
5.357591e-02
-3.876727e-02
-8.487833e-03
1.271199e-03
-3.961706e-02
-1.707613e-02
-2.296453e-02
-3.640737e-02
-2.837144e-02
3.999512e-02
-5.162739e-02
-1.160226e-01
-2.818956e-02
-3.907626e-02
-5.333611e-02
-4.814288e-02
3.247885e-02
8.806820e-02
7.717404e-02
5.109936e-03
3.505225e-02
2.174906e-02
3.218639e-05
-4.449338e-04
-2.585760e-02
-9.457688e-02
-2.280238e-01
-1.864519e-01
-2.114351e-01
-9.787182e-02
-3.069144e-01
-2.510298e-01
-3.751780e-01
-2.861300e-01
-7.453679e-03
-2.206663e-02
-3.143329e-02
1.029746e-02
-5.957269e-04
1.901068e-02
9.173297e-04
4.434757e-02
2.329069e-02
3.208243e-02
4.113967e-02
6.153029e-03
3.720040e-02
2.341997e-02
1.225422e-02
4.301913e-02
1.596600e-02
2.209231e-02
4.773084e-02
2.405732e-03
-8.616786e-03
2.829701e-02
-5.807754e-02
-2.193121e-02
2.060915e-02
1.035524e-02
3.976916e-02
-1.221488e-02
-8.074214e-02
-3.521122e-02
-6.945837e-02
-1.319404e-01
-8.237129e-02
-1.832951e-02
-5.391653e-02
-2.610062e-02
-2.781197e-02
-1.690175e-03
3.929459e-02
-3.509241e-02
-2.714016e-03
3.854623e-02
-2.503987e-02
-6.317951e-03
4.077845e-02
3.872709e-02
-8.168635e-03
-1.079105e-02
-2.178437e-02
-3.901763e-02
-4.735214e-02
-4.994207e-02
-1.156954e-01
-1.132146e-01
2.402694e-02
-5.058840e-02
-7.122962e-02
4.551201e-02
-7.650014e-02
-9.273911e-02
-4.024956e-02
-6.996482e-02
-3.447595e-03
-2.151248e-02
1.659204e-02
-7.163937e-02
-1.864793e-02
-7.769017e-03
-2.091902e-02
-2.561694e-02
-1.014774e-02
1.904526e-02
-1.405556e-03
5.787425e-02
-3.399841e-02
4.873028e-02
5.992044e-02
-5.844745e-02
1.125660e-02
-4.155325e-02
-8.268807e-02
-7.347975e-03
-9.735935e-02
3.910284e-02
-7.663764e-02
-3.912308e-02
7.167268e-02
-6.370848e-02
5.188832e-02
1.958651e-02
5.280947e-02
9.016848e-02
-6.926106e-02
8.783327e-02
-1.113633e-01
-4.039434e-02
-8.113598e-02
-1.166552e-01
9.531353e-02
-3.124579e-02
4.783559e-03
1.014104e-02
-4.685296e-03
-5.301218e-03
-1.666618e-02
-8.555483e-03
-3.071124e-02
-2.905891e-02
-4.252131e-02
-3.043482e-02
2.896394e-02
-6.046648e-02
-1.956302e-02
4.298609e-02
-5.056337e-02
-7.322868e-03
3.699080e-02
-1.933762e-02
-2.233254e-02
-2.452248e-02
-4.938873e-02
-3.460593e-03
-1.630440e-02
-9.577588e-03
-2.944950e-02
3.285223e-02
-5.062464e-02
-7.538564e-03
-2.259621e-03
-3.587724e-02
1.267695e-02
-2.662047e-02
1.628972e-02
1.574236e-02
7.507648e-03
-5.960557e-03
-1.999557e-02
-9.365357e-03
-2.251345e-02
-6.191347e-02
-3.872297e-02
-6.375793e-02
-3.884149e-02
9.312476e-03
1.118879e-02
-3.835661e-02
-3.270846e-02
-1.830264e-02
-4.099482e-02
1.974800e-02
-3.651006e-02
-3.023784e-02
1.883847e-02
-8.964152e-03
1.281376e-01
-5.604107e-02
1.114575e-01
4.328338e-02
-1.869560e-01
1.620223e-01
-3.965431e-02
-5.387372e-02
-2.534706e-02
3.471452e-02
7.765710e-02
-6.595522e-02
1.213783e-01
4.038596e-02
-6.444097e-03
9.947009e-02
7.319411e-04
3.674654e-03
5.274141e-02
1.099562e-02
9.390374e-03
5.250287e-02
1.758817e-03
5.270859e-03
3.787687e-02
-8.053432e-03
-1.334554e-02
4.541964e-03
-3.845983e-03
1.754460e-02
-4.613440e-02
8.451087e-03
-1.120612e-02
-5.251834e-02
1.764546e-02
-1.861467e-02
2.681171e-02
-6.883837e-02
-1.087367e-02
1.770109e-02
-5.970611e-02
4.304618e-02
5.117434e-02
-2.538029e-02
4.610981e-02
-4.256364e-02
1.228284e-01
3.580601e-02
-6.197887e-02
1.770349e-01
-1.984318e-02
9.687440e-02
7.031591e-02
-2.077396e-02
-3.521353e-02
-9.930518e-03
9.916404e-03
-1.168993e-02
3.969830e-03
5.931676e-02
2.910160e-02
7.202268e-03
2.796987e-02
4.142209e-03
2.791315e-03
8.151555e-02
-8.986115e-03
-5.959002e-02
1.139788e-01
5.202640e-03
-9.943349e-02
-8.690465e-03
2.086728e-02
1.105175e-02
-8.305236e-02
-9.179983e-03
5.624148e-02
-4.957703e-02
-3.870174e-02
6.392014e-03
1.060439e-02
1.076396e-04
-1.920154e-02
6.277864e-02
-3.979819e-02
-3.378641e-02
1.007347e-01
1.793094e-01
6.561332e-02
-4.720437e-04
-3.337346e-02
1.736582e-02
-5.943159e-02
-5.841355e-02
2.033393e-02
-8.261280e-02
-8.015067e-02
7.438191e-03
-2.533074e-02
6.062210e-02
1.446167e-02
-5.439409e-02
8.124104e-02
1.198150e-01
-6.151687e-02
5.526851e-02
1.170140e-01
-3.714873e-02
-5.619401e-02
-7.802712e-02
9.468915e-02
1.897488e-02
-3.655766e-02
1.536406e-01
1.109854e-01
9.085404e-04
-5.061992e-02
6.150675e-03
-1.119689e-02
-2.527276e-02
2.665353e-02
6.523304e-03
-7.426314e-02
-1.225330e-02
3.960961e-03
-2.468324e-02
1.027202e-02
-2.201857e-02
3.606515e-02
4.661672e-02
3.195641e-02
1.902028e-03
7.212167e-02
3.818058e-02
8.010602e-02
3.377555e-02
4.391051e-03
1.364499e-02
-8.048343e-03
-4.006327e-02
1.225432e-02
-9.276364e-03
-3.602340e-02
6.896854e-02
-4.518604e-03
1.351849e-02
-2.906511e-02
5.670230e-02
4.489353e-02
-4.906682e-02
-3.394831e-02
-1.062170e-03
4.149741e-02
-7.796358e-03
-8.340363e-04
3.945385e-02
3.987494e-02
3.513512e-02
-3.743584e-02
-1.883579e-02
5.073327e-02
-1.886181e-02
7.047090e-04
7.369251e-04
-6.175330e-03
2.131429e-02
9.615160e-03
-1.074314e-02
1.841291e-03
-1.661731e-02
9.180809e-03
4.157514e-02
3.885376e-02
4.190768e-02
6.308716e-02
6.016063e-02
9.680727e-02
1.509980e-01
1.526953e-01
-6.612435e-02
-8.494923e-02
-5.135289e-02
2.266048e-02
3.875286e-03
-1.855882e-02
5.740410e-02
9.721531e-02
9.232719e-02
2.922341e-02
6.664185e-02
-1.637052e-02
-2.194788e-02
5.244239e-02
7.628924e-02
-2.416109e-02
2.223615e-02
6.625948e-02
8.604609e-03
3.326986e-02
3.952478e-02
-2.619513e-02
-5.264327e-02
-3.408927e-03
1.096396e-02
-3.075534e-02
-5.306955e-02
-6.432708e-02
-3.152356e-02
1.162378e-02
-1.597704e-02
-5.515216e-02
-7.472111e-02
9.606506e-02
5.055971e-02
-2.497913e-02
-5.900383e-02
6.114410e-03
6.191206e-02
-7.025623e-02
-1.071208e-01
-3.702736e-02
5.623479e-02
-1.007790e-04
-5.244156e-02
-2.838378e-02
-5.906915e-02
-6.206680e-02
5.258646e-02
6.532125e-02
8.845305e-03
-3.817594e-02
2.548518e-02
6.428288e-02
-1.272978e-02
-3.542704e-02
-2.741096e-02
-3.939557e-03
-4.806048e-02
-3.384021e-02
3.282198e-02
-3.182613e-02
-3.156237e-02
-8.531534e-03
-2.447397e-02
-3.611435e-02
2.039140e-02
8.894459e-03
-1.235266e-03
2.277015e-02
7.192434e-03
2.575088e-02
7.849485e-02
1.663486e-01
1.950330e-01
-3.354907e-02
1.111793e-02
1.591044e-01
-7.009248e-02
-2.146075e-02
4.973300e-02
-1.396226e-02
-4.044705e-02
-1.577227e-02
3.122818e-03
-7.135756e-04
2.423575e-02
-1.878600e-02
-6.370608e-03
1.193952e-03
-3.477952e-02
-1.516847e-02
6.456189e-02
-3.511759e-02
-8.410557e-02
-6.831781e-03
-4.225537e-02
-5.045259e-02
-1.271081e-02
-4.175674e-02
-4.552589e-02
-1.126061e-02
2.260616e-02
-3.722217e-02
-3.025115e-02
6.333952e-02
1.030670e-02
-1.462221e-02
9.305450e-02
1.485833e-01
1.282738e-01
-1.360596e-01
4.407454e-03
5.713243e-02
-1.268315e-01
-1.869315e-01
-1.003703e-01
3.697754e-02
4.063108e-03
-1.601689e-02
-3.731830e-02
4.897289e-02
3.153204e-02
-3.605277e-02
-1.968122e-02
1.361343e-02
-3.344888e-02
-3.060368e-02
-2.436169e-02
1.614557e-02
9.741765e-03
4.186391e-04
-1.784296e-02
-3.156164e-02
-4.574829e-02
3.213559e-02
-5.586538e-03
-1.429842e-02
2.263666e-03
1.577578e-02
2.918127e-02
-3.171242e-02
-7.625332e-03
5.534956e-02
-1.395555e-02
-1.003908e-01
-1.032040e-01
1.071025e-01
4.867222e-02
-3.461235e-02
6.452250e-02
1.480852e-01
1.383188e-01
2.716689e-02
1.546263e-02
-4.673621e-03
-4.039206e-02
-1.204154e-02
9.176823e-03
-6.295258e-02
-1.039947e-01
-1.879369e-02
-1.030607e-02
1.236740e-01
3.459556e-02
4.626807e-02
9.907553e-02
-2.977160e-02
2.507820e-03
2.145881e-03
-7.525108e-02
-4.382521e-02
-2.350732e-02
-2.284785e-02
-1.172674e-02
4.067574e-02
2.856216e-02
3.464041e-02
1.083573e-01
4.777458e-02
6.794451e-02
8.094653e-02
5.074832e-02
3.439393e-02
7.176430e-02
3.786803e-02
-8.310737e-04
5.081791e-03
1.025891e-02
-2.577615e-03
2.786602e-02
2.977569e-02
2.000474e-02
3.296610e-02
6.367046e-02
5.752715e-02
8.291828e-02
6.622025e-02
-9.715633e-03
-3.577374e-02
-2.623907e-02
-2.158905e-02
-5.295994e-02
-2.902949e-03
-4.592021e-02
-3.520300e-02
-2.774299e-02
7.892204e-02
1.684585e-02
-6.725600e-02
7.773796e-02
-2.343908e-02
-8.440390e-02
1.382897e-02
-8.572527e-02
-3.957450e-02
-1.842987e-02
9.912104e-03
2.967791e-03
-1.894747e-02
2.685729e-02
5.360849e-02
2.616593e-02
4.619082e-02
5.657948e-02
-2.655945e-02
-5.055088e-02
1.166742e-01
-5.180276e-02
1.938281e-02
1.902526e-01
-8.875213e-03
9.083512e-02
2.092123e-01
-1.380856e-02
-1.668336e-02
3.113386e-02
-2.789238e-02
-5.341871e-04
7.559185e-02
-3.149339e-02
2.450992e-02
2.157774e-02
8.340687e-02
1.316409e-01
2.340831e-03
1.572586e-01
1.018473e-01
-9.008442e-02
9.140324e-02
-4.206216e-02
-1.724071e-01
1.325723e-03
9.200558e-03
2.905984e-02
1.259721e-03
-1.176508e-03
2.363654e-02
2.229684e-02
8.569568e-02
-1.909554e-02
-1.209995e-02
7.038904e-02
2.731819e-02
3.501733e-02
9.065008e-02
6.808533e-02
2.923866e-02
4.743966e-02
3.229747e-02
1.034781e-02
2.335203e-03
2.137442e-02
3.138666e-02
1.383871e-02
3.745870e-02
1.295098e-02
-1.842338e-02
3.278073e-02
-1.063329e-01
-1.008781e-01
2.691942e-02
-1.089558e-01
-6.753482e-02
1.028124e-01
-4.992187e-02
2.326763e-02
1.659030e-01
-2.410608e-03
-3.014341e-02
-1.759451e-02
1.071555e-02
-1.951924e-02
1.289500e-02
2.837967e-03
2.040607e-02
4.415193e-02
-5.607120e-02
3.625634e-02
8.469599e-02
-4.538431e-02
-1.470118e-02
1.242482e-01
1.999102e-02
6.552543e-02
7.764965e-02
-2.815924e-02
1.439161e-02
1.500106e-02
-4.717683e-02
-1.335642e-02
-1.480901e-02
-1.576198e-02
3.751858e-02
2.001858e-03
-9.972760e-03
-1.804686e-02
2.795631e-02
-3.199868e-03
-3.850448e-02
1.347825e-03
1.449911e-02
-2.649673e-03
9.672870e-03
-4.920260e-02
8.829826e-02
-4.468024e-02
-5.810552e-02
1.598838e-01
-9.763862e-02
-9.327922e-02
1.532140e-01
-8.068884e-02
3.329397e-02
-6.354500e-02
-1.565125e-02
1.131491e-01
-2.779996e-01
1.734999e-01
1.329096e-01
-2.085125e-01
2.319345e-01
2.955773e-02
-1.972588e-02
-1.401530e-02
1.341281e-02
-3.007221e-02
-4.610163e-03
3.227727e-03
-4.541336e-02
-1.865399e-02
2.553659e-03
1.996817e-02
1.911526e-02
-2.721385e-03
-1.401524e-02
7.163730e-03
-6.617073e-03
-2.373062e-02
3.830035e-03
-3.105963e-02
-1.239872e-03
1.724126e-03
-6.239020e-02
1.176105e-02
-5.566856e-03
-1.159694e-02
-5.051990e-02
4.265659e-02
-3.459428e-02
-1.092293e-02
-1.683096e-02
-2.137066e-02
-1.936472e-02
-2.659239e-02
-3.339823e-02
-1.896513e-02
-2.030617e-02
2.569961e-02
-7.876004e-03
1.713481e-02
8.245996e-03
-6.809628e-02
-8.438720e-03
5.297675e-02
-4.732751e-02
3.917903e-02
-4.592543e-02
-2.190348e-02
4.386785e-02
-6.139315e-02
-2.523969e-02
1.981772e-02
-3.446992e-02
-1.263573e-03
2.925757e-02
9.787747e-04
-5.610536e-02
6.479382e-03
7.370029e-02
-1.322949e-01
6.328753e-02
1.217399e-01
-1.384921e-01
1.262920e-01
-3.470814e-02
-1.637421e-03
-1.127693e-02
-8.441347e-02
1.495459e-02
-3.065673e-02
-9.013869e-02
4.285347e-02
-1.227510e-02
-1.126262e-02
3.758490e-02
-1.574942e-02
-2.297656e-02
1.644090e-02
-3.932633e-02
5.904900e-03
3.376271e-02
-1.507613e-02
-1.915219e-02
1.557913e-02
3.278461e-03
-5.786623e-02
3.922215e-03
2.200356e-02
-6.544326e-02
1.215461e-02
2.365854e-02
-7.256829e-03
-1.307330e-02
-1.291673e-02
-4.248312e-02
4.927671e-03
-1.883711e-02
-2.434086e-02
5.657033e-02
-3.213188e-02
-6.092262e-03
-7.469122e-02
-1.128979e-03
4.629074e-02
-4.695768e-02
-1.412642e-02
4.728261e-03
-2.109961e-03
3.696163e-02
8.835012e-02
-1.831370e-02
6.557875e-03
5.830681e-02
-9.124149e-02
-1.520703e-02
3.656643e-02
-6.896910e-02
7.928092e-03
1.272682e-01
7.543249e-03
1.612077e-04
8.031894e-02
-8.329367e-02
-4.732429e-02
3.200473e-02
-8.555936e-02
-3.635243e-02
-1.876722e-03
3.568804e-03
-5.229754e-02
1.752991e-02
7.972445e-03
-7.624617e-02
3.554610e-02
-4.655942e-02
-2.443982e-02
-2.347694e-02
-5.647669e-02
1.500455e-02
-1.305076e-01
1.761340e-02
9.758428e-02
-6.505612e-02
1.295526e-01
1.936860e-02
-1.535994e-03
8.043359e-04
-1.968894e-02
2.294507e-02
-3.214680e-02
-1.976656e-02
-2.503883e-02
-2.362939e-02
-1.025684e-02
-7.253674e-02
-4.066972e-02
9.006365e-02
-1.080224e-01
-2.761471e-02
8.957580e-02
-3.570545e-02
4.453095e-02
8.313650e-02
-6.791655e-02
-4.681050e-02
-1.944699e-03
-6.213469e-02
-2.314503e-02
1.645087e-02
-4.167010e-02
2.575673e-02
1.355249e-02
-3.701235e-02
-2.091301e-02
1.923031e-02
-1.784343e-02
3.481293e-03
-1.047988e-03
-3.928017e-03
1.400949e-02
-9.215314e-03
-4.232474e-02
-3.420664e-02
6.117265e-02
-1.069486e-01
2.040104e-02
4.013255e-02
-6.892584e-02
1.214536e-02
7.544698e-02
1.705665e-02
-1.714526e-02
6.123431e-03
-2.019087e-02
-2.800332e-02
1.605626e-02
-3.531924e-02
-2.001335e-02
1.895571e-02
1.610216e-01
-7.277281e-02
-4.331179e-02
7.849935e-02
-1.430299e-01
3.477183e-02
6.813096e-03
-4.275179e-02
3.719044e-02
1.656184e-02
7.121747e-02
-3.426962e-02
1.100179e-01
7.618193e-02
-6.210389e-02
1.140351e-01
1.269057e-02
-1.828293e-02
8.009059e-03
3.620112e-02
-4.174720e-03
-8.400830e-03
1.956118e-02
-1.422584e-02
-1.116072e-02
1.524776e-02
-1.666957e-02
9.469412e-04
-1.373455e-02
3.621351e-02
-4.187201e-02
-2.860368e-03
-2.733592e-03
-6.288439e-02
3.786156e-03
-2.740746e-02
-1.021113e-03
-5.281026e-02
-6.674412e-03
3.436744e-03
-4.061876e-02
3.676102e-03
4.123381e-02
-4.710635e-02
2.176353e-02
-4.884129e-02
1.116567e-01
1.937996e-02
-2.785166e-03
8.442806e-02
-5.471019e-02
8.479960e-02
5.764663e-02
-5.391357e-02
2.786792e-02
-6.228587e-02
-6.918346e-03
5.676292e-03
-6.017972e-02
5.182601e-03
-1.434325e-02
-3.583425e-02
1.888292e-02
-1.153949e-02
-4.386105e-02
1.629461e-02
-9.860948e-03
-5.200325e-02
2.982265e-02
-2.040386e-02
-4.511263e-02
-2.093977e-02
-2.719225e-03
-3.169896e-02
-6.848174e-02
4.961121e-02
-1.596705e-02
-1.068587e-01
5.598872e-02
-1.730119e-03
-8.768130e-02
2.993560e-03
2.167726e-02
-1.208939e-03
-1.631687e-02
7.309411e-02
7.977498e-02
-8.170848e-03
1.006128e-01
9.289721e-02
1.488670e-02
2.277735e-02
-1.658728e-03
5.349199e-03
6.289305e-03
-1.931581e-03
1.147489e-02
1.365403e-02
-7.882651e-03
1.049175e-02
-9.950817e-03
-3.151596e-02
1.594539e-02
-1.554649e-02
-4.423803e-02
2.200998e-02
-2.262094e-02
-5.122802e-02
-5.736215e-02
-4.024120e-02
2.884305e-02
-3.584494e-02
-8.173248e-02
8.971389e-02
8.778655e-03
-6.882372e-02
3.016249e-02
1.000183e-02
-2.694873e-02
-3.502777e-02
-9.679156e-03
-2.908118e-02
-2.261757e-02
-2.744835e-03
-1.916629e-02
-2.367453e-02
4.276728e-02
1.287351e-02
-2.856087e-02
1.468788e-03
1.151525e-02
-2.091451e-02
-1.554328e-02
6.411704e-03
-7.492618e-03
-2.717904e-03
-6.638969e-02
1.322142e-02
-1.604819e-02
-5.459337e-02
2.371657e-02
2.926257e-03
-3.818007e-02
3.894859e-02
-8.815578e-02
-2.200652e-02
8.630615e-02
-1.713133e-01
-9.557498e-02
2.290514e-01
-1.303347e-01
-1.277482e-02
2.324279e-01
-2.732567e-02
-3.806420e-02
-1.392714e-02
2.400340e-03
-2.111633e-02
-8.378762e-03
6.848149e-03
-1.250514e-02
4.685944e-02
8.574652e-03
-4.302412e-03
-9.659709e-03
2.869529e-02
2.112510e-02
1.085315e-02
-7.694202e-03
-1.004672e-02
-1.646618e-02
3.406201e-02
6.912747e-03
-2.134735e-02
1.148299e-03
2.226981e-02
-5.993272e-02
2.710765e-02
3.440367e-02
-6.158935e-02
7.805918e-02
-2.641773e-02
-9.446153e-02
7.717261e-02
4.311459e-03
-6.702697e-02
4.413574e-02
-3.001951e-02
-1.062211e-01
-2.231524e-02
-3.560536e-02
-2.466874e-02
-4.837733e-02
1.537651e-02
-2.793146e-02
-3.362599e-02
1.339602e-02
6.286622e-03
-1.255991e-03
-2.037443e-02
-2.781485e-02
3.040063e-02
3.038025e-02
-2.731046e-02
-3.965082e-02
5.354466e-02
-1.860849e-02
2.727377e-02
5.400033e-02
9.772409e-02
-7.633786e-02
-1.862517e-02
1.182101e-01
-1.008256e-01
-1.041133e-01
-8.715972e-03
2.797518e-02
9.544969e-02
3.760990e-02
-3.854360e-02
5.077570e-02
5.468250e-02
-3.196194e-02
-2.692005e-03
2.162869e-02
-5.206375e-02
-5.327573e-02
-2.419805e-02
-2.642071e-02
-9.768602e-02
-1.440579e-01
2.034716e-02
-1.240218e-02
-8.820476e-02
-1.124020e-02
2.106252e-02
1.814584e-02
-5.479033e-03
1.739243e-02
1.894292e-02
9.925215e-03
-5.293551e-04
1.594849e-02
-2.717916e-02
-3.046431e-03
-6.059030e-02
2.597983e-02
5.551518e-02
7.542922e-04
-4.185660e-02
-5.384868e-03
-8.811201e-03
1.961531e-02
1.049798e-01
5.486147e-02
8.127528e-02
3.755182e-03
1.607929e-01
3.595769e-03
7.905753e-02
8.299202e-02
-1.531958e-03
-2.690402e-02
-1.687541e-02
-2.559454e-02
-2.249476e-02
1.986964e-02
-9.484006e-03
5.839694e-03
1.843683e-02
-7.887719e-02
1.213234e-02
2.848547e-02
-5.776217e-02
-1.096881e-02
7.353283e-02
-5.720543e-02
-4.018202e-02
1.483498e-02
-4.407874e-02
-2.038447e-02
-4.772846e-02
-9.591447e-03
3.341616e-02
-2.306734e-03
-2.902322e-02
4.566030e-02
4.474660e-02
7.159315e-02
1.841223e-03
-6.230753e-02
1.345763e-01
1.484540e-01
5.281935e-02
1.855028e-02
1.139928e-01
1.216413e-01
1.061589e-03
-1.647048e-02
-4.553197e-02
1.623767e-02
3.111307e-02
-2.742266e-02
7.404946e-03
-1.839378e-02
-2.915888e-02
1.741551e-03
-1.706492e-02
-1.519855e-02
-8.444454e-03
-1.853374e-02
-1.571168e-02
3.750140e-03
-2.302637e-02
-1.840645e-02
-1.856538e-02
1.185710e-03
-4.461477e-03
1.272296e-02
9.896789e-03
-4.090081e-02
4.045458e-02
6.804321e-02
7.528312e-03
-1.260107e-02
-5.172912e-02
8.067189e-02
-6.133082e-02
-1.334855e-01
-5.991502e-02
7.829854e-03
-1.146553e-01
-1.114387e-01
-1.563055e-02
2.709623e-02
1.791530e-02
-3.512337e-02
2.768851e-02
-1.232972e-02
-2.847945e-02
-4.486945e-02
-1.622248e-02
