2.516169e-01
2.523695e-01
2.749896e-01
2.779848e-01
2.799697e-01
2.481306e-01
2.602892e-01
2.842244e-01
2.707283e-01
3.033638e-01
2.724261e-01
2.683808e-01
2.657549e-01
3.080129e-01
3.339407e-01
3.261797e-01
2.856925e-01
2.573227e-01
2.768432e-01
2.564641e-01
2.970023e-01
2.762991e-01
2.365225e-01
2.716469e-01
2.762698e-01
2.819330e-01
2.628067e-01
2.723182e-01
2.485402e-01
2.944851e-01
3.306370e-01
2.722402e-01
2.452107e-01
2.644935e-01
2.762336e-01
2.913177e-01
2.755657e-01
2.295037e-01
3.163123e-01
2.874328e-01
2.680731e-01
2.599829e-01
2.404905e-01
2.829851e-01
3.073120e-01
2.481411e-01
2.697174e-01
2.735230e-01
2.654070e-01
2.866120e-01
2.979937e-01
2.713045e-01
3.103020e-01
2.918099e-01
2.191916e-01
2.544035e-01
2.896454e-01
2.996065e-01
3.048570e-01
2.997795e-01
2.859544e-01
2.721030e-01
2.606753e-01
2.445693e-01
