4.322281e-01
3.691324e-01
3.336931e-01
2.998443e-01
3.714147e-01
3.484266e-01
4.064385e-01
3.530278e-01
4.267946e-01
3.702857e-01
3.933038e-01
4.676955e-01
3.165428e-01
3.966985e-01
-3.055997e-01
3.021508e-01
3.609726e-01
2.740315e-01
2.567448e-01
4.058158e-01
2.945089e-01
3.790259e-01
3.813392e-01
2.996934e-01
-3.081510e-01
3.611959e-01
2.804164e-01
3.382324e-01
4.022491e-01
3.388087e-01
3.072881e-01
2.491892e-01
2.797778e-01
2.040912e-01
2.917607e-01
3.379024e-01
3.176785e-01
2.180283e-01
-3.116185e-01
3.445159e-01
-3.085791e-01
3.237534e-01
2.679027e-01
3.610249e-01
3.073420e-01
3.832921e-01
3.817272e-01
2.156284e-01
3.969175e-01
4.612238e-01
4.294347e-01
3.298979e-01
-3.633823e-01
3.222984e-01
4.636440e-01
3.459604e-01
4.318407e-01
3.319413e-01
3.597793e-01
2.746634e-01
3.701721e-01
3.205440e-01
3.683413e-01
4.252607e-01
