-9.629150e-02
-5.689003e-02
-4.697767e-02
-8.069724e-02
-5.315106e-02
-2.984230e-03
-4.444476e-02
-9.695567e-02
-1.047003e-02
4.824080e-02
-2.362991e-02
3.972711e-02
7.410194e-04
1.396371e-02
2.570926e-02
3.431433e-02
6.165103e-02
3.760045e-02
-5.464111e-02
6.560507e-03
2.460461e-02
-9.783303e-02
-4.758156e-02
-1.821758e-02
-4.547584e-02
-8.104650e-02
-1.005637e-01
9.987348e-03
5.151788e-02
3.395943e-02
2.871300e-02
3.411601e-02
-3.682313e-02
5.180351e-02
6.060426e-02
7.350950e-02
-9.270225e-02
-1.063739e-01
4.396792e-04
-6.379683e-02
2.374581e-02
5.064210e-02
7.693402e-03
3.395374e-02
6.619953e-02
4.619640e-03
-6.954626e-02
9.960410e-03
1.436148e-02
2.944902e-02
3.608296e-02
4.549187e-02
2.452130e-01
1.232408e-01
6.461906e-02
-2.748133e-02
-1.007346e-01
1.506467e-01
-2.725997e-02
-1.582560e-01
9.139947e-03
1.134816e-02
-1.127254e-01
-6.090926e-02
1.668895e-02
3.705340e-02
-1.721545e-02
8.518255e-02
7.076824e-02
1.742751e-02
6.094573e-02
3.155651e-02
-1.139240e-02
6.064428e-02
4.655576e-02
-5.159121e-02
-8.348091e-02
-1.010528e-02
-1.158906e-01
-2.020637e-01
-1.398827e-01
-8.409469e-03
-5.901412e-02
-3.988638e-02
2.864005e-02
-8.946700e-02
-1.354365e-02
7.777686e-02
5.909802e-02
-3.697351e-02
-4.592589e-02
-1.814203e-02
-1.766926e-02
2.594081e-02
6.131530e-02
1.099109e-01
4.694648e-02
1.525046e-01
1.684641e-01
-1.342368e-02
8.947525e-02
1.688716e-02
-9.972407e-02
-9.036189e-02
4.133384e-02
-2.072961e-02
-1.140456e-01
-9.180997e-02
3.637131e-02
5.351831e-02
1.062763e-01
-1.424114e-03
-6.288981e-02
-3.175393e-03
6.463026e-03
-1.038820e-01
-1.177136e-01
-8.013352e-02
-3.749150e-02
2.976209e-02
-3.795569e-02
-2.022077e-03
1.186237e-02
-1.469132e-02
-3.881154e-02
9.825685e-03
-1.268831e-02
2.020892e-02
2.336611e-02
5.506532e-03
7.248045e-02
7.606598e-02
-4.707065e-03
5.209130e-02
5.439551e-02
-4.408482e-02
4.242177e-02
4.970179e-02
-2.196016e-02
1.038079e-01
1.178716e-01
1.714574e-02
1.286700e-01
9.191158e-02
-1.217616e-02
-2.424615e-02
-4.710654e-02
-4.871438e-02
-7.031565e-02
-7.227096e-02
-6.349760e-02
-6.447293e-02
-4.275186e-02
2.415177e-02
6.568180e-02
1.078488e-01
-5.615410e-02
-1.870205e-02
1.086927e-02
-5.964033e-02
-7.453775e-02
-4.837208e-02
7.123313e-02
7.797755e-02
6.849605e-03
9.146633e-02
6.567961e-02
-1.775227e-02
6.744108e-02
1.722563e-02
-7.340673e-02
2.100212e-02
1.858041e-02
6.132148e-02
-4.686348e-02
-1.093097e-01
-5.322804e-02
-5.632185e-02
-1.081967e-01
-7.090548e-02
-1.342427e-01
-4.888759e-02
8.576767e-02
-1.819509e-01
-1.192859e-02
1.517229e-01
-1.364929e-01
5.958152e-03
1.249985e-01
-7.132268e-02
-1.197314e-01
-7.965941e-02
1.189341e-02
-2.547303e-02
-1.499806e-02
8.093154e-02
5.723909e-02
2.545684e-03
-1.420484e-02
3.263889e-02
-2.198026e-02
2.474389e-02
-1.075170e-02
-7.689980e-02
7.988892e-02
-7.263391e-03
-9.099121e-02
-7.129740e-03
-6.716526e-02
-3.693847e-02
-4.845700e-02
-7.670473e-02
-4.593318e-02
6.052822e-03
-9.529646e-03
8.694133e-03
7.711211e-02
4.797089e-02
-4.893156e-03
5.139766e-02
5.187000e-02
2.305378e-02
-4.785664e-02
1.040894e-02
3.800879e-02
-1.497632e-02
-6.569146e-02
-2.745183e-02
9.948678e-03
3.025492e-02
6.343744e-02
1.970357e-02
5.833144e-02
7.289556e-02
-2.004620e-02
-2.491909e-02
2.406466e-04
-3.419773e-02
7.571213e-02
1.355670e-01
-6.466023e-02
7.932377e-02
1.327757e-01
5.850498e-02
1.382882e-02
-3.953652e-03
5.849543e-02
2.510145e-02
-2.295361e-02
-1.550549e-02
5.608741e-02
8.439222e-02
5.195905e-02
9.333404e-02
3.966791e-02
-1.068609e-02
-1.586750e-02
-2.364072e-02
-5.673775e-02
-1.215668e-01
-9.828689e-02
-4.703452e-02
4.497002e-03
2.237305e-02
4.805723e-03
3.955770e-03
-2.082238e-02
-2.129459e-02
-2.272846e-02
-5.589524e-02
3.733836e-02
1.886356e-02
3.395506e-02
1.591215e-03
-1.106168e-02
-3.314038e-03
-1.460006e-02
-1.173772e-02
1.433220e-03
-3.448817e-02
-1.120874e-01
-8.877079e-02
-5.031342e-02
-5.229691e-02
-4.073975e-02
-2.057529e-02
3.961938e-02
1.834536e-02
-5.396408e-10
2.905820e-10
-3.946466e-10
3.766526e-13
-1.343489e-10
1.960919e-10
1.743138e-10
-9.365148e-10
-3.168060e-10
-4.409787e-10
-1.409169e-10
-7.521120e-10
1.406769e-10
-4.651480e-10
9.706627e-10
-8.636370e-11
-2.603369e-10
-3.583761e-10
-1.808606e-10
-2.557438e-11
2.265255e-10
3.742938e-10
8.599039e-11
8.178528e-10
1.475521e-09
4.980799e-10
-4.856519e-10
3.596722e-10
2.695644e-10
2.934511e-10
1.706098e-10
-4.383573e-10
-3.515863e-10
-8.838610e-11
5.492662e-11
2.930613e-10
2.755226e-09
2.784098e-09
8.203280e-10
2.729362e-11
-3.695081e-10
-8.320155e-10
-9.212360e-10
-1.557616e-09
2.608763e-10
1.976728e-10
-2.756910e-11
-7.314460e-10
-8.532528e-11
1.505982e-10
-1.644366e-10
-2.777132e-10
4.097952e-11
4.015371e-10
2.255708e-10
-2.857719e-11
7.847309e-10
5.274086e-10
8.012132e-10
6.532139e-10
6.398180e-10
1.151223e-09
8.644316e-10
-5.026664e-11
-1.668415e-10
3.246914e-10
-5.684659e-10
-5.443415e-10
-6.865526e-10
-3.834030e-10
-9.768880e-10
-6.881377e-10
-1.072727e-10
-8.218042e-11
-6.176563e-10
-2.850032e-10
-1.765077e-10
-3.621980e-10
-3.720014e-10
-1.465741e-10
-6.773903e-10
-2.854274e-11
-8.112427e-11
6.534696e-11
-3.034072e-10
2.728665e-10
-3.632337e-10
7.775554e-10
2.186693e-10
-2.229317e-11
3.839140e-10
6.832961e-10
1.681923e-10
-1.621709e-10
-1.014150e-10
-5.002181e-10
-5.679086e-10
2.666598e-10
2.591947e-10
8.130755e-11
-6.115644e-10
7.819577e-11
-1.003433e-10
2.382601e-12
-2.019507e-10
-3.086415e-10
-2.887701e-10
-3.148347e-10
2.872571e-10
1.450776e-10
-1.990005e-10
-3.099986e-10
-2.313631e-10
-5.706321e-11
3.469597e-10
-2.928789e-10
-5.522483e-10
4.296789e-10
7.669794e-10
-8.078102e-11
-3.610930e-10
4.163369e-10
-2.504616e-11
9.328984e-11
-2.030765e-10
-1.385751e-10
5.961922e-10
2.844964e-10
1.709354e-10
-2.258884e-10
-3.619241e-10
-9.706783e-11
-2.054134e-10
-5.198612e-10
-6.441360e-10
-5.214603e-10
-3.286834e-10
2.127808e-10
-1.450171e-10
9.436498e-10
2.570655e-10
7.866088e-10
3.158446e-10
1.288139e-09
4.826665e-02
5.923435e-02
2.857881e-02
-6.707720e-03
6.375179e-02
1.795207e-02
-1.406856e-02
-3.210468e-02
-3.281135e-02
6.228222e-02
-6.283158e-02
1.304450e-02
-6.935985e-02
-2.864455e-02
-8.841997e-02
-7.314298e-02
-1.021146e-02
-8.145587e-02
-2.180296e-02
4.486991e-03
2.723850e-03
-8.269796e-02
3.563203e-02
-1.308422e-02
-7.781720e-02
-1.923131e-02
1.506031e-02
1.662909e-02
6.409733e-02
-6.594438e-02
-6.127582e-02
1.080850e-01
-7.000146e-02
-1.247799e-02
-3.757494e-02
-4.139690e-02
1.164924e-01
-6.991494e-02
2.887532e-02
-6.931378e-02
1.187578e-01
-3.479074e-02
-1.212394e-03
-5.520407e-02
-1.403276e-02
-2.955702e-02
-1.015945e-02
2.705217e-02
1.027439e-01
-7.779780e-02
6.318507e-02
-6.743450e-02
1.995906e-02
-7.243825e-02
-2.299500e-02
6.231222e-02
-1.155519e-02
-1.749299e-03
-1.024590e-01
4.875730e-02
1.323221e-03
7.465573e-03
-1.298659e-02
-6.092787e-02
2.460263e-02
-5.953978e-02
-1.228634e-01
1.896492e-02
-6.388517e-02
-8.874872e-02
3.104357e-02
5.439006e-04
8.270891e-03
-3.976300e-02
4.945368e-02
1.225198e-01
-6.972557e-02
9.442723e-02
-1.055831e-02
-5.519793e-02
5.507540e-02
3.614408e-02
3.025872e-02
-1.676336e-02
1.282536e-01
-1.865542e-01
1.184379e-01
2.672116e-02
3.193515e-02
4.275639e-02
4.356157e-02
-3.265571e-02
-1.846418e-02
1.453354e-01
-2.735511e-02
1.307167e-02
2.658661e-02
3.672385e-02
9.641318e-03
-2.479940e-02
-5.714370e-02
-7.378168e-02
1.188504e-01
-1.343128e-01
1.014358e-01
-1.419759e-01
-4.083602e-02
-4.478912e-02
-5.579466e-02
-7.268543e-02
-5.349550e-02
4.540942e-02
-5.606531e-02
7.990286e-03
5.584781e-02
-3.818690e-02
1.582392e-02
-8.808912e-02
-6.810235e-02
4.452724e-02
-1.244887e-01
5.338686e-02
9.394533e-03
-3.081542e-02
4.495898e-03
3.326560e-02
-2.237190e-02
2.503844e-04
-2.631012e-02
-9.101892e-02
-4.874375e-02
-7.074546e-02
-9.833112e-02
-1.076744e-01
-1.246585e-01
-6.875969e-02
3.373866e-02
9.262389e-03
-1.282021e-02
-5.006746e-02
3.442486e-02
-3.123199e-03
-1.083826e-01
4.665666e-02
-5.314181e-02
-1.973739e-02
-2.440826e-02
-3.450727e-02
2.321137e-02
2.546343e-02
-5.813281e-02
6.337151e-03
-4.393063e-03
-2.869019e-02
1.807866e-02
1.640346e-02
-1.476892e-02
1.171698e-02
6.717657e-03
1.717433e-02
-7.136171e-03
-2.236438e-02
-1.099317e-01
-8.739165e-02
-1.018129e-01
-7.870454e-02
-4.935748e-02
-4.476909e-02
-4.871208e-02
-3.273500e-02
-6.543492e-03
-9.375317e-02
3.506892e-02
2.632748e-02
-6.829727e-02
4.054844e-02
3.961978e-02
-2.602329e-02
2.303445e-02
2.748146e-03
-1.307781e-01
-2.864664e-02
5.682338e-02
-5.254716e-02
1.389524e-03
4.652923e-02
2.233982e-02
3.616655e-02
2.712704e-02
5.030671e-02
-5.533227e-02
-7.905363e-02
2.973210e-02
-3.164281e-02
-4.428302e-02
-7.770707e-02
-8.423411e-02
-3.567640e-02
-5.229104e-02
-1.098736e-02
1.014607e-01
-2.020632e-02
3.237294e-02
6.612489e-02
2.635973e-02
6.671026e-02
6.803472e-02
-2.857509e-02
-2.367543e-02
-6.831947e-02
-2.732065e-02
-5.212545e-03
-1.225078e-02
2.839427e-02
5.147265e-02
4.088186e-02
2.015112e-02
1.361602e-02
6.969186e-02
-1.965070e-02
-8.584009e-03
1.987649e-02
4.868071e-02
4.141821e-02
5.928231e-02
2.554221e-02
-9.945207e-03
6.129472e-02
2.307802e-02
7.045656e-03
3.165857e-02
4.196143e-02
1.591886e-02
3.395615e-02
5.691326e-02
2.299642e-02
-1.056364e-02
3.910066e-02
3.224981e-02
-6.400996e-03
3.606487e-02
2.194653e-02
-2.565049e-02
1.892142e-02
-9.290493e-03
-1.963201e-02
-1.275420e-02
7.555470e-03
-1.670823e-03
9.611860e-02
7.577444e-02
5.804766e-02
1.069394e-02
-2.334114e-02
1.063568e-03
6.255991e-03
-3.761616e-02
-2.407499e-02
-6.495678e-02
-9.423099e-02
-5.595126e-02
-8.853202e-03
-1.776716e-02
-2.302940e-02
1.490850e-02
5.434754e-04
6.270694e-04
4.205795e-03
1.840710e-02
2.496475e-02
-7.349890e-02
-4.895515e-02
-4.808556e-02
-6.014562e-02
-2.199481e-02
-9.304510e-03
-4.323099e-02
4.577226e-03
3.957392e-02
-2.258279e-02
-6.831472e-02
-4.386070e-02
-2.787374e-02
-7.051516e-02
-4.818174e-02
1.240173e-02
-3.186655e-02
-5.126257e-03
8.932970e-03
4.609833e-03
1.665299e-02
1.712580e-02
-4.067090e-03
1.408634e-02
4.293881e-02
1.470318e-02
4.940876e-02
5.823971e-03
-4.373768e-04
1.033153e-03
-2.509055e-02
-3.441112e-02
-9.145157e-03
-3.238503e-02
-3.208305e-02
-2.965328e-02
4.140622e-02
7.058002e-02
9.369767e-03
5.243887e-02
6.290802e-02
2.399603e-02
5.862895e-02
1.016050e-01
9.218264e-02
3.387725e-02
-2.450427e-02
-1.071665e-02
2.343693e-02
-1.562927e-02
-8.032910e-03
4.382314e-02
9.314467e-03
-4.198343e-02
1.200308e-02
1.153057e-02
9.845648e-02
-1.176670e-01
1.007213e-02
2.062733e-01
-1.078915e-01
4.796203e-03
1.786848e-01
2.115917e-02
1.525382e-02
-5.342638e-03
1.759400e-02
-7.022918e-02
-1.614003e-01
6.719860e-02
-2.233315e-02
-4.144085e-02
6.333225e-02
1.109640e-02
-4.804325e-02
2.727390e-02
2.694362e-02
-4.086795e-02
4.201822e-02
5.618774e-02
-2.746406e-02
3.891206e-02
2.975504e-02
7.945444e-02
5.680238e-02
7.842277e-03
2.063747e-02
4.919861e-02
2.376271e-02
-8.572909e-03
4.505287e-02
5.939150e-02
7.776965e-02
3.464128e-02
3.547966e-02
3.971735e-02
-8.192062e-02
-7.194006e-02
-7.935991e-02
2.568400e-02
3.726788e-02
3.120063e-02
-2.562142e-02
2.559679e-03
3.030215e-02
-8.368360e-02
-5.742643e-02
-2.108087e-02
-4.374582e-02
-6.318491e-02
-4.272083e-02
-3.563372e-02
-1.080434e-02
-1.236284e-02
6.168775e-02
9.073517e-02
7.144492e-02
-5.969859e-02
-8.847130e-02
-5.478813e-02
7.815867e-03
5.958022e-03
-2.595343e-02
4.855635e-02
6.139066e-02
-2.741636e-02
1.109397e-01
1.808558e-01
1.081776e-01
1.736853e-02
4.738984e-02
9.545154e-03
-1.021344e-01
-1.312758e-01
-8.618762e-02
4.341635e-02
5.840576e-03
2.666083e-03
5.949372e-02
1.151851e-02
-1.163138e-02
3.949497e-02
-4.471810e-03
-1.782847e-03
6.852792e-03
4.175264e-02
5.139511e-02
4.332657e-02
4.403816e-02
5.301398e-02
5.583990e-02
4.391498e-02
4.043723e-02
2.149844e-02
7.829056e-03
2.142736e-02
-2.965258e-02
-4.216675e-02
-6.328447e-02
-3.215287e-02
-6.454053e-03
-6.753477e-02
-1.311692e-02
-3.216225e-02
-3.432516e-02
-1.540814e-02
-2.471896e-02
-3.285572e-02
-1.119772e-02
-1.177560e-02
-1.365090e-02
-1.782514e-02
-4.192996e-02
-4.319033e-02
7.093675e-03
2.982265e-03
-1.158786e-02
1.187022e-04
1.662287e-02
1.934296e-02
1.353395e-04
-2.493689e-02
1.433930e-02
2.950466e-03
-1.684150e-02
1.454610e-02
1.398463e-02
4.520374e-03
2.036781e-02
-6.298337e-03
-3.203220e-02
1.235926e-02
-1.317432e-02
-1.282745e-02
-1.442717e-02
7.108462e-03
1.608097e-02
4.158483e-03
-1.148893e-02
-3.384937e-02
3.765006e-02
-3.244493e-03
-4.982856e-02
-6.370184e-02
3.697979e-02
-8.425687e-02
-8.880869e-02
2.307212e-02
1.091705e-02
-4.571958e-02
5.829098e-02
4.532576e-02
7.315504e-03
2.328194e-02
5.944676e-02
3.364139e-02
-2.010453e-02
1.172605e-02
-3.478178e-02
6.631139e-03
4.001943e-02
4.548774e-02
-1.746663e-02
3.091891e-02
5.444608e-02
-1.054373e-02
-2.603935e-02
-1.784104e-02
-6.016998e-04
6.115748e-03
-1.352016e-03
2.282384e-02
1.378504e-02
-7.276827e-03
-4.124394e-02
-1.640519e-02
-1.167151e-02
1.603084e-03
-2.211558e-02
-4.691740e-02
4.276875e-03
-9.922544e-03
-5.685454e-02
-3.227150e-02
-9.603715e-03
-5.448355e-02
-1.101681e-02
-3.232697e-02
-5.685714e-02
1.804916e-02
-7.435064e-04
-6.241367e-02
1.510746e-02
3.567192e-02
1.951423e-02
-9.089269e-03
-8.490097e-03
3.322164e-03
-3.497640e-02
-3.075449e-02
-6.417623e-03
4.328541e-02
5.421370e-02
3.592920e-02
2.360621e-02
1.778797e-03
-2.198867e-03
8.710632e-03
1.261924e-02
-3.211819e-02
-8.542667e-02
-5.610968e-02
-2.374893e-02
-7.103989e-02
-7.397255e-02
-4.855660e-02
-7.107540e-04
-2.417870e-02
-4.554272e-02
4.811068e-03
-7.167162e-03
-2.429568e-02
-1.072145e-03
-1.033128e-02
-2.444112e-02
1.551562e-02
3.941577e-03
-2.102547e-02
-3.851898e-02
-4.673390e-02
-2.970943e-02
-5.418667e-03
-1.651011e-02
-2.190952e-02
1.319886e-02
5.340590e-03
-5.566820e-03
-2.201901e-02
-4.041921e-02
-3.664760e-02
-2.111354e-02
-4.375662e-02
-3.069880e-02
-6.755972e-03
-2.055027e-02
-1.504720e-02
-2.716179e-02
-2.704633e-02
-3.235321e-02
-4.234588e-02
-3.801589e-02
-1.679774e-02
-6.444309e-02
-3.276891e-02
-1.790304e-02
1.435927e-02
7.103859e-02
3.730937e-02
-3.941976e-02
-2.563149e-03
-1.513568e-03
-3.543809e-02
9.555699e-03
1.793575e-02
7.596797e-02
5.576406e-02
4.782673e-03
1.034907e-01
5.222473e-03
-5.328080e-02
3.545205e-02
-5.220595e-02
-7.868636e-02
-1.192907e-01
-6.682185e-02
-5.520429e-02
-1.112577e-01
-3.481722e-02
2.533600e-02
-1.311125e-01
-3.970979e-02
5.041969e-03
-2.394447e-02
-5.074861e-03
4.289253e-03
-4.307437e-02
-5.883676e-02
4.841356e-02
-9.947395e-02
-4.294409e-02
7.716230e-02
5.629978e-02
1.663390e-01
6.813592e-02
7.203639e-02
4.508927e-02
-6.099043e-02
1.040827e-01
-6.025814e-02
-8.572055e-02
-8.871063e-02
-8.366670e-02
1.314163e-02
-1.636141e-01
6.048139e-03
3.185838e-02
-8.416422e-02
5.500064e-02
1.530945e-02
1.658636e-02
8.307744e-03
-2.354600e-02
-1.309390e-02
-4.739142e-02
-2.099878e-02
-6.619252e-02
-4.395688e-02
-1.805302e-02
3.242953e-02
-5.463625e-02
-1.672341e-02
-1.701717e-02
4.972855e-03
1.280870e-02
-7.125018e-02
2.347398e-02
3.933783e-02
1.857561e-02
-4.892036e-02
-1.101779e-03
-5.971302e-02
3.228716e-03
-1.130551e-02
-4.764840e-02
1.438453e-02
1.528193e-02
-8.862592e-02
-1.462447e-01
-1.186888e-01
-4.735991e-02
-4.298653e-02
-3.882767e-02
-4.970436e-02
1.078578e-02
5.662593e-03
-1.009697e-01
-2.166842e-01
-1.531020e-01
-3.117670e-03
2.302269e-02
-5.184366e-02
2.781452e-02
5.459866e-02
-4.776165e-02
9.393755e-02
1.048912e-01
9.399441e-02
4.761826e-02
3.557248e-02
-1.831912e-02
-1.397015e-02
-4.919494e-02
-5.581252e-02
-1.539781e-02
2.969619e-03
-3.122641e-02
1.215447e-02
7.749860e-03
-1.713441e-02
1.393649e-02
4.046465e-02
1.943102e-02
-1.379526e-03
-1.253513e-02
-2.732557e-02
-1.535568e-02
-2.086194e-02
-3.066833e-02
-2.581415e-02
-4.504961e-03
-1.554243e-03
6.908642e-03
-4.881740e-02
-1.392272e-02
-4.915679e-02
-8.847999e-02
-7.466204e-02
-6.291569e-02
-1.152477e-01
-1.194552e-01
-3.539008e-02
-4.019007e-02
2.900691e-02
4.701028e-02
3.784982e-04
1.026125e-02
1.637560e-02
6.837824e-03
-8.135704e-03
-7.732044e-02
7.328319e-02
-1.388971e-03
9.969436e-03
4.573289e-02
9.584165e-02
3.067514e-02
-6.393006e-02
5.546298e-02
9.983593e-03
-1.587220e-02
1.125463e-02
7.944593e-02
3.602681e-02
9.176945e-03
-1.078343e-01
-7.694189e-02
-5.597321e-02
5.246837e-02
6.916100e-02
5.320547e-02
-4.266782e-02
-1.067168e-01
-7.212149e-02
2.444789e-02
2.663699e-02
-5.708958e-02
-9.242758e-03
2.355136e-01
7.705680e-02
-6.880113e-02
-3.711306e-01
-9.640336e-02
7.897111e-03
1.522226e-01
8.962570e-02
2.889474e-02
-3.497351e-02
7.262495e-03
-1.623632e-02
9.955363e-02
3.685735e-02
5.962402e-02
-1.066617e-01
5.146145e-02
-1.335870e-01
-2.181085e-01
-1.602155e-02
1.141101e-01
3.611953e-01
-2.607914e-02
4.894876e-03
-1.898735e-01
-1.782398e-02
5.695813e-02
9.950430e-02
7.110559e-02
-1.120900e-01
-1.535209e-01
-1.314037e-01
4.480574e-02
5.137954e-02
3.731802e-02
4.595442e-03
-2.395632e-02
-9.399186e-02
-6.492736e-02
5.028225e-02
1.453473e-02
3.688625e-02
5.359241e-02
2.304569e-02
-9.017227e-02
-1.967086e-01
-7.005676e-02
3.972663e-02
2.820566e-01
-2.071378e-02
3.519157e-02
-6.954803e-02
4.621783e-02
-3.635864e-02
-1.001464e-01
-4.518306e-02
-6.155904e-02
8.090153e-02
4.792477e-02
3.059749e-02
2.725702e-02
2.113315e-02
5.086604e-02
-1.688250e-02
-2.817390e-03
-2.773094e-02
1.760086e-01
-4.534220e-02
1.187292e-02
-9.008846e-02
1.218370e-02
-3.341146e-02
-1.626886e-03
-3.197534e-02
-5.441475e-03
2.619788e-02
-4.014609e-02
-1.064005e-02
-1.802806e-02
1.346544e-02
4.558437e-02
3.515596e-02
-3.995303e-02
3.956838e-02
1.589646e-02
3.354052e-02
-1.414192e-01
-7.082850e-02
-3.558963e-02
7.413782e-03
-3.614593e-02
-3.350132e-02
1.463162e-02
-1.270976e-02
-3.516164e-02
-2.510013e-03
2.157436e-02
3.381102e-02
-1.163946e-02
-9.530885e-02
-4.746694e-02
1.493214e-02
9.080693e-03
1.443977e-03
1.375051e-02
8.108800e-03
4.519308e-02
-3.452752e-03
-2.611656e-02
1.740001e-02
-6.109160e-02
-8.237342e-02
-5.882600e-02
-9.181464e-02
-1.071381e-01
-7.101089e-02
-9.077422e-02
-8.838528e-02
-6.858461e-02
-9.271590e-02
-1.152096e-01
-9.772741e-02
-5.541865e-02
-7.880212e-02
-6.420662e-02
-4.868515e-02
-6.211742e-02
7.865275e-03
-2.743771e-02
-2.449381e-02
2.682253e-02
2.498217e-02
1.380065e-02
1.650685e-02
4.301757e-02
-1.047438e-02
-4.621515e-02
-1.793950e-02
-9.626480e-02
-1.261903e-01
-6.419495e-02
-1.173046e-01
-1.239312e-01
3.461787e-02
-5.441159e-02
-1.156137e-01
1.460278e-02
-1.863998e-02
-1.469710e-02
-3.281162e-02
4.091924e-02
8.860629e-02
-1.256528e-01
-8.362024e-02
3.661971e-02
-8.400998e-02
-2.284429e-02
4.600893e-02
3.944431e-03
8.584172e-02
3.454418e-02
1.091816e-02
2.240033e-03
-9.854918e-02
8.654127e-02
-2.838937e-02
-1.957927e-01
9.632289e-02
3.998367e-02
-1.593905e-01
-3.604178e-02
-2.964981e-02
-3.057810e-03
-6.614391e-02
-7.789738e-02
-3.318769e-02
-5.032379e-02
-1.012195e-01
-2.545575e-02
1.200033e-02
6.146916e-02
1.988669e-04
4.080565e-02
6.843100e-02
3.506613e-02
-2.914427e-02
-6.215851e-02
-3.300586e-02
-2.235804e-03
2.819169e-02
1.502540e-02
-3.002719e-02
1.952078e-03
1.238007e-03
-1.160304e-02
-2.245895e-03
-2.526991e-02
-3.026677e-02
-4.333134e-02
-5.048177e-02
-7.595146e-02
-7.825854e-02
-6.424180e-02
-9.713648e-02
-7.685862e-02
-8.141802e-02
2.762432e-02
1.115319e-01
2.420240e-02
-3.564478e-02
3.712954e-02
7.467069e-02
-1.461574e-01
-1.440654e-01
-1.383509e-02
-7.529996e-02
-3.667843e-02
-2.452024e-02
-5.721074e-02
5.685811e-03
7.846080e-03
4.299488e-02
6.129333e-02
3.715507e-02
-1.181384e-01
-9.388060e-02
-2.548474e-02
-1.002445e-01
-6.360864e-02
-2.429224e-02
-2.859929e-02
-7.907088e-03
2.464939e-02
1.806769e-02
2.211559e-02
2.393205e-02
-2.103160e-02
-2.461739e-02
-2.136983e-02
-9.641145e-03
-2.180140e-02
-2.855593e-02
-3.778484e-02
-4.582247e-02
-3.634403e-02
-3.245525e-02
-4.283041e-02
-3.022384e-02
-1.076906e-02
-1.734533e-02
-3.107838e-02
-7.803927e-03
-1.078381e-02
-1.060137e-02
-9.237520e-03
-8.755179e-03
-1.173723e-02
-1.814155e-02
-1.535552e-02
-1.074416e-02
-2.944750e-03
-1.359946e-02
-3.745975e-03
2.288059e-02
2.338599e-02
3.045407e-02
-1.189621e-02
-8.269190e-03
-1.056555e-02
1.474766e-03
5.484371e-03
2.368816e-04
2.127906e-02
1.737787e-02
1.118339e-02
1.198690e-02
2.137907e-03
5.872613e-04
2.430606e-02
2.075173e-02
-1.114120e-02
6.252074e-03
6.811754e-04
-3.647866e-02
1.869467e-02
2.165689e-04
-2.095008e-02
4.874625e-02
4.553218e-02
5.461431e-02
-4.169816e-02
-3.308742e-02
-6.403635e-02
1.739775e-02
1.696737e-02
1.473271e-02
-1.442916e-02
-5.679872e-03
-1.664528e-02
1.900870e-02
1.927587e-02
3.474256e-02
-9.218679e-03
-1.494479e-02
-7.871377e-03
-4.417910e-02
-5.078646e-02
-4.968253e-02
5.910991e-02
5.796923e-02
7.995415e-02
-1.999387e-02
-1.207472e-02
-7.848877e-03
7.809899e-03
3.274184e-03
-8.324750e-03
-9.254599e-04
-3.821826e-03
-2.881099e-02
7.741253e-03
-5.676780e-03
-1.839896e-02
1.371059e-02
1.588346e-02
1.946823e-02
-1.247187e-03
-1.916943e-02
-2.836847e-03
1.330899e-03
-1.536833e-02
-9.007608e-03
-1.685606e-03
-1.228124e-02
-6.899474e-03
-6.724948e-04
-1.006047e-03
3.431081e-02
-1.071494e-02
-9.723114e-03
1.939928e-03
4.005102e-03
-8.240015e-03
-1.805842e-03
1.072606e-03
-1.499383e-02
2.306168e-02
-1.616544e-02
-2.006636e-02
1.398818e-02
-7.122989e-03
-9.154712e-04
3.856451e-03
1.233398e-02
-1.725028e-03
1.289685e-02
-1.173179e-02
-1.428145e-03
-1.729974e-02
-1.534970e-02
-1.685406e-02
-1.669745e-02
1.143398e-02
-3.156019e-03
-8.666649e-03
1.476138e-02
-2.573749e-03
-1.746929e-02
3.264780e-02
3.154212e-02
4.201762e-02
-1.878056e-03
1.169932e-02
1.484830e-02
1.093058e-02
1.855545e-02
2.640782e-02
8.697916e-03
6.796245e-03
1.044726e-02
7.197551e-03
1.148215e-02
1.419043e-02
-9.552828e-03
-9.723875e-03
-6.483259e-03
6.748114e-03
-1.657691e-02
-2.190659e-02
1.111211e-02
-2.432320e-04
2.206777e-02
-6.456901e-03
-2.139523e-02
1.256519e-03
-2.652124e-02
1.746993e-02
3.538608e-02
1.151131e-02
2.108165e-02
-1.636940e-02
1.713319e-02
-1.315404e-02
-5.417693e-02
2.666764e-04
-1.023067e-02
-2.992510e-02
-3.106987e-03
-3.788605e-02
-2.698510e-02
-5.154761e-03
-4.132248e-02
-4.152286e-02
-6.057582e-02
-3.428216e-02
-8.429561e-03
-5.973104e-02
1.704249e-02
3.023140e-02
-2.830966e-02
2.672562e-02
-1.502913e-02
-2.247696e-02
2.420256e-02
-1.214572e-02
2.156684e-02
-4.141322e-03
-3.423864e-02
1.906114e-02
-2.722501e-02
-3.166172e-02
-1.567796e-04
-1.347668e-02
9.948497e-04
-5.415945e-04
2.433443e-02
-4.340819e-03
7.749727e-03
2.068856e-02
-2.208793e-03
2.389343e-04
-8.995304e-02
-2.867934e-02
-1.120662e-01
-7.679830e-02
7.988445e-02
-6.281120e-02
9.405694e-02
1.438717e-01
6.408585e-02
1.080735e-01
-5.741353e-03
1.648387e-01
7.258614e-03
-7.205795e-02
7.249665e-02
-1.096560e-01
-5.973523e-02
-7.875666e-03
2.324617e-02
-9.930938e-03
-3.106689e-02
-9.138676e-03
-2.400474e-02
-3.666787e-02
-1.766851e-02
-1.565313e-02
1.884413e-02
5.754964e-02
5.420985e-02
7.514746e-02
9.205116e-03
-6.205942e-02
1.711999e-02
-5.459862e-02
-6.254579e-02
3.037165e-03
5.735439e-03
-4.220162e-03
8.460584e-03
-2.200955e-02
1.601390e-03
2.659165e-02
1.200327e-02
2.060733e-02
5.595002e-02
3.709721e-03
-7.147923e-02
1.943655e-02
-1.536729e-02
-6.065842e-02
-2.036912e-02
-4.800546e-03
-1.833736e-02
-4.655509e-02
-2.422450e-03
-1.960232e-02
9.627407e-02
1.868074e-04
-1.033863e-01
3.450319e-02
-5.383760e-03
-5.362365e-02
-3.908714e-03
-3.748596e-02
-1.301042e-02
-1.829771e-02
-1.185709e-02
1.843064e-02
-5.319803e-03
-8.477945e-04
-8.296581e-03
-2.190190e-02
-5.271836e-02
-4.070150e-02
6.535404e-03
-1.237777e-02
-4.552996e-03
7.199189e-03
-1.565629e-02
-7.349954e-03
-2.839379e-02
-3.714800e-02
-4.017877e-02
-1.695118e-02
-1.312069e-03
2.831875e-03
-1.044289e-02
1.526053e-02
3.077190e-02
2.670907e-02
1.350530e-02
9.385256e-03
-2.246941e-02
-3.459599e-02
-2.340300e-02
-2.716818e-02
-3.240057e-02
1.314476e-03
-1.544019e-02
-1.255894e-02
-3.827979e-02
-2.652358e-02
-3.262298e-02
-3.831277e-02
-4.175949e-02
-4.023720e-02
-4.306474e-02
2.245609e-02
6.879960e-02
2.191471e-02
5.027831e-02
5.093800e-02
2.715946e-02
3.273205e-03
3.416013e-02
1.913871e-02
1.113391e-02
2.344105e-02
-3.027940e-03
3.921274e-02
3.997098e-02
8.304302e-03
2.914666e-02
3.327564e-02
1.572286e-02
2.519436e-02
-2.508687e-02
1.540440e-02
1.575825e-02
-9.724205e-03
2.379916e-02
2.266103e-02
1.320547e-02
1.559591e-02
2.445610e-03
1.177001e-02
-5.068513e-02
-2.737943e-03
-5.275741e-02
-4.184346e-02
1.909835e-02
7.877113e-02
-7.829249e-03
-1.201682e-02
4.148776e-02
-3.596153e-02
2.587259e-02
7.780337e-02
-8.349777e-03
-1.490495e-02
-2.235295e-02
-6.995001e-02
-1.638150e-02
-3.675313e-02
-6.738588e-02
4.969191e-02
1.230118e-01
4.096218e-02
-9.180887e-02
-7.778349e-02
-8.363416e-02
1.863222e-02
3.468293e-02
1.213547e-02
9.627463e-03
1.208900e-02
-3.375644e-03
-9.423201e-03
-9.183293e-03
-3.150021e-02
-6.052102e-03
-6.966946e-03
-2.705762e-02
8.618441e-03
5.794607e-02
3.190019e-02
-4.036593e-02
-2.476564e-02
-4.378930e-02
-1.420016e-02
5.121126e-02
-2.861068e-02
-1.249499e-02
1.107129e-01
-2.198596e-02
-6.777082e-02
-8.492695e-03
-2.298774e-02
-7.802971e-03
1.054564e-02
-7.427589e-03
4.675511e-02
8.795929e-02
5.166600e-02
2.124937e-02
2.136269e-02
4.678243e-03
-6.662058e-02
-9.832771e-03
-1.830912e-02
-1.495478e-02
5.547148e-02
1.976033e-03
1.722761e-02
2.445867e-02
-9.769101e-03
-4.835927e-02
-1.991212e-04
-3.152270e-02
1.955102e-02
5.858098e-02
2.561003e-02
-1.161120e-02
4.613704e-03
5.791112e-03
1.175434e-01
8.104026e-02
2.357819e-02
8.606884e-02
6.980366e-02
3.737278e-03
7.574026e-03
2.537148e-02
-2.984778e-02
3.564324e-04
-4.787443e-03
-1.162152e-02
2.921295e-02
1.495366e-02
9.265127e-03
8.224719e-03
-6.926033e-03
-8.502812e-03
6.246407e-03
2.653145e-02
-2.849871e-02
5.541085e-02
1.112778e-01
4.030333e-02
3.814769e-02
1.046627e-01
5.651380e-02
-2.652779e-02
2.299883e-02
1.223273e-02
6.238260e-03
8.571599e-02
6.628726e-02
-3.866915e-03
6.355275e-02
8.102502e-02
2.840490e-02
-1.629047e-02
1.228722e-02
-1.072883e-02
-4.083341e-02
8.673167e-03
-6.350917e-02
-2.100929e-02
4.893758e-03
-3.900624e-02
-5.240730e-02
-3.355698e-02
-4.967980e-02
4.515006e-03
1.131250e-02
-4.193063e-02
1.824707e-02
3.488101e-02
-1.429545e-01
-2.771202e-02
-4.772740e-02
-7.839104e-02
1.036402e-01
5.698078e-02
-2.292366e-02
1.391165e-01
1.009491e-01
-1.195710e-01
-6.321906e-02
8.038791e-02
-1.065383e-01
1.364287e-02
7.102580e-02
-2.119037e-02
4.407016e-02
7.185345e-02
-1.677844e-03
-1.732650e-03
-1.572002e-02
7.030419e-02
-5.461824e-03
2.571560e-02
-6.030335e-03
-7.677682e-02
-8.149089e-02
8.555761e-03
-3.583556e-02
-8.388367e-03
5.535400e-02
-3.094223e-02
5.315958e-02
-1.835735e-02
-6.597186e-02
-1.943592e-02
-7.831890e-02
-4.153936e-02
-8.252010e-02
2.440667e-02
9.011247e-02
2.261595e-02
5.131958e-02
1.249186e-01
5.822901e-02
3.995763e-02
5.037840e-02
5.238144e-02
2.663563e-03
-1.815537e-02
1.464417e-02
-5.037378e-02
-1.041833e-01
-6.757860e-02
8.243704e-02
5.222118e-02
6.878400e-02
1.898846e-02
-8.983435e-02
4.886624e-02
-9.700049e-02
-1.759685e-01
-8.853482e-02
4.391959e-02
3.745172e-02
2.063597e-03
9.919615e-02
-4.520132e-03
-3.245713e-02
5.447978e-02
-3.581557e-02
-2.650601e-02
1.661398e-03
-5.873797e-02
-1.304822e-01
1.224915e-03
-1.484982e-02
-1.329947e-02
2.869650e-02
7.121169e-02
9.627026e-02
-5.438741e-03
-2.631640e-03
-1.253274e-02
-5.617011e-03
1.238049e-02
3.764321e-02
-6.897034e-02
-5.142720e-02
-1.517598e-02
-3.546757e-02
-2.817041e-02
-1.929280e-02
-1.084338e-01
-7.538985e-03
1.417927e-02
-8.923315e-02
-6.670760e-03
-1.509679e-02
-1.011979e-02
3.763600e-02
4.406287e-02
2.593138e-02
5.708141e-02
6.629884e-02
3.442587e-02
3.114150e-02
2.451176e-02
-2.529507e-02
2.002385e-02
-5.907086e-03
-1.285121e-02
-5.668096e-02
-2.433649e-02
-2.079908e-02
-7.327807e-02
9.564324e-04
2.819889e-10
5.007120e-10
-2.098582e-10
7.205206e-10
-5.563016e-10
-4.422757e-10
-8.341924e-10
-6.755576e-10
3.911709e-10
-3.232470e-10
-5.602946e-12
9.116440e-11
3.945758e-10
7.243571e-10
3.724715e-10
5.926790e-10
3.609207e-10
7.543637e-10
-2.107158e-10
-3.873476e-10
-4.159616e-10
2.469075e-11
1.738953e-11
-3.286758e-10
2.249778e-10
3.061004e-10
-3.486939e-11
-1.582214e-11
2.107260e-10
2.753223e-11
3.697112e-10
3.978921e-10
5.741320e-10
1.384716e-10
4.247687e-10
1.282274e-10
-1.546308e-11
-5.351434e-10
-2.328168e-10
6.933038e-10
-1.829062e-10
-5.161412e-10
4.456722e-10
-1.324883e-10
-4.131664e-10
4.628019e-12
1.392052e-10
-3.292742e-10
-1.977596e-12
4.717340e-10
1.276253e-10
-2.718766e-10
-3.554014e-10
1.003604e-10
1.544867e-10
6.343935e-10
3.318640e-10
5.552745e-10
2.378543e-10
9.070817e-11
6.263013e-10
5.942816e-11
3.815392e-10
-1.847978e-10
6.699855e-10
1.873377e-10
1.948793e-10
5.623838e-10
1.681309e-10
3.736611e-10
4.020758e-10
4.450714e-11
-3.277459e-10
6.100930e-11
4.008156e-11
1.616094e-11
8.552222e-10
2.289284e-10
-7.960970e-12
3.805590e-10
2.089550e-10
-3.548344e-10
-1.341394e-10
-8.110004e-10
-6.656856e-11
-1.461906e-10
-1.465778e-10
-2.366134e-11
-7.390357e-10
-4.038137e-10
2.105005e-10
2.657258e-10
2.670718e-10
-3.451118e-10
6.617610e-10
-2.759774e-10
-6.471966e-10
5.475335e-10
1.783228e-10
1.041963e-10
2.026295e-10
-1.544155e-10
2.643279e-10
2.768731e-10
5.870315e-10
2.274857e-12
9.980654e-10
7.814979e-11
5.115776e-10
2.050885e-10
2.392391e-10
5.547547e-10
7.191391e-10
9.059625e-10
2.423702e-10
7.231774e-10
1.173211e-09
1.130762e-09
3.220969e-10
7.126289e-10
4.428136e-10
1.034428e-09
-1.095850e-10
9.956512e-10
5.334721e-10
2.061648e-10
1.277505e-10
8.023813e-11
3.144909e-10
5.007280e-10
3.286767e-11
3.145280e-10
2.650532e-10
2.184351e-10
5.071955e-10
1.352011e-09
3.794474e-10
2.654068e-10
-8.827955e-12
2.991121e-10
6.725025e-11
7.034868e-10
6.155716e-10
5.115237e-10
-6.744049e-05
-5.777048e-05
-2.387969e-05
-5.577468e-05
-2.879474e-05
1.063360e-05
-9.000612e-06
1.762823e-05
4.334588e-05
-7.756991e-05
-6.141936e-05
-5.488874e-05
-9.940166e-05
-6.753618e-05
-2.307505e-05
-3.351595e-05
1.633078e-05
2.034544e-05
-8.000953e-06
-1.593521e-06
-2.913030e-05
-1.250766e-05
-5.471472e-06
-2.639409e-05
8.364421e-06
2.366496e-05
-4.426231e-05
-7.281031e-05
-7.243160e-05
-8.629662e-05
-3.858158e-05
-4.765716e-05
-6.798674e-05
-5.224175e-05
-5.273589e-05
-6.596939e-05
5.862562e-05
-9.734992e-05
-1.164194e-04
-4.253090e-05
-8.407212e-05
-8.106378e-06
-1.685124e-04
-1.187515e-04
6.777652e-05
1.349411e-04
1.445978e-05
2.660037e-05
3.798860e-05
-7.556780e-05
-7.889089e-05
-3.565888e-05
-1.099086e-04
-8.212724e-05
-1.161508e-06
-2.622635e-05
-8.148683e-05
-4.115208e-05
-1.173419e-04
-1.060783e-04
-2.129222e-05
-3.787445e-06
1.042360e-04
4.326253e-05
1.883665e-05
-4.299537e-06
3.348667e-05
-1.017555e-05
-6.019406e-05
-5.851630e-05
-7.757059e-05
-8.917235e-05
1.023988e-05
1.591690e-05
5.198538e-05
6.903592e-05
3.200060e-05
2.354045e-05
-1.376764e-06
-5.187113e-05
-3.716719e-05
4.576489e-06
-8.763379e-05
-5.560060e-05
-2.354972e-05
-9.700475e-05
-1.800670e-05
-4.125430e-05
-2.811666e-05
9.486452e-05
-4.575256e-05
-7.945950e-05
-8.257019e-05
-3.419866e-05
-4.949711e-05
-4.225991e-05
-1.718291e-05
-2.008138e-05
2.479956e-05
-1.960976e-05
-3.796984e-05
3.147733e-07
1.982245e-05
-5.055702e-05
-1.292414e-06
2.679562e-05
-4.651535e-05
1.235120e-06
1.157422e-05
5.819763e-05
1.142988e-04
1.154648e-04
1.133644e-04
7.989127e-05
1.346465e-04
4.189809e-05
-4.801102e-05
-7.568989e-05
-5.205032e-05
-3.435019e-05
-4.117028e-05
1.228487e-06
2.134341e-05
-1.576856e-05
2.583591e-05
7.916653e-07
2.864695e-05
4.493687e-05
1.355440e-05
2.015962e-05
1.185925e-05
-1.999347e-05
1.392453e-06
-1.268000e-05
-3.268062e-05
-2.833685e-05
-6.656686e-05
-5.670599e-05
-4.324950e-05
-5.504059e-05
-4.067989e-05
-4.754583e-05
-3.919915e-05
1.031732e-05
