-5.336675e-02
4.861372e-02
-5.515196e-02
-1.017799e-01
-1.358006e-01
-3.602931e-02
1.883262e-02
-3.072250e-02
-8.721250e-02
1.163171e-02
-2.012390e-01
1.133461e-09
-1.336736e-02
-3.498001e-02
1.315821e-01
-7.078868e-02
-1.498671e-01
-3.655199e-02
-3.579975e-02
-6.268761e-02
-1.336860e-01
4.715508e-03
-1.028388e-01
4.728464e-02
-3.505693e-03
-1.296106e-01
-1.688539e-01
-2.317997e-02
-5.820099e-02
-1.708186e-01
-1.115707e-01
-1.578046e-01
-1.969514e-01
-2.097539e-01
-4.658943e-02
7.119576e-03
2.326013e-02
-2.088069e-01
1.255020e-01
-5.158580e-02
2.757654e-02
-3.948354e-02
-1.318637e-01
-1.085637e-01
-1.655217e-01
-1.244506e-02
-2.525592e-02
-2.195467e-02
-1.005768e-01
4.282835e-02
-7.946528e-02
-1.814988e-01
-1.445250e-01
-9.600061e-02
-7.311773e-02
6.574517e-02
2.899187e-02
-1.117202e-01
1.577259e-02
-1.030660e-01
-1.564237e-01
9.900295e-02
-1.398253e-01
-1.730319e-01
