-8.519440e-02
-1.363002e-01
-7.490284e-02
-4.509693e-03
-1.217327e-01
-6.747860e-02
-1.235266e-01
-7.135858e-02
-9.102895e-02
2.346529e-02
-2.874314e-02
-6.632959e-02
-9.475316e-02
-1.750367e-01
-1.181139e-01
-1.544151e-01
-6.741605e-02
-1.089789e-01
-1.876095e-01
-8.126798e-02
-2.325647e-01
-9.639531e-02
-1.202149e-02
-1.065168e-01
-1.386865e-01
-1.008471e-01
-4.413044e-03
-7.552676e-02
-9.189052e-02
4.126848e-02
-1.312841e-01
-1.151471e-01
-6.947538e-02
-3.045820e-02
-8.307751e-02
-1.070114e-01
-7.167983e-02
-2.429135e-02
-2.136992e-01
-1.111306e-01
-1.807892e-01
-1.193802e-01
-1.101685e-01
-1.515340e-01
-1.781532e-01
-8.587214e-02
-1.010806e-01
-1.684708e-01
-1.156736e-01
-1.516451e-01
-6.345075e-02
-1.050346e-01
-1.998876e-01
-1.363995e-01
1.229166e-02
-7.936342e-02
-1.988643e-01
-6.582134e-02
-5.445598e-02
-1.249745e-01
-1.928918e-01
-6.679722e-02
-1.129791e-01
-9.800889e-02
