-1.668557e-02
-1.955980e-03
-1.667074e-02
-5.979503e-03
-1.434722e-03
-3.858848e-02
4.837120e-03
1.806108e-02
-4.289052e-03
-1.076065e-03
-2.266477e-03
-2.004798e-03
5.125997e-04
9.733453e-03
-4.142661e-03
-7.676017e-03
3.442922e-03
-3.944724e-02
8.142056e-03
-2.160261e-02
1.305093e-02
-2.036284e-03
-1.400513e-02
-4.859240e-04
-1.422284e-02
-4.496866e-03
-8.701858e-03
-4.049581e-03
-4.009148e-03
-2.011793e-02
5.446894e-04
-1.704280e-02
-8.598982e-03
-2.007811e-02
-1.725992e-02
-1.563827e-02
-1.979864e-02
2.524843e-03
-2.169929e-03
3.385503e-03
8.301351e-03
-8.518060e-03
-1.781850e-02
-1.957475e-03
-2.351084e-02
1.331644e-03
-7.096990e-03
-2.582895e-02
-2.595232e-02
1.749221e-02
-1.736769e-02
-4.235969e-02
-7.836285e-03
-6.129060e-03
-3.270495e-03
-3.189507e-02
-1.419229e-03
-5.105621e-02
-7.852423e-03
-2.297206e-02
5.154107e-03
9.760705e-04
-2.586934e-03
-9.261814e-03
