7.186364e-02
1.262906e-01
8.578242e-02
1.128252e-01
7.770746e-02
1.181453e-01
1.094327e-01
9.450143e-02
9.609484e-02
9.173783e-02
7.621557e-02
9.559993e-02
9.292328e-02
7.555982e-02
6.528856e-02
6.445216e-02
1.626091e-01
8.726808e-02
6.952741e-02
1.358193e-01
1.036202e-01
9.013686e-02
9.415673e-02
1.528963e-01
7.635479e-02
9.864289e-02
9.004477e-02
9.767105e-02
9.152183e-02
9.929641e-02
6.849314e-02
9.291716e-02
9.903856e-02
6.023559e-02
6.385079e-02
6.772128e-02
7.709229e-02
9.875721e-02
1.108378e-01
1.063889e-01
7.747336e-02
1.009393e-01
1.003432e-01
8.101998e-02
8.018061e-02
8.756857e-02
7.974280e-02
1.091819e-01
1.117509e-01
9.961015e-02
9.246080e-02
7.630309e-02
8.196765e-02
9.166573e-02
1.045966e-01
1.099971e-01
1.130687e-01
1.260427e-01
1.394570e-01
8.444891e-02
8.515604e-02
7.067666e-02
8.937832e-02
1.245384e-01
