-1.826137e-01
-3.063833e-01
-2.135839e-02
-1.495432e-01
4.701629e-01
-2.647802e-01
-1.971404e-01
-2.197830e-03
-2.116027e-01
2.426296e-01
-4.913746e-01
-3.918862e-02
-1.783319e-02
1.230300e-01
-8.869852e-02
-2.033999e-01
3.928882e-01
-2.402772e-01
-1.523988e-01
-3.419549e-02
2.672168e-01
2.021081e-01
-3.204596e-01
6.361055e-03
4.960694e-02
-1.716151e-02
-1.867687e-01
-4.659498e-01
1.161375e-01
-2.479114e-01
-5.181305e-01
-2.147712e-01
-1.751689e-01
3.851176e-02
-2.622201e-01
-4.772303e-01
-1.866285e-01
-1.831057e-01
1.477279e-01
-8.518244e-02
-2.883678e-01
4.700137e-02
-3.347876e-01
-6.609377e-02
-2.418349e-02
-4.267407e-01
3.609885e-02
-1.210619e-01
-1.662907e-01
-1.224215e-01
-5.918118e-01
-3.462328e-01
-3.664825e-02
-1.120693e-01
-5.336022e-01
-3.400709e-01
1.695252e-01
-7.363083e-01
6.722455e-02
-2.910391e-01
-3.233776e-01
-8.769478e-01
-5.700696e-01
-1.862574e-01
