2.289119e-01
2.074711e-01
2.278239e-01
2.941862e-01
2.344720e-01
2.801751e-01
2.670608e-01
2.793094e-01
2.707816e-01
2.222860e-01
2.645850e-01
2.620690e-01
2.968904e-01
2.376300e-01
2.451867e-01
2.018825e-01
1.692925e-01
2.164087e-01
2.356951e-01
2.486885e-01
2.502142e-01
2.363192e-01
2.851656e-01
3.315082e-01
2.499742e-01
2.485548e-01
2.570353e-01
2.746309e-01
2.705764e-01
1.907578e-01
2.407997e-01
2.683106e-01
2.180689e-01
2.121613e-01
1.430800e-01
2.263933e-01
2.326649e-01
2.983609e-01
2.877378e-01
2.475153e-01
2.911667e-01
2.492718e-01
2.369411e-01
2.421947e-01
1.993497e-01
2.636653e-01
2.432671e-01
2.897769e-01
2.308627e-01
2.339056e-01
2.396937e-01
2.439022e-01
2.516559e-01
2.421855e-01
2.318762e-01
2.564386e-01
2.803566e-01
3.248167e-01
3.285993e-01
2.323183e-01
2.698963e-01
2.211506e-01
2.741500e-01
3.098102e-01
