5.021935e-01
6.882027e-01
6.332145e-01
7.768919e-01
7.765096e-01
7.678994e-01
5.416150e-01
6.843429e-01
5.814666e-01
7.962058e-01
7.877336e-01
5.330892e-01
6.773170e-01
5.738912e-01
6.551437e-01
6.381710e-01
6.905389e-01
6.996904e-01
7.447888e-01
5.841892e-01
6.578152e-01
6.712079e-01
5.916779e-01
7.799442e-01
7.505389e-01
6.013486e-01
7.415227e-01
6.155737e-01
9.684998e-01
5.380563e-01
7.197475e-01
8.324549e-01
6.540028e-01
7.017031e-01
7.125781e-01
5.184339e-01
8.304313e-01
6.035793e-01
5.835674e-01
6.366962e-01
7.318383e-01
5.471104e-01
6.385772e-01
5.894549e-01
5.880419e-01
6.935549e-01
5.447424e-01
5.806811e-01
7.911857e-01
6.471829e-01
7.089825e-01
7.814481e-01
6.964919e-01
6.689451e-01
6.003754e-01
6.786405e-01
6.408563e-01
6.502352e-01
6.789557e-01
7.716513e-01
6.140031e-01
6.569202e-01
6.666040e-01
5.132113e-01
