-3.046643e-03
-8.411852e-02
1.963260e-02
-1.267965e-01
-2.083558e-01
-8.084309e-02
-2.677462e-02
-9.687853e-02
7.511842e-03
-3.628485e-03
6.653505e-02
2.273115e-02
1.154452e-01
2.465402e-01
4.820906e-02
1.219306e-01
1.708183e-01
5.163467e-03
4.069642e-02
4.750877e-02
-2.156284e-02
-5.759950e-02
4.585498e-02
-2.342071e-02
-9.408975e-02
3.050510e-03
-1.572805e-02
7.714977e-02
-1.988674e-02
6.652058e-02
-8.068310e-02
-1.258033e-01
-6.418104e-02
8.351794e-02
-2.612997e-02
7.130260e-02
4.259584e-02
-2.164374e-02
4.007812e-02
-7.781520e-02
-9.302874e-02
-6.426798e-02
4.337534e-02
-3.624960e-02
3.875487e-02
5.352549e-02
-2.840682e-02
2.255444e-02
-4.460290e-02
-6.636241e-02
-5.213794e-02
7.001936e-02
-2.233074e-02
3.089475e-02
-3.750727e-02
1.637203e-01
-1.376882e-03
-1.795486e-02
4.799291e-01
1.566112e-01
-9.930395e-02
1.173467e-01
-4.512713e-02
2.501769e-02
-1.070917e-01
-3.039731e-02
-1.410288e-01
-2.045982e-01
-1.031274e-01
-2.717635e-03
-5.175335e-02
8.253665e-02
1.600426e-02
-4.905567e-02
2.063180e-02
3.102179e-02
-1.239653e-01
-9.316207e-02
1.169526e-01
-8.362159e-03
-1.100403e-02
6.288580e-02
1.105785e-01
3.093918e-02
1.312283e-01
1.091360e-01
-8.574083e-03
-3.556857e-02
-6.145758e-02
6.582506e-03
-5.455274e-02
-1.543418e-01
-5.922888e-02
-1.384347e-01
-2.591479e-01
-1.393540e-01
-3.382463e-02
-1.296229e-01
-2.267860e-02
-1.635640e-02
9.566669e-02
-9.369440e-03
3.949227e-02
2.065760e-01
9.227091e-02
5.343128e-02
1.313696e-01
5.589608e-02
1.980849e-02
1.780185e-01
9.464767e-02
-2.183814e-02
-6.823794e-02
2.757416e-02
-1.118426e-01
-2.352712e-01
-7.395454e-02
-1.498452e-02
7.280813e-02
-7.867601e-02
1.601745e-01
1.495004e-01
-3.081271e-02
3.439451e-02
6.124767e-02
-4.198327e-02
-1.092009e-01
-2.625113e-01
-3.568025e-02
-6.312001e-02
-1.207890e-01
3.353406e-02
3.387579e-02
2.111384e-01
1.612018e-01
-3.125742e-02
-8.601169e-03
2.551681e-02
-1.492536e-01
-2.239820e-02
1.830616e-01
-2.590895e-02
-4.867101e-02
5.510975e-02
-4.752003e-02
-5.522836e-02
7.051552e-02
-1.294689e-01
-6.219654e-02
2.137775e-01
3.128739e-02
-9.493252e-02
7.027093e-02
2.036677e-02
3.310947e-03
2.584913e-02
-4.476126e-02
-2.472485e-02
1.275310e-01
3.242006e-02
-1.124419e-01
7.877313e-03
-2.530677e-02
-5.515328e-02
4.025487e-03
-3.005065e-02
-2.106231e-01
-5.716258e-02
-1.923128e-02
-4.821198e-02
-1.483247e-02
3.393258e-02
-4.555924e-03
3.202398e-02
3.640084e-03
-1.919665e-01
-2.963916e-02
1.228053e-02
1.137306e-02
-2.707560e-05
5.409120e-02
1.046119e-03
5.463353e-02
4.290172e-02
-1.394843e-01
4.125167e-02
3.442135e-02
6.068791e-02
7.445062e-02
-7.211545e-02
-9.685303e-02
-5.790606e-02
8.035503e-02
1.374326e-01
1.246848e-01
-1.725942e-02
3.084150e-02
-2.296779e-02
-6.114487e-02
-1.200074e-01
-5.503301e-02
6.312479e-02
6.904398e-02
8.278711e-02
-1.557635e-02
-2.481399e-02
-2.525219e-02
-5.598289e-03
1.099701e-02
-2.950335e-02
8.882850e-02
1.607209e-01
6.071081e-02
1.019756e-02
8.448339e-02
-2.292062e-03
3.215253e-02
-4.034079e-02
-8.392742e-02
-1.182569e-01
2.471703e-01
-8.240028e-02
9.483174e-02
-4.065064e-02
-1.355487e-02
3.711998e-02
-2.355291e-02
3.981818e-03
-2.211661e-01
2.739074e-01
-2.996425e-03
1.976445e-02
-8.216773e-02
-2.865014e-02
2.474371e-02
-4.943481e-03
3.002239e-02
-1.031610e-01
5.328391e-02
-5.790832e-02
6.961828e-02
-8.909687e-04
-8.052405e-03
7.730789e-02
2.936307e-02
4.073790e-02
1.461082e-02
-1.088034e-01
-6.172178e-03
4.416240e-02
-5.318746e-03
4.089178e-02
3.627635e-02
-6.420596e-03
2.254798e-02
1.330364e-02
-1.685960e-01
-3.746836e-02
4.291251e-02
-5.047800e-02
1.024663e-02
-2.396395e-03
-3.661979e-02
-1.500384e-02
-4.142330e-02
-1.915675e-01
-7.520641e-02
-4.142513e-02
-8.257265e-02
-3.788817e-02
4.651513e-02
1.307264e-01
6.269308e-03
5.581364e-02
-8.673834e-02
-1.161261e-01
2.769168e-02
-3.139626e-02
1.143388e-02
8.664537e-03
4.745857e-02
9.151448e-03
-9.468124e-02
-1.424864e-01
-1.069084e-02
3.934098e-02
4.893836e-02
1.466955e-01
-1.456147e-02
9.422338e-02
3.450331e-02
-8.746380e-02
-4.460679e-02
-2.154497e-03
3.656913e-02
-2.782851e-02
-2.252873e-02
3.491432e-02
3.154634e-02
5.468691e-02
3.179059e-02
8.003071e-02
2.979222e-02
4.650093e-03
6.167958e-02
2.006325e-02
-1.351789e-02
-2.843440e-02
-2.228823e-02
2.757761e-02
1.138875e-01
1.720111e-02
-6.801752e-02
4.882663e-02
-3.457436e-02
-2.211749e-02
-1.719576e-02
-3.254560e-02
2.824823e-02
8.905184e-02
6.662397e-03
-5.975820e-02
4.396646e-02
-3.668978e-02
1.220778e-02
8.561075e-02
1.468301e-02
2.199307e-02
1.629432e-01
6.795145e-02
-1.414138e-02
4.973187e-02
-1.810827e-02
1.400016e-02
2.636757e-02
-3.327983e-02
1.428772e-01
1.812973e-01
1.128304e-01
-1.172509e-02
2.849579e-02
8.155374e-03
-3.100381e-02
-1.270112e-01
2.823441e-02
-5.419880e-02
-2.730854e-01
-8.294784e-02
-8.565279e-03
-1.487412e-01
-4.362397e-02
-4.290922e-02
-1.283390e-01
6.378484e-02
-1.488371e-01
6.061151e-02
3.662284e-03
-7.202116e-02
6.988742e-02
1.627433e-01
-2.436686e-02
-5.756299e-03
-1.316358e-02
1.284615e-01
2.325021e-01
-2.333492e-01
-6.545136e-03
2.281927e-02
-2.354925e-02
4.532441e-02
3.920563e-02
4.043520e-02
5.803950e-02
5.792261e-02
-1.539330e-01
-2.015820e-02
-9.912337e-02
-2.419541e-02
2.721283e-02
1.290669e-01
7.555848e-02
5.468407e-02
7.307386e-02
3.885777e-02
-9.596911e-02
-1.877129e-01
-1.325245e-01
3.692901e-02
1.524386e-01
7.004732e-02
8.971935e-02
9.498964e-02
1.583985e-02
-5.670895e-02
-1.632525e-01
-1.375603e-01
3.747230e-02
1.158305e-01
3.018902e-02
8.096883e-02
7.067564e-02
-7.913720e-03
-2.200968e-02
-1.091348e-01
-1.159567e-01
7.766212e-02
-4.084682e-02
-1.700411e-02
1.670789e-01
-4.554570e-02
-1.000114e-01
2.095810e-02
-4.247982e-02
-2.003925e-02
7.279667e-02
-7.312398e-02
-5.412656e-02
2.072991e-01
-6.582635e-02
-1.259428e-01
8.822159e-02
4.473838e-03
9.749584e-04
4.100579e-02
-8.928072e-02
-7.933061e-02
1.745967e-01
-6.268698e-02
-1.381670e-01
1.220842e-01
1.253695e-02
-2.553234e-02
