-4.709493e-02
-8.355349e-02
6.963139e-02
9.128078e-02
-7.827216e-02
-1.596149e-01
1.382724e-02
1.427810e-01
1.782953e-02
1.484978e-02
-1.969619e-02
3.314030e-03
5.236014e-02
8.582852e-02
-6.041726e-02
-7.269479e-02
-7.771098e-02
3.037354e-02
-1.098582e-03
5.325946e-02
-2.884463e-02
-1.005170e-01
1.788893e-02
7.044064e-02
1.886151e-02
-8.306488e-02
1.827954e-02
1.128435e-03
-3.124287e-02
3.920783e-03
1.108343e-02
2.048113e-02
7.273451e-03
1.773998e-02
2.028149e-02
-3.399413e-02
2.401347e-02
9.748666e-03
4.578114e-04
-3.814699e-02
1.136478e-02
1.374689e-03
-9.577835e-03
-1.395846e-02
-2.067669e-02
-2.238748e-02
-1.053053e-01
3.009510e-02
8.852346e-02
-2.584652e-02
-8.290956e-02
5.429497e-03
8.380561e-02
2.816639e-02
-1.867466e-02
-5.342177e-02
2.966608e-02
-1.071268e-02
-1.208232e-02
-1.757502e-03
1.791336e-02
2.645506e-02
-5.123506e-04
-4.606893e-02
-5.965938e-02
-3.024978e-02
4.179686e-02
1.392351e-03
1.018351e-02
7.510704e-03
-3.325831e-02
-3.648304e-03
-1.001004e-02
1.693807e-02
1.067874e-02
-5.275515e-02
2.206319e-02
3.195282e-02
-1.956499e-02
-1.183924e-01
7.725760e-03
7.173858e-02
2.456691e-02
-1.519599e-01
-1.392618e-02
9.035598e-02
1.004103e-01
-5.434132e-02
-1.059032e-01
-3.155807e-02
-3.212278e-02
8.825018e-02
8.252922e-02
-1.186082e-01
2.770548e-02
1.373615e-01
7.518424e-03
-6.088642e-02
-1.176234e-01
-6.219111e-02
-1.729277e-02
-1.953861e-02
2.147505e-02
7.280362e-03
-1.127658e-02
6.439037e-02
2.268795e-02
-3.981052e-02
5.279879e-03
-1.094854e-02
-1.530213e-02
-1.244385e-02
-3.520407e-02
6.507573e-03
-1.336471e-02
2.264498e-03
3.158396e-02
2.858417e-02
1.128402e-02
2.367277e-02
1.021205e-02
1.030971e-02
4.543845e-02
-2.512861e-03
-3.369217e-02
-2.810170e-04
4.062470e-02
-5.494276e-02
4.720567e-02
-1.252363e-02
4.755826e-03
1.048869e-03
-3.121060e-02
8.019579e-03
-1.144515e-02
5.606293e-03
-1.994164e-02
-2.190039e-02
1.168680e-02
6.009147e-03
-6.424418e-03
-1.132379e-02
1.540738e-02
6.685264e-02
5.742671e-02
3.216421e-02
-6.457258e-02
7.725012e-03
-1.693514e-01
4.851371e-02
-6.501841e-02
6.400997e-02
7.518721e-02
-4.884117e-02
-4.209804e-02
2.138390e-02
2.200713e-02
6.712171e-02
4.110376e-03
4.093127e-02
-5.023593e-02
-4.954194e-02
-1.034667e-02
-1.162974e-01
3.516934e-03
-6.365699e-02
2.266991e-02
1.384392e-01
7.569198e-04
8.092310e-02
-4.750636e-02
3.829414e-03
-1.676458e-02
-3.095562e-02
-3.450305e-03
-2.625825e-02
-1.184205e-02
-1.437889e-02
-1.829212e-02
3.509421e-02
7.953339e-03
-1.894814e-02
-3.290281e-03
-1.310784e-02
-1.722993e-02
-2.613179e-02
-5.315746e-03
-1.343460e-02
3.412174e-03
3.919810e-02
2.963083e-02
6.348476e-02
5.460336e-02
5.033686e-02
-8.806607e-02
-6.716644e-03
-8.147170e-02
-1.318193e-02
5.774670e-03
-7.054913e-03
-1.523791e-02
2.971367e-02
2.660422e-02
2.587134e-02
-8.085129e-02
-1.781718e-02
4.551077e-02
-2.303576e-02
-6.878010e-02
-7.496122e-02
4.060361e-03
-2.915329e-02
-1.304968e-02
9.370042e-04
-3.622128e-03
1.877371e-02
-1.162398e-02
1.657908e-01
3.825436e-03
3.516128e-02
1.006629e-01
-7.239311e-02
-1.938653e-02
-7.489518e-02
-6.658692e-02
-4.210008e-02
-5.427413e-02
9.825863e-02
-7.188184e-02
9.014727e-02
3.926355e-02
-5.384106e-03
-2.986294e-02
-4.070213e-02
-2.821994e-02
5.750978e-03
-1.389663e-02
-8.886707e-03
-1.443243e-02
1.505751e-02
1.224175e-02
3.941542e-02
5.538150e-02
1.740232e-02
4.731017e-02
-3.480134e-02
2.680004e-02
-5.078852e-02
-4.622603e-02
1.762771e-03
-2.865241e-02
2.244864e-02
-6.820343e-02
5.543574e-03
7.204418e-02
-2.395306e-02
6.373929e-02
2.047899e-02
6.585506e-02
4.711874e-02
-2.063752e-02
-2.946724e-02
2.020942e-02
-1.835265e-02
2.063673e-02
-1.472485e-02
6.826863e-03
-2.876217e-02
-2.085798e-02
2.840873e-02
2.233722e-02
-6.744251e-02
-4.062627e-03
1.014441e-02
-2.458877e-02
3.721638e-02
5.511108e-03
-7.517114e-03
6.431785e-02
-1.981895e-02
1.588436e-02
4.188269e-02
5.115326e-02
4.779249e-02
-2.193982e-02
1.317354e-02
-2.439252e-02
-6.849921e-02
-1.585078e-02
9.184795e-03
-4.615882e-02
-2.606855e-02
2.701503e-02
-2.276624e-03
9.355132e-03
2.182443e-02
6.094295e-03
5.462064e-02
4.539561e-02
-5.405444e-03
-5.460528e-02
-2.640403e-02
2.479806e-03
-8.757074e-04
1.227552e-02
4.493279e-02
1.312158e-02
2.980450e-02
1.033107e-02
-1.634407e-02
-2.256062e-02
1.108504e-02
1.120565e-02
2.497797e-02
-1.229097e-02
1.198503e-02
2.193648e-03
-2.675742e-02
7.607155e-03
3.416719e-02
-2.868737e-02
-5.400059e-02
3.292985e-02
1.669558e-03
3.384384e-03
-1.636281e-02
-2.161476e-02
2.787858e-02
4.725084e-02
3.880996e-02
-1.787189e-02
-3.348648e-02
-1.954521e-02
2.943545e-02
1.310960e-02
2.643366e-02
-1.771887e-02
-3.758915e-02
1.590663e-02
1.312502e-02
-4.859428e-03
1.311210e-02
5.821310e-03
7.083336e-02
1.456259e-02
3.528292e-02
3.382514e-02
7.508855e-03
-4.311509e-02
-5.686332e-02
1.418416e-02
7.844798e-03
-1.570869e-02
-8.002277e-03
-2.586059e-02
-3.862216e-02
-3.177242e-02
1.971733e-02
-2.819122e-02
-2.294256e-02
-3.536626e-03
-2.201124e-02
-3.589430e-02
-6.016926e-02
-4.510655e-02
-5.095588e-02
3.269678e-02
1.057412e-01
1.500262e-02
-2.617998e-02
-4.041113e-02
-4.961512e-02
7.142065e-03
1.536272e-02
2.248446e-03
1.343724e-02
5.279448e-02
4.603096e-02
1.643976e-03
3.291022e-02
1.281438e-02
-3.036204e-02
-1.952301e-02
-3.007334e-02
-1.166314e-02
2.277015e-02
-1.107590e-02
-7.049534e-02
-1.080954e-01
-5.051954e-02
-3.516165e-03
1.841135e-02
-2.824772e-02
1.017981e-01
1.312900e-01
6.659693e-02
-3.278121e-02
1.171275e-02
-2.573766e-02
-1.005746e-01
-1.105489e-01
-8.529835e-02
-3.087152e-02
-1.035382e-02
-7.490979e-02
-2.608592e-02
-2.011059e-02
-2.985566e-02
-1.204535e-02
2.341085e-03
5.085899e-03
2.934670e-02
7.339173e-03
-2.216955e-02
-9.436643e-02
-1.396700e-01
-9.525770e-02
-3.028399e-03
3.918578e-03
-4.753258e-02
8.069763e-02
1.562596e-01
7.265303e-02
-3.391956e-02
-2.845378e-02
5.324676e-02
1.039852e-02
-1.351714e-02
2.074003e-02
1.424627e-02
-2.352142e-02
-1.389211e-02
8.151635e-03
7.497979e-02
-6.954420e-02
-6.393230e-02
1.252996e-01
3.662894e-03
-2.373544e-02
-3.897193e-02
2.468018e-02
-6.407485e-04
3.924115e-03
-1.962746e-02
-3.001460e-02
4.185963e-02
-7.976688e-03
-6.313910e-04
7.629471e-03
3.772163e-03
-2.445870e-02
-1.301487e-01
1.126149e-01
1.128749e-01
-1.783340e-01
1.706703e-02
5.796561e-02
3.873032e-02
-7.303507e-02
-1.091162e-02
1.724211e-02
4.263958e-02
1.265366e-02
1.553312e-02
-6.785345e-03
3.550491e-02
-4.736971e-03
-5.007025e-02
-2.926393e-03
3.723123e-02
-1.269472e-02
-1.624032e-02
3.490375e-02
-9.091421e-03
-1.872822e-02
-5.838752e-03
3.936932e-02
-4.863712e-02
7.705103e-02
2.014219e-02
-1.509882e-01
4.896288e-02
3.756705e-02
-1.947448e-02
-5.501915e-02
3.911898e-02
-7.761900e-04
-1.035551e-02
-2.578901e-02
-2.991977e-02
-1.606803e-02
-1.811688e-02
-2.066750e-02
-3.524103e-02
-4.392456e-02
-1.889252e-02
5.894796e-02
-2.005442e-02
-1.500444e-02
3.770550e-02
-5.810478e-02
-5.471462e-03
6.664448e-02
-3.612190e-02
2.827679e-02
-6.446177e-02
4.377773e-03
7.622392e-02
-4.446613e-02
-6.014462e-02
3.396548e-02
-3.413774e-03
-6.508925e-02
-6.405921e-02
-1.208017e-02
5.913053e-02
3.733626e-02
-1.268770e-01
7.645741e-02
5.599037e-02
-6.453560e-02
1.409640e-02
9.700686e-02
-4.633958e-02
-1.867641e-02
6.210747e-02
7.095613e-02
-9.759422e-02
3.941664e-03
4.723402e-02
-6.377526e-03
2.098146e-02
-3.891181e-02
-4.043155e-02
1.145324e-02
-3.988708e-02
-4.108362e-02
2.140136e-02
3.919983e-03
1.203002e-02
-1.640601e-02
-8.499530e-04
2.900719e-02
-3.056104e-03
-3.641059e-03
1.032027e-02
2.474048e-02
-3.649811e-02
8.586879e-04
-2.589853e-02
3.697810e-03
1.117953e-02
-2.706278e-02
-3.212617e-02
1.866134e-02
-3.475608e-02
-1.746889e-02
5.314393e-02
-1.263499e-02
1.094147e-02
3.296984e-02
-2.269487e-02
-1.895076e-02
2.356326e-03
1.313678e-02
2.693908e-02
1.768600e-04
-2.379901e-02
-1.030919e-03
-1.703082e-02
-1.886489e-02
1.564749e-02
2.612081e-02
-9.914850e-04
6.138715e-03
3.077407e-02
-1.319252e-02
-6.912071e-02
1.323806e-01
5.008312e-02
1.534158e-01
-2.047821e-01
-1.354606e-03
-5.045564e-02
-1.215797e-02
-1.024538e-03
-4.922432e-02
3.932292e-02
-7.395881e-02
2.192025e-02
3.820148e-02
5.231764e-03
4.319948e-03
7.197770e-03
-4.236879e-02
1.713077e-01
-1.712041e-01
7.295562e-02
-2.150268e-01
1.383808e-01
1.160923e-03
1.175904e-02
1.152976e-02
2.659723e-02
-6.038944e-03
-2.250026e-02
5.991668e-03
3.930435e-03
-1.396286e-02
3.078723e-03
1.484795e-02
-6.841316e-04
-2.891525e-02
2.417219e-02
1.655800e-02
-2.398845e-02
-8.693044e-05
-2.590164e-02
1.879027e-02
-6.885649e-03
1.681134e-02
2.088779e-02
-1.661285e-01
-2.716955e-02
-8.837879e-02
1.052754e-01
3.927532e-02
2.041108e-02
4.155543e-02
2.868282e-03
-1.690088e-02
3.677161e-02
-7.556938e-03
-3.378453e-02
2.402635e-02
1.929133e-02
-3.358082e-02
-3.852849e-02
-2.615194e-02
-3.254128e-03
8.807296e-04
-1.466226e-02
-1.008273e-02
-2.402705e-02
2.245391e-02
2.607862e-02
-6.031455e-03
1.928700e-02
-7.190865e-02
-3.885561e-03
6.557722e-02
-2.631929e-02
-2.826863e-02
4.647994e-02
-1.127165e-02
-3.931291e-02
-1.548550e-02
-9.215352e-03
1.075403e-01
-1.398551e-01
1.539762e-03
-6.138514e-02
1.296344e-01
2.548975e-02
6.194917e-04
-2.826205e-02
9.952586e-03
4.049927e-02
1.670391e-02
-2.331748e-02
-1.256422e-01
7.916357e-03
1.358702e-02
1.027621e-03
-1.274775e-02
1.130950e-03
-2.532519e-02
9.517112e-02
2.075996e-03
4.072334e-02
5.541036e-03
-1.417315e-02
4.557956e-04
-4.268852e-02
-2.657327e-02
-1.369053e-02
5.948889e-02
1.773842e-02
1.023900e-02
-3.215340e-02
8.410667e-02
-3.348799e-02
-4.984374e-02
5.479198e-02
2.868021e-02
-1.992742e-02
7.512042e-03
-4.261214e-02
-4.524575e-02
-2.440741e-02
-3.113320e-02
1.580436e-03
7.210035e-03
5.263111e-02
-9.016337e-02
2.798641e-03
-9.955072e-03
-3.832364e-02
-9.430311e-03
-1.366676e-03
5.358237e-02
1.585486e-03
2.472399e-02
-2.040022e-02
4.661894e-02
2.925009e-02
-3.241374e-02
-8.895122e-03
-2.285666e-02
4.213734e-02
9.025876e-03
-3.812108e-03
7.315218e-05
-2.273117e-03
-2.788795e-02
4.167626e-02
-1.235863e-02
-2.804561e-02
5.529001e-03
-2.953392e-02
-3.269425e-02
-3.301926e-02
-3.566992e-05
4.146644e-02
-2.105182e-02
1.566975e-02
3.518690e-03
1.228059e-02
-2.087698e-02
2.429479e-02
-2.446226e-02
1.952893e-02
1.029689e-02
-1.920696e-02
-1.881920e-02
4.751215e-02
2.952445e-02
-7.108434e-03
-3.003674e-02
2.403694e-02
-8.942747e-03
-4.748990e-02
-2.955680e-02
7.881422e-02
3.875503e-02
-2.402275e-02
6.070377e-02
6.849705e-02
-6.479865e-02
1.968747e-02
9.178948e-02
1.575262e-02
-6.187200e-02
1.326088e-02
6.542085e-02
4.071209e-02
2.609652e-02
3.604629e-04
-7.426617e-02
1.994377e-02
-1.292297e-02
-2.320424e-02
-9.645584e-03
2.323901e-02
4.195156e-02
-3.686470e-02
-7.717276e-02
4.087473e-02
3.281477e-03
8.161206e-03
-2.016776e-02
4.965575e-02
1.543363e-02
-2.202642e-02
-1.469889e-02
-2.926057e-02
-1.357038e-03
1.715159e-02
-1.396786e-02
1.274465e-02
1.548211e-02
-1.790467e-02
-1.350235e-02
4.718200e-02
3.286699e-02
-1.359916e-02
3.504175e-02
-3.314692e-04
-6.953984e-03
5.913156e-04
-1.683539e-02
5.643465e-03
-8.045452e-03
-2.240344e-02
-8.185825e-03
2.481713e-02
-1.492751e-03
1.281831e-03
1.948299e-02
3.676454e-02
-2.391068e-02
2.262358e-02
-4.613446e-02
-2.335826e-02
9.659879e-02
8.774368e-02
-5.704369e-02
3.866356e-02
4.843019e-02
-1.534581e-02
4.578229e-02
9.491716e-02
-5.443244e-02
-1.669071e-02
8.176759e-02
-3.884908e-02
-8.399160e-02
2.843977e-02
6.991514e-02
3.004789e-02
-4.305910e-02
2.549373e-02
1.062146e-01
6.684306e-02
-5.507322e-02
5.496438e-02
7.633097e-02
-1.484565e-02
1.937779e-02
-7.452382e-03
-1.622565e-02
8.932290e-03
1.638273e-02
2.281507e-02
-7.363963e-03
-5.158675e-02
2.464069e-02
7.597163e-03
-1.644940e-03
-3.602536e-02
-5.373834e-02
-2.069373e-02
6.391633e-02
3.059710e-02
5.327933e-03
2.004837e-02
-2.385605e-02
-6.201597e-02
1.013970e-02
7.048702e-03
-3.100693e-02
-8.277003e-03
5.446900e-02
5.442600e-02
-1.279955e-02
-1.058894e-02
2.573993e-02
-9.319183e-02
1.911757e-02
5.769803e-02
3.175119e-02
7.192443e-02
3.959832e-02
-1.524268e-02
-2.582488e-02
-5.359663e-03
9.557307e-03
2.915805e-02
-3.648145e-02
-5.429828e-02
-4.123401e-02
-1.430909e-02
1.330485e-02
1.479255e-02
-2.263370e-03
6.986112e-02
5.561399e-02
-2.461809e-02
1.037074e-02
-3.628620e-02
-3.127071e-02
-1.140358e-02
-2.738244e-02
-4.194879e-02
-1.556800e-02
-1.632801e-02
1.326070e-02
-6.602615e-03
-4.036135e-02
7.203276e-03
-3.145819e-03
2.329938e-02
-1.768629e-02
1.661240e-02
3.142958e-02
1.603765e-02
1.499417e-02
-3.842720e-02
-1.165028e-02
-1.618314e-02
4.786222e-02
-1.157824e-02
-6.360967e-02
-1.394051e-01
-7.896478e-02
-8.833591e-02
-9.236902e-02
-8.259474e-02
-2.979960e-02
-3.195248e-02
-3.762881e-02
2.127650e-02
2.812975e-02
-2.522965e-02
5.201694e-03
-3.194167e-03
-1.728751e-02
-9.774779e-02
-1.274539e-01
-5.360386e-02
-9.183028e-02
-9.853448e-02
4.959236e-03
-3.925577e-02
-4.006875e-02
7.104741e-02
-1.992961e-03
1.715963e-02
-5.441811e-02
3.957989e-02
-2.540461e-02
-3.542506e-02
9.212504e-03
-4.952811e-03
8.218460e-03
-2.908023e-02
5.537901e-02
-1.924991e-02
3.181480e-02
2.264318e-02
-5.277915e-02
-1.000230e-02
-1.195168e-01
-8.502011e-02
6.785145e-02
2.223499e-02
-1.405853e-03
9.456349e-02
1.520386e-02
4.168107e-02
7.911799e-02
-3.972725e-02
-3.472775e-02
-4.101482e-02
-4.288640e-02
-2.568609e-02
-7.597019e-03
4.227645e-03
5.878895e-02
1.971152e-02
4.879881e-02
6.550953e-02
-6.574370e-02
4.811289e-03
2.680400e-02
-3.238807e-02
-5.512005e-03
9.739207e-03
-2.415237e-02
1.394709e-02
-1.628957e-02
2.703503e-03
3.842238e-02
8.072293e-04
3.472590e-02
3.057398e-02
-2.337967e-02
5.313944e-02
-3.087275e-03
-9.102486e-02
4.088674e-02
7.092894e-03
4.872290e-03
6.210638e-03
2.276152e-02
-6.761791e-03
2.962349e-02
4.993960e-02
2.050160e-02
-2.710466e-03
-6.535428e-04
-3.514297e-03
3.589641e-02
-5.774192e-04
-1.042337e-03
5.177002e-02
1.056127e-02
2.602606e-02
-1.354504e-02
-4.060794e-02
-2.173883e-02
-1.233724e-02
3.793220e-02
-8.939107e-03
1.659559e-02
8.385649e-02
1.172090e-03
-5.034612e-02
-7.815706e-02
1.047471e-02
7.734880e-02
1.077216e-01
1.849798e-02
-9.270250e-02
-5.350517e-02
-9.545589e-02
-2.224421e-03
1.436288e-02
1.542122e-02
-3.479885e-02
4.387206e-02
-3.143588e-02
-2.979936e-02
-2.200967e-02
-3.804105e-03
6.079637e-03
1.475714e-02
-3.915534e-02
-3.396947e-02
-6.681823e-03
-1.880798e-03
-1.444426e-02
-2.302320e-02
-2.256566e-02
-1.458863e-02
1.381727e-02
-2.018079e-02
-3.811215e-02
-4.490179e-04
-4.755854e-02
-1.358893e-02
1.434024e-02
1.428492e-02
2.105197e-02
1.574713e-02
-5.963852e-02
2.369615e-02
2.750257e-03
-1.167505e-02
-8.554114e-02
-3.181155e-02
2.025273e-02
3.591602e-02
2.705803e-02
1.729990e-03
-2.933436e-04
4.131994e-02
1.372569e-03
-7.714359e-03
-5.843954e-02
-6.389719e-02
-1.016501e-02
-3.759611e-02
-2.574535e-02
-1.366859e-02
-2.728102e-02
-2.604108e-02
1.489433e-02
6.588477e-03
1.254177e-02
-2.664704e-03
2.044470e-03
3.457764e-02
-8.998712e-02
-1.079163e-01
-5.535785e-02
-2.907890e-03
-7.692230e-02
-2.194013e-02
8.484936e-03
3.692501e-02
1.747000e-02
7.628222e-02
5.160113e-02
-1.077947e-02
-6.000583e-02
-1.267591e-01
-4.436627e-02
3.448945e-02
3.014227e-02
-2.388223e-02
-7.764184e-02
-7.174750e-02
-2.664838e-02
-5.453476e-02
-1.045098e-01
-1.103875e-01
-5.956339e-02
-4.358092e-02
-7.641865e-02
2.627985e-02
1.853720e-02
4.538721e-03
5.836139e-02
4.351793e-02
1.141248e-02
-4.300106e-03
4.539005e-02
2.842509e-03
-1.149469e-02
3.139824e-02
1.632818e-02
6.043656e-03
6.317393e-02
5.972746e-02
4.282473e-02
7.108181e-02
2.185851e-02
6.723440e-02
1.113897e-01
6.645522e-02
-6.656776e-02
-7.848639e-02
-1.088982e-01
7.944690e-02
1.137837e-01
5.938430e-02
1.322015e-03
7.714277e-02
3.768608e-02
-5.310567e-02
-3.256178e-02
-5.547978e-02
3.202133e-02
2.638181e-02
-9.096378e-03
1.215684e-02
2.120265e-03
2.232489e-02
-3.028958e-02
-2.628221e-02
-1.896103e-02
-1.201573e-02
-1.744070e-02
2.447093e-02
2.583975e-02
1.833794e-02
3.933641e-02
2.560187e-02
6.789425e-03
1.502667e-02
-3.069922e-02
-5.108699e-02
2.656281e-02
-1.090358e-01
1.746728e-02
1.494647e-01
-4.854349e-02
5.989159e-02
5.024786e-02
-3.322965e-03
-7.461720e-03
1.961203e-02
2.172237e-02
9.677190e-03
2.453133e-02
-4.246092e-03
-1.624497e-02
6.677819e-03
-7.596160e-03
-5.456308e-03
-5.538064e-02
8.163065e-03
-2.363857e-02
-2.515916e-02
1.345374e-02
-1.233853e-02
-2.683932e-02
-7.510139e-02
-1.225845e-01
-6.589073e-02
1.682071e-02
-2.740566e-02
-5.035798e-02
9.886850e-02
8.142100e-02
-1.510213e-02
1.756137e-02
2.433326e-02
3.604199e-02
-3.376267e-03
-2.203572e-02
-6.601698e-02
-1.773196e-02
-5.636682e-02
-4.324638e-02
-1.317700e-03
-4.045503e-02
-3.696586e-02
-3.484301e-02
-4.112015e-02
-8.881609e-03
-2.003449e-02
-9.831810e-03
6.703122e-03
4.348662e-02
5.899317e-02
4.614420e-02
1.088777e-02
2.692395e-02
5.111124e-03
1.829875e-02
2.570980e-02
-1.025739e-02
-8.780472e-03
5.470474e-03
-1.195003e-02
3.759579e-02
2.645391e-02
5.293290e-03
8.150102e-02
4.750141e-02
2.418646e-02
3.115500e-02
2.148929e-02
2.532723e-03
-7.848673e-03
-2.389014e-02
-2.904601e-02
-1.042287e-02
-1.784841e-02
-3.053243e-02
4.193698e-02
2.223907e-02
-3.548310e-03
2.568949e-02
-4.516407e-03
-2.038419e-02
-2.580510e-02
8.178326e-03
-7.159172e-04
4.521635e-02
4.260247e-02
2.725244e-02
4.543601e-02
-2.458282e-03
-5.472966e-02
3.371412e-02
-4.042777e-02
-6.253648e-02
-8.215015e-02
-2.018321e-02
6.205298e-02
-6.613024e-02
9.515623e-04
3.722210e-02
6.519180e-02
8.964050e-02
1.460052e-02
-2.428002e-02
-3.080882e-02
-3.410796e-02
1.266191e-01
1.381882e-01
3.635089e-02
1.358474e-01
1.290029e-01
1.926950e-02
-4.394821e-02
-5.407211e-02
-3.091576e-02
-4.692832e-02
-9.116867e-02
-4.576243e-02
-5.735312e-02
-9.693284e-02
-4.451336e-02
-2.151927e-02
-3.506253e-02
1.381539e-02
-2.682992e-02
-4.310130e-03
7.454710e-02
-2.175871e-02
-1.153897e-02
6.698720e-02
1.240466e-03
2.942766e-02
2.344403e-03
5.173275e-02
7.822385e-02
2.296688e-03
-4.387063e-02
-5.539820e-03
1.071186e-03
3.167751e-02
6.139033e-02
5.065619e-03
6.000280e-03
5.937027e-04
-4.632888e-03
1.921980e-02
-1.820019e-02
-3.112575e-02
-4.037255e-02
2.520227e-02
2.531593e-02
-9.898869e-03
-1.682955e-02
3.067668e-02
-5.622204e-03
-6.211654e-03
-1.674811e-02
-2.442754e-02
-1.454167e-02
3.169163e-02
-3.902070e-02
1.054235e-02
5.024965e-02
5.691944e-03
4.994013e-02
3.895557e-02
1.912476e-02
-1.011584e-03
-7.398286e-02
6.337253e-02
-1.671117e-04
-6.856497e-02
3.492280e-02
1.188539e-02
-9.308712e-03
-1.256144e-03
-1.402087e-02
1.411588e-02
2.054518e-02
5.328526e-02
2.916946e-02
6.585057e-04
2.840342e-02
-2.067638e-03
4.881443e-03
-5.265874e-02
-5.209350e-02
-4.174698e-02
-1.244199e-01
-8.232596e-02
-1.239597e-02
-8.353281e-02
-5.075607e-02
-1.268966e-03
2.547606e-02
-1.336765e-02
-1.518378e-03
3.166628e-02
-9.847336e-03
-3.459903e-02
4.220054e-03
-4.052184e-02
-9.465339e-04
-1.031422e-02
-8.962149e-03
-2.237918e-02
1.621481e-02
1.596245e-02
3.484269e-02
8.570567e-02
3.880345e-02
1.838738e-02
-1.761379e-02
-1.204613e-04
-4.701102e-02
-7.656239e-02
2.524189e-02
-1.497473e-04
4.792192e-03
5.347471e-02
6.794628e-03
-6.006590e-02
-5.186252e-02
3.287110e-02
-7.510637e-03
-3.226525e-02
2.521127e-02
5.223265e-02
1.123660e-03
7.893384e-02
8.374255e-02
4.074328e-02
6.121936e-02
1.027571e-01
3.663341e-02
6.295981e-02
8.122227e-02
3.746421e-02
-3.428890e-02
-7.286465e-02
-1.426213e-02
-7.125905e-03
-7.894169e-03
7.388980e-04
3.857987e-02
1.182279e-01
1.164268e-01
-1.577231e-02
-1.132424e-02
3.129839e-03
-2.515392e-02
-3.983925e-02
-1.687857e-02
-6.762644e-02
-6.408437e-02
-1.159550e-02
-2.447509e-03
3.949846e-02
6.549868e-03
7.721678e-03
9.913047e-02
5.429899e-02
-4.937167e-02
-1.635678e-02
-5.625457e-02
-2.248296e-03
-1.820612e-02
-4.311268e-02
4.832551e-02
-1.949010e-03
-2.652262e-02
3.631293e-02
-1.587621e-02
-2.022571e-02
3.812932e-02
-4.531700e-02
-1.951310e-03
5.834031e-02
-1.904485e-01
1.098900e-01
-1.750118e-03
-7.878801e-02
5.846675e-02
-1.644543e-02
3.503067e-02
-4.295300e-02
-1.682845e-02
5.640835e-03
-2.995012e-02
-5.097435e-02
-2.267631e-02
8.165643e-02
7.049574e-03
-1.567393e-02
4.170074e-02
-1.662040e-01
2.274035e-01
-7.397850e-02
-6.178426e-02
2.012689e-01
-1.699554e-01
3.941502e-06
-3.772864e-02
-2.736018e-02
-2.314290e-04
-1.845513e-02
-1.055735e-02
3.261304e-03
-1.726859e-02
1.643527e-02
-5.979969e-02
2.558384e-02
2.307082e-02
-5.686690e-02
4.822678e-02
5.080111e-03
3.782521e-03
2.129608e-03
4.788986e-03
7.469156e-02
2.929789e-02
-7.769596e-02
1.072219e-01
-8.131631e-02
6.893693e-03
9.760044e-02
-1.083689e-01
1.199908e-02
1.321256e-02
2.375695e-02
-2.845018e-02
4.397309e-02
8.112337e-02
-1.019223e-02
1.105556e-02
2.252128e-02
-6.380639e-03
5.723835e-02
-4.939846e-02
-4.061004e-02
6.890731e-02
-2.318657e-02
1.300787e-02
4.247024e-02
-6.042022e-02
-2.092877e-02
-1.729158e-02
-1.942248e-02
3.770819e-02
-1.182814e-02
-3.107076e-03
-3.893536e-02
5.886883e-02
3.853225e-02
-3.653293e-02
-1.283603e-02
4.558208e-02
-8.264273e-02
-4.315315e-02
1.229741e-01
-1.131907e-01
2.398639e-03
4.047246e-02
-8.431830e-02
-4.277958e-02
6.787364e-02
-5.293826e-03
-2.745295e-02
1.583006e-02
-5.687799e-04
-2.099174e-03
-2.485728e-02
7.409318e-03
-4.084117e-02
3.103093e-02
7.456177e-02
-2.650903e-03
-6.999615e-03
3.899094e-02
5.929545e-03
-2.711946e-02
3.831851e-02
-3.133320e-03
-3.830472e-02
-1.332934e-03
2.001673e-02
7.416602e-03
-7.331396e-03
-6.136187e-05
3.063516e-02
-4.489149e-02
-1.004640e-02
4.116742e-02
-2.988599e-02
1.317638e-02
1.954128e-02
-7.656936e-03
-2.406433e-02
-9.271749e-03
-4.069469e-03
4.352970e-02
2.231712e-02
6.540294e-04
-5.837658e-03
-4.904789e-03
-1.484372e-02
1.260132e-02
3.212381e-02
-1.266823e-02
-1.863737e-02
1.095160e-02
2.368354e-02
2.847956e-02
2.605637e-02
1.577236e-02
5.115480e-03
2.218759e-02
-3.078291e-03
-4.681582e-05
-1.105516e-02
-2.228729e-02
-3.436916e-02
1.235984e-01
-1.115736e-03
-4.073335e-02
-9.989648e-02
-1.522569e-02
-8.867053e-03
7.545564e-02
-3.446119e-02
-7.309601e-02
-8.261123e-02
-1.875628e-02
3.380105e-02
9.427290e-02
1.010211e-04
6.380264e-03
4.319654e-04
1.982000e-02
4.197753e-03
-1.305496e-02
-3.722865e-02
-4.352674e-04
6.997106e-02
2.488099e-02
-4.859281e-02
-3.771295e-02
-7.233834e-02
-4.375946e-02
-1.927928e-02
-5.373757e-02
-5.104011e-02
-3.743409e-02
-2.864455e-02
-2.020458e-02
3.698499e-03
3.086652e-02
-2.282645e-02
-1.033539e-02
-2.106930e-02
5.539316e-02
3.755985e-02
2.300213e-02
-2.736178e-02
1.904836e-02
4.109000e-03
-2.557893e-03
1.241211e-02
4.896487e-02
4.494320e-02
2.730422e-02
-3.252368e-02
-2.014151e-02
-2.201259e-03
-1.846793e-02
-1.413786e-02
-5.232846e-02
-4.621165e-02
-2.820097e-02
-1.272458e-02
-7.077698e-03
1.975157e-02
-3.478755e-02
3.019434e-02
-8.878425e-02
-1.310864e-01
-6.100419e-02
2.289977e-02
-8.654662e-03
2.478466e-02
2.919001e-02
2.942179e-02
-6.198134e-02
2.158452e-02
1.057485e-01
4.648825e-02
2.955387e-02
1.022451e-01
8.114842e-02
-5.408343e-02
8.643948e-03
-1.950977e-02
-3.940057e-02
-1.056105e-01
-8.489719e-02
2.006615e-02
4.617342e-02
3.282624e-02
-3.637385e-02
-4.862674e-03
-3.229671e-02
-2.039300e-02
4.973015e-03
2.101517e-02
-2.767581e-02
5.952399e-02
2.676591e-02
2.661479e-02
4.557730e-02
-1.122666e-02
-2.082265e-02
1.640869e-02
-2.591795e-02
-5.915582e-02
-3.966103e-02
-5.016878e-02
-1.857277e-02
3.051389e-03
1.991043e-02
3.781322e-02
7.775123e-02
5.698374e-02
-8.156261e-02
-5.174096e-02
-6.226208e-02
-7.169466e-02
-6.243407e-02
-4.951815e-02
-4.215864e-02
-2.742020e-02
-5.941550e-02
6.339959e-03
6.109110e-02
2.053197e-02
4.073802e-02
-3.944840e-02
-4.595774e-02
2.528708e-02
-1.816619e-02
-3.271252e-02
-4.748799e-02
1.402401e-02
2.825442e-02
5.098315e-02
2.094902e-03
1.591178e-02
3.729398e-02
1.299026e-02
-2.690588e-03
-1.732811e-03
5.406878e-04
-4.266003e-04
-4.803651e-03
-2.386911e-03
1.410502e-02
9.643828e-03
-1.854792e-02
-9.480806e-02
-1.073490e-02
1.339722e-02
6.758723e-03
-2.307075e-02
2.166666e-02
2.499819e-02
-2.344330e-03
-1.171578e-02
-6.770593e-03
-5.909452e-03
-3.463811e-02
-1.692578e-02
-9.743622e-03
-4.009884e-02
1.902204e-02
-3.870209e-02
-2.612038e-02
3.313408e-02
-2.444189e-02
-7.975232e-03
6.065076e-02
-7.236922e-03
-4.132931e-02
-2.619355e-03
-5.721923e-03
-8.422693e-03
-3.230374e-02
-2.668246e-02
8.165702e-03
-5.074669e-02
-2.395266e-02
-7.527100e-02
-9.158358e-03
-2.084141e-02
-1.048730e-01
8.846896e-04
8.118304e-03
-1.054438e-01
-1.989252e-02
1.551985e-02
-1.580759e-02
1.029921e-02
3.765206e-02
1.961299e-02
1.196858e-02
2.712412e-02
-2.931239e-02
-5.333782e-03
-2.774727e-02
-1.845128e-02
2.744280e-03
-8.142298e-02
4.541723e-03
2.281977e-02
-7.255385e-02
-2.246526e-02
3.271101e-03
-6.529583e-02
-8.250688e-02
-1.271377e-01
4.980347e-02
2.571572e-02
-2.075255e-02
7.736487e-02
3.132797e-04
-5.920847e-02
9.612964e-03
3.359753e-02
4.245722e-02
-2.570188e-03
1.695739e-02
4.114441e-04
2.554153e-02
2.385863e-02
2.301264e-02
3.099499e-03
2.269281e-02
3.621964e-03
-2.867311e-02
2.131880e-02
3.933722e-02
-6.683927e-02
4.875929e-02
5.500003e-02
-2.087600e-02
-8.230334e-02
1.946226e-02
-7.564853e-02
-1.006635e-01
-1.779418e-02
-5.780728e-02
-7.567345e-02
-2.726923e-03
1.449138e-02
-3.499924e-02
-9.850669e-02
8.680700e-02
-3.375833e-02
-1.440945e-01
8.941001e-02
-2.558810e-02
-1.225479e-01
-6.486562e-02
1.653020e-03
5.290879e-02
-7.619721e-02
-7.808394e-02
-1.734874e-02
-7.729045e-03
-4.033378e-02
-2.430969e-02
-3.623365e-02
-4.840347e-03
-1.100954e-02
1.703114e-03
-9.881639e-03
-1.938581e-02
5.941965e-02
-2.626818e-02
-1.527152e-02
2.402065e-02
-4.664810e-02
-2.796721e-02
3.055185e-02
-2.300964e-02
4.438475e-03
-1.693575e-02
-1.226982e-02
9.285349e-03
3.864241e-02
1.301964e-02
-1.158174e-02
8.789096e-04
2.022307e-03
-1.252854e-02
4.060928e-02
3.728072e-02
2.032531e-02
-4.917987e-02
4.670997e-02
1.079747e-02
2.037144e-02
2.153777e-02
4.390197e-02
-5.499024e-02
-5.975781e-04
-4.133438e-02
2.390163e-02
6.673352e-02
-1.205260e-02
-7.717859e-04
-8.791659e-02
-5.089443e-02
-3.378608e-02
1.724090e-02
-7.116478e-03
-2.654667e-03
-4.732404e-02
-2.535284e-02
2.890001e-02
2.641826e-02
4.827570e-02
-4.713704e-02
-5.875702e-02
4.913088e-02
4.545572e-02
1.042865e-03
2.242260e-02
3.158758e-02
-4.338693e-02
1.355407e-02
3.267248e-02
-3.847761e-02
3.527076e-02
-3.213115e-02
-8.880316e-02
1.813648e-02
-5.649809e-02
-7.275289e-02
6.245295e-02
2.929155e-02
5.902173e-02
3.438488e-02
-7.037677e-02
-9.684798e-02
-1.815500e-02
-2.713763e-02
9.125462e-02
1.080443e-01
-1.433273e-02
6.259550e-02
1.003524e-01
1.237836e-02
6.740323e-02
-5.094407e-02
3.058521e-02
9.861454e-02
2.076866e-02
-2.671102e-02
2.340614e-02
2.338175e-03
7.656594e-03
4.994645e-02
7.222013e-03
-3.797427e-02
2.984330e-05
-4.874738e-02
2.491154e-02
1.223340e-02
-1.182301e-02
8.329447e-02
-1.812747e-02
6.076758e-02
4.278202e-02
-4.611234e-02
-4.329214e-02
-1.896202e-02
-1.895814e-02
5.087271e-03
-1.550855e-02
1.162452e-02
-3.636749e-02
-6.145712e-02
3.442909e-03
2.260953e-02
6.231121e-02
1.049776e-01
-3.382287e-02
-3.916686e-02
-3.338488e-02
-1.744096e-02
-9.045285e-03
6.885037e-02
1.522153e-02
1.808270e-02
1.278082e-02
1.785267e-02
4.265336e-02
-3.408472e-02
-2.197091e-02
-3.680727e-02
-3.166475e-02
1.205814e-02
-3.848011e-02
-1.868148e-02
7.299209e-02
-5.484493e-02
5.363913e-02
6.382342e-02
8.023649e-02
4.130953e-02
1.292904e-02
-1.052066e-02
-6.756508e-02
-7.938182e-02
1.914468e-02
1.094955e-02
3.332303e-02
-1.500424e-02
-3.741368e-02
-2.290542e-02
-2.715997e-02
5.742233e-03
6.595574e-02
2.329205e-02
4.082728e-02
5.601741e-02
-3.802899e-02
-9.765919e-02
-4.008636e-02
-3.377887e-03
1.090576e-02
8.034106e-02
4.277186e-02
9.063391e-03
-1.851324e-02
1.908873e-02
3.461352e-02
3.867054e-02
-5.610809e-03
6.859448e-03
1.592020e-02
1.869277e-02
4.970177e-02
7.506613e-03
1.502439e-03
5.962259e-02
7.373233e-03
1.096070e-02
1.563231e-03
-1.343519e-02
-2.602879e-03
2.644051e-02
-3.956762e-02
1.532758e-02
-9.934462e-03
2.101469e-02
-1.611691e-02
2.250556e-02
3.534138e-02
1.536214e-03
3.027165e-02
6.768377e-03
-3.202599e-02
4.276897e-02
2.136683e-02
-5.812106e-02
6.898290e-03
7.704391e-03
5.469358e-02
-7.128702e-04
-1.958983e-03
8.818179e-02
4.779994e-02
1.064113e-03
3.679919e-02
4.903837e-02
2.763489e-02
-5.063277e-02
-2.349814e-02
8.049393e-02
-6.774059e-02
-6.268585e-02
6.999173e-02
-4.358544e-02
-5.979564e-02
-8.881797e-03
-1.138333e-01
1.627665e-03
8.603297e-02
-1.143354e-01
-5.140226e-03
5.600215e-02
-5.187037e-02
-4.330541e-02
-1.485512e-02
2.579448e-02
6.573188e-02
4.448117e-02
3.822909e-02
4.046213e-02
1.035004e-02
1.252525e-02
1.735415e-02
5.257314e-03
2.057220e-02
8.523986e-02
6.988337e-02
-5.010455e-02
3.013909e-02
1.421147e-02
-7.929765e-02
-1.018318e-02
-1.870014e-02
3.209826e-02
1.877671e-02
-3.565621e-02
4.481345e-02
2.140504e-02
-1.421430e-02
4.149637e-04
-2.542725e-02
-2.926580e-02
4.114650e-03
-2.818278e-02
-2.116100e-02
-1.584041e-02
-2.964722e-02
-1.169841e-02
-8.259350e-03
2.453864e-02
2.059005e-02
-1.947744e-02
-2.682723e-02
-5.167332e-02
4.393906e-02
-2.311077e-03
1.427647e-02
6.251178e-02
3.290129e-02
1.061846e-02
1.975428e-02
-2.840022e-02
-2.724761e-02
3.669603e-02
7.553294e-03
-5.224572e-03
8.378059e-03
4.159700e-02
5.134836e-03
2.608353e-02
8.032601e-02
9.250291e-02
-7.381520e-03
-5.377612e-02
-1.022288e-02
6.683508e-03
-9.539969e-02
-9.306412e-02
-5.125891e-02
-1.294920e-01
-1.206468e-01
-1.235609e-02
-1.121430e-01
-1.000194e-01
-3.729030e-02
-6.854799e-02
-7.909445e-02
-1.689119e-03
-6.061947e-02
-5.909645e-02
2.638593e-02
-5.275817e-02
-4.418179e-02
-4.515981e-02
-5.334612e-02
-3.258319e-02
7.223221e-02
4.518353e-02
4.181467e-03
3.552440e-02
9.032125e-03
-5.562887e-02
-2.172250e-02
-4.585186e-02
-1.024588e-01
3.992520e-03
-1.653010e-02
-4.766067e-02
2.392827e-02
7.173213e-03
1.383554e-03
5.278590e-02
4.407284e-02
4.435882e-02
-5.511110e-02
-3.585003e-02
1.329969e-02
-4.396144e-02
2.258920e-02
5.540467e-02
-5.067084e-02
1.647762e-02
6.400889e-02
6.135822e-03
7.039768e-03
1.468516e-03
-6.043095e-02
-3.307926e-02
2.077413e-02
-3.388653e-02
-2.284873e-02
1.059216e-02
5.839140e-03
8.149159e-03
-1.344735e-02
-1.455945e-02
-3.049186e-02
-3.563554e-02
-2.850805e-02
-3.209691e-02
-1.069824e-02
-4.717732e-02
-5.605471e-02
9.665025e-04
-8.872212e-03
5.214548e-02
7.857436e-02
7.138228e-02
1.179625e-01
1.026601e-01
-9.914679e-03
-5.982995e-03
-7.540515e-03
5.255387e-03
3.229366e-02
5.179210e-02
1.973409e-02
4.765533e-02
9.703688e-02
-2.827370e-02
2.879047e-03
1.138885e-02
2.338229e-02
3.836825e-02
-8.057355e-03
3.988812e-02
1.212170e-02
-3.423463e-02
-8.677234e-02
-1.248619e-01
-9.396891e-02
-4.703994e-03
-4.414781e-02
-1.175516e-02
-1.726744e-02
-5.353694e-02
-4.460267e-03
-1.153355e-02
-2.383355e-02
-3.780356e-02
-2.442777e-02
-7.587057e-02
-3.184913e-02
-4.132966e-02
-4.471618e-02
4.682028e-03
-2.764276e-03
1.253998e-04
4.185050e-03
2.085648e-02
1.136276e-02
-1.360435e-02
9.127358e-03
7.147044e-03
1.640624e-02
2.392796e-02
3.399037e-02
-1.884020e-02
-2.543923e-02
-1.563859e-02
-3.909338e-02
-1.707797e-02
-2.930111e-02
9.693950e-04
-3.528132e-02
-6.004088e-03
4.689242e-03
-4.745522e-02
-4.579512e-03
5.121656e-02
1.412468e-03
4.199616e-02
6.391750e-02
1.300065e-02
4.088815e-02
-1.939834e-02
-7.949975e-03
1.780459e-02
3.114846e-02
-5.887192e-02
-4.108803e-03
8.138265e-02
-8.201829e-02
-5.873110e-02
4.777831e-05
-6.488302e-02
3.688877e-03
4.806637e-02
7.339546e-03
4.996482e-02
5.585951e-02
2.162271e-02
-2.686162e-02
-6.051862e-03
-7.887843e-02
-1.280988e-01
-2.677052e-02
-7.697406e-02
-7.472605e-02
1.684876e-02
7.113988e-02
4.914530e-02
3.781214e-02
1.851751e-02
3.934732e-02
5.271446e-02
3.325688e-02
4.161788e-02
2.986534e-02
