4.627644e-02
2.950277e-02
3.253917e-02
3.738183e-02
3.033525e-02
3.474279e-02
3.626927e-02
3.332827e-02
3.398504e-02
2.881598e-02
4.298707e-02
3.995900e-02
2.744373e-02
4.350465e-02
4.223819e-02
3.435174e-02
4.170943e-02
2.923718e-02
3.644450e-02
3.297830e-02
3.997568e-02
3.350369e-02
3.080981e-02
5.008440e-02
3.188071e-02
3.564018e-02
3.612852e-02
4.208992e-02
2.836814e-02
3.020632e-02
3.006467e-02
4.296934e-02
3.907953e-02
2.762987e-02
3.042722e-02
3.153621e-02
3.581720e-02
3.272799e-02
3.114166e-02
3.167414e-02
3.520679e-02
3.199736e-02
4.236393e-02
3.674745e-02
3.698988e-02
4.081495e-02
3.985107e-02
3.154302e-02
3.828307e-02
3.786717e-02
3.461207e-02
3.517717e-02
4.241623e-02
3.770021e-02
2.826533e-02
3.943038e-02
3.175464e-02
4.424983e-02
3.642356e-02
4.877687e-02
3.423328e-02
3.539512e-02
4.178200e-02
3.668273e-02
