5.204820e-01
6.326342e-01
5.312515e-01
5.603412e-01
4.850568e-01
5.362694e-01
5.024302e-01
5.608519e-01
5.066777e-01
5.755527e-01
5.988647e-01
5.142525e-01
7.051222e-01
5.049806e-01
5.398621e-01
5.824274e-01
5.439283e-01
4.968919e-01
5.268186e-01
5.986140e-01
5.466353e-01
5.393009e-01
5.634999e-01
6.050708e-01
5.349729e-01
5.767761e-01
5.429069e-01
4.954297e-01
4.823935e-01
5.557907e-01
6.148757e-01
5.902810e-01
5.479932e-01
4.918881e-01
5.098600e-01
5.600141e-01
5.440658e-01
5.389514e-01
5.526614e-01
5.085921e-01
5.312522e-01
5.088226e-01
5.319715e-01
5.519647e-01
5.433934e-01
5.807326e-01
5.152590e-01
5.944946e-01
4.795792e-01
5.408534e-01
5.602769e-01
5.725177e-01
5.262007e-01
5.634462e-01
5.160578e-01
5.744420e-01
4.963638e-01
6.241841e-01
5.197241e-01
5.331742e-01
4.855196e-01
5.423927e-01
5.052589e-01
5.456591e-01
