-2.762273e-01
-1.081199e-01
-2.841432e-01
-2.853143e-01
-2.993670e-01
-2.483230e-01
-9.421246e-02
-1.408792e-01
-9.884301e-02
-2.232745e-01
-3.844953e-02
-2.907695e-01
-1.028605e-01
-6.341522e-02
-1.130426e-01
-6.095285e-02
1.681438e-02
-1.165582e-01
-1.717398e-01
-3.076803e-01
-1.582951e-01
-2.687352e-01
-1.133620e-01
-1.631605e-01
-4.711254e-01
3.855453e-03
-1.821868e-01
-2.594564e-01
-3.221597e-01
-2.539755e-01
-6.793652e-02
-2.399973e-01
-2.271900e-01
-2.745465e-01
-2.179046e-01
-2.117907e-01
-1.960561e-01
-8.169319e-03
-2.931996e-01
-3.516422e-01
-1.499020e-01
-2.685223e-01
-2.327328e-01
-7.456104e-02
-1.772800e-01
-3.623434e-01
-2.643598e-01
-3.137329e-01
-1.482975e-01
-3.941522e-01
-3.389849e-01
-1.297687e-01
-3.526027e-01
-2.994872e-01
-4.029913e-01
-3.402213e-01
-1.414942e-01
-3.454912e-01
-1.489803e-01
-3.741953e-01
-1.932874e-01
-1.129697e-01
-1.341059e-01
-1.023851e-01
