5.470636e-03
2.404945e-03
1.178678e-02
8.353807e-03
-3.146089e-03
7.670505e-03
-5.280075e-03
3.304042e-03
6.264256e-03
-9.652745e-03
-1.543290e-03
7.231891e-03
-1.443206e-02
-3.641472e-03
7.531720e-03
7.604493e-03
-4.977754e-03
1.483653e-02
5.433785e-03
-6.590552e-03
4.841897e-03
-1.337908e-03
2.097724e-02
1.045059e-02
1.984639e-02
1.212805e-02
-7.983512e-03
3.795139e-03
3.657882e-03
-1.981837e-03
-1.699348e-03
1.469984e-02
4.322420e-03
3.789400e-03
6.123111e-03
6.064232e-03
2.302951e-02
5.256558e-03
1.266651e-03
-2.951432e-03
8.591998e-03
1.141407e-02
4.956353e-03
1.110404e-02
1.612489e-03
-2.538957e-03
5.807479e-03
5.831355e-03
-3.167974e-02
1.613813e-02
-1.817043e-03
-2.223961e-04
-7.843058e-03
8.525189e-03
3.518375e-03
-1.032046e-02
1.653553e-02
5.135077e-03
1.199249e-03
-1.355528e-02
6.541466e-03
9.931961e-03
-4.184539e-03
5.620817e-03
