1.495484e-03
1.898229e-03
1.283568e-03
2.185639e-03
1.954052e-03
1.705635e-03
8.547873e-04
1.652868e-03
1.323483e-03
1.658483e-03
1.657323e-03
1.166506e-03
1.829750e-03
1.446894e-03
1.641092e-03
1.502109e-03
1.481296e-03
1.433403e-03
1.670191e-03
1.404344e-03
1.677108e-03
1.848859e-03
1.227682e-03
1.637792e-03
1.941101e-03
1.295172e-03
1.592292e-03
1.428085e-03
1.676911e-03
1.640967e-03
1.509410e-03
1.445960e-03
1.428156e-03
1.977066e-03
1.556185e-03
1.415021e-03
2.143326e-03
1.501076e-03
1.363565e-03
1.230682e-03
1.658227e-03
1.505579e-03
1.624358e-03
1.481893e-03
1.672430e-03
1.916239e-03
1.188738e-03
1.720045e-03
1.439404e-03
1.600416e-03
1.270288e-03
1.559749e-03
1.826718e-03
2.064463e-03
1.504720e-03
1.508558e-03
1.298126e-03
1.467847e-03
1.691769e-03
1.837014e-03
1.276723e-03
1.521663e-03
1.499658e-03
1.227732e-03
