-2.851191e-01
-1.736446e-02
-1.905782e-01
-3.153829e-01
-3.319193e-01
-1.095854e-01
-2.145074e-01
-3.303777e-01
-2.225348e-01
-1.605761e-01
-2.713244e-01
-1.616925e-01
2.501013e-01
-2.397308e-02
-1.313495e-01
-1.758952e-01
-1.665564e-01
-1.824104e-01
-1.159860e-01
-2.076913e-01
-2.848449e-01
-2.222744e-01
-3.880675e-01
-2.006572e-01
-2.583845e-01
-9.656334e-02
-1.406592e-01
-1.389336e-01
-1.780958e-01
-2.388082e-01
-1.875450e-01
-4.225917e-01
-2.398181e-01
-2.792208e-01
-2.103167e-01
-1.359535e-01
-5.928536e-03
-1.252139e-01
-1.714330e-01
-8.391353e-02
-2.612793e-01
-4.322273e-01
-2.575067e-01
-1.031997e-01
-1.726918e-01
-3.601143e-01
-3.318911e-01
-4.031017e-02
-4.435741e-02
-2.230065e-01
-2.529161e-01
-7.015144e-02
-1.547958e-01
-1.670038e-01
-1.896518e-01
-1.914750e-01
-3.068171e-01
-1.691490e-01
-2.110232e-01
-1.285004e-01
-8.674663e-02
4.729087e-03
-2.419105e-01
-2.324156e-01
