-9.267268e-02
-3.726607e-02
1.028948e-02
-5.760731e-02
3.061361e-02
9.455959e-02
-6.173198e-02
4.845785e-02
1.091934e-01
1.742931e-02
-7.182323e-03
-9.551506e-03
2.194811e-02
5.588831e-03
-1.847281e-03
-1.109368e-02
2.231227e-03
3.224200e-03
1.474147e-01
2.803898e-02
-4.350229e-02
1.834278e-01
-6.429979e-02
-1.280063e-01
6.442012e-02
-1.043447e-01
-1.233038e-01
4.294304e-02
1.031026e-01
8.473089e-02
1.582317e-02
1.454084e-02
-4.753623e-03
-6.097213e-02
-1.211520e-01
-1.063696e-01
-7.612441e-02
-7.505145e-02
3.168373e-02
-7.451551e-02
-4.523245e-02
9.300087e-03
6.010679e-02
1.086756e-01
4.306895e-02
3.375560e-02
1.500274e-02
-3.562153e-03
-1.193480e-02
9.464824e-03
9.260051e-03
1.350666e-03
-1.339534e-03
-2.043322e-02
-3.851309e-02
4.307341e-02
1.552448e-01
-9.952304e-02
-2.743443e-02
5.975628e-02
-6.149396e-02
8.774469e-03
4.536863e-02
1.301321e-02
9.273390e-03
3.282988e-02
-1.356279e-03
-1.943547e-02
1.257245e-02
-3.621951e-02
-5.807143e-02
-6.177977e-03
-3.638991e-02
5.257146e-02
-1.719585e-02
3.889240e-02
5.745817e-03
-3.003243e-02
-1.369020e-02
4.397690e-02
-4.257863e-02
2.598963e-02
-6.740566e-02
-4.388180e-02
4.759701e-02
-1.985129e-02
-3.355166e-02
5.004455e-02
9.513235e-03
-4.130667e-03
-1.370687e-02
2.546867e-02
-4.589987e-04
4.176855e-02
6.946401e-02
-1.648066e-02
-4.389285e-05
5.104950e-03
-4.681575e-02
5.770379e-02
1.731616e-02
-3.751291e-03
2.249882e-02
-2.968032e-02
-2.918270e-02
-2.076109e-02
-5.527143e-02
-4.279847e-02
-3.166779e-02
-9.104702e-02
-1.107696e-01
1.057915e-01
3.329671e-02
-6.440139e-02
1.370643e-01
8.032243e-02
-2.551653e-02
5.480119e-02
-6.027243e-02
-6.416766e-02
1.224816e-02
-6.668337e-02
8.640594e-02
-5.719862e-02
1.544857e-02
5.550088e-02
-2.414534e-02
-2.493552e-02
1.983408e-03
1.030340e-02
3.522011e-02
4.601970e-02
-2.441318e-02
-2.220240e-03
1.622478e-02
-8.994344e-03
-8.279101e-03
-4.706476e-04
2.316440e-02
-2.776425e-02
-1.099648e-02
2.412877e-02
-6.874635e-03
-2.002886e-02
-1.191360e-02
-9.180612e-03
4.326840e-03
-5.274724e-04
4.808490e-02
-2.030323e-02
1.148192e-02
-7.369140e-03
-2.074287e-02
-1.370838e-02
-1.195806e-02
-6.304522e-02
-2.478450e-02
9.842554e-03
-8.437087e-02
-1.395479e-02
-5.447070e-03
-4.744613e-02
1.806093e-02
-1.618103e-02
7.723596e-03
1.945581e-02
1.354743e-02
-3.743003e-02
3.597354e-02
-1.569137e-02
-1.407279e-02
-1.744475e-02
-1.259716e-02
-8.858193e-03
-5.174124e-03
2.024331e-02
1.180824e-02
-2.080652e-02
1.834597e-02
-7.379018e-03
-3.090457e-02
7.631122e-03
-1.528385e-03
-2.250073e-02
3.335632e-02
3.903449e-03
-3.108251e-02
3.690724e-02
2.165281e-02
3.814502e-02
-4.972164e-02
3.557302e-02
1.258578e-01
-8.579398e-02
-2.744391e-02
-8.617198e-03
-1.112850e-01
-2.501673e-02
-3.016190e-03
6.294144e-02
-1.428090e-02
-1.098550e-02
-9.241022e-02
4.777596e-02
2.981011e-02
1.065156e-02
2.217891e-02
-1.270480e-02
-1.365773e-02
3.957625e-02
4.056032e-02
-4.651960e-03
-2.113841e-02
-1.847999e-03
-3.195367e-02
-4.145084e-03
-6.651299e-02
-5.068940e-02
9.208842e-02
-6.698636e-02
2.669396e-01
-2.017438e-01
-4.834164e-02
7.723342e-03
-1.783527e-02
3.727374e-02
3.235543e-02
2.081404e-02
-1.764850e-02
-9.890812e-02
3.262624e-02
1.154870e-02
3.970300e-03
9.708693e-03
2.218910e-02
4.512717e-03
2.394672e-02
-1.955773e-02
-4.847318e-02
3.232493e-02
-3.798561e-02
5.470272e-02
1.262560e-02
-3.597266e-02
3.009874e-03
4.912858e-03
-2.626924e-03
8.083118e-02
-1.902938e-02
1.601932e-02
4.832715e-03
-8.175773e-03
-1.434399e-02
-1.705495e-02
-1.417088e-02
8.100521e-03
1.508739e-03
8.017343e-03
-1.572852e-03
-8.376802e-03
7.995314e-03
2.217354e-02
-2.182320e-02
-1.792608e-02
-1.211514e-01
1.748327e-01
-3.862434e-02
-3.092336e-03
5.855722e-03
-3.837911e-02
-2.379924e-02
-2.934872e-02
1.144788e-02
-5.101276e-03
3.817306e-02
1.037722e-02
2.903710e-02
4.764568e-03
-1.546416e-03
-1.318882e-03
-2.265611e-02
-4.260523e-03
-6.917877e-02
1.107819e-02
9.347364e-02
-1.873339e-02
-3.286412e-02
3.589284e-02
-1.666132e-02
-1.463235e-02
1.629501e-02
1.946991e-03
3.640160e-02
9.188060e-02
-3.569523e-02
-8.427009e-03
5.370362e-02
1.546005e-02
1.443322e-02
-2.779207e-02
-1.043183e-02
-3.000713e-02
-5.529093e-02
2.658790e-02
-2.372964e-03
-1.904964e-02
2.890857e-02
-1.443890e-02
-2.291433e-02
-1.115635e-02
-5.772622e-02
-8.220536e-02
8.509140e-03
-1.965221e-02
-4.935746e-02
3.535358e-03
-1.848672e-02
-1.177265e-02
-7.832634e-03
-6.142653e-02
-7.537440e-02
3.061510e-02
-5.588614e-02
-8.147451e-02
-5.875073e-03
4.914093e-03
5.794660e-02
-5.729517e-02
-3.189884e-02
6.703240e-02
3.384086e-03
2.542834e-05
4.483145e-02
2.256569e-02
5.021627e-03
6.880728e-03
-2.193297e-02
8.396195e-03
1.133185e-02
-2.055400e-02
-1.568023e-03
8.343812e-03
-3.901888e-02
-2.766572e-02
-1.898626e-02
-4.139052e-02
-2.962186e-02
6.085438e-03
-1.752870e-02
1.603741e-02
3.904362e-02
2.194099e-02
-9.988184e-03
-2.019189e-02
-1.658970e-02
-5.168063e-02
-3.703586e-02
1.253870e-02
-1.790603e-02
-2.825591e-03
3.589917e-02
3.555399e-03
-6.430332e-02
-7.473196e-03
6.563242e-02
-2.970312e-02
-5.386545e-03
2.621292e-03
2.110239e-02
5.197925e-02
5.179050e-02
3.727198e-02
2.403602e-02
-2.317757e-03
2.051681e-02
2.749942e-02
-1.618140e-03
2.330471e-02
-6.592088e-03
8.865138e-03
2.483574e-02
3.238821e-02
2.758238e-02
-4.157540e-03
2.278190e-02
1.599436e-02
1.888074e-03
2.941205e-02
9.425577e-04
-1.854121e-04
3.345139e-02
-1.053598e-02
8.474849e-03
2.696833e-02
-6.165658e-03
8.486604e-03
-9.785291e-03
-2.002552e-02
-1.701039e-02
8.201294e-03
1.342109e-02
2.596520e-02
1.347655e-02
1.618198e-02
3.135092e-02
-1.637750e-02
1.077448e-02
-6.906350e-03
-9.670366e-03
1.004692e-02
2.316240e-02
-9.326593e-03
2.545274e-03
-4.501281e-03
-1.947512e-02
1.007428e-02
1.373626e-02
1.040435e-02
1.626464e-02
-2.664699e-03
-1.110471e-02
-2.796902e-02
-1.372058e-02
-1.402028e-02
1.346153e-02
-1.557538e-04
-1.298834e-02
1.278566e-02
-1.478507e-02
2.099887e-02
3.126040e-02
-5.885694e-03
-3.083045e-02
-2.064535e-02
-8.486145e-03
-4.818600e-03
-1.102872e-02
8.805542e-03
-1.673969e-02
-2.070179e-02
-1.757034e-02
1.147631e-02
1.828600e-02
3.243731e-02
2.402255e-02
1.247954e-02
1.573997e-02
-2.979868e-02
-4.638455e-02
-1.033944e-02
-5.530469e-02
-3.076694e-02
-4.966035e-02
1.817268e-02
1.392589e-01
-1.211923e-02
5.465974e-05
1.536059e-01
1.224534e-03
6.042930e-02
3.843584e-02
1.839540e-02
-2.658997e-02
-1.697412e-03
1.062907e-03
-5.059101e-02
-1.142141e-03
-1.181462e-02
1.988841e-02
-3.635067e-02
-1.281892e-02
-5.735626e-02
-9.795681e-02
-6.521180e-02
-1.657864e-02
7.736638e-02
1.250619e-02
-4.529302e-02
4.806469e-02
-2.296823e-02
-1.818832e-02
3.035216e-02
6.049084e-04
-2.648200e-02
1.102258e-02
8.642588e-03
2.471448e-03
5.013020e-02
4.021063e-02
-1.504406e-02
-4.968334e-02
-8.038249e-02
-4.144217e-02
-8.164085e-02
-9.874057e-02
-1.403803e-02
-3.688838e-02
-3.957114e-02
-4.860547e-03
-5.268914e-03
-8.458896e-03
-1.409550e-02
-3.361443e-02
-2.536338e-02
-2.099344e-02
-2.267283e-02
-4.599476e-02
4.662042e-02
5.177201e-02
4.113751e-02
-6.723898e-02
-1.390298e-02
-2.292025e-02
-1.536693e-02
3.191888e-02
4.836574e-03
4.743216e-02
7.542010e-02
2.492088e-02
2.712817e-02
4.321954e-02
2.450081e-02
-9.326284e-03
-1.054541e-02
-1.006608e-02
1.238669e-02
-1.407795e-02
2.379041e-02
-1.854325e-03
-1.060328e-02
4.963888e-02
3.118062e-02
5.243071e-02
2.647560e-02
2.281653e-02
9.808113e-02
6.581824e-02
-7.397250e-03
6.733146e-02
2.554883e-02
1.106405e-02
8.286667e-03
1.546859e-03
5.310766e-04
4.983086e-02
-9.988283e-03
-1.876931e-03
3.937610e-02
-1.877652e-02
-6.739489e-02
2.674608e-02
-1.010823e-02
4.741037e-02
5.670281e-02
-4.641220e-02
3.767573e-02
-1.213051e-02
-9.724947e-02
-3.186901e-02
-4.678254e-03
-2.977751e-02
1.566590e-02
9.654082e-03
-3.539349e-02
-1.102683e-03
-1.442161e-02
-4.440007e-02
-2.744126e-02
-4.874955e-03
-1.704965e-03
2.654128e-02
2.484957e-02
7.354412e-03
2.667354e-03
-1.096347e-03
-1.793940e-02
2.738293e-02
3.023489e-02
-8.955362e-03
1.355439e-03
-2.094352e-02
-3.064144e-02
-5.378231e-02
-5.023495e-02
-3.367950e-02
1.902126e-02
-4.086230e-03
2.495719e-02
-4.118988e-02
-4.020244e-02
7.216121e-03
2.656403e-02
-4.303384e-03
1.464383e-02
-4.727828e-02
-5.882758e-02
-8.505226e-02
9.681480e-02
2.574432e-02
-1.208396e-01
8.398043e-02
1.289450e-01
-5.518167e-02
-6.823475e-02
-6.985762e-02
-2.588443e-02
-3.241133e-02
-4.641125e-03
3.498967e-03
3.840458e-02
5.823689e-02
3.995307e-02
-9.210536e-02
1.830314e-02
1.287159e-01
-5.052328e-03
-2.021603e-03
5.483238e-03
9.713273e-02
-1.134035e-02
-1.337247e-01
-1.276300e-02
2.869399e-03
-3.306396e-02
-3.537223e-02
-4.881421e-02
-7.195906e-02
1.173085e-02
-8.572067e-03
-3.963464e-02
-7.224183e-02
-3.531673e-02
4.021032e-02
-9.151990e-02
-3.601277e-02
9.709796e-02
-2.822731e-02
-3.153218e-02
4.356221e-02
3.308257e-02
2.685563e-03
1.810246e-02
4.052690e-02
2.857958e-03
-4.933002e-02
3.788292e-02
4.152700e-02
1.749228e-02
6.495059e-03
3.378584e-02
-3.331565e-02
-1.077063e-02
-1.731173e-04
-4.459940e-04
-1.057452e-02
7.562688e-02
-3.613701e-02
5.755582e-02
-2.970944e-02
-3.430725e-02
3.003072e-02
-1.251525e-02
5.334381e-03
2.189450e-02
-4.953199e-02
-3.932146e-02
3.068563e-02
-2.543247e-02
-5.188939e-02
-3.764225e-02
3.912709e-03
4.064214e-02
-3.828269e-03
-1.159177e-02
9.394014e-03
4.826079e-03
-2.057770e-02
-7.087373e-02
7.234757e-02
2.495410e-02
-9.498899e-02
6.194649e-02
4.514023e-02
-5.733320e-02
8.340727e-02
6.272939e-02
4.856258e-04
8.256561e-02
4.900984e-03
-1.189783e-01
1.272144e-02
-1.514457e-02
-1.115489e-01
-2.488208e-02
-3.438728e-02
-5.024764e-02
1.090033e-01
7.341279e-03
1.237933e-02
-5.965669e-02
1.716647e-03
-5.234242e-02
-3.176665e-02
-6.078043e-03
3.459359e-02
-2.626209e-02
-2.934130e-02
-3.237882e-02
-9.557251e-03
-4.251225e-03
-1.664530e-02
1.676501e-02
1.501547e-02
6.998483e-03
1.057744e-02
2.624067e-02
2.493874e-02
-2.039217e-02
-5.863230e-03
3.760443e-02
1.493046e-02
-9.799845e-03
2.391046e-02
-1.763760e-02
-4.197704e-02
-6.063791e-03
3.806185e-03
-2.244190e-02
1.336737e-02
4.581776e-02
6.643165e-02
4.993610e-02
6.700276e-02
-8.193248e-03
5.307154e-02
4.881671e-02
7.058796e-02
5.118362e-02
3.661527e-02
8.040546e-03
3.560363e-03
-7.918604e-03
-2.504917e-02
-3.365270e-02
-8.153742e-03
-1.052457e-02
1.153790e-02
2.061994e-02
-3.185645e-02
-1.407735e-03
-1.925416e-02
-4.630343e-02
-8.104870e-03
1.831020e-02
9.618270e-03
3.415758e-02
3.920069e-03
-9.590187e-04
3.588130e-02
-3.297687e-04
9.256940e-03
2.104258e-02
-6.095077e-03
2.462046e-03
4.011255e-03
9.060707e-03
2.902375e-02
-1.339766e-03
-1.349674e-02
1.098107e-02
-5.881495e-02
-2.225306e-02
5.154808e-02
-1.730492e-03
-4.424557e-02
6.605346e-02
-7.044808e-02
9.522539e-02
1.190912e-01
6.683660e-02
-7.518514e-02
4.802811e-02
-5.829873e-02
1.590298e-02
1.154554e-02
3.424173e-02
-1.226878e-02
-2.482124e-02
4.538681e-04
2.979118e-02
-8.415470e-03
2.660878e-02
1.762000e-03
1.951065e-02
3.941207e-02
2.539127e-02
-1.383684e-02
-7.056369e-03
2.100381e-02
6.261154e-03
3.154508e-04
5.163250e-03
5.443657e-02
-2.915889e-02
1.005530e-01
1.249973e-01
7.788602e-02
-5.488610e-02
4.102274e-02
-6.944284e-02
6.608768e-03
-2.729201e-02
-7.042728e-03
4.277134e-03
-1.226304e-02
1.429599e-03
-3.669360e-02
1.612341e-03
2.966546e-03
-1.592696e-02
-4.669312e-03
-9.645827e-05
-1.230939e-02
-2.501231e-03
1.166383e-02
-1.440825e-02
1.414660e-03
2.261435e-02
4.523192e-03
-2.204590e-02
5.010818e-03
-3.664847e-02
-4.638938e-02
-1.703681e-02
3.844317e-02
2.714505e-02
6.710002e-02
3.512976e-02
2.614954e-02
-1.395714e-02
-5.489507e-04
4.391051e-03
-7.638079e-03
-8.401610e-03
1.089896e-02
1.335820e-02
1.513355e-02
-2.486482e-02
-3.092406e-02
3.153489e-02
2.479371e-02
1.095329e-02
2.000128e-02
-1.090022e-03
-3.830050e-02
2.800558e-03
2.107494e-03
-1.497540e-02
-3.995219e-02
3.835832e-03
2.910996e-02
8.093572e-03
-1.012884e-02
7.906345e-03
2.585080e-02
6.094500e-02
3.191634e-02
2.092148e-02
4.189171e-02
2.563926e-02
-2.197043e-02
-2.520207e-02
-1.619360e-02
1.292007e-02
2.130234e-02
-1.381855e-02
-1.152623e-02
4.476403e-03
-2.070102e-02
-2.496184e-04
1.145999e-02
-2.082238e-02
-1.334258e-02
3.193117e-02
-2.211577e-02
-3.639271e-03
2.482492e-02
-2.866842e-02
-5.035772e-03
2.432542e-02
-3.639521e-02
-2.355715e-03
8.787955e-03
7.281494e-03
2.672822e-02
3.638105e-02
2.184729e-02
3.628549e-03
-7.664834e-03
-2.224475e-02
-6.866730e-04
5.434945e-02
-3.216605e-02
2.142231e-03
6.138028e-02
7.721672e-03
-4.382055e-02
2.988511e-03
-3.470796e-02
1.149170e-02
-4.737430e-02
-2.548003e-02
2.549677e-02
-2.227800e-03
-3.796450e-02
-2.372785e-02
-2.411776e-02
-2.077022e-02
1.312881e-02
4.870785e-02
-1.415630e-02
-3.577790e-02
7.629017e-03
-2.384135e-02
-1.518208e-02
2.958146e-02
-1.344640e-02
-9.033013e-03
4.719962e-02
-6.956626e-04
6.212800e-03
4.668385e-02
1.218482e-02
-6.247189e-02
-2.098087e-02
-5.819710e-02
-2.054281e-02
4.531207e-03
-3.027205e-03
2.049761e-02
5.187545e-02
-9.203079e-03
-3.397014e-02
-2.857822e-02
-3.158383e-02
2.523193e-02
1.843268e-02
-1.256220e-02
2.010353e-02
1.909156e-02
-5.525857e-03
5.195379e-02
5.389065e-02
3.342588e-03
2.865657e-03
-6.759757e-04
-1.570653e-02
-6.535830e-03
2.349714e-02
5.095763e-03
-2.664772e-02
2.432633e-02
2.819906e-02
1.103606e-01
1.320742e-01
3.848191e-02
7.977200e-02
7.774211e-02
3.641705e-02
2.688467e-02
-6.220154e-03
-1.959355e-02
-6.622241e-03
2.431560e-02
-3.267613e-02
2.681345e-02
5.492718e-02
-8.255312e-03
1.621629e-02
4.751253e-02
-2.112236e-03
-8.124451e-03
4.503568e-02
-4.314709e-02
1.408252e-02
5.120720e-02
1.662567e-02
-4.343318e-03
-3.190209e-02
-2.627044e-02
-5.601403e-03
-1.034599e-02
-2.398302e-02
4.641201e-02
5.623835e-02
1.058559e-02
-8.789476e-04
1.022514e-02
-2.101212e-02
-2.626135e-02
-1.791478e-02
3.121715e-02
-4.250704e-03
6.257261e-04
1.555005e-03
-1.643644e-02
-2.412471e-02
-1.070484e-02
-7.598937e-03
2.477789e-02
-4.291159e-02
1.318696e-02
5.079433e-02
-3.943429e-03
-3.643480e-03
7.054875e-03
2.844553e-03
-1.067572e-03
-1.749348e-02
-2.516132e-02
-1.698237e-02
-3.034308e-02
-3.163262e-02
-2.642922e-03
2.518448e-03
-9.868082e-03
-9.264216e-02
-5.383633e-02
6.024250e-03
-6.166958e-02
-4.446781e-02
-8.563193e-04
-8.144247e-03
1.266449e-02
2.475657e-02
-3.917215e-03
3.048124e-02
-6.025667e-02
2.641971e-02
7.466059e-02
-1.580473e-02
-3.848517e-02
7.707614e-03
-2.951470e-02
4.962120e-02
9.646069e-02
5.196251e-02
-8.702405e-03
-4.123808e-02
1.088195e-02
-2.987625e-02
-1.150873e-01
-6.218730e-02
5.030565e-02
-1.494304e-02
-2.825349e-02
2.179282e-02
-4.789239e-03
-4.328107e-03
-1.166470e-02
-1.751927e-02
-1.055472e-03
1.664202e-02
2.675143e-02
4.517313e-03
-2.529708e-02
-8.051132e-03
2.486163e-02
-3.162182e-02
3.323778e-02
2.069550e-02
-1.440632e-02
2.059316e-02
-1.038197e-02
9.332606e-03
3.692913e-02
1.677774e-02
-2.813272e-02
-7.581903e-03
-1.940236e-02
-1.088033e-02
2.465442e-02
-5.180116e-02
3.280492e-03
4.095746e-02
-7.779934e-02
1.767329e-02
-1.119929e-03
-1.210534e-04
-3.127133e-02
-1.055982e-02
-2.628236e-02
-8.370548e-02
-5.981538e-02
-3.804005e-02
-5.489190e-02
-2.548211e-02
-3.399659e-02
-2.211187e-04
7.556104e-03
-1.569328e-02
3.709457e-02
5.993506e-02
-8.608525e-03
-1.867933e-02
3.160765e-02
-5.288026e-02
2.348195e-02
7.358520e-02
1.135633e-02
4.061929e-02
5.943226e-02
2.127980e-02
1.876509e-02
1.157992e-02
-7.429224e-03
-4.466568e-02
-5.070646e-02
3.701939e-02
-4.318854e-02
-8.005782e-02
-1.233695e-02
-1.113093e-02
-4.483555e-02
-1.636904e-02
-1.026327e-01
-2.616369e-02
-1.762551e-02
-5.627396e-02
6.271408e-02
2.168775e-02
2.808601e-02
3.166809e-02
1.300393e-02
-1.868059e-02
2.039128e-02
2.544173e-02
-1.304524e-02
2.987874e-02
2.100971e-02
-2.913618e-02
-2.058935e-02
1.642869e-02
6.695357e-03
-9.074137e-03
3.672061e-02
3.234004e-02
1.403810e-02
2.857610e-02
2.930046e-02
-2.605563e-03
1.402787e-02
-3.556606e-02
-5.589257e-02
-4.696275e-02
3.269352e-03
1.944464e-02
-1.596614e-02
2.876961e-03
7.582504e-02
1.028226e-02
-9.631740e-04
-2.960412e-02
-1.053820e-02
1.351299e-03
-1.151729e-02
2.123437e-02
-3.051865e-03
-2.860386e-02
2.700265e-02
-7.470811e-02
-1.474339e-01
-1.189100e-02
-3.290050e-03
-5.146104e-02
2.625894e-02
8.807542e-02
1.156599e-01
5.954406e-02
5.176556e-02
4.423013e-02
1.992498e-03
1.971422e-02
-6.072389e-03
-5.020575e-02
-4.058799e-02
-2.815842e-02
-2.808328e-02
4.948458e-02
4.652011e-02
-3.248365e-02
-2.540861e-02
-4.953986e-02
-3.646666e-02
1.152943e-02
1.150899e-02
1.220193e-03
-7.151803e-02
6.527260e-02
5.092673e-02
-5.066104e-02
-1.643115e-02
1.106837e-02
4.860809e-02
-1.321367e-02
-2.467081e-02
1.125622e-01
8.172984e-02
3.890782e-02
6.030499e-02
4.850276e-02
4.566371e-02
-5.691673e-02
-1.449568e-01
-7.723114e-02
-6.128579e-02
-6.329545e-02
-5.226727e-02
-5.896181e-03
3.950661e-02
-3.797771e-03
7.904312e-02
1.622939e-01
1.004447e-01
5.446697e-02
-7.656178e-02
7.578605e-02
2.609186e-02
-1.741961e-02
-5.065873e-02
-3.147696e-02
-1.097086e-02
2.592517e-02
3.225514e-02
3.852199e-02
2.235826e-02
-4.173371e-03
-1.382164e-02
3.482939e-02
-9.287520e-03
-8.506095e-02
2.369942e-02
2.125445e-02
5.475126e-02
1.886230e-02
-1.420863e-04
-4.256301e-02
-4.434006e-02
3.403612e-02
-4.572386e-02
-1.993877e-04
-2.737905e-02
-7.782389e-02
-5.975574e-02
7.473954e-03
1.304281e-02
-1.201395e-02
3.907644e-02
7.949576e-02
6.096164e-02
-1.022217e-01
-1.368160e-01
-6.106817e-02
2.155031e-03
-3.605906e-02
1.326601e-02
1.007951e-01
9.011886e-02
8.738187e-02
2.255723e-02
-5.183488e-02
2.585305e-03
-1.441341e-02
1.028796e-01
5.225974e-02
-1.231390e-02
5.626824e-02
-1.034259e-01
-2.489397e-02
-4.687645e-02
-1.859050e-03
-1.106672e-01
-1.571675e-01
-7.529131e-02
-5.236759e-02
-5.956383e-02
2.373481e-03
4.705569e-02
4.417104e-02
-3.320278e-02
2.179451e-02
1.025142e-02
2.453271e-03
-2.269667e-02
-6.298348e-03
6.663795e-02
-6.738180e-02
3.348895e-04
6.487730e-02
-8.353010e-02
4.115146e-02
1.085386e-01
-9.188435e-02
-1.471071e-02
1.433600e-02
-5.891047e-02
-3.003338e-02
-6.563579e-02
-2.675900e-02
-3.997199e-02
-6.015939e-02
-2.447679e-03
-2.957793e-03
-2.848299e-02
6.953664e-02
-5.873944e-02
-5.329569e-02
6.716154e-02
-4.770795e-02
-5.495172e-02
9.618048e-02
1.966937e-02
-4.257711e-02
5.319918e-02
-5.058830e-03
-6.669436e-02
1.230825e-01
-3.336614e-02
-1.321063e-01
9.240845e-02
-1.773006e-02
-1.123810e-01
2.319633e-02
6.433958e-03
2.104042e-02
-6.192939e-02
-1.225903e-01
1.079547e-01
-6.910606e-02
-3.353774e-02
1.263904e-01
-2.199698e-02
-7.961747e-03
-6.318002e-03
-1.499244e-02
3.267479e-02
2.055518e-03
1.532253e-03
-3.609705e-03
-1.720097e-02
3.592957e-02
1.316334e-01
-4.035833e-02
-2.138861e-02
-3.023579e-03
-8.022861e-02
1.212183e-02
8.225232e-03
1.236701e-03
7.017643e-02
5.004691e-03
-4.485993e-02
9.508790e-02
9.284548e-03
-4.522102e-02
3.826623e-02
-1.861235e-02
-6.682835e-02
4.509189e-02
-4.871294e-02
2.513597e-02
1.121453e-02
6.676679e-02
-8.369138e-03
-6.101532e-02
6.901936e-03
-1.013534e-02
-7.429443e-02
1.594996e-03
-1.335557e-04
-6.729522e-02
-4.470093e-02
1.562392e-02
-1.092447e-02
8.416299e-02
1.010234e-01
-8.612484e-04
3.673390e-02
3.816978e-02
2.421155e-03
-4.549573e-02
-3.187704e-02
4.167303e-02
-5.101557e-03
-1.533743e-03
2.906595e-02
-5.885435e-02
-2.522454e-02
2.355664e-02
-5.894932e-03
-9.652556e-03
3.650228e-02
-1.253469e-02
-2.679475e-02
-4.403614e-02
6.900468e-03
1.018874e-01
-8.572210e-02
-4.841053e-03
1.497342e-01
-9.857574e-02
-5.760036e-02
6.096007e-02
-2.415836e-02
-5.014694e-02
9.073549e-02
-2.536899e-02
4.169558e-02
6.611749e-02
-1.195152e-02
-3.673361e-02
-3.810721e-02
1.108352e-02
-3.320017e-03
1.440177e-02
-7.767731e-03
-5.470329e-03
3.907113e-03
-2.622247e-02
2.014204e-02
-9.456721e-05
2.346792e-02
-1.692819e-03
4.863119e-02
-2.511394e-02
-2.426904e-02
-2.351374e-02
-1.487013e-02
-5.549390e-03
9.045110e-03
6.157577e-02
6.385630e-02
9.313118e-02
8.455268e-03
3.256066e-05
7.356292e-02
-1.114119e-01
-1.186686e-01
-7.426208e-02
-7.677902e-03
-4.995563e-02
-3.627305e-02
-3.792537e-03
-3.395041e-03
-1.311330e-02
-1.462430e-02
-1.135322e-02
-3.215101e-03
-1.132986e-01
-1.493171e-01
-1.024684e-01
-3.074094e-02
-3.933398e-02
-8.302918e-03
1.134512e-01
1.913615e-01
1.061964e-01
-1.720199e-02
-3.220815e-02
-9.776393e-04
-3.174242e-02
-5.992030e-02
-5.910015e-03
-2.164651e-02
1.893138e-02
5.994309e-02
-4.960990e-03
4.407123e-02
6.065192e-02
-3.470679e-02
-1.031670e-01
-9.132504e-02
2.797929e-02
5.969676e-03
-3.227170e-02
3.539513e-02
2.350775e-02
2.043003e-04
2.730095e-02
6.945974e-03
-8.773957e-03
-1.510686e-02
3.978763e-03
-1.835121e-02
5.484861e-02
4.912076e-03
-1.623529e-02
3.108357e-02
2.013385e-02
-2.181909e-02
-4.716434e-02
-9.370323e-02
-7.753850e-02
1.257085e-02
3.708043e-02
7.772388e-02
-7.093563e-02
-4.832110e-02
-2.118266e-02
-3.971903e-03
-5.084863e-03
-1.300606e-02
1.835561e-02
-4.509637e-02
-3.389150e-02
6.240228e-02
-8.975042e-02
5.681881e-02
-1.595438e-02
4.101599e-02
4.131134e-03
-4.504409e-02
-1.222109e-01
-9.223864e-02
3.262887e-02
3.742728e-02
-5.779665e-03
5.955301e-02
7.973078e-02
3.335519e-02
2.875050e-02
-2.307228e-02
-4.017506e-02
2.608432e-02
-2.395386e-03
-1.683452e-03
-2.463732e-02
-9.238190e-03
7.140087e-02
1.896070e-02
-3.966995e-02
-2.678371e-02
1.710189e-02
-2.446596e-02
1.137184e-02
3.557036e-03
2.684899e-02
2.183705e-02
-2.825059e-02
-2.917080e-02
-6.085812e-02
7.055968e-03
8.372455e-03
-2.653330e-02
6.390698e-02
8.091362e-02
3.332935e-02
-4.340945e-02
-3.994720e-02
2.250479e-02
1.039471e-01
2.296424e-02
7.204385e-03
3.146855e-02
-1.845389e-02
-6.588313e-02
2.672611e-02
-4.184233e-03
1.191753e-02
3.103254e-02
-1.866525e-02
-1.645577e-03
3.506830e-02
1.835149e-02
1.642481e-02
-3.120197e-02
-3.952532e-02
1.353276e-03
-2.958047e-02
-5.210651e-02
-7.427503e-02
3.134926e-02
2.821104e-02
-1.243620e-02
-5.504218e-02
-3.378549e-03
8.786577e-03
-4.804236e-02
-4.422851e-04
8.198122e-03
-1.827270e-02
-1.410026e-02
6.824130e-03
1.733631e-02
3.153383e-03
3.445382e-03
-5.181478e-03
-2.680105e-02
-3.423589e-02
-2.751947e-02
-3.290622e-02
-4.387310e-02
8.802133e-03
2.192377e-03
-2.611350e-02
1.656338e-02
1.303557e-02
-2.207032e-02
-2.489089e-04
1.533762e-02
9.643955e-03
-1.579054e-02
1.713160e-02
-7.092199e-03
1.260677e-02
4.915943e-02
2.438969e-02
-5.649365e-03
2.054217e-02
1.234289e-02
2.627011e-02
3.402211e-02
3.610259e-02
5.073011e-02
-3.223519e-02
-6.337732e-02
1.219502e-02
-9.088690e-02
-1.116958e-01
2.720634e-02
1.244304e-02
3.739306e-02
1.329716e-02
1.323401e-02
2.221379e-02
-8.720938e-03
-1.658942e-02
-3.569345e-03
4.333359e-02
-1.931160e-03
-2.901109e-02
2.763191e-02
-4.689367e-02
-5.533456e-02
2.678154e-02
1.080559e-02
-2.798839e-02
5.247642e-02
9.089051e-02
1.030478e-01
3.736719e-02
7.574555e-02
8.163816e-02
-4.871203e-02
-2.734955e-02
-1.448675e-02
-2.445877e-02
4.840614e-02
-6.601115e-03
-4.181664e-02
7.194328e-02
-2.783746e-02
6.788934e-04
-1.269743e-02
6.077365e-03
3.311828e-02
-3.498035e-02
-5.676537e-02
3.389825e-02
-4.812272e-02
-5.001532e-02
6.285486e-02
4.780374e-02
2.252962e-02
2.104571e-02
2.492269e-02
4.437334e-02
-1.590415e-02
2.652024e-04
-6.051808e-03
-3.592809e-02
1.084727e-02
-1.443775e-02
5.744691e-03
1.806760e-03
-2.658850e-02
1.746999e-02
7.744968e-03
-2.780243e-02
-6.852301e-03
-3.090153e-02
-3.889182e-02
-8.677799e-03
-3.021522e-02
-1.561236e-02
-1.479979e-02
-4.095291e-02
-2.013928e-02
-8.984820e-03
-2.484714e-02
-2.616676e-03
-2.219764e-03
-2.082493e-02
-6.327896e-02
-5.227222e-02
-7.648450e-03
3.651504e-03
3.456891e-02
1.236484e-02
8.965226e-03
2.692418e-02
3.275928e-02
3.176237e-02
5.629413e-03
3.502335e-02
3.997115e-02
4.865463e-02
4.078576e-02
3.668346e-02
-5.708200e-02
-3.869274e-02
6.637624e-03
-4.155273e-02
-5.442539e-02
3.589026e-02
-3.077868e-02
-3.106970e-02
2.884499e-02
-3.721016e-02
-8.221433e-02
4.820736e-03
-6.547685e-04
-5.667434e-02
6.139127e-02
9.445886e-04
1.217830e-02
7.299056e-02
3.540014e-02
1.653090e-02
8.770168e-03
-3.896550e-02
-3.993964e-02
-8.815065e-02
4.731757e-02
1.441051e-02
1.972499e-02
3.410598e-02
7.238711e-03
5.560028e-02
-1.527490e-02
-6.886975e-02
4.781259e-02
1.362844e-03
-1.261403e-02
-1.651816e-02
-1.871646e-02
-1.907407e-02
3.865241e-02
6.517988e-03
-5.358095e-02
-9.077560e-03
-1.239199e-02
-2.536130e-02
3.858421e-02
1.781900e-02
-1.968073e-02
3.264161e-02
1.570006e-02
-8.551908e-03
-5.935347e-03
-1.854813e-02
-1.612355e-02
3.543569e-02
-5.035874e-02
2.495767e-02
5.313396e-02
-8.267198e-02
7.897627e-02
1.134279e-01
-3.054460e-02
-2.006456e-02
-3.876838e-03
-4.479826e-02
-3.770796e-02
-1.446246e-02
-4.237265e-02
7.298816e-02
-2.993021e-02
1.115725e-02
1.518068e-02
4.256222e-02
-2.758380e-02
-5.145029e-02
2.767788e-04
-7.418923e-02
-6.765570e-02
2.173642e-02
5.489836e-02
8.410433e-02
9.522381e-02
4.532431e-02
-6.087460e-02
2.581559e-02
1.654786e-02
-2.120983e-01
2.087322e-01
5.228446e-02
-2.758733e-02
-2.240702e-02
-4.230769e-03
3.466161e-03
-4.664289e-02
3.273465e-02
1.075815e-01
-8.200654e-02
3.354899e-02
-9.332493e-03
-9.228837e-02
-2.662268e-02
-5.754136e-03
5.401883e-03
6.406666e-02
6.566659e-02
-5.377996e-03
-1.999834e-02
-9.838007e-02
-1.403648e-02
1.582845e-02
1.865766e-02
5.596946e-02
-3.206983e-02
-2.646665e-02
4.872753e-02
-1.295926e-02
1.562383e-02
4.174423e-02
1.249508e-03
3.354460e-02
5.670034e-02
-3.111971e-02
-2.918573e-02
-5.468054e-03
5.416361e-03
1.405259e-02
-2.561726e-02
-3.141294e-03
-3.740649e-02
6.349454e-02
1.215778e-01
-6.272355e-02
-1.140634e-01
-4.651029e-02
1.322273e-02
2.685315e-02
3.202609e-03
4.094580e-02
-2.903909e-02
-5.071140e-02
-1.336755e-01
-7.059193e-02
-2.203716e-02
-6.965012e-02
4.544221e-02
-2.574899e-02
-2.511161e-02
-8.989832e-02
2.128013e-02
4.168434e-03
-1.592183e-01
4.099023e-03
-1.052051e-02
-3.855874e-02
-5.002701e-02
-3.068611e-03
9.689464e-03
-2.118963e-03
5.056531e-02
4.280597e-02
2.749496e-02
4.365906e-02
3.581823e-02
-6.397371e-02
-6.723510e-02
-5.949067e-02
-3.769816e-02
-4.319147e-02
-4.277898e-02
-6.354368e-02
-5.635909e-02
-5.700488e-02
-3.221461e-02
-1.515189e-02
2.062187e-02
-2.464597e-02
2.660043e-02
4.755031e-02
-2.851786e-02
1.890958e-02
2.450242e-02
-3.704942e-02
1.350399e-02
9.015593e-03
-4.866141e-02
1.570712e-02
1.716309e-02
-3.097980e-02
2.187271e-02
1.282214e-02
-7.035638e-03
3.191543e-02
-1.507130e-02
9.704306e-04
2.082789e-02
8.509010e-03
1.979462e-02
1.855666e-03
6.234068e-03
-1.225788e-02
-7.776410e-04
-1.628740e-02
2.546766e-02
1.092240e-02
-5.793726e-02
-2.549579e-03
1.742600e-02
-6.441374e-02
-2.713851e-02
-1.623581e-02
-3.644118e-02
-1.324746e-02
-1.182492e-02
-4.537077e-02
-2.795089e-02
-6.774266e-03
-4.636475e-02
4.528447e-02
8.361699e-02
5.488494e-02
6.528638e-02
1.307320e-01
9.870841e-02
4.503830e-02
8.527847e-02
6.918146e-02
-1.303637e-02
-5.216393e-02
-2.108821e-02
6.376757e-02
5.048687e-02
1.665823e-04
5.505690e-03
1.536874e-02
-2.546399e-02
-1.448645e-02
6.992706e-03
3.618835e-02
-2.540872e-02
-2.689676e-02
1.036865e-02
-5.041961e-02
-3.292078e-02
4.619297e-04
-1.870093e-02
-1.467088e-02
2.707327e-02
2.640910e-02
-1.878997e-03
5.191430e-03
1.025920e-02
2.124406e-02
5.037904e-03
-3.426864e-02
-3.190917e-02
-1.558250e-02
-8.444525e-03
-5.903183e-03
7.977957e-03
-8.285776e-03
-1.757367e-02
1.780781e-03
-4.118082e-03
2.125685e-02
9.886105e-03
4.300817e-02
7.766276e-02
6.367379e-02
2.016916e-02
5.640355e-02
4.107617e-02
-1.338531e-02
1.683872e-03
-1.234500e-02
-2.088350e-02
4.085797e-02
3.785508e-02
-1.233191e-02
2.243901e-02
6.173719e-03
-4.171286e-02
-4.177921e-02
-1.422568e-02
9.230434e-03
3.556221e-02
3.393876e-02
-7.196120e-03
2.265023e-02
4.743690e-03
-9.552992e-03
-4.171265e-03
5.021437e-02
-5.207086e-02
-3.384583e-02
3.409330e-02
-5.889135e-02
-2.030990e-02
5.079056e-03
-5.521354e-03
2.563129e-02
-2.551231e-02
-5.916709e-03
1.822283e-02
-2.651189e-02
3.553620e-02
-5.878478e-02
1.793343e-02
-7.699794e-03
-7.672340e-02
-4.055703e-02
2.279870e-02
1.190207e-02
9.852760e-03
-7.400315e-02
-3.886797e-02
-6.083279e-02
-2.689955e-02
5.976887e-02
-3.334865e-02
9.727351e-03
7.168176e-02
-1.938470e-02
3.810054e-04
-3.867797e-02
-1.105054e-02
-1.535018e-02
5.301334e-02
-3.893723e-02
-2.492100e-02
5.910380e-02
3.193870e-02
-1.840818e-02
2.399877e-02
4.187615e-03
-4.188353e-03
9.134983e-03
-3.513104e-02
1.519279e-02
-3.918473e-03
9.592331e-03
1.252414e-02
8.697843e-04
-4.298302e-02
5.947143e-03
-2.080182e-02
1.919711e-02
5.042308e-02
1.584836e-02
-2.918514e-02
-1.432023e-02
5.166604e-02
1.279457e-02
2.435385e-02
-4.626809e-02
6.261793e-03
-5.626501e-03
-1.182262e-01
1.670232e-02
1.974300e-02
5.942472e-02
1.874994e-02
-4.240338e-02
2.682135e-02
-1.724890e-02
8.227309e-02
1.168958e-01
4.971853e-02
-1.056276e-01
-1.102322e-01
-1.086613e-01
-4.224053e-02
-4.118418e-02
4.162627e-02
-4.689524e-03
1.575438e-01
-1.146974e-01
5.572884e-02
-1.392628e-01
8.822811e-02
-7.484852e-03
-5.507802e-02
-2.120953e-03
-3.329548e-02
-1.155336e-01
-2.246840e-02
3.608630e-02
5.365491e-02
2.049000e-02
4.812772e-04
3.898310e-02
1.254175e-02
-7.502865e-02
-5.992287e-02
-5.785158e-02
1.613327e-02
1.314520e-01
-8.994308e-03
1.852683e-02
-1.994100e-02
-1.773364e-02
8.061892e-02
6.404974e-02
4.084654e-02
4.214948e-02
-4.933875e-02
1.185272e-02
-1.220092e-03
-1.062203e-02
1.444637e-02
9.843239e-03
9.786523e-03
2.268747e-02
-2.866478e-02
-1.766468e-02
-1.006205e-02
5.724093e-02
-1.827699e-02
-5.110154e-02
-6.654779e-02
7.253967e-02
1.625409e-02
5.381715e-02
-9.104833e-02
2.370410e-02
-5.038819e-02
-9.875719e-02
-4.007962e-02
3.770242e-02
7.881211e-02
1.378362e-02
2.746005e-02
2.390047e-02
1.236416e-02
1.472507e-02
2.812998e-02
3.388780e-02
-6.092395e-03
1.081172e-02
4.927034e-02
3.315609e-02
4.157878e-03
-4.287491e-02
-3.102321e-03
2.222126e-02
3.516035e-03
-8.504358e-03
1.714889e-02
-5.192104e-03
-5.651687e-03
1.635090e-02
1.159402e-02
4.722610e-02
5.426203e-02
2.907708e-02
4.229925e-03
2.464793e-02
3.534182e-03
1.409610e-02
1.134853e-02
-9.569403e-04
-2.492504e-02
1.734467e-02
-2.378481e-02
-2.182927e-02
2.395136e-02
-1.925035e-02
-2.573021e-02
1.096314e-02
-3.768293e-02
-3.501960e-02
2.655133e-02
-1.764211e-02
-1.403958e-02
4.654463e-02
-3.246458e-03
-5.109941e-03
3.722562e-02
-1.684159e-02
-1.593810e-02
1.759489e-02
-1.588072e-02
-1.515657e-02
5.888778e-03
-1.442774e-02
-2.144161e-02
-3.606636e-03
-1.654798e-02
-6.601043e-03
2.219885e-02
6.156113e-03
-1.523952e-02
1.486207e-02
2.070721e-03
-1.332552e-02
3.423935e-02
1.340436e-02
5.227372e-02
-1.252528e-02
1.687734e-02
2.500001e-02
-5.580658e-04
-1.653131e-04
3.203588e-02
-2.354853e-03
6.162545e-03
-1.544688e-02
5.851293e-02
1.681499e-03
-4.994364e-02
1.360959e-02
-3.161502e-02
-6.311564e-02
-8.765467e-04
-3.500878e-02
-4.029706e-02
7.004266e-02
-7.389603e-02
-4.813931e-02
8.655720e-02
-3.993328e-02
-4.044962e-02
1.728844e-02
-3.472538e-02
7.174416e-02
-6.182942e-03
4.494936e-02
3.653660e-02
-1.693245e-02
3.078518e-03
4.990736e-02
-2.019728e-02
5.086489e-03
2.417787e-02
4.069895e-02
2.859110e-02
-2.906127e-02
1.213436e-02
-2.150632e-02
-1.240114e-02
1.539300e-02
-1.614879e-02
2.724907e-03
-9.751995e-03
1.380106e-02
5.995420e-03
-1.029661e-02
2.367496e-02
4.709581e-03
-2.343361e-02
1.817014e-02
-1.036132e-03
3.578228e-02
1.099350e-02
-6.915974e-03
2.351412e-02
2.402542e-04
-4.359492e-03
2.625413e-02
4.971582e-03
-4.828718e-02
1.759097e-02
1.220889e-02
-6.975425e-03
1.376324e-02
7.606645e-03
-2.335775e-02
1.279478e-02
-5.866298e-03
-2.470750e-02
-1.110397e-02
-1.286874e-02
-1.787437e-02
-6.208462e-04
-2.659769e-02
-1.816735e-02
-1.367779e-02
-3.442368e-02
-1.684453e-02
-3.947248e-03
-1.552319e-02
9.586246e-03
1.863224e-02
7.180703e-03
-2.905595e-03
2.801965e-02
-3.197511e-03
