-4.951011e-03
3.380147e-03
4.360382e-02
2.645482e-02
1.023437e-02
-1.739936e-02
-9.490623e-03
-2.942890e-02
-3.423327e-02
-9.336421e-03
-2.327318e-03
2.697715e-02
1.682341e-02
-2.942527e-02
-2.585389e-02
-4.054436e-02
5.667195e-03
-7.400292e-02
1.955444e-02
-2.155362e-02
-5.778481e-02
-2.046435e-02
-6.059196e-03
-1.612893e-02
2.044561e-02
3.772918e-02
-2.466649e-02
1.908252e-02
-3.044165e-02
-1.693088e-02
-2.645542e-02
1.283694e-02
1.481342e-03
6.254873e-02
-2.725120e-02
7.107145e-03
-3.354203e-02
3.037756e-02
2.061948e-03
-1.540879e-03
2.321000e-02
4.701326e-02
2.265640e-02
-3.329602e-02
2.982377e-02
4.981033e-02
2.899451e-02
-2.392295e-02
-6.935627e-02
-4.169700e-02
2.438032e-02
-3.240475e-02
-2.874199e-02
-5.268902e-02
-1.770763e-02
2.113988e-02
6.598945e-03
1.400933e-02
-4.725995e-02
4.446353e-02
4.890416e-02
-5.590894e-02
-1.626539e-02
-3.602116e-02
2.378594e-03
7.874724e-02
9.200257e-03
3.448398e-02
2.515996e-02
1.551261e-02
1.231538e-02
4.731426e-02
3.585094e-02
4.146674e-02
3.332631e-03
4.008288e-03
-5.025712e-04
2.468874e-02
-4.955453e-02
2.522711e-02
9.354343e-03
-1.590728e-03
-2.912939e-02
2.022723e-02
-9.440846e-03
1.320084e-02
5.409663e-04
1.256766e-02
-3.960316e-02
-2.018087e-02
3.013874e-02
2.090349e-02
-1.573022e-02
9.056161e-03
5.991032e-03
-6.206629e-02
3.043064e-02
-2.297613e-02
-3.625218e-03
5.001164e-02
