2.784026e+00
2.213361e+00
2.554737e+00
1.637381e+00
2.075278e+00
1.644623e+00
1.635864e+00
2.370432e+00
2.013149e+00
1.624551e+00
2.025838e+00
1.864914e+00
2.159071e+00
3.753351e+00
1.732732e+00
1.798301e+00
2.557525e+00
3.169487e+00
1.793427e+00
1.657998e+00
2.952997e+00
2.701686e+00
1.612945e+00
2.256397e+00
2.073533e+00
1.636395e+00
1.794539e+00
2.141231e+00
2.033900e+00
1.687840e+00
1.758393e+00
1.640059e+00
2.044288e+00
1.641322e+00
2.396430e+00
2.707606e+00
2.122859e+00
8.941115e+00
4.148088e+00
1.449577e+00
2.222301e+00
2.009875e+00
1.859001e+00
2.922590e+00
2.200883e+00
2.238347e+00
1.540853e+00
2.601532e+00
2.202566e+00
2.324465e+00
1.656518e+00
3.219604e+00
2.011073e+00
1.472479e+00
1.846072e+00
1.928277e+00
1.997929e+00
2.023359e+00
2.282916e+00
1.985966e+00
2.559821e+00
1.854789e+00
3.519815e+00
2.414976e+00
