5.493842e+00
6.628644e+00
7.397117e+00
6.303978e+00
6.300173e+00
5.793563e+00
6.443396e+00
5.667970e+00
5.970797e+00
7.172995e+00
6.348471e+00
5.015211e+00
3.418175e+00
7.203133e+00
7.838980e+00
5.150016e+00
5.417190e+00
6.141622e+00
6.210701e+00
6.386570e+00
5.803638e+00
6.712562e+00
4.937223e+00
6.330803e+00
6.489539e+00
6.974109e+00
6.950449e+00
4.932038e+00
6.383995e+00
5.398005e+00
4.607852e+00
5.582746e+00
7.162919e+00
5.725432e+00
6.677644e+00
6.449374e+00
5.571401e+00
7.685049e+00
5.817988e+00
4.419071e+00
7.333551e+00
4.945322e+00
3.942527e+00
6.172934e+00
6.095315e+00
7.449100e+00
5.223169e+00
7.157563e+00
6.199435e+00
7.849630e+00
6.885929e+00
5.608415e+00
7.480914e+00
4.196103e+00
6.438184e+00
6.845163e+00
5.923382e+00
6.997232e+00
8.066648e+00
3.850821e+00
4.585711e+00
5.114828e+00
6.737541e+00
4.987600e+00
