-3.267412e-02
1.420112e-02
-9.785938e-02
-1.087231e-02
-1.692362e-02
-4.435789e-02
-4.734329e-02
-2.898774e-01
7.923459e-02
-1.695334e-01
-3.076608e-02
-1.297860e-01
1.312623e-03
-1.126786e-01
1.707973e-02
5.589462e-02
1.995178e-02
-8.794481e-02
1.526715e-01
-6.128775e-02
2.958443e-02
-3.866322e-02
2.971376e-02
-2.552871e-02
-1.081125e-01
-1.040544e-01
-1.396712e-02
-2.135843e-03
-7.390025e-02
-1.724353e-02
-1.376841e-02
-3.930570e-02
3.799759e-02
-8.085822e-02
-2.927068e-01
1.180185e-02
7.107569e-02
-2.926442e-01
-1.223358e+00
-5.553775e-03
-7.956146e-03
-1.684501e-02
3.426700e-02
-7.109299e-02
-1.489685e-01
-4.834288e-02
-3.125479e-02
2.096256e-03
8.269530e-03
1.827241e-02
1.094968e-01
-8.667970e-02
-4.143056e-02
1.098807e-01
3.859282e-03
4.410232e-02
6.667670e-02
-5.833700e-02
1.990707e-02
2.736380e-02
-5.458722e-02
6.173450e-02
6.383888e-03
-1.373743e-02
