1.144887e+01
8.917166e+00
1.076541e+01
7.267393e+00
9.590631e+00
6.135266e+00
6.141451e+00
5.566510e+00
8.415576e+00
6.492208e+00
8.439000e+00
8.536156e+00
9.216839e+00
1.221567e+01
7.321826e+00
7.133648e+00
9.652382e+00
1.096432e+01
7.169576e+00
6.978038e+00
1.177972e+01
1.026623e+01
6.317999e+00
9.041242e+00
6.583686e+00
7.520499e+00
7.717680e+00
9.368855e+00
9.129998e+00
6.926128e+00
7.228224e+00
6.774058e+00
7.832175e+00
6.592280e+00
8.188562e+00
1.145702e+01
8.768915e+00
1.452402e+01
8.038826e+00
5.377566e+00
8.736721e+00
8.858974e+00
8.591781e+00
1.067804e+01
9.435172e+00
9.289654e+00
5.235732e+00
1.076612e+01
9.404733e+00
9.841933e+00
6.750226e+00
1.032878e+01
8.486518e+00
5.193964e+00
7.438597e+00
7.214608e+00
7.451610e+00
8.974779e+00
9.441647e+00
8.068411e+00
1.017705e+01
7.833076e+00
1.271453e+01
9.819261e+00
