9.206276e-03
5.774247e-03
4.518190e-02
-3.254251e-02
3.809096e-02
1.980026e-02
-3.444150e-02
-1.005678e-01
1.831172e-02
-3.001958e-03
3.548510e-02
2.571551e-02
4.973821e-02
-2.872209e-02
3.851558e-02
1.389203e-02
-4.619705e-02
5.470620e-03
6.942099e-02
-4.147804e-02
-1.682976e-02
2.206850e-02
2.905842e-02
-1.695058e-02
1.410609e-04
-1.571862e-02
-3.520071e-02
1.030727e-02
-3.970979e-02
-3.035718e-02
-5.065234e-02
-6.591794e-02
-2.805417e-02
-6.692430e-03
1.658881e-02
-3.206090e-02
-2.148964e-02
-3.783816e-02
-2.957988e-02
2.149441e-02
3.948059e-02
-3.430137e-02
-9.513916e-02
4.488989e-02
1.940201e-02
-9.267363e-02
-4.749169e-02
-2.189150e-02
-6.776543e-03
8.748797e-03
2.047065e-02
-3.063091e-02
-2.462115e-02
-5.964492e-03
-1.458194e-02
3.981294e-02
-6.076081e-02
9.348686e-02
1.593462e-02
4.580581e-02
2.014212e-02
-2.234282e-02
8.542737e-02
-6.461228e-02
