7.082174e-02
4.051847e-02
2.424696e-02
5.607287e-02
5.535064e-02
3.142330e-02
4.750736e-03
3.553347e-02
5.557705e-02
2.576340e-02
6.146244e-02
5.514752e-02
3.499629e-02
5.929565e-02
-7.515115e-03
3.264430e-02
6.100138e-02
7.041193e-02
5.293944e-02
5.690304e-02
6.177361e-02
5.626144e-02
5.140699e-02
-8.481584e-03
6.060413e-02
5.908547e-02
3.879692e-02
7.929029e-02
-6.076608e-02
5.963912e-02
6.001851e-02
7.452710e-02
2.772243e-02
5.016046e-02
4.548550e-02
3.775663e-02
-2.389557e-01
6.766114e-02
4.856144e-02
-1.287632e-02
6.503789e-02
6.287830e-02
-1.602088e-02
6.207421e-02
6.110863e-02
-7.196762e-02
-5.440341e-03
6.213588e-02
9.056630e-02
6.411946e-02
-1.618747e-02
-2.621000e-03
6.566226e-02
6.612851e-02
5.362399e-02
8.130894e-02
6.164345e-02
6.834153e-02
4.504792e-03
4.588445e-02
-7.551218e-02
5.680713e-02
-1.819662e-02
6.413457e-02
