9.659332e+00
9.234946e+00
8.060926e+00
9.959253e+00
8.990311e+00
1.036612e+01
1.154247e+01
8.134010e+00
9.679947e+00
1.083636e+01
9.177969e+00
1.020714e+01
1.065559e+01
1.068929e+01
1.015266e+01
1.022609e+01
9.669378e+00
9.495718e+00
9.338947e+00
9.871723e+00
1.002033e+01
1.022398e+01
8.794266e+00
9.414582e+00
9.428801e+00
1.077718e+01
1.157483e+01
1.018865e+01
9.266852e+00
1.029867e+01
8.839911e+00
9.743695e+00
8.082880e+00
1.083430e+01
9.085158e+00
9.726481e+00
8.840937e+00
9.064296e+00
1.001485e+01
8.360857e+00
1.099204e+01
1.012542e+01
8.205366e+00
9.566620e+00
9.824491e+00
1.188415e+01
9.617771e+00
1.115188e+01
1.058390e+01
9.627954e+00
9.783760e+00
8.872009e+00
9.007335e+00
9.156693e+00
9.386874e+00
1.000123e+01
1.089658e+01
9.250276e+00
7.090460e+00
1.040453e+01
9.150439e+00
9.103095e+00
9.466008e+00
1.048059e+01
