1.943548e+00
2.082081e+00
2.012923e+00
2.204392e+00
2.091124e+00
2.092655e+00
2.299551e+00
1.996079e+00
2.065485e+00
2.242283e+00
2.164442e+00
2.164633e+00
2.099896e+00
2.001846e+00
2.208175e+00
2.215276e+00
2.097662e+00
2.133717e+00
2.199470e+00
2.118759e+00
2.169425e+00
2.190346e+00
2.118781e+00
2.007439e+00
2.156194e+00
1.870029e+00
2.317182e+00
2.242790e+00
1.932186e+00
2.198189e+00
1.918393e+00
2.089578e+00
2.045226e+00
2.049082e+00
2.049504e+00
2.117161e+00
2.306724e+00
1.989155e+00
2.314141e+00
1.981161e+00
1.990753e+00
2.202146e+00
2.035678e+00
2.091690e+00
2.147022e+00
2.161515e+00
2.222294e+00
2.100187e+00
2.062466e+00
2.174818e+00
2.074558e+00
2.084498e+00
2.145719e+00
2.233219e+00
2.099026e+00
2.005635e+00
2.184858e+00
2.144958e+00
2.076640e+00
2.296383e+00
2.073827e+00
2.056331e+00
2.044676e+00
2.229360e+00
