-6.744732e-03
-9.776881e-02
-1.464787e-02
1.496653e-02
-1.161652e-01
-1.202782e-02
1.731858e-02
-4.914030e-02
2.276190e-02
1.267746e-02
-7.717246e-03
8.708347e-03
-2.377319e-02
5.139606e-02
-3.412178e-03
2.017083e-02
3.102239e-02
4.564899e-02
3.435147e-02
-1.862867e-02
1.961513e-02
4.271758e-02
-8.651776e-02
-4.470182e-02
-5.856463e-03
-3.035660e-02
2.902817e-02
6.486346e-04
1.618163e-02
-9.388470e-03
2.826220e-02
4.576371e-03
-2.303558e-02
4.919870e-03
-2.158473e-02
-3.160839e-02
-1.162597e-02
-4.268282e-03
1.342703e-04
-1.315414e-02
-2.758029e-03
4.679282e-03
-2.486112e-02
-7.005022e-03
-5.054857e-03
-5.300302e-03
-4.233635e-03
-3.999446e-02
9.382102e-03
-3.512417e-02
1.779219e-02
-3.625425e-02
-5.760781e-02
2.470331e-02
-6.516289e-03
-5.333746e-03
-7.217558e-03
3.538887e-03
3.841546e-03
1.611012e-03
-1.529988e-03
2.750766e-04
-2.469241e-03
-2.910238e-02
-4.444647e-03
-6.569506e-03
-1.222459e-03
2.883900e-02
3.385902e-02
-2.271450e-02
1.857489e-02
-1.608316e-02
-7.057074e-03
-8.692325e-03
1.261093e-02
-3.694348e-03
4.183788e-03
2.387131e-02
-4.923975e-03
5.310034e-03
2.838857e-02
2.275309e-02
-1.924012e-02
1.175786e-02
1.566773e-02
-3.700302e-02
2.085215e-02
-1.313407e-02
-4.503344e-02
-3.105826e-02
-3.178616e-03
-3.571108e-03
-9.406690e-03
3.113969e-03
2.915965e-03
-2.325178e-03
2.796901e-03
1.591459e-03
-3.560887e-03
1.134515e-04
6.743116e-03
-5.081323e-04
2.437145e-02
1.163464e-02
8.107050e-03
-1.000140e-02
-6.943990e-03
-1.873673e-02
1.330604e-02
1.899549e-02
-8.698939e-03
7.733898e-03
-1.020040e-02
-5.212703e-02
3.178868e-02
7.314201e-03
-3.426040e-02
-4.187666e-02
-4.329972e-02
3.104628e-02
6.515972e-02
-7.019523e-02
7.268225e-02
-7.760714e-03
-5.205563e-02
-3.700102e-03
-8.592758e-03
-3.436128e-03
-1.958010e-02
9.396706e-03
3.726923e-02
-2.873206e-03
2.538023e-02
1.602238e-02
1.552995e-02
-1.923042e-04
2.965048e-02
4.754020e-03
-7.817724e-02
-1.372022e-02
-2.931382e-02
-9.575963e-03
3.292414e-02
3.583565e-02
4.897495e-03
2.143697e-02
2.162916e-02
6.946055e-03
3.471081e-02
1.695069e-02
-2.966083e-03
-2.043251e-02
1.950690e-02
-1.340972e-02
-4.596075e-02
-3.346312e-02
-6.966187e-02
-1.609678e-01
-3.264098e-02
6.774627e-03
-1.513559e-02
3.231570e-02
1.322209e-02
4.483668e-02
-2.139589e-03
3.700237e-03
-2.072380e-02
-1.743151e-02
-1.311202e-02
3.247045e-02
2.885980e-02
2.857318e-03
1.172042e-02
-4.155192e-03
-3.671321e-02
-3.466589e-02
-2.952551e-02
-3.461892e-02
-2.724671e-02
-2.209176e-02
2.452965e-04
-1.647927e-02
-1.001017e-04
1.088633e-03
-2.065573e-02
-2.452882e-02
-4.333610e-03
-3.456076e-02
-2.495771e-02
3.340197e-02
8.578009e-03
-4.386116e-02
-4.317130e-02
-3.089758e-02
-3.899562e-02
-5.567326e-03
-1.524379e-02
2.838647e-02
-1.009465e-02
-1.040947e-02
-1.221294e-02
-6.163539e-03
-2.442194e-03
-3.155998e-03
8.576888e-04
5.993940e-04
-2.877008e-03
8.683224e-03
-6.697568e-03
2.228559e-02
-8.727426e-03
-1.971760e-03
-2.630788e-02
-3.305912e-02
-4.076729e-02
5.831059e-04
-1.145348e-02
-1.417384e-02
-1.039903e-03
-1.968452e-02
-6.131641e-03
1.753827e-03
2.069705e-02
3.046332e-03
2.334534e-02
-8.398214e-03
2.064946e-03
-2.907547e-02
-6.112093e-02
-3.998090e-02
-5.899839e-02
1.285986e-02
4.607084e-02
2.345585e-02
2.355554e-03
1.800107e-03
6.647301e-04
-2.737907e-03
-9.321359e-04
-5.685498e-04
-3.485015e-03
3.038426e-03
3.439653e-04
-2.504653e-02
-4.106604e-02
-4.297891e-02
-8.793294e-03
-6.040935e-04
-2.625758e-02
2.089856e-02
1.019814e-02
6.570064e-03
8.004908e-02
7.085384e-02
6.941249e-02
9.130727e-03
-1.462425e-03
-1.856200e-02
-9.477122e-02
-6.014545e-02
-4.666245e-02
-3.204041e-02
1.951023e-02
3.916948e-02
-1.893460e-02
-4.145486e-02
-7.443151e-02
1.449408e-02
-3.557884e-03
-1.478971e-02
1.025000e-02
8.730898e-03
2.361794e-02
2.492070e-02
3.454127e-02
2.432469e-02
-2.787745e-02
-2.144056e-02
-1.681736e-02
2.362986e-02
-3.608952e-02
6.402098e-03
4.730984e-02
1.025056e-01
2.470530e-02
-5.691673e-02
-1.678682e-01
-4.312925e-02
4.286319e-02
2.110521e-02
-5.514430e-03
3.229752e-02
-4.302078e-02
-1.890567e-02
-3.578326e-03
-5.703850e-02
1.610743e-02
-7.624676e-02
2.475427e-02
1.870469e-02
-7.979850e-03
2.875127e-03
3.308196e-02
-7.790459e-03
1.861231e-02
1.409267e-03
-8.868292e-03
6.541498e-02
-3.431500e-02
7.074745e-02
-2.653174e-03
-9.277660e-03
-3.984642e-02
-4.901839e-02
-5.349868e-03
4.089060e-02
2.762087e-02
1.033851e-03
1.527431e-02
-1.765788e-02
-1.881936e-02
-2.026899e-02
-6.220332e-02
-4.880387e-02
-1.176188e-02
-2.558565e-02
-3.503991e-02
-1.939506e-02
-1.391590e-02
-9.104618e-04
-6.787906e-03
3.858668e-03
4.025519e-02
1.484942e-02
-3.113323e-03
1.047029e-02
-2.432541e-02
3.528391e-02
3.066045e-02
-2.511470e-03
3.478036e-02
-9.942235e-04
1.558584e-02
1.293795e-02
4.983519e-03
9.151899e-03
4.361838e-03
-1.101231e-03
6.036930e-04
8.562284e-04
-1.050388e-04
-6.722691e-03
4.244201e-02
1.466584e-02
-5.779597e-02
3.877268e-03
4.321653e-04
-4.089379e-02
1.660991e-02
-1.266514e-02
-1.344291e-02
1.653219e-02
1.864191e-02
1.120632e-02
3.469981e-02
3.134137e-03
-3.529068e-03
1.435476e-02
9.086630e-03
3.741942e-02
-5.409709e-02
-6.502499e-02
-6.469923e-02
-8.518586e-02
-1.420199e-02
-6.627475e-02
8.208123e-03
5.651419e-02
-5.464431e-03
-6.155935e-03
-5.565072e-03
-3.901447e-03
-5.077026e-03
-3.948132e-03
1.337630e-03
-2.408364e-03
-6.046412e-03
1.198282e-02
-1.509468e-02
-7.139271e-03
-1.681177e-02
-2.520489e-02
1.684104e-02
-2.684781e-02
-2.118072e-02
1.030431e-02
-1.144055e-02
-4.402344e-02
-4.036992e-02
-1.913882e-02
-1.972822e-02
1.061532e-02
1.729860e-02
2.515315e-02
6.157484e-02
1.305572e-01
-4.225907e-03
-6.596950e-02
-5.982642e-03
-9.263559e-02
-9.038155e-02
-5.397506e-02
-5.231522e-02
7.898333e-03
-1.776779e-02
3.461145e-03
-1.968198e-02
1.935040e-02
-2.718771e-03
2.166031e-02
2.815847e-02
-8.344888e-03
-4.361330e-04
-3.688977e-02
-1.178034e-02
5.787142e-02
1.998659e-02
7.232374e-02
1.237405e-02
6.734180e-02
-8.025077e-03
-6.094463e-02
3.779165e-02
1.517404e-02
-5.171673e-02
-7.982593e-02
6.736286e-02
-3.828860e-02
-5.676415e-02
-3.969036e-02
4.193059e-02
4.360552e-02
-1.614338e-02
-3.576780e-02
1.687458e-02
1.019108e-02
-3.425352e-02
2.296869e-02
1.042916e-02
-3.317169e-02
3.277980e-02
-6.072797e-02
-4.826828e-02
9.268370e-04
7.822713e-02
-4.709086e-02
-2.590366e-02
-6.365155e-02
3.000306e-02
-4.656830e-03
5.167672e-02
5.822381e-03
-8.663410e-03
3.349983e-02
1.677509e-02
-2.899193e-02
3.782564e-03
-1.241192e-02
-1.743227e-02
-8.504988e-03
-1.416193e-02
-1.085197e-03
5.617096e-03
-2.147533e-02
-1.405240e-02
7.762279e-03
1.544456e-03
-3.253577e-02
-1.694659e-02
-2.533220e-02
-2.026892e-02
-4.911930e-02
1.575011e-03
-1.613892e-02
-4.942762e-03
-2.920077e-02
2.944774e-03
7.186651e-04
6.246071e-03
3.527160e-03
2.272343e-03
7.239084e-04
8.624009e-04
-2.863183e-03
-3.490137e-03
-2.261561e-02
-2.382744e-03
8.951173e-03
-2.149199e-02
-3.743817e-02
3.838357e-03
-3.319116e-03
-4.417652e-02
-3.347009e-02
-3.631076e-03
-3.785823e-03
2.575096e-03
-1.163678e-02
2.001904e-03
1.448453e-05
-7.745674e-03
1.221246e-03
-2.942484e-04
4.377056e-02
2.174720e-02
-4.638077e-03
1.260471e-02
2.713414e-02
6.036731e-03
-2.233625e-02
-4.628819e-03
4.236031e-02
1.209455e-03
9.058710e-04
4.729307e-03
-5.906952e-04
-2.600479e-03
-1.770553e-03
9.876972e-04
-2.346806e-03
2.089249e-04
1.206792e-02
-1.324574e-03
-1.494614e-02
2.002118e-02
2.400739e-02
5.539926e-03
-3.709550e-03
2.123134e-03
1.627431e-02
-1.902447e-02
-1.993385e-02
-2.543822e-02
2.216420e-02
1.256939e-02
2.880382e-03
1.124909e-02
1.042348e-02
2.365415e-02
-1.962590e-02
-7.844056e-03
5.346365e-02
-3.801955e-03
-5.139519e-03
2.903096e-03
-2.353915e-02
-3.554688e-02
-9.431994e-03
-4.030247e-02
3.817242e-03
3.540584e-02
-1.002246e-02
-1.698960e-02
2.140120e-02
-7.776627e-03
-3.787805e-02
-3.883047e-02
-1.162022e-02
5.999251e-02
1.483798e-02
-3.927589e-03
-8.411439e-02
-1.411820e-02
4.885891e-02
8.542211e-02
-9.818798e-02
1.600026e-03
-2.604388e-02
-2.648888e-02
-2.888799e-02
-3.216362e-02
5.823538e-02
-6.349578e-02
-1.208196e-02
6.738376e-02
5.098793e-02
3.911280e-03
-4.990260e-02
6.734124e-02
1.592488e-02
-3.291577e-02
3.084115e-02
-1.159164e-02
-5.254144e-02
1.192714e-02
-1.051459e-02
-7.756089e-03
-1.779399e-02
-4.985262e-02
-1.243675e-02
-3.009259e-02
-3.018760e-02
4.215679e-02
-7.794477e-03
6.130897e-03
-1.218373e-02
9.607447e-03
1.260864e-02
1.629397e-03
1.065322e-02
4.572253e-03
-1.100448e-02
-1.722601e-02
-2.324519e-02
4.428140e-03
1.359900e-02
-7.217349e-06
1.886239e-02
2.797782e-02
8.889253e-03
2.586627e-02
6.775660e-03
9.926937e-03
1.840690e-02
-3.520216e-02
2.357254e-02
-3.291233e-03
-3.151327e-02
-3.231598e-02
2.048126e-02
-1.360813e-03
2.361187e-04
-2.651105e-03
-1.283976e-03
-6.245775e-04
2.428105e-03
-3.370013e-04
3.385003e-03
7.853223e-03
-2.428472e-02
-5.655695e-03
-2.758989e-02
1.007363e-02
2.713792e-04
-1.981225e-03
3.493650e-02
-2.365657e-02
-1.371488e-02
7.081822e-03
1.924559e-02
6.360628e-03
1.911077e-02
2.353549e-02
9.155058e-03
-4.789585e-03
2.067771e-02
2.547818e-02
-4.847011e-02
-3.694762e-02
2.003688e-02
-4.943414e-02
-5.145130e-03
5.870829e-02
-3.204285e-02
3.399822e-04
-1.180286e-02
-1.385449e-02
-1.100402e-02
-1.081523e-02
-1.209578e-02
-6.245476e-03
-7.878425e-03
-1.394118e-02
-1.013917e-02
-1.218320e-02
-2.524010e-02
-2.411319e-02
-1.956793e-02
-8.060548e-03
-8.192537e-03
-1.008507e-02
-4.858989e-03
-6.189855e-03
-1.469328e-02
-2.190198e-02
-2.586991e-02
6.373104e-03
-1.261762e-02
-2.608932e-02
-2.587192e-03
1.912161e-02
-2.736811e-02
-1.812363e-02
-4.558342e-02
-4.811231e-02
5.177871e-03
-3.564487e-02
-2.097543e-02
5.052036e-02
1.899175e-02
3.713335e-02
1.059177e-01
2.604571e-02
-3.513590e-03
-2.304020e-02
-3.075214e-03
-1.704646e-02
-3.259152e-02
6.439932e-03
-1.979000e-02
-6.845299e-03
1.213517e-03
-7.787581e-03
-1.741574e-02
4.449420e-02
6.755570e-03
-3.800264e-02
6.288080e-02
1.910770e-02
-2.255956e-02
-4.486630e-02
-1.896862e-02
5.502589e-02
6.739512e-02
-4.984471e-02
2.685271e-02
3.965921e-02
-3.448337e-03
1.307207e-03
2.756543e-02
4.370073e-02
-8.288449e-03
-5.630510e-03
-1.687473e-02
8.005530e-03
-4.536637e-03
4.414488e-03
8.367505e-03
-8.357496e-02
-9.435873e-03
3.168979e-02
-1.807112e-02
-1.030272e-01
3.153311e-02
6.550046e-02
2.619798e-02
-1.680182e-02
-2.672319e-02
-3.869830e-02
-4.502675e-02
6.883217e-02
-1.022059e-02
-1.462398e-02
6.995918e-03
-9.276844e-03
-2.998033e-02
2.799373e-02
2.300746e-02
4.183729e-02
2.481044e-03
-1.398425e-02
8.266920e-03
3.468680e-03
-2.697044e-02
-5.280386e-02
1.918909e-02
-5.366937e-02
7.010765e-02
-7.166058e-02
-2.361569e-02
-3.118855e-02
5.483786e-02
-1.880835e-02
-8.134342e-02
4.266873e-03
2.999855e-03
3.955419e-03
3.919010e-03
3.183672e-03
1.635119e-03
9.232178e-03
8.911109e-03
2.926424e-03
6.077707e-03
-1.235374e-02
-5.244614e-03
-3.370206e-02
1.811217e-02
-4.776113e-02
-1.371987e-02
2.273489e-02
-2.450126e-02
1.575243e-02
2.317391e-02
-2.542916e-02
7.647110e-03
2.321340e-02
-1.181258e-03
4.448962e-03
8.573758e-03
2.726099e-02
-3.035276e-02
-9.061088e-02
-2.515417e-02
4.769275e-02
-3.481857e-02
-1.006951e-01
4.348937e-02
5.992391e-02
-5.853290e-02
-6.468685e-03
-5.829806e-03
-1.953560e-03
-8.642347e-03
-7.314388e-03
-4.555970e-03
-3.283314e-03
-5.813598e-04
7.662278e-04
-1.211038e-02
-1.225369e-02
-5.614549e-04
1.258139e-02
-1.001977e-02
-2.935902e-02
2.558149e-02
1.043545e-02
-2.005624e-02
-5.763424e-02
-6.303874e-02
2.567835e-02
1.342905e-02
-3.284884e-02
-1.325799e-02
6.798548e-02
3.306478e-02
-2.489877e-02
1.377948e-02
2.580880e-02
1.454582e-02
-4.411868e-02
9.631607e-02
-2.180600e-02
6.581722e-04
2.208578e-03
-2.961789e-02
-1.371074e-03
-2.873744e-02
-2.741563e-02
4.957463e-03
4.164595e-02
2.452028e-03
-1.465450e-02
-8.319996e-03
2.669457e-02
6.302617e-02
3.734815e-02
-4.790281e-02
-5.991868e-02
9.578288e-02
8.273767e-02
-5.741369e-02
-1.008544e-01
5.870629e-02
5.531495e-02
3.283416e-02
-2.120869e-02
3.993522e-02
2.153831e-02
-3.063725e-02
3.129540e-02
1.446250e-02
-2.719384e-02
2.594891e-02
-6.627808e-03
-2.800309e-05
-2.821038e-02
-7.799996e-02
-7.455281e-02
5.769131e-02
4.018843e-02
3.282247e-02
1.929652e-02
2.756751e-02
1.878562e-02
-3.160038e-02
7.102998e-03
4.503365e-02
-3.134823e-02
2.464595e-02
2.917813e-03
-4.438957e-03
2.834556e-02
-1.251691e-02
-3.401892e-02
3.838984e-03
-4.019010e-02
-3.411424e-02
-2.213640e-03
-4.056956e-02
-8.174854e-06
-3.940879e-02
6.147091e-02
-1.231231e-02
-6.028945e-02
3.318866e-02
-1.657761e-02
-6.255128e-02
4.198117e-02
1.045558e-02
2.460164e-03
-1.890600e-02
-2.442319e-03
-1.151949e-03
-1.109706e-03
1.081676e-02
-7.374448e-04
-1.348301e-02
-1.108708e-02
-8.432249e-03
-9.103101e-03
-1.042303e-02
-8.579435e-03
-1.072516e-02
-1.267024e-02
-1.563089e-02
-1.781198e-02
1.350104e-02
4.746474e-03
5.359501e-02
-1.884005e-02
-3.887434e-02
6.838298e-03
-2.044071e-02
-4.298010e-02
4.327251e-03
3.204833e-02
6.195932e-03
-2.094088e-02
-4.875454e-02
-1.075926e-01
-1.356302e-01
4.131913e-02
-7.848008e-02
-9.943703e-02
-2.349584e-02
-1.888194e-02
-1.983174e-02
-3.075607e-03
-1.527714e-02
-1.350025e-02
1.592003e-02
-1.047591e-02
-1.203683e-02
-5.556978e-02
-6.280784e-02
-6.352674e-02
-6.300239e-02
-6.930123e-02
-7.242519e-02
-5.384527e-02
-5.948877e-02
-5.459722e-02
6.898277e-02
2.730187e-02
-2.356341e-02
1.295914e-02
-1.042935e-02
-4.061149e-02
2.887067e-03
-1.046839e-02
-2.784892e-02
3.420186e-04
-1.622105e-03
5.239868e-04
-1.477247e-02
-1.605259e-02
-6.808691e-03
-1.042040e-02
-9.889325e-03
7.029906e-03
7.356809e-03
2.135920e-02
5.866444e-03
-2.216099e-02
7.072279e-03
8.123203e-04
-5.446969e-03
-3.548107e-03
-2.080370e-02
4.103333e-03
1.454310e-02
3.070080e-02
-1.953142e-03
1.088984e-02
2.944081e-02
1.235879e-03
8.809050e-03
2.397208e-02
6.614049e-04
2.179650e-02
1.303929e-02
-2.809833e-02
-1.745589e-02
-2.624051e-02
-4.633410e-02
-1.554882e-02
1.617446e-02
1.742676e-02
-1.822681e-02
2.022388e-02
1.362206e-02
-2.129541e-02
2.212791e-02
6.012764e-03
-6.585295e-03
5.941319e-03
-7.302489e-03
-5.841043e-03
-8.349394e-03
5.819556e-03
4.083947e-03
-2.037364e-03
-6.444091e-03
-5.926604e-03
-6.907653e-03
-8.932801e-04
8.659733e-03
-1.413594e-02
5.203860e-03
-2.401539e-02
1.193949e-02
1.069603e-02
-1.206961e-03
1.540616e-02
9.992577e-04
-8.428343e-03
-5.256972e-03
-3.073661e-03
-1.399621e-02
-7.382288e-03
4.096407e-04
-5.966852e-03
-6.574410e-04
-2.844805e-03
-6.668664e-03
1.448420e-03
-3.727359e-03
-9.432294e-03
-2.251300e-03
-4.506984e-04
-8.060116e-03
-7.003465e-04
7.448056e-03
-7.764720e-03
-4.975211e-03
-5.521324e-03
-1.383109e-02
-9.660446e-03
-6.368408e-04
4.100828e-03
-5.339423e-03
4.941981e-03
3.121786e-03
2.114810e-03
4.167961e-03
2.619636e-03
1.920742e-03
4.371829e-03
3.494686e-03
2.711503e-03
-1.054947e-03
-2.107977e-03
-1.083283e-02
-7.314369e-03
-1.590943e-03
-1.954683e-02
-9.473821e-03
-5.987024e-03
-1.300467e-02
-6.726908e-04
3.883408e-03
-4.658218e-04
-3.239929e-03
1.325866e-03
-1.404732e-03
-6.640940e-03
-3.892286e-03
-4.549481e-03
4.074738e-03
-7.344284e-03
9.336642e-03
-9.919639e-04
-8.001931e-03
2.261233e-03
6.054786e-03
-4.108278e-04
3.983025e-04
1.814412e-03
6.188397e-04
-4.827883e-04
6.005787e-04
-2.225034e-04
-1.300179e-03
-3.955832e-04
-1.257638e-03
-1.779301e-03
-6.432359e-04
-2.399465e-03
4.098242e-04
-2.219610e-03
-4.612588e-03
-8.022402e-04
-3.033575e-04
-4.287848e-03
-2.447281e-03
2.280430e-04
-1.086355e-03
2.806409e-04
-1.366080e-03
-3.183351e-03
3.289336e-04
-2.893243e-03
-3.417698e-03
9.217653e-04
1.588809e-04
-4.760600e-04
4.991271e-03
-1.352911e-02
-1.776705e-02
-9.276911e-04
3.756204e-03
-1.021542e-02
-5.855452e-03
-3.163438e-03
-1.480199e-03
-2.783467e-03
-4.594599e-03
-3.029243e-03
-7.404293e-03
-7.842747e-03
-3.667733e-03
-2.338463e-03
-1.050384e-03
6.888992e-03
-9.430906e-03
-6.628065e-04
1.691428e-02
-8.685150e-03
-2.323998e-03
-3.867743e-03
1.214687e-02
-4.886719e-02
4.192613e-02
-6.167874e-02
-3.616784e-02
5.202048e-02
-7.548225e-02
-2.918781e-02
4.698165e-02
-6.509758e-02
-3.193519e-02
-1.712644e-02
-4.474716e-02
7.658440e-03
6.585418e-03
5.688044e-03
-1.443306e-03
-1.033369e-02
-1.601482e-02
-9.809581e-04
1.455036e-02
-1.155772e-02
-6.503998e-03
-1.028010e-02
-3.954261e-02
-1.198900e-02
-1.076995e-02
2.868159e-02
-2.724470e-02
-2.719474e-02
-1.485534e-02
-3.920956e-02
-3.691698e-02
-2.925098e-02
-3.211135e-02
-3.079830e-02
-2.742783e-02
6.152025e-03
-2.099333e-02
-2.642055e-02
-3.681128e-03
-2.320333e-02
-2.587443e-02
-4.771078e-03
4.987786e-04
-1.924007e-02
2.957827e-02
1.191073e-02
-3.444472e-02
-8.702450e-03
-4.014581e-02
-1.219384e-02
-2.226012e-02
-4.353035e-02
-5.882739e-03
7.317430e-03
4.335685e-03
1.132346e-03
7.957772e-03
6.013595e-03
2.514567e-03
2.747767e-03
1.206088e-03
-4.485916e-04
4.661592e-03
3.048106e-02
2.751432e-02
3.320868e-02
1.553034e-02
2.257822e-02
2.462340e-02
-1.377948e-02
-1.187848e-02
1.229844e-02
-9.443974e-04
1.718950e-02
3.554923e-03
-2.192876e-03
6.117397e-03
7.614793e-03
5.430075e-03
1.335876e-02
1.913224e-02
3.491225e-02
2.075340e-02
-1.512404e-02
2.396932e-02
1.521537e-02
-3.038381e-02
1.187510e-02
-7.771800e-03
7.957974e-04
5.049631e-03
2.929226e-03
-2.098616e-03
7.390070e-04
-1.572040e-03
-4.642350e-04
-2.316575e-03
-4.086876e-03
2.785570e-02
2.187734e-02
1.455925e-02
2.034824e-02
1.413496e-02
7.568447e-03
4.456105e-03
-1.792931e-05
1.919210e-03
-1.976514e-03
-6.773409e-03
-1.302914e-02
1.823755e-03
-5.513419e-03
-1.006713e-02
8.941919e-03
9.159220e-03
1.329565e-02
-3.208375e-02
-7.535819e-04
-8.672617e-03
-2.334108e-02
-2.027048e-03
-6.559704e-02
-1.775485e-02
-2.499340e-02
-5.591765e-02
-3.989485e-02
-4.403131e-03
-6.762419e-03
-1.497220e-02
-7.902998e-03
-1.552262e-02
-6.200917e-03
-2.012688e-02
-2.049566e-02
-3.228672e-02
-2.529129e-02
-4.119825e-03
4.435589e-03
-3.796222e-02
-1.690716e-02
4.623177e-02
2.519231e-02
3.416061e-02
3.360385e-02
6.763830e-03
-1.834967e-02
2.177765e-02
-1.662526e-02
-3.518724e-02
1.166099e-02
-2.994521e-02
1.838968e-03
3.405292e-02
9.846554e-03
2.425180e-02
2.917255e-02
1.077797e-02
1.577833e-03
1.453252e-02
-3.635845e-02
-2.042296e-02
-8.522921e-03
2.621879e-02
-1.784194e-02
2.826449e-02
-1.906279e-02
-1.210427e-02
-1.051106e-04
-3.150804e-02
9.078032e-03
1.143889e-02
-1.206460e-02
3.692867e-03
1.190745e-02
-8.871756e-03
-9.289924e-03
-2.661370e-03
-1.006235e-02
-3.051274e-02
2.628300e-02
-5.274258e-03
-8.711524e-03
1.335985e-02
-1.757916e-03
4.263377e-03
-1.097277e-02
-8.057809e-03
2.406584e-03
-1.356225e-02
2.910584e-02
2.994028e-02
-2.974639e-02
5.966706e-03
3.559636e-02
-4.662785e-02
-2.762055e-02
3.567703e-02
-9.319173e-03
-3.572381e-03
-1.088639e-03
-1.295237e-02
-9.081339e-03
-4.946704e-03
-1.118545e-02
-7.159695e-03
-7.175984e-03
-7.682640e-03
2.871656e-02
-7.142569e-03
-1.556799e-02
5.583434e-02
1.923217e-03
-4.767212e-02
1.346473e-02
-2.179267e-02
-9.947754e-03
8.201635e-05
6.594938e-03
-2.240469e-02
2.099889e-03
-2.191177e-03
-7.851522e-03
8.924727e-03
7.705710e-03
2.977560e-02
-7.051185e-04
-6.843171e-03
7.218313e-03
-1.437244e-02
1.835597e-02
-1.107339e-02
-3.078053e-03
-3.856963e-03
-4.249926e-03
-5.322805e-03
-6.658973e-03
1.288122e-03
1.587391e-04
-2.089903e-03
2.315600e-03
1.004356e-03
-5.667502e-04
5.395181e-03
8.710534e-03
9.336273e-03
7.860536e-03
6.328956e-03
7.338321e-03
-1.817797e-03
3.957185e-03
7.372186e-03
4.281244e-02
1.119944e-02
-2.535294e-02
4.082867e-02
4.639577e-03
-3.495840e-02
3.810528e-02
6.067601e-03
-3.093828e-02
-5.407901e-03
-1.144391e-02
1.287024e-02
3.805761e-02
-6.229949e-03
1.858278e-02
2.221989e-03
-9.474121e-03
-1.008170e-02
-1.480192e-02
5.995524e-03
-2.594698e-02
7.763375e-03
3.509813e-02
-3.446158e-02
2.454315e-03
9.692190e-03
-1.600810e-02
2.020920e-02
5.026700e-02
4.192433e-02
-2.360091e-03
-7.947923e-03
1.992092e-03
-4.437385e-02
-5.059036e-02
-2.282041e-02
-4.111831e-02
-5.532333e-02
3.826710e-03
-9.292454e-03
-4.447053e-02
4.815925e-02
5.344190e-02
-4.188975e-02
9.447609e-02
-4.783226e-02
-4.380218e-02
3.146872e-02
-6.762095e-02
-1.248595e-01
3.716526e-02
2.396205e-02
8.537289e-03
8.632322e-02
-3.921197e-02
-4.485520e-02
2.360350e-02
3.072642e-02
2.017773e-02
-4.840642e-02
-4.520377e-03
3.783984e-02
4.735815e-03
-7.005076e-02
-4.029369e-02
2.750356e-03
-5.545013e-02
-3.665212e-02
2.583531e-02
-2.236209e-02
-7.640602e-03
4.504355e-02
3.139166e-03
2.694463e-04
-8.733637e-03
-9.285255e-03
-1.466031e-02
-5.969850e-03
-1.328413e-03
-3.964239e-03
1.293591e-03
-5.685822e-02
-6.957848e-02
-4.332624e-02
1.700506e-02
-9.370958e-03
-2.532590e-02
7.722028e-02
1.244465e-02
-8.776899e-03
-1.235009e-02
-1.042449e-02
-7.516432e-03
-5.065128e-03
-8.636871e-04
-5.238536e-03
-3.868326e-03
-6.866643e-05
-7.512250e-03
-3.023273e-02
-3.783731e-02
-1.887659e-02
-3.152228e-02
-4.853804e-02
-1.203771e-02
3.520909e-02
3.092653e-02
3.528777e-02
6.556194e-03
-8.964347e-03
-1.952250e-02
1.293098e-02
-1.233614e-02
-1.911892e-02
7.049397e-03
-5.444616e-03
-1.512648e-02
-4.262213e-02
-2.402427e-02
-4.517431e-02
-1.099987e-02
3.035442e-02
-1.053918e-04
8.663268e-03
2.507556e-02
3.266615e-02
1.392187e-02
1.159200e-02
1.441037e-02
5.336276e-03
2.576316e-03
6.905841e-03
2.367896e-03
-2.990458e-03
2.810929e-03
-7.327882e-03
9.826891e-03
-6.944603e-05
-4.778605e-03
1.584441e-02
8.404068e-03
-2.242895e-03
2.534114e-02
2.573756e-02
3.456897e-02
2.077030e-02
2.489388e-02
4.970399e-03
-2.043504e-02
-2.189174e-02
-2.261870e-02
-1.316926e-02
-3.546295e-02
-7.542971e-02
-3.922309e-02
-7.546566e-02
-2.116462e-03
4.792083e-02
4.309595e-02
-1.349474e-02
3.243757e-02
9.314144e-02
-6.691336e-03
2.803759e-03
2.208563e-02
-4.154114e-02
-6.868748e-02
-2.181766e-02
1.716212e-02
1.545633e-02
1.960294e-03
-1.843313e-02
4.014286e-03
1.902812e-02
-6.412508e-03
6.738534e-03
1.848388e-03
-2.641169e-04
1.638363e-02
7.093331e-02
-6.062290e-02
2.517499e-02
-5.898462e-02
-7.750515e-03
-6.901042e-02
-1.376952e-02
9.547988e-02
-8.045354e-02
1.071114e-01
2.945179e-02
2.385554e-02
2.084209e-02
1.673575e-02
-1.931986e-02
3.953171e-03
3.402434e-02
2.641325e-02
3.244993e-02
-7.994559e-02
9.946681e-02
-6.204957e-02
-8.353657e-02
3.992660e-02
-4.998970e-02
-7.724066e-02
-1.341444e-02
1.155613e-02
-2.871391e-02
-4.057499e-02
-2.307437e-02
-3.672754e-02
-2.823448e-02
-3.485821e-02
-3.741951e-02
-2.089635e-02
-4.697665e-02
-5.200675e-03
-1.193892e-03
-2.437898e-02
-1.307494e-02
-2.061912e-02
-2.486943e-02
-2.728515e-02
-2.461703e-02
-3.068697e-02
9.091015e-03
8.503676e-03
2.272885e-04
-7.244163e-03
2.307025e-02
1.989200e-02
3.766396e-03
1.618990e-02
4.545517e-04
4.850890e-03
-2.747468e-03
3.553939e-04
9.094371e-03
1.979653e-03
2.650963e-03
9.798908e-03
6.413189e-03
3.914523e-03
3.917629e-02
-2.474529e-02
1.737918e-02
-2.665892e-03
1.569935e-02
5.941695e-03
-3.588280e-02
3.617584e-02
-8.053704e-03
9.684342e-03
-5.984542e-03
8.129965e-04
1.554618e-03
5.201436e-03
-8.583755e-03
-3.895789e-03
9.047184e-03
-9.858097e-03
-1.413213e-02
1.404201e-02
-5.558927e-03
-1.595463e-02
-2.152251e-02
-2.028390e-02
3.629780e-02
-1.294514e-02
1.094921e-02
-9.980936e-04
-9.989038e-04
2.722744e-03
9.903393e-04
1.435343e-03
4.225358e-03
7.621307e-03
2.261628e-03
4.062176e-03
7.970537e-03
1.348347e-02
1.182720e-02
9.685627e-03
5.734439e-03
5.873204e-03
1.098628e-02
-3.289367e-03
-8.956674e-03
-1.128178e-02
2.695236e-02
8.951070e-03
-2.027291e-02
1.729068e-02
4.670146e-03
-1.442950e-02
4.480510e-03
-8.692244e-03
-8.301824e-03
-1.633486e-02
1.572400e-02
1.472180e-02
3.016187e-02
-4.171401e-02
3.491236e-03
1.052898e-02
-1.760574e-02
-8.877859e-03
-2.281822e-03
-6.222575e-03
1.070901e-03
2.649681e-02
-1.872448e-02
-2.701778e-02
2.142104e-02
-2.237983e-02
3.781250e-02
1.583714e-04
8.931033e-03
-1.765408e-02
2.260112e-02
1.050093e-02
-5.727001e-02
-1.350846e-02
1.232814e-02
1.706050e-02
-2.227072e-02
-6.933831e-03
-5.037132e-03
-3.954709e-03
1.626374e-02
-4.210328e-03
2.578662e-02
9.047507e-03
-1.629666e-02
-6.900188e-03
2.651718e-02
2.869834e-02
1.200797e-02
1.625600e-02
-1.978822e-02
-2.539038e-02
2.491597e-02
3.754679e-02
3.318541e-02
-2.659428e-02
-7.892282e-02
-9.887069e-02
-2.331544e-02
-1.196601e-02
9.759159e-02
-4.051039e-02
2.575054e-02
-1.275475e-02
-2.412995e-02
-2.143944e-02
-3.604890e-02
-2.654101e-02
-1.413017e-02
-2.866606e-02
-8.985570e-03
-2.816149e-02
-2.347932e-02
-1.738912e-02
2.297061e-03
2.019147e-03
2.073283e-03
1.260131e-02
1.469543e-03
-4.200334e-03
7.654425e-03
3.236336e-02
-1.626579e-02
3.463757e-02
2.533780e-02
-1.309507e-02
-2.043630e-02
2.255330e-02
-5.258934e-03
2.709639e-03
-2.698515e-03
-4.901099e-03
-6.248737e-03
-5.507033e-03
-2.298143e-03
-9.113509e-03
-4.886544e-03
-2.376788e-03
7.529829e-03
-1.457851e-02
-3.255051e-02
9.535274e-03
-1.586572e-02
-2.312252e-02
-9.283626e-03
-4.912385e-02
-3.195957e-02
4.999945e-03
7.957306e-03
8.135471e-03
1.444568e-03
-6.967738e-04
-1.056369e-02
-7.564728e-03
-5.595425e-03
-7.958866e-03
1.660243e-03
-3.176722e-02
-1.152184e-02
-1.542063e-02
2.100560e-02
3.441595e-02
1.943460e-02
2.788620e-02
-2.814882e-02
-2.844230e-04
-9.049688e-04
-2.634060e-03
1.254564e-03
7.768703e-04
-2.184347e-03
-2.973903e-03
-3.415662e-03
-6.595545e-03
-1.689678e-02
-2.234658e-02
-2.268523e-03
-2.317774e-02
-1.358135e-02
3.467740e-03
-4.335084e-03
-1.611507e-03
1.940692e-03
-9.717407e-03
-5.599902e-03
1.129998e-04
1.434500e-02
9.015987e-03
1.429750e-02
-4.733396e-03
-7.965758e-03
-9.079052e-03
3.012482e-02
-6.139634e-03
1.522014e-02
-2.652655e-02
-2.970221e-02
5.635994e-04
5.431716e-03
1.111910e-02
7.266771e-03
1.455141e-02
1.358898e-02
-8.128189e-03
4.724023e-02
-5.649834e-03
-1.763526e-02
-1.517053e-02
-3.856849e-02
-3.510224e-02
-3.122643e-02
7.631314e-02
2.634147e-02
6.596240e-02
1.163030e-03
-9.568682e-02
-4.774914e-02
-6.060630e-02
1.898502e-02
-5.694289e-03
-2.457680e-02
-6.673187e-02
2.163913e-02
2.507271e-02
-1.538402e-01
9.653662e-03
-2.266881e-02
-9.158935e-02
-3.781416e-02
-7.021027e-03
-2.281465e-03
9.770750e-03
5.434930e-02
5.627315e-02
-3.994001e-02
-2.237983e-02
-8.467611e-03
-1.096830e-02
-4.499596e-02
1.726507e-02
-3.480980e-02
-1.633901e-02
1.426721e-02
3.065221e-02
2.514398e-02
-1.723681e-02
-1.801524e-02
1.462050e-03
-2.961865e-02
-1.781561e-02
1.101292e-02
-2.854929e-02
-4.411696e-03
2.545704e-02
-1.596454e-02
1.906358e-02
-2.714083e-02
-6.873808e-03
1.561145e-02
-1.916485e-02
-1.979584e-03
5.132918e-03
-1.941317e-02
4.393498e-03
4.597049e-02
-4.873987e-02
-8.041809e-03
2.525175e-03
-3.961905e-02
-1.583483e-02
1.195132e-02
-2.361468e-04
-6.129401e-03
2.560720e-03
4.823991e-03
1.808372e-03
2.880446e-03
6.422065e-03
5.150607e-03
2.130147e-03
6.571020e-03
4.457407e-03
-3.781610e-02
-3.693185e-02
-6.431464e-03
-5.160116e-02
-4.596677e-02
-3.093902e-02
-5.596103e-02
-4.792815e-02
-3.132462e-02
-1.345455e-03
2.356229e-02
1.953709e-03
-2.859406e-02
1.300136e-02
-1.804518e-02
-3.239110e-03
2.914092e-02
1.584115e-03
4.536904e-03
-1.586840e-02
1.358883e-02
5.967367e-04
-3.184322e-02
-1.137124e-02
2.637191e-02
-1.945523e-02
1.345582e-03
-1.026208e-02
-1.095386e-02
-1.016930e-02
-1.291855e-02
-1.004643e-02
-7.706448e-03
-1.134581e-02
-8.934272e-03
-4.391270e-03
3.210042e-02
1.881627e-02
2.490796e-02
4.713316e-03
-9.418420e-03
-5.865047e-03
3.390084e-02
7.770144e-03
4.370030e-03
1.781606e-02
2.530015e-02
3.247848e-02
4.032686e-03
3.018812e-03
1.221667e-02
-1.222591e-02
-2.500807e-02
-2.679494e-02
3.341379e-02
-6.207985e-03
5.533458e-02
-1.713800e-02
-3.303463e-02
-2.322338e-02
2.406859e-02
-3.055905e-02
-1.081494e-02
-2.256919e-02
-1.229132e-02
4.708381e-03
-3.885502e-02
-8.535470e-03
2.033873e-02
1.445380e-03
-6.177502e-03
9.507329e-03
-8.220169e-04
-1.589703e-02
-2.945091e-02
-1.404494e-02
-3.809138e-03
-1.054776e-02
3.368742e-03
1.855153e-02
1.528588e-02
-2.797285e-02
-6.253964e-02
5.122792e-03
-8.282831e-02
-2.420247e-02
5.678792e-02
-6.615534e-02
3.695540e-02
1.806928e-02
-6.599993e-03
9.027435e-03
3.472317e-02
-9.544026e-03
3.078825e-02
3.945070e-02
8.766057e-03
1.053060e-02
2.235503e-02
3.783606e-02
2.862601e-03
-4.651427e-02
2.938061e-02
-3.875442e-02
-3.673237e-02
-4.484114e-02
-2.565508e-02
-3.027172e-02
5.852840e-03
1.629403e-02
4.473790e-03
1.761047e-02
2.165194e-02
1.491754e-02
8.432001e-03
2.843365e-03
1.019012e-02
5.612700e-03
-1.829278e-02
5.557275e-03
-4.478117e-03
8.018166e-04
2.576192e-02
-1.300098e-02
1.054469e-02
2.354781e-02
4.322195e-03
-3.507780e-02
-1.299028e-02
3.555097e-02
-1.326771e-02
9.647354e-03
-2.519759e-02
4.595103e-03
8.978310e-03
-1.391720e-03
-1.691676e-03
-3.340735e-03
-4.750325e-03
-5.896903e-03
-6.190811e-03
-9.306706e-03
-8.318455e-03
-5.600485e-03
-1.755296e-02
-3.162642e-02
-4.897828e-02
-1.240438e-02
-1.450662e-02
-2.656953e-02
-3.935472e-03
9.582425e-03
-1.712003e-02
-8.485441e-03
-1.771836e-03
-9.555995e-05
-7.287990e-03
1.321524e-02
-1.453227e-03
-1.056475e-02
3.859086e-03
-4.785061e-03
1.221419e-02
-2.332565e-02
-1.638989e-02
-1.894063e-02
-2.568361e-02
-5.163601e-03
-1.382622e-02
3.436336e-03
-1.618578e-02
-7.981822e-03
-6.111315e-03
-5.569952e-03
-5.644499e-03
-5.891378e-03
-5.716890e-03
-4.471302e-03
-5.189171e-03
-5.261260e-03
-9.777241e-04
-2.533035e-03
3.262358e-03
-1.049271e-02
-7.889418e-03
9.078197e-03
-2.085912e-02
-8.353980e-03
9.212349e-03
-1.339112e-02
1.223907e-02
1.014225e-02
-4.350019e-04
8.010477e-03
3.460865e-03
-1.941298e-03
-2.355280e-03
1.152687e-03
-5.654499e-03
1.106720e-02
3.111372e-03
2.822384e-02
2.307587e-02
1.233044e-02
1.978873e-02
1.128446e-02
-2.172907e-02
-3.590425e-03
-3.784738e-03
-1.673140e-02
2.471927e-02
-5.595589e-03
-1.407150e-02
2.247059e-02
4.843001e-05
-1.095914e-02
-6.628837e-03
-4.992619e-02
-3.827188e-03
2.336742e-02
3.013377e-02
1.095236e-02
2.111593e-02
8.438931e-03
-1.428081e-02
-6.387705e-02
4.985123e-02
1.171320e-02
-5.816785e-02
3.887578e-02
-6.691644e-02
3.788224e-02
4.847329e-02
-3.904037e-02
-4.053653e-02
5.457839e-04
-1.115943e-02
2.059559e-02
5.520925e-02
-1.495050e-02
-3.333140e-03
-1.417603e-02
-1.869856e-02
-5.041175e-02
-2.088114e-02
1.857189e-02
-6.207515e-02
5.939925e-02
-7.407358e-03
2.790202e-02
-7.931247e-04
-3.567443e-02
-2.221421e-02
-1.295848e-02
2.017432e-02
-1.451658e-02
4.473677e-03
-2.711076e-03
-1.676681e-02
5.245829e-03
-4.066861e-02
-2.363518e-02
6.066919e-03
-1.966006e-02
1.242034e-03
3.760012e-02
7.802133e-03
1.998259e-02
3.639740e-02
3.183857e-03
4.316475e-02
7.174741e-03
1.028244e-03
9.097906e-04
-2.097336e-02
-3.357581e-02
-5.291846e-02
-1.851816e-02
2.856172e-02
-1.242599e-03
-6.310211e-03
-4.934768e-03
-1.838703e-03
-2.232621e-03
8.316476e-04
-1.303363e-02
-1.163962e-02
-9.540619e-03
1.570748e-02
2.631603e-02
2.607674e-02
5.226738e-03
1.029135e-02
-1.386764e-02
-1.881154e-02
-2.943374e-02
1.687079e-02
6.352225e-03
1.452952e-02
9.928018e-03
-2.932857e-03
-1.587213e-02
-1.064723e-02
1.663850e-03
-2.242177e-02
-8.045688e-03
-3.462099e-02
1.064195e-02
3.222574e-02
4.123383e-03
4.690953e-02
1.837244e-02
-1.219430e-03
-1.703718e-02
-2.954800e-02
-1.630261e-03
-1.552305e-03
1.201506e-03
-2.671166e-03
-3.528165e-03
-1.590687e-03
-5.313453e-03
-5.059939e-03
-3.305309e-03
3.981321e-03
1.094171e-02
2.423938e-02
8.961195e-03
2.031238e-02
3.610619e-02
-1.124677e-02
2.349714e-03
1.061494e-02
-2.191428e-02
-2.811754e-02
7.242133e-03
-3.101224e-02
-3.179066e-02
1.219749e-02
1.883794e-02
2.510665e-02
3.594990e-02
-5.181482e-02
-1.284550e-02
-7.809856e-02
-5.486230e-02
-6.307030e-02
-1.131785e-01
-1.722126e-02
-5.379381e-02
-2.474057e-02
4.268379e-02
-4.036388e-02
-3.060587e-02
7.446613e-03
-2.112675e-02
-1.837034e-02
-9.729855e-03
-5.476361e-03
4.207533e-02
6.027555e-02
5.763485e-02
-5.394747e-02
-9.170622e-02
-3.754981e-02
-3.247505e-02
-4.413807e-02
7.101685e-02
1.015936e-01
