3.287086e-03
1.209927e-03
-5.048190e-03
9.473173e-03
7.889062e-03
-4.473943e-03
3.643715e-03
-2.953341e-03
-1.337900e-02
-6.234574e-04
2.331679e-03
3.136593e-03
-9.815209e-05
-1.834511e-03
4.304831e-04
-3.152685e-03
-5.739756e-03
-3.859197e-03
-5.570720e-04
5.896089e-03
-8.450409e-04
-9.341585e-03
-4.144020e-03
-8.641683e-03
-6.059463e-03
-4.891331e-03
-7.562295e-03
3.084070e-03
-5.328338e-03
-3.315659e-03
-7.855944e-03
-1.059444e-02
-7.497959e-03
-3.527095e-03
-3.974127e-03
6.157531e-04
2.061402e-02
1.364600e-02
7.688057e-03
1.415133e-02
2.166741e-02
2.873764e-02
1.875167e-03
5.722817e-03
1.544987e-02
-1.076193e-02
-2.807935e-02
-1.696879e-02
-3.716094e-03
-9.265367e-03
-6.225166e-03
1.165879e-02
1.466871e-02
1.724935e-02
-7.026466e-04
7.441523e-03
7.464140e-03
5.809622e-03
5.464520e-03
1.169228e-02
6.267676e-03
1.782176e-03
7.637974e-03
4.702016e-03
5.056953e-03
7.636271e-03
-3.169399e-03
-4.178024e-03
6.895078e-04
-8.027229e-03
-1.022235e-02
-2.273527e-03
3.944397e-03
5.408134e-03
8.573587e-03
-4.796758e-03
-4.309102e-03
-3.257748e-04
-7.932422e-04
-7.776267e-04
2.308924e-03
1.240887e-03
1.033980e-03
1.800630e-03
-3.200292e-03
-3.763747e-03
-2.755730e-03
-1.299831e-03
-2.021613e-03
-6.111604e-04
-2.958448e-03
-1.734448e-03
2.915961e-03
-1.465390e-03
5.913440e-04
1.329746e-03
-7.936563e-03
-8.931965e-03
-6.408927e-04
-4.815903e-03
-8.124775e-03
-5.163479e-03
-1.027084e-02
-2.962441e-02
-1.395917e-02
-1.250758e-02
-2.739204e-02
-1.239849e-02
-1.346549e-02
-3.582971e-03
1.448776e-03
-9.500613e-03
1.038550e-02
-9.435391e-03
-6.081464e-03
1.309287e-02
5.262866e-03
1.532809e-03
1.791553e-04
5.321921e-04
-8.628549e-03
-9.386631e-03
-8.340007e-03
-3.205297e-03
-4.047279e-03
-2.331897e-03
7.391576e-03
5.218091e-03
7.709844e-03
-3.301025e-03
-4.825404e-03
-3.528215e-03
5.144075e-03
2.381115e-03
4.062543e-03
1.047531e-03
4.960545e-03
2.585906e-03
-7.752002e-04
-5.840174e-03
2.170544e-04
4.290041e-03
-3.591331e-03
1.153201e-03
3.406078e-03
2.379661e-03
2.230843e-03
-3.863855e-03
-6.523259e-03
-4.984129e-03
-8.489938e-03
-1.203968e-02
-1.091254e-02
4.626594e-03
5.869524e-03
1.039280e-02
-3.534050e-03
-4.000440e-03
-1.643771e-03
-5.441516e-03
-6.843199e-03
-5.405534e-03
1.117347e-02
3.222292e-03
1.988547e-03
1.416907e-03
-4.043990e-04
-2.303642e-03
7.149314e-03
7.317375e-03
5.460363e-03
-7.041248e-03
-9.685963e-03
3.436641e-04
-3.143114e-03
-3.258775e-03
1.192380e-03
-7.502871e-04
3.280110e-03
5.978594e-03
1.711416e-02
1.371425e-02
1.615720e-02
2.144802e-02
1.320250e-02
9.418590e-03
1.472178e-02
1.136741e-02
3.686624e-03
-1.223228e-02
-9.692834e-03
-2.080586e-02
-3.966016e-03
-9.056945e-03
-1.055395e-02
9.437813e-03
5.555475e-03
3.084404e-03
1.399264e-03
-2.070272e-03
-8.077927e-03
-7.160468e-03
-7.025712e-03
-1.187720e-02
-1.078431e-02
-1.098409e-02
-1.579107e-02
3.335918e-03
-1.080005e-03
7.200599e-03
-4.444835e-03
-5.786162e-03
-2.817398e-03
-7.394233e-03
-6.948730e-03
-7.214152e-03
-1.203591e-02
-1.374361e-02
-9.466194e-03
-7.805333e-03
-8.939664e-03
-5.892624e-03
-6.618363e-03
-7.104845e-03
-5.759931e-03
3.094638e-03
2.771329e-03
3.229966e-03
3.210258e-03
3.047015e-03
3.289077e-03
1.945316e-03
1.984041e-03
2.030466e-03
2.445931e-02
2.203408e-02
2.268913e-02
1.366785e-02
1.103729e-02
6.172902e-03
5.218649e-03
1.922602e-03
-4.052468e-03
-5.025632e-03
-8.623022e-03
-1.646236e-02
-7.431632e-03
-6.071066e-03
-4.037641e-03
-1.162277e-02
-1.298489e-02
-8.609602e-03
2.433796e-02
1.978526e-02
1.525489e-02
2.515909e-02
1.435676e-02
1.490184e-03
1.498483e-02
1.916043e-02
5.808641e-03
2.100202e-03
6.482628e-04
2.382807e-03
1.269942e-03
3.403352e-05
1.297946e-03
-1.764390e-03
-2.279266e-03
-1.760049e-03
2.579279e-02
2.575705e-02
2.288221e-02
2.390233e-02
2.331568e-02
2.053655e-02
1.661417e-02
1.679531e-02
1.335332e-02
3.726902e-03
3.041083e-04
2.704663e-03
-2.185548e-03
-2.610449e-03
-2.947172e-03
-1.267728e-03
-3.104854e-03
-1.048238e-03
7.629258e-03
3.225170e-02
5.904556e-02
1.404971e-02
4.430533e-02
5.914622e-02
4.602645e-02
6.322061e-02
3.392927e-02
-2.124985e-02
-1.072882e-02
2.469607e-03
-2.694741e-03
7.627928e-03
1.463927e-02
-1.393400e-02
-6.897976e-03
7.555784e-03
-4.595638e-03
-3.547283e-03
1.844368e-02
-1.193942e-02
-4.242327e-03
5.590894e-03
8.687997e-03
7.304296e-04
-1.014677e-02
-1.965268e-02
-7.210954e-03
-4.054659e-02
-3.545171e-03
3.582506e-04
-2.674671e-02
4.525732e-03
2.027498e-02
-6.477885e-03
-1.662417e-02
-6.311863e-02
-2.397220e-02
1.654177e-02
-1.950345e-02
1.029676e-02
6.026558e-02
6.992342e-02
3.223291e-02
3.919332e-02
2.187388e-02
2.683074e-02
-1.283874e-02
-1.778059e-01
3.265745e-02
-3.580897e-02
1.460290e-02
-5.455430e-02
2.722340e-02
2.693465e-02
2.228297e-02
2.875799e-02
6.898693e-02
1.200599e-02
-2.583458e-02
-1.799825e-02
-7.941868e-03
-3.336701e-03
1.959350e-02
3.215405e-03
2.167350e-02
4.047827e-02
-3.160046e-02
1.727528e-02
4.908452e-02
-5.917434e-03
-3.239993e-02
-2.746092e-02
-2.272108e-02
-1.373086e-02
-1.342921e-02
-1.159397e-02
-4.047978e-03
-6.301125e-04
-2.194593e-03
-9.610130e-03
-7.517828e-03
-1.298028e-02
-7.564437e-03
-7.492825e-03
-1.358612e-02
-1.463341e-02
-1.307186e-02
-1.852591e-02
1.186529e-02
8.679500e-03
1.392784e-02
-4.555813e-03
-3.043172e-02
-1.788851e-02
-1.147221e-02
-5.601975e-03
-1.834491e-02
-1.947745e-02
-1.091954e-02
1.076208e-03
2.400101e-02
7.317138e-02
3.809453e-02
2.963200e-02
2.166358e-02
9.547429e-03
-1.674037e-02
-3.548186e-03
-1.436741e-02
-2.258426e-02
-7.013013e-02
2.620821e-02
-2.250937e-02
5.358545e-02
-1.599537e-02
-1.581850e-02
-6.282480e-03
-1.735512e-02
-5.485757e-03
-3.961045e-03
-1.171228e-02
-3.108441e-02
-2.272932e-02
-2.934790e-02
-2.722909e-02
-2.605523e-02
-3.943580e-02
-2.519244e-02
-2.735498e-02
-3.811894e-02
-5.956870e-02
-5.485599e-02
-6.958371e-02
7.125035e-04
8.287888e-03
-1.819087e-02
6.258870e-03
4.793774e-03
-1.977968e-02
-4.529109e-03
-2.310172e-03
-2.691832e-02
-8.674939e-03
-7.787950e-03
-2.008326e-02
2.858406e-02
3.173691e-02
2.852951e-02
2.007708e-02
2.595299e-02
1.423062e-02
2.459905e-02
4.820374e-02
5.298847e-02
3.482902e-02
5.667499e-02
4.704332e-02
2.797996e-02
4.584714e-02
3.210856e-02
-2.204245e-02
-3.459021e-02
3.178817e-03
-3.798589e-02
-5.957863e-02
-3.481608e-02
-1.870332e-02
-3.998751e-02
-2.532224e-02
1.102734e-02
-1.007576e-02
4.298286e-04
-1.946521e-02
-5.593293e-02
-4.757101e-02
8.651666e-03
-3.342832e-02
-2.758807e-02
-2.677661e-03
-1.251868e-02
9.964421e-03
-1.997552e-02
-3.506377e-02
4.632388e-03
-2.282832e-02
-4.435768e-02
-2.217077e-02
-1.547852e-02
-2.769323e-02
-1.833996e-02
-1.477109e-02
-2.481510e-02
9.238872e-03
1.373005e-02
1.412791e-02
2.221547e-02
-3.983794e-02
-1.071715e-03
1.573271e-02
-3.590100e-02
1.570625e-02
3.170147e-02
-1.765774e-02
2.869207e-02
4.752204e-02
1.577991e-02
6.766275e-03
-1.278184e-02
1.824429e-02
-1.043687e-02
-5.733146e-02
2.186760e-02
1.079612e-03
-5.366176e-02
-5.126256e-03
-1.602487e-02
-1.143641e-02
-1.045445e-02
-2.741651e-02
-3.118450e-02
-8.522451e-03
-2.336471e-02
-2.684032e-02
6.221658e-03
-7.058033e-04
3.213838e-03
-2.908519e-03
-1.087148e-02
-8.521625e-03
2.093494e-03
-4.614350e-03
-1.975822e-03
1.668833e-02
2.646905e-02
1.003095e-02
1.659342e-03
2.054717e-02
-5.051635e-03
-6.091569e-03
5.514600e-03
-3.303846e-02
3.621043e-02
2.626089e-02
2.588994e-03
2.665787e-02
2.859154e-02
3.524726e-03
-1.265938e-02
5.604252e-04
5.126887e-03
1.464849e-02
4.096054e-02
4.203169e-02
-1.302452e-02
1.329053e-02
3.641734e-02
-1.620655e-02
5.195984e-03
2.376192e-02
2.440126e-03
-7.077935e-03
6.727009e-03
-1.221221e-02
-2.603502e-02
-1.401195e-02
4.155141e-03
-6.676069e-03
3.623714e-03
2.573286e-02
9.447872e-03
2.571690e-02
-1.052129e-02
-2.663689e-02
-1.027121e-02
1.345608e-02
-3.839107e-03
9.354937e-03
3.400118e-03
-2.142493e-02
-1.617907e-02
4.547067e-03
-1.746250e-02
-2.749929e-02
1.246389e-02
-3.252397e-03
-1.047023e-02
-1.133598e-02
-3.168549e-03
7.372023e-03
-1.266517e-02
-5.508677e-03
8.234645e-03
-1.074625e-02
-9.012717e-03
6.114251e-03
-7.157997e-03
-2.184135e-03
-3.290761e-03
-8.326465e-03
-3.998741e-03
-3.996992e-03
-9.438246e-03
-7.030918e-03
-7.944770e-03
1.982389e-04
4.026642e-03
9.978141e-03
2.467381e-03
6.773883e-03
5.515179e-03
-2.446192e-03
5.819701e-03
3.810043e-03
-5.046998e-03
2.925936e-03
3.355139e-02
-8.245315e-03
2.925126e-04
2.914547e-02
-1.606642e-02
-5.922172e-03
3.044214e-02
1.537091e-02
1.232881e-02
1.137220e-02
2.304715e-02
2.054149e-02
1.203203e-02
1.220929e-02
1.660209e-02
9.341927e-03
4.508213e-03
4.824349e-03
2.356818e-03
2.032435e-02
1.384733e-02
1.387221e-02
-6.212151e-04
1.032210e-02
1.601046e-02
1.278371e-02
5.291754e-03
-8.825154e-03
8.142184e-03
1.200403e-03
-6.861723e-03
1.012469e-02
9.724383e-04
-6.956709e-03
-6.561593e-03
-7.158268e-05
2.651655e-03
-1.058547e-02
-3.495650e-03
1.720871e-03
-1.370906e-02
-8.697778e-03
2.524598e-03
1.857463e-02
1.889348e-02
1.168174e-02
1.243353e-03
4.026558e-03
7.796954e-03
-4.770850e-03
-2.591161e-05
8.890441e-03
1.860740e-03
1.504098e-03
7.186385e-03
9.315497e-04
-3.442107e-04
4.811142e-03
2.565806e-04
-1.458320e-03
3.770925e-03
5.385758e-04
-5.503904e-03
-4.758797e-04
2.783327e-03
-2.697892e-03
-4.401125e-03
-4.659215e-03
-7.785047e-03
-9.705091e-03
-2.512263e-02
2.792630e-03
-1.846537e-02
-2.466876e-02
5.751347e-04
-9.702635e-03
-1.637165e-02
4.504499e-03
-9.912907e-03
5.987425e-03
6.216669e-03
1.066728e-03
2.593660e-02
8.223803e-03
7.990670e-03
1.524700e-02
8.992593e-03
6.592973e-03
4.846047e-04
4.032834e-04
1.652766e-02
4.517194e-04
-2.082849e-03
1.333586e-02
-7.241218e-03
-7.096500e-03
1.102912e-02
1.042523e-02
3.719749e-03
9.424690e-03
1.082113e-02
3.346099e-03
8.643841e-03
5.131626e-03
-9.671893e-04
4.704994e-03
1.511849e-03
1.354906e-03
-7.086160e-03
-5.129668e-03
-5.669441e-05
-8.993060e-03
-7.035990e-03
-6.577024e-04
-4.302319e-03
-1.471201e-02
5.775149e-03
1.191280e-02
1.399534e-02
3.736630e-02
2.643337e-02
1.768840e-02
3.216372e-02
1.409367e-02
5.955047e-03
9.810410e-03
7.285282e-03
1.279848e-02
1.112163e-02
1.008406e-02
4.853957e-03
5.519343e-03
6.060477e-03
-6.087754e-03
-4.335282e-03
1.106945e-02
-2.116052e-02
-1.851951e-02
-1.815340e-02
1.395674e-02
2.213346e-03
-1.514430e-04
4.088592e-03
-1.305888e-02
-2.140466e-02
-1.692745e-02
-3.182102e-02
-3.472191e-02
-2.333846e-02
-2.608541e-02
-2.110271e-02
-1.803032e-02
-1.075596e-02
1.846307e-02
-1.547387e-02
1.984026e-03
2.531599e-02
-1.068525e-02
3.261204e-03
1.482001e-02
-1.337527e-02
-2.790451e-02
-6.683853e-03
-4.898347e-03
-5.383394e-03
2.221355e-02
2.139052e-02
1.160240e-03
-2.470464e-02
2.041226e-03
1.069320e-02
4.292123e-03
2.161038e-03
1.413742e-02
3.059062e-03
-4.502650e-03
2.236060e-03
8.502447e-03
8.223868e-03
1.801731e-02
5.218692e-03
2.415337e-03
5.538343e-03
-1.487015e-02
-2.947167e-03
4.117805e-03
-9.714730e-03
1.056077e-02
1.001222e-04
2.980656e-05
-8.054653e-04
-1.620304e-02
-1.763210e-02
2.480258e-03
-1.057589e-02
-7.259412e-03
1.091974e-02
7.688880e-03
5.049556e-03
6.423205e-03
1.811679e-03
-9.690596e-04
6.956919e-03
3.178708e-03
2.247161e-03
1.917108e-02
1.754467e-02
2.972265e-03
1.443062e-02
1.697408e-02
-1.452731e-03
-1.209466e-03
5.635247e-03
-1.192431e-02
-4.165000e-04
3.055228e-03
5.807801e-03
1.768922e-02
1.187209e-02
1.236806e-02
3.470732e-03
-1.965093e-02
1.777642e-04
-2.352350e-02
-1.312543e-03
1.845840e-02
-1.858847e-02
1.613026e-02
3.958620e-02
-5.785253e-03
1.428382e-02
1.435306e-02
2.057382e-02
8.451760e-03
1.204640e-03
5.458734e-03
-9.257567e-03
-1.335164e-02
3.834393e-03
-7.467378e-03
-6.465353e-03
3.867212e-02
3.284863e-02
3.224008e-02
2.507729e-02
1.851911e-02
1.630338e-02
3.366373e-02
2.617787e-02
2.394487e-02
1.209481e-02
1.120379e-02
9.331613e-03
1.043014e-02
-1.425000e-03
-1.658668e-02
1.820082e-02
5.989521e-03
3.303868e-03
-3.031268e-03
-1.044679e-03
5.342460e-03
-6.862168e-03
-3.466419e-03
4.238056e-03
-4.116991e-03
3.405356e-03
9.263169e-03
1.082256e-03
-5.341115e-03
-1.116315e-02
-4.961557e-04
-2.378199e-03
-5.538117e-03
6.714852e-03
7.766664e-03
5.758879e-03
1.373746e-02
1.297681e-02
1.075089e-02
2.002315e-02
2.112115e-02
2.087049e-02
1.925530e-02
2.169325e-02
1.868244e-02
2.371199e-02
2.828995e-02
1.084338e-02
2.775657e-02
3.235281e-02
9.073568e-03
2.429673e-02
3.477074e-02
9.510494e-03
8.406004e-03
3.974107e-03
4.772623e-04
1.385240e-03
-3.584561e-03
-4.580480e-03
8.211628e-03
1.624047e-03
-7.136012e-04
-2.587570e-02
-1.557734e-02
-1.413050e-02
-1.603777e-02
-2.066244e-02
-1.034898e-02
-8.486231e-03
-1.052986e-02
-1.032286e-02
2.614151e-03
-4.547616e-04
1.587944e-02
-6.230792e-03
-4.068985e-03
1.300785e-02
3.473958e-03
6.173220e-03
2.422213e-02
-2.241078e-03
2.459981e-03
-1.283144e-02
5.695837e-03
1.239615e-02
-2.397930e-03
4.181229e-03
1.085065e-02
-3.303052e-03
8.071429e-03
1.105605e-02
1.816695e-02
2.554891e-02
2.347919e-02
2.521166e-02
2.656547e-02
1.838253e-02
1.899427e-02
2.756061e-03
3.704270e-03
2.774079e-03
4.106421e-03
4.961084e-03
2.978029e-03
3.770075e-03
5.198071e-03
3.320705e-03
-8.013696e-03
-7.578253e-03
-7.660774e-03
1.167116e-02
1.027632e-02
2.376452e-03
3.966235e-02
4.037990e-02
2.568860e-02
4.901566e-04
4.963914e-03
1.178975e-02
4.533349e-03
1.968081e-02
2.147241e-02
-5.434936e-03
-1.948807e-03
1.088667e-02
-3.699370e-02
-2.582277e-02
-3.070086e-02
-1.441796e-02
-1.436789e-02
-4.007942e-03
-1.166632e-02
-1.131566e-03
-4.535512e-03
1.391504e-02
1.442021e-02
9.502218e-03
2.223399e-02
2.088562e-02
9.970637e-03
2.464543e-02
2.374412e-02
9.372218e-03
1.339767e-03
1.235211e-03
7.224387e-03
7.506523e-04
-3.723348e-04
6.516551e-03
2.807494e-03
3.235432e-03
9.226049e-03
-1.019114e-02
-1.682838e-03
1.270710e-02
-1.443463e-03
1.202939e-02
2.503783e-02
1.024222e-02
1.299325e-02
1.809614e-02
5.716083e-02
6.685931e-02
2.205383e-02
5.285651e-02
6.975492e-02
5.472542e-03
2.868773e-02
3.396709e-02
-6.487100e-03
-3.421341e-03
-3.204358e-02
1.057562e-02
-4.515343e-02
-7.065060e-02
-2.559149e-02
-1.975606e-02
-2.923382e-02
1.300315e-03
-1.694940e-02
-3.163318e-02
-5.252965e-02
-2.683278e-02
-1.845230e-02
-4.190739e-02
-2.800753e-02
-2.675863e-02
-2.039915e-02
-3.463440e-02
-7.478256e-02
-6.172822e-02
-4.282032e-02
-6.410671e-02
-5.409973e-02
-5.827311e-02
-6.648201e-02
-3.514152e-02
1.572144e-02
4.060802e-02
4.898487e-02
-5.908959e-04
5.868056e-02
2.338304e-02
-4.165618e-02
-2.760464e-03
-2.272882e-02
-7.970710e-03
-6.478117e-02
-7.754977e-02
-1.151438e-02
4.225023e-02
-5.236220e-02
1.952404e-02
-1.596155e-02
-2.487436e-02
2.074650e-02
6.505395e-02
3.021182e-02
3.698004e-02
2.053257e-02
4.789008e-02
5.611158e-02
5.291520e-02
4.809767e-02
3.175624e-02
4.120847e-02
3.236044e-02
9.626518e-03
2.527625e-02
3.631912e-02
1.166580e-02
-2.042493e-03
1.339956e-02
2.395255e-02
1.629562e-03
-8.416426e-06
2.527083e-02
7.117590e-03
5.863317e-03
1.780131e-02
3.902374e-03
1.511696e-02
-2.337102e-03
-1.362363e-02
-1.021284e-02
-2.268772e-03
-1.177127e-02
-7.932476e-03
-1.000984e-03
-8.721704e-03
-2.075118e-03
2.428407e-02
-2.743988e-03
-4.525956e-03
-3.829521e-03
1.260716e-02
-2.456157e-02
1.940366e-02
3.552520e-02
4.285436e-03
1.553215e-02
3.020129e-02
1.997016e-02
3.607343e-02
-3.439485e-03
1.319385e-02
1.128006e-02
2.800124e-02
1.270707e-02
-5.036713e-02
-2.756688e-02
-8.030527e-03
-4.653434e-02
8.088738e-02
3.275931e-02
-1.885897e-02
1.732764e-02
4.804329e-02
2.432761e-03
-2.990119e-02
-1.825910e-02
-3.005900e-03
-2.493895e-02
-1.189581e-02
3.460436e-03
-1.453209e-02
9.243523e-03
-1.148636e-02
-3.758751e-02
-2.401717e-02
-1.442314e-02
-3.261582e-02
-2.412160e-02
-6.311586e-03
-2.913111e-02
-1.365791e-02
-1.346967e-02
-4.081332e-02
-1.588562e-02
5.525126e-03
-4.953494e-02
-3.170423e-02
4.771061e-03
-2.323361e-02
-2.885453e-02
3.031011e-03
-3.159782e-02
-4.674731e-02
1.021628e-02
-2.416160e-02
-3.133103e-02
5.448694e-03
-5.691130e-03
1.829867e-02
4.732393e-02
3.633846e-02
3.464984e-02
3.581960e-02
4.391757e-02
6.783289e-02
-1.482083e-02
-8.782511e-03
-3.438368e-03
-4.001908e-02
-1.667267e-02
-1.632231e-02
-2.003518e-02
-1.843742e-02
-1.914732e-02
-2.609275e-02
-2.072591e-02
-7.939691e-03
-1.633022e-02
-2.815231e-02
1.003545e-03
-3.706475e-02
-4.948863e-02
-4.145478e-02
-1.130355e-02
-3.869142e-02
-4.619404e-02
6.415575e-03
1.445122e-02
-1.577714e-03
2.299172e-02
5.279484e-02
3.529330e-02
-3.588979e-02
-1.007140e-02
8.119951e-03
-1.253416e-02
-1.476436e-02
3.877554e-03
2.114158e-03
4.348953e-02
-5.958984e-02
5.365759e-02
-1.118177e-02
-4.943363e-02
-3.854040e-03
2.413952e-03
-1.593283e-02
4.105148e-02
2.633784e-02
5.365757e-02
1.457318e-02
-3.717830e-03
4.293634e-03
-9.674503e-03
-8.642351e-03
-7.155583e-03
-4.086158e-02
-3.140876e-02
-9.305255e-03
-2.258061e-02
-3.495239e-02
-1.316741e-02
-1.952214e-02
-2.100964e-02
-1.297829e-02
-2.330051e-02
-1.313812e-02
-1.555948e-02
-8.327893e-03
-6.793395e-03
-1.807888e-03
-2.378136e-03
-3.585759e-03
-2.378810e-03
-4.797940e-03
-5.400527e-03
-3.318218e-03
-4.677804e-03
-7.986755e-03
-5.552981e-03
-1.260869e-02
-1.360760e-02
-2.029734e-02
9.221279e-02
1.754022e-01
1.226016e-01
-1.058111e-01
-1.296008e-02
-3.988702e-02
7.057361e-03
3.970613e-02
3.752087e-02
-6.129088e-02
-8.076566e-02
-1.453665e-02
-7.331499e-02
-6.792741e-02
-2.290993e-02
-1.477145e-02
-3.360814e-02
1.011552e-02
-5.287546e-03
2.099106e-02
-1.892741e-02
5.930905e-03
-5.737708e-02
-3.435319e-02
-1.303612e-02
-1.747208e-02
-1.140769e-02
-8.336051e-03
-8.837778e-03
-1.006238e-02
-6.464209e-03
-1.411154e-02
-1.448520e-02
-7.186398e-03
-7.884835e-03
-6.290830e-03
5.581378e-03
-3.454007e-03
-3.903587e-03
1.547392e-03
-2.721317e-02
-2.687658e-02
-3.132627e-02
-3.722468e-02
-3.333748e-02
1.609944e-02
1.596415e-03
1.856716e-02
-3.203390e-02
-3.270385e-02
-1.271345e-02
-2.291261e-02
1.480880e-02
4.048591e-02
-1.142626e-02
3.234347e-02
7.416277e-02
7.871947e-03
3.963632e-02
5.860627e-02
1.157102e-02
2.166755e-02
-8.022942e-03
1.750033e-02
3.052231e-02
1.658552e-02
2.750234e-03
3.452137e-03
-6.325329e-04
-3.182262e-02
-5.545352e-02
-1.123033e-02
1.169050e-02
2.650138e-03
-3.925242e-03
2.291477e-02
-7.676135e-04
-1.758976e-02
2.731793e-02
1.624000e-02
-5.137905e-03
-4.631006e-03
-2.071781e-02
-4.183941e-02
6.668344e-03
5.226220e-03
-3.007105e-02
-1.578632e-02
-4.347106e-02
2.229242e-03
-1.500663e-02
-1.328903e-01
-3.346610e-02
4.100204e-02
-2.101416e-02
-2.186621e-03
-6.596010e-02
-4.975899e-02
-3.410114e-02
3.475498e-02
-6.591674e-02
4.221804e-02
1.166328e-02
-9.928535e-03
1.275690e-02
-4.989607e-03
1.040031e-03
3.867502e-02
2.528735e-02
3.589720e-02
7.401798e-03
3.320884e-02
2.167466e-02
-1.687371e-03
-1.537204e-02
-1.953264e-02
-6.163736e-03
4.094642e-02
2.011577e-02
-3.609288e-02
-1.089759e-02
1.245672e-02
-2.418402e-02
-2.764935e-02
-3.816263e-02
-2.522615e-02
-5.860656e-02
-6.360121e-02
-4.496127e-02
-6.796968e-02
-6.877808e-02
-5.694614e-02
4.435211e-05
-2.046834e-03
-1.095732e-03
-7.036092e-03
-1.075107e-02
-8.976050e-03
-6.719636e-03
-9.065027e-03
-8.561611e-03
-9.880014e-03
1.626026e-02
2.322247e-03
9.891479e-03
2.574337e-03
6.352726e-02
-1.291104e-02
-2.587144e-02
3.156145e-02
3.447467e-02
4.983584e-02
6.009545e-02
-1.780421e-02
3.067486e-02
7.145327e-03
3.978522e-02
3.371868e-02
2.126310e-02
-1.351982e-02
-2.450198e-02
3.073372e-02
-1.987842e-02
-1.958679e-01
7.101941e-03
-1.688159e-02
-4.770750e-02
-1.888873e-02
-3.282431e-02
-3.444668e-02
-3.965094e-02
-3.335328e-02
-3.726330e-02
-3.819462e-02
-1.867150e-02
-1.582996e-02
-2.573070e-02
-2.151825e-02
-3.630523e-02
-2.173361e-02
-3.176389e-02
-5.194198e-02
-3.052266e-02
-2.529054e-02
-4.180066e-02
-2.760143e-02
1.141931e-02
-8.127982e-04
-2.835417e-03
-2.434276e-02
-2.625954e-03
8.362100e-03
-2.434286e-02
-1.852028e-02
-1.250814e-03
-6.253789e-03
-1.174573e-02
-1.555766e-04
-5.165422e-03
-1.014526e-03
1.547682e-02
3.896920e-03
5.894967e-03
1.859749e-02
-7.533879e-03
-3.218576e-03
6.130350e-04
-2.751340e-03
5.224708e-03
5.933211e-03
-5.300004e-03
-2.362957e-03
-3.970135e-03
-1.665461e-02
-1.213209e-02
-4.249828e-03
-4.973932e-03
-3.695646e-03
8.501427e-04
3.724306e-03
2.751176e-03
5.847787e-03
-1.935903e-02
3.175480e-03
-8.682145e-03
-1.175145e-02
3.322125e-03
-1.111446e-02
-1.631366e-02
-1.690044e-04
-8.890785e-03
-2.593746e-02
-3.389330e-02
-2.655754e-02
-1.072679e-02
-2.338159e-02
-1.501209e-02
9.863752e-03
-5.330216e-03
-9.282740e-03
7.321856e-03
-1.046700e-02
-2.006507e-02
-5.128903e-03
-2.629439e-02
-1.061822e-02
7.409928e-03
-1.275943e-02
-1.005341e-03
-1.809891e-02
-1.137659e-02
1.617643e-02
-1.737954e-02
-6.816999e-03
1.751929e-02
9.883153e-03
2.191826e-02
2.896610e-02
-9.567945e-03
3.827755e-03
7.610953e-03
1.313539e-02
1.909154e-02
1.351141e-02
2.064525e-02
2.644392e-02
1.722127e-02
-2.570451e-03
-2.648145e-03
-1.843737e-02
-1.214374e-03
-1.938520e-03
-1.581152e-02
-9.946270e-03
-9.519591e-03
-1.770050e-02
-2.547465e-03
1.562644e-03
-2.047947e-03
-1.742544e-03
1.853944e-03
-1.897651e-03
-4.421636e-03
-7.544599e-04
-3.326525e-03
-2.726919e-02
5.993012e-03
6.082991e-03
-1.612083e-02
1.603924e-02
1.769447e-02
-1.123959e-02
-6.285170e-04
-1.113364e-02
3.169588e-03
1.696631e-02
2.662772e-02
2.717031e-03
1.446404e-02
2.077441e-02
-6.806590e-03
-8.157055e-04
1.647127e-03
-1.194245e-02
2.747034e-03
1.301317e-02
-2.129564e-02
-1.661073e-02
9.472275e-03
-1.531733e-02
-2.247210e-02
-6.890917e-03
-3.985981e-03
2.376676e-03
-7.550682e-03
-1.231748e-03
5.543913e-03
-2.968826e-03
-8.562883e-03
-5.372354e-04
-4.028901e-03
-3.543014e-03
6.242113e-03
-5.053616e-03
-3.142603e-03
6.381106e-03
-3.082280e-03
-8.462412e-03
-4.524085e-04
-9.641889e-03
-2.606774e-03
2.393550e-03
-1.028854e-02
7.897938e-03
1.453432e-02
-2.055514e-03
3.753308e-03
1.064956e-02
-1.992918e-03
-3.187366e-02
-4.505758e-03
3.540802e-02
-4.983638e-02
-6.729706e-03
3.500526e-02
1.874499e-02
4.055656e-02
1.698256e-02
-3.276980e-02
-1.311094e-02
6.658437e-03
-2.564519e-02
4.110598e-03
1.684760e-02
-1.024314e-02
8.130633e-03
2.841860e-02
-5.477728e-02
-7.373208e-02
-4.579655e-02
-3.042426e-02
3.837088e-04
-1.903280e-02
-2.613518e-03
2.663212e-02
-4.530233e-03
-1.367418e-02
-1.886095e-02
-2.698105e-02
-1.369355e-03
-1.584616e-02
-3.979691e-02
-4.994577e-03
-1.261022e-02
-2.083475e-02
6.571499e-02
-2.201180e-02
-9.028519e-03
3.856775e-02
-4.071504e-02
-2.068842e-02
3.887597e-02
5.252672e-02
4.779239e-02
3.530173e-02
-1.025493e-02
3.725926e-02
3.639382e-02
-2.428582e-01
-2.029603e-02
5.693286e-02
-2.423509e-02
3.946765e-03
4.923982e-02
4.319874e-02
-1.639992e-02
3.598791e-02
1.152061e-01
6.874909e-03
1.677689e-03
-4.718748e-03
1.166169e-02
-3.651837e-02
-6.179263e-02
-4.725223e-02
2.782856e-02
1.818339e-02
-5.965351e-02
1.238331e-03
3.477411e-02
5.694483e-03
5.882442e-03
5.171048e-03
1.947428e-02
-4.461161e-04
2.077054e-03
1.014437e-02
2.440080e-02
2.223746e-02
1.357467e-02
3.696381e-03
5.329138e-03
7.002780e-03
-2.017302e-03
-2.484435e-03
-4.410041e-03
4.326201e-03
3.112975e-04
-2.207196e-03
2.297512e-02
-1.321911e-02
-2.655365e-03
-1.516162e-02
-7.405516e-02
-5.420205e-02
3.451853e-03
1.077817e-03
-1.284290e-02
-6.242307e-02
-6.681229e-03
-5.730266e-03
-1.164039e-01
7.024534e-02
1.275153e-02
-2.245595e-02
-1.418359e-02
-3.689708e-03
3.118031e-03
1.822278e-02
1.260218e-02
3.595991e-02
-8.974317e-02
5.185472e-02
2.758502e-02
9.167372e-02
5.640530e-02
3.539890e-03
6.781758e-03
-2.294369e-03
-4.489210e-03
-8.388028e-03
-2.586602e-02
-7.886386e-03
-1.872218e-02
-3.747601e-02
2.089607e-02
1.676147e-02
2.531093e-02
-1.719669e-02
-2.584880e-02
-1.732959e-02
7.518092e-03
-1.577832e-03
3.094776e-04
-2.088415e-02
-2.522895e-02
-2.377887e-02
-7.337435e-02
2.482045e-02
1.639646e-02
-2.749838e-02
1.283232e-02
5.140348e-03
2.515245e-02
4.347000e-02
2.451407e-02
2.673472e-02
3.135509e-02
1.852865e-02
-3.019523e-02
-3.534895e-02
-2.171670e-02
-7.309467e-03
3.009790e-03
1.406048e-02
-2.687881e-02
-3.197468e-02
-1.090388e-02
-1.529016e-02
-1.710815e-02
-3.597844e-03
3.402149e-02
1.485584e-02
-9.464297e-03
6.108830e-03
-1.777188e-02
-3.981367e-02
3.066946e-03
-1.850005e-02
-3.852356e-02
1.987013e-02
-2.425642e-02
-2.431548e-02
-2.201718e-02
-7.118781e-02
-7.377203e-02
2.489130e-02
-3.635075e-02
-5.491200e-02
1.912176e-04
-1.360440e-02
-6.201305e-02
-2.171591e-02
-3.690584e-02
-7.474028e-02
-6.581131e-02
-8.077001e-02
-9.078794e-02
-9.365231e-03
2.406238e-02
4.569363e-03
-5.589132e-02
-1.362456e-02
-5.526120e-02
-1.249023e-02
-3.961236e-02
-1.082362e-02
7.374868e-02
5.810814e-02
4.790909e-03
1.057698e-01
6.987713e-02
9.605816e-03
1.736324e-02
1.510399e-02
-1.095847e-02
7.201438e-03
-2.781176e-03
1.555282e-02
-4.729724e-02
-6.428564e-02
-2.079900e-02
-1.564674e-02
-4.139540e-02
-2.183997e-02
-1.625751e-02
-2.965913e-02
6.772081e-03
-1.481065e-02
-3.491452e-02
-8.651796e-03
3.548023e-02
9.442232e-03
1.203724e-02
-2.275225e-03
-1.152347e-02
-6.273977e-04
-1.133174e-02
-2.317906e-02
-1.431893e-02
7.833296e-03
-6.357137e-03
-3.721649e-03
4.519086e-02
-3.063528e-03
2.378157e-02
-1.220286e-02
-1.140926e-01
-5.458371e-02
7.233692e-03
-8.939401e-02
-4.899573e-02
-3.677222e-03
-9.167004e-02
-9.127349e-02
5.949308e-02
-1.921931e-02
-2.632705e-02
7.327486e-02
7.226175e-02
5.865524e-02
5.244764e-02
-3.688519e-02
-9.345821e-02
5.808933e-02
7.875857e-03
-1.223023e-01
6.350399e-02
4.819394e-02
2.804871e-02
-7.135046e-03
-2.309766e-02
-3.849796e-03
-1.895449e-02
-4.107804e-02
-2.945034e-02
2.010574e-02
-1.333157e-02
-1.634538e-02
1.809152e-02
-2.660019e-02
-5.842533e-03
-2.147147e-02
-7.439826e-02
-5.462186e-02
2.141017e-02
-3.425875e-02
-1.761366e-02
1.385786e-02
3.288246e-03
4.844257e-02
-4.120658e-02
-5.996101e-02
6.558473e-03
-4.912840e-02
-6.954854e-02
-2.101679e-02
-1.808031e-02
-8.537059e-03
-3.868036e-03
-3.569853e-02
-1.284502e-02
4.645866e-02
-6.893166e-03
2.769504e-02
2.447560e-03
-2.956197e-03
3.005802e-02
1.722000e-02
2.682918e-02
6.867285e-02
4.116311e-02
1.761862e-02
3.009646e-02
3.511935e-03
-2.391480e-02
-7.186738e-02
8.305363e-03
-5.028620e-02
-7.345100e-02
-2.036882e-02
-2.321593e-02
-2.508888e-02
-2.165025e-02
7.783185e-03
-6.200238e-02
3.976049e-02
1.839993e-04
-9.155004e-02
-4.155082e-03
4.566310e-03
-4.721871e-02
2.940415e-02
-3.303082e-02
-1.938681e-02
2.915771e-03
-1.642472e-02
-7.059374e-02
1.272728e-02
4.262001e-03
3.879143e-02
3.533333e-02
-2.734955e-02
5.993849e-02
1.178893e-02
3.834921e-02
-3.081695e-01
4.668622e-02
2.249440e-02
7.275735e-02
3.826820e-02
-5.703148e-03
4.570813e-03
1.420587e-02
2.537354e-02
1.814828e-01
2.957791e-02
3.001627e-02
3.852993e-02
-2.559588e-02
3.604283e-02
-5.277440e-02
4.010641e-02
8.669709e-02
7.671909e-03
-1.306749e-02
3.689924e-02
1.548223e-02
1.838070e-02
-1.359647e-02
-3.619268e-02
-6.458868e-03
-5.141805e-02
-6.155794e-02
-2.098910e-02
-3.854236e-02
-3.553011e-02
7.939160e-03
-4.435165e-03
-1.235892e-02
1.939962e-03
-1.898016e-02
-2.799336e-02
-1.605473e-02
-8.331981e-03
-1.599796e-02
-2.448563e-03
4.229476e-03
9.948869e-03
-5.016977e-03
5.741831e-02
-2.301863e-02
-2.606773e-02
7.896021e-03
-1.354737e-02
-4.874910e-02
7.485460e-03
1.844301e-02
-2.767130e-02
-7.154909e-02
1.581516e-01
-2.269621e-02
-3.465385e-02
-3.326013e-02
-6.776778e-02
1.169358e-02
9.913285e-02
-2.353675e-02
6.135839e-02
-2.288660e-01
3.497928e-02
-1.937611e-02
6.325383e-02
-4.126972e-02
-8.155555e-03
-3.974159e-02
-1.098869e-02
-3.535897e-02
-6.706214e-02
-3.942916e-02
-1.836335e-02
-3.744757e-02
-1.595947e-02
-7.652389e-03
-1.445607e-02
1.527682e-02
-5.951444e-02
-7.695549e-02
-3.803328e-02
-2.688741e-02
-3.407271e-02
1.692924e-03
2.064880e-02
-1.097178e-02
-1.013205e-02
-4.864561e-02
8.547432e-03
-2.039830e-02
-2.491083e-02
-5.829246e-04
-6.560524e-03
1.070317e-02
3.459573e-03
9.313476e-03
5.677773e-02
3.223291e-02
-2.344051e-02
6.400102e-02
2.479491e-02
-3.084840e-02
2.473033e-02
1.482103e-02
1.280780e-02
3.277802e-02
-4.489249e-03
-2.418330e-02
3.287088e-02
4.119934e-03
-1.038770e-02
-6.521070e-02
1.175690e-02
-1.685483e-03
-7.621294e-02
-3.469592e-02
-2.304735e-02
-8.499044e-02
-5.464050e-02
-3.897814e-02
1.994860e-02
1.663423e-03
2.365391e-02
-3.599851e-02
-3.476372e-02
2.249927e-02
-2.144240e-02
-3.063707e-02
2.887275e-02
3.844022e-03
5.502152e-02
2.467481e-02
-4.174867e-02
6.625181e-02
3.358563e-02
-5.662708e-02
-1.362165e-02
-1.233772e-02
2.123575e-03
-7.828449e-02
5.037885e-03
-3.357049e-02
-8.080166e-03
-1.391203e-02
1.934451e-02
2.939514e-02
4.362874e-02
-1.614097e-02
2.073022e-02
2.600643e-02
1.430916e-02
-1.126457e-02
3.164372e-02
3.784225e-02
3.334821e-02
5.472497e-02
-8.233427e-03
-4.573984e-02
-4.348638e-02
-3.632100e-02
-1.058145e-01
-6.138577e-02
-1.742707e-02
-8.837949e-02
-5.092140e-02
2.397507e-02
7.807419e-03
2.097806e-02
2.308287e-03
-1.239044e-02
-9.219936e-04
7.401695e-03
-1.201278e-02
9.625466e-05
3.382695e-03
-3.153500e-03
6.071968e-03
-1.314098e-02
-1.860379e-02
-6.611561e-03
-6.315726e-03
-1.183586e-02
1.286438e-03
1.857785e-02
-8.349751e-03
-2.095691e-02
-2.819347e-03
-2.785487e-02
-5.931714e-02
8.014902e-03
-3.252361e-02
-3.460291e-02
1.604914e-02
3.169171e-02
1.913366e-02
-3.266395e-03
-3.850070e-02
-2.767361e-02
-1.807200e-02
-2.469200e-02
-3.385387e-03
3.423072e-02
5.120557e-03
2.684290e-02
2.049360e-02
4.349404e-02
-1.777562e-02
2.766959e-02
4.321751e-03
-1.609906e-02
1.627438e-02
8.467710e-03
1.663737e-02
-3.781725e-02
-3.502276e-02
-2.014767e-02
-2.021028e-02
-2.344588e-02
-6.323571e-03
1.861881e-02
-1.747226e-02
2.529223e-02
-3.646397e-02
-6.982142e-02
-3.062096e-02
-7.103670e-03
-4.327071e-02
-7.817117e-04
-3.949245e-02
-5.059826e-03
5.207922e-04
-3.692335e-02
-3.143587e-02
-8.239916e-03
-3.782228e-02
-1.267949e-02
3.396519e-03
2.403081e-03
6.770799e-03
4.434488e-03
3.155026e-03
9.087736e-03
1.037095e-02
9.374527e-04
5.846177e-03
9.398924e-03
9.165557e-03
9.593850e-03
7.539767e-03
6.960621e-03
8.937940e-03
6.098581e-03
-8.892431e-04
3.225560e-03
3.596734e-03
-2.525503e-02
-1.333088e-02
-1.385082e-02
-2.434757e-02
-2.538934e-02
-2.350478e-02
-1.541599e-02
-1.866969e-02
-2.036298e-02
-8.681526e-03
-1.149873e-02
-9.806056e-03
-8.313511e-03
-1.383096e-02
-1.393209e-02
6.275183e-04
-7.223705e-03
-6.924317e-03
-3.908820e-03
9.378221e-03
9.250662e-03
-1.265057e-02
-3.502823e-03
-5.036198e-04
-1.186768e-02
-2.659237e-03
-3.990455e-03
-2.486639e-02
-3.550960e-03
-1.483942e-02
-7.458272e-03
8.287818e-03
1.321746e-02
-1.182658e-02
-1.333778e-03
5.703406e-03
-6.937121e-04
-1.802191e-03
8.052837e-03
-5.551822e-03
-5.978027e-03
3.625872e-03
-4.271802e-03
1.599580e-04
8.832834e-03
-7.538010e-03
-1.638995e-02
-1.537651e-02
-5.182113e-03
-1.598284e-02
-1.807646e-02
5.233893e-03
-2.200268e-03
-8.509261e-03
1.058472e-02
8.311612e-03
1.158645e-03
1.147844e-02
1.110904e-02
5.328630e-03
4.904667e-03
5.534158e-03
4.309110e-03
-1.143310e-03
-1.758971e-03
-2.887757e-03
-1.531030e-03
-2.463316e-03
-4.038988e-03
-8.851125e-04
-2.248697e-03
-3.774422e-03
-1.144369e-02
-4.533317e-03
-7.616518e-03
-7.121406e-03
-3.886454e-03
-7.091597e-03
-1.448085e-02
-9.905914e-03
-1.387734e-02
2.777893e-02
1.532254e-02
2.242168e-02
2.149878e-02
1.389643e-02
2.352298e-02
2.130035e-02
1.394452e-02
1.817388e-02
-9.494544e-03
4.343930e-03
-1.214514e-02
-9.455376e-03
5.689089e-03
7.338868e-03
-1.887908e-02
-1.072456e-02
-1.309416e-02
-1.065279e-02
-1.193724e-02
-1.533292e-02
-8.358628e-03
-1.011789e-02
-1.440802e-02
-7.894873e-03
-9.996222e-03
-1.116961e-02
-1.441081e-02
-1.515487e-02
-1.485220e-02
-1.557996e-02
-1.567967e-02
-1.728948e-02
-1.683699e-02
-1.701745e-02
-1.713025e-02
-1.246492e-02
-1.662870e-02
-7.074245e-03
-1.096769e-02
-1.443089e-02
-1.108280e-02
5.965610e-04
-4.160159e-03
-2.585089e-03
