6.274850e-01
7.893946e-01
6.535055e-01
6.515465e-01
6.373265e-01
3.445112e-01
6.437259e-01
7.357004e-01
5.541849e-01
4.141297e-01
7.064644e-01
5.888386e-01
1.285860e+00
5.177845e-01
5.884451e-01
7.684259e-01
6.750184e-01
7.544000e-01
7.010314e-01
6.679672e-01
8.676965e-01
7.929025e-01
8.557724e-01
8.383562e-01
5.771281e-01
6.169696e-01
8.506591e-01
8.931165e-01
-1.500295e-03
7.274615e-01
6.618807e-01
5.931172e-01
8.201683e-01
7.120845e-01
4.885424e-01
6.136021e-01
4.905291e-02
5.868022e-01
4.493310e-01
6.665897e-01
9.848425e-01
6.437348e-01
5.873125e-01
7.440946e-01
8.680087e-01
2.175743e-01
6.018614e-01
7.238495e-01
7.957436e-01
7.271112e-01
5.798165e-01
7.171819e-01
2.617752e-01
6.136423e-01
8.913606e-01
1.075128e+00
4.351524e-01
8.535240e-01
7.343250e-01
2.106209e-01
2.518296e-02
7.725974e-01
5.865830e-01
3.654159e-01
