-3.297526e-02
-1.710510e-02
-2.624893e-03
-4.009881e-02
-4.650235e-03
1.659886e-02
-1.862683e-02
1.082251e-02
2.364695e-02
-3.482649e-02
-9.135668e-03
1.075872e-02
-3.759017e-02
-1.121389e-02
1.174550e-02
-3.064359e-02
-9.390043e-03
8.809453e-03
-7.883536e-03
-2.853849e-02
-3.986988e-03
-4.218593e-03
-4.488391e-02
-1.589414e-02
-4.562077e-02
-2.434384e-02
-1.140882e-02
-6.716403e-03
-1.012554e-02
-4.367792e-03
2.428808e-03
-8.507871e-03
-1.513009e-03
-3.595226e-03
-2.021423e-02
-1.077903e-02
-1.194650e-02
-4.028041e-02
-4.123949e-02
-5.632713e-02
-9.107494e-02
-5.448715e-02
-3.527782e-02
-6.075842e-02
-3.295073e-02
-1.261650e-03
1.201961e-02
3.733173e-03
6.247915e-03
1.175095e-02
-6.556932e-03
5.750435e-03
8.799485e-03
-5.783818e-03
2.081665e-02
-3.983217e-03
-1.454497e-02
-1.662747e-03
-1.987914e-02
-1.544024e-02
-2.521400e-02
-3.253967e-02
-3.241600e-02
-5.582731e-02
-2.741282e-02
5.001383e-03
-5.651930e-02
-1.801958e-03
3.018403e-02
-2.703959e-02
1.527696e-03
1.493226e-02
1.214882e-02
1.802625e-02
8.006417e-03
-4.244497e-02
-8.704881e-03
-1.776730e-02
-4.052768e-02
-2.734748e-02
-3.594275e-02
5.849088e-03
-2.317341e-02
-4.399815e-02
9.603136e-03
-4.288550e-02
-5.558778e-02
-6.187248e-03
-1.088880e-02
-1.190213e-02
-2.840396e-03
4.535476e-03
5.386995e-03
1.981803e-03
1.012740e-02
1.299697e-02
-3.090587e-03
4.321180e-03
8.155813e-03
1.799421e-02
2.094308e-02
-6.434081e-03
2.328134e-02
4.346824e-04
-2.598390e-02
9.692495e-04
-1.452748e-02
-2.524567e-02
-1.866886e-03
-1.594041e-02
-6.302563e-03
-2.175709e-02
-9.901484e-03
2.516457e-03
-8.850805e-03
8.165171e-03
1.361509e-02
8.876536e-03
6.310775e-03
-2.860644e-02
4.512471e-03
-3.743808e-02
-4.098330e-02
-1.502727e-02
-3.785011e-02
-2.796524e-02
-2.038753e-02
-1.569312e-02
-3.933880e-02
-2.986103e-02
1.251886e-02
-8.324360e-04
-4.095984e-03
1.438748e-03
-5.754028e-03
1.675792e-02
-1.401315e-02
-1.924040e-02
-2.978110e-02
-3.227445e-02
-1.014452e-02
-4.368085e-02
-3.657892e-02
-2.078593e-02
-1.525582e-02
-1.456484e-02
-7.165961e-03
-3.354234e-03
-4.001701e-03
8.659983e-03
-1.871644e-04
3.816265e-03
2.030613e-02
-7.568095e-03
-5.474064e-03
-6.014858e-03
-8.529980e-03
-7.018536e-03
-5.199480e-03
-9.742751e-03
-6.827763e-03
3.310082e-03
3.504894e-02
2.526517e-02
5.378046e-02
3.350022e-03
5.425096e-03
-9.208060e-03
-2.393863e-02
-2.956802e-02
-3.232634e-02
-2.170758e-02
-1.348346e-02
-1.939870e-02
-9.475950e-03
2.745080e-03
-1.557059e-03
-1.526453e-02
-2.098621e-03
5.145535e-04
-9.604008e-03
1.442203e-02
2.193711e-02
-1.943378e-02
-1.428650e-02
-1.147446e-02
-3.008059e-02
-2.563131e-02
-1.890298e-02
-9.974708e-04
-9.016594e-03
2.959081e-03
-8.280336e-03
-1.622740e-02
-9.178371e-03
7.090906e-03
-2.024816e-03
2.107379e-03
3.154546e-02
4.801260e-02
3.499188e-02
-2.215526e-02
-6.030714e-03
-1.200878e-02
-4.863786e-02
-3.358216e-02
-3.443847e-02
-2.986424e-02
-7.601392e-02
-7.429380e-02
-5.828500e-02
-1.074259e-01
-8.465164e-02
-3.377053e-02
-7.439916e-02
-5.943922e-02
1.277891e-02
9.042270e-04
-2.594406e-02
2.353595e-02
2.012510e-02
1.065720e-02
-2.159012e-02
-1.152345e-02
-1.938486e-02
-1.435913e-02
-1.965375e-02
-1.980790e-02
4.883901e-03
2.106098e-02
2.570032e-02
-7.254958e-03
-8.224708e-04
3.069646e-03
-5.527604e-03
-1.812251e-04
-8.033597e-03
5.134114e-03
1.316721e-02
8.379033e-03
1.133009e-03
7.139852e-03
2.423618e-03
4.320126e-03
3.142171e-02
4.188617e-02
9.270628e-03
3.790357e-02
3.168147e-02
-1.565457e-02
8.547397e-03
1.166401e-02
-9.885214e-03
-2.630197e-02
-6.133723e-03
-1.572038e-02
-3.852102e-02
-1.666995e-02
6.409476e-03
-1.396585e-02
-1.310953e-03
-3.129096e-02
-1.131099e-02
1.501369e-02
-2.506201e-02
-1.770941e-02
-1.556616e-02
-2.870845e-02
-3.242838e-02
-3.284382e-02
-4.664213e-02
-3.706807e-02
-2.857175e-02
-3.086142e-02
-1.480962e-02
7.100336e-03
-3.304323e-02
-1.184194e-02
-4.173561e-03
4.005388e-03
1.332014e-02
-4.334960e-03
-6.339807e-03
3.620078e-03
2.788595e-03
-2.330811e-02
-1.451731e-02
-2.317999e-02
-3.440198e-02
-3.692824e-02
-2.963599e-02
-1.934834e-02
-2.056331e-02
-2.057183e-02
-5.461012e-03
-1.711350e-03
-7.062626e-03
-1.270386e-02
-1.272066e-02
-4.054037e-03
-7.255446e-03
-5.250718e-03
2.189296e-04
-8.468704e-03
-7.422347e-03
-7.603755e-03
-3.661877e-02
5.140040e-02
1.520299e-02
-1.106989e-03
5.712852e-02
6.594194e-03
-5.979934e-03
2.865066e-02
2.594352e-02
-2.541024e-03
-1.817255e-03
-1.125862e-03
3.324304e-03
-3.963842e-03
-6.098160e-03
8.137474e-03
-2.399671e-03
-6.856215e-03
1.235588e-02
-2.933946e-02
-4.217687e-02
9.615680e-03
8.688837e-03
7.552929e-03
1.370013e-02
3.423884e-02
2.905068e-02
2.568290e-02
3.650407e-02
2.505328e-02
2.889551e-02
3.288797e-02
2.179103e-02
4.609273e-03
-1.566510e-04
-1.209889e-03
-3.178928e-03
-2.975235e-02
-3.985283e-02
-2.541490e-02
-4.791868e-02
-4.655228e-02
1.387118e-02
2.141503e-05
5.545197e-03
2.105284e-03
-2.604786e-02
-2.387395e-02
-1.187292e-02
1.017809e-02
-2.999784e-04
2.295952e-02
6.276511e-02
2.518589e-02
-2.077139e-02
-1.202015e-02
1.472398e-02
-2.017913e-02
-7.843769e-03
-3.656394e-03
2.495461e-02
3.524929e-02
2.654857e-02
1.455260e-02
4.587557e-02
3.718397e-02
-5.320969e-03
-2.270518e-02
-2.663844e-03
-3.269643e-02
-5.014683e-02
-1.427068e-02
-1.355559e-02
-1.781759e-02
-3.352742e-03
-1.627456e-02
-2.142081e-02
-1.071546e-02
-4.542801e-03
-6.052210e-03
3.392721e-03
3.212425e-02
6.324399e-02
3.229908e-02
1.491667e-02
1.701332e-02
-2.313244e-03
-1.383203e-02
-3.604232e-02
-3.607083e-02
-1.548142e-02
-2.521042e-02
-2.578859e-02
-3.714435e-03
-1.051322e-03
-2.520555e-03
5.071580e-03
2.140865e-02
4.524703e-03
8.189832e-02
5.198656e-02
8.058595e-03
6.585708e-02
5.369867e-02
4.071740e-02
6.855407e-03
1.235170e-02
5.434609e-02
-2.247131e-02
-2.413364e-02
2.771278e-02
1.517670e-02
1.175130e-02
5.083939e-02
5.251028e-02
3.159567e-02
6.349888e-02
-1.102087e-02
-3.772079e-02
-2.514418e-02
-2.735054e-02
-4.147905e-02
-2.000236e-02
5.837971e-04
-2.161112e-03
-1.628252e-03
-9.473868e-03
-6.721007e-03
8.684025e-03
-8.159612e-04
-1.758672e-03
-3.176257e-03
6.805708e-03
3.315630e-03
-1.119485e-03
-1.821436e-02
-1.740799e-02
-6.270090e-03
-1.630461e-02
-1.651604e-02
-1.174179e-02
-1.091167e-02
-1.281371e-02
-1.460927e-02
3.329823e-02
2.155341e-02
1.810343e-02
3.134602e-02
3.338012e-02
5.879903e-02
2.005929e-02
2.447938e-02
5.702873e-02
-3.919124e-03
6.188494e-03
4.999816e-03
-8.752252e-03
-6.202387e-03
-1.006951e-02
-6.710032e-03
-9.685835e-03
-1.515801e-02
-9.656768e-03
2.807573e-03
-7.362569e-03
1.199915e-03
2.628656e-02
2.051158e-02
2.547393e-03
4.005697e-03
9.161531e-03
-1.949570e-03
9.607823e-03
-5.295752e-03
3.192642e-03
9.731009e-03
3.209720e-03
-3.926662e-03
4.945524e-03
1.261615e-03
2.300236e-02
6.677991e-03
-1.778131e-02
3.238483e-02
2.721827e-02
2.204994e-02
1.345937e-02
6.099318e-03
1.810580e-02
6.944491e-02
3.971018e-02
2.182556e-02
7.601054e-02
5.344126e-02
1.968166e-02
6.795127e-02
4.693549e-02
2.808607e-02
1.513595e-02
5.322762e-03
-2.963437e-02
3.411793e-02
2.439654e-02
-1.206387e-02
2.168967e-02
8.294134e-03
-7.704163e-03
-4.688734e-03
1.380832e-02
1.626195e-02
-6.079807e-03
2.896847e-02
2.561314e-02
-1.428419e-02
2.564651e-02
9.022585e-03
1.587270e-02
8.654239e-05
5.424961e-03
5.323760e-03
-9.269244e-03
-4.506378e-03
3.379495e-03
-7.067149e-03
1.479540e-03
-1.211613e-02
5.935046e-03
-3.745566e-03
-8.843825e-03
9.706271e-03
1.174511e-02
-4.034886e-05
1.740506e-02
1.045082e-02
3.327209e-03
1.354409e-02
1.465360e-02
1.911479e-02
3.165714e-02
1.887879e-02
1.368221e-02
2.666703e-02
1.322044e-02
-7.016635e-03
5.383296e-02
-6.922155e-03
-4.345972e-03
6.535108e-02
3.053598e-02
9.193540e-03
5.323139e-02
3.120388e-02
5.131747e-04
4.601307e-02
3.079771e-02
-8.358632e-04
3.046821e-02
-3.759083e-04
-1.722365e-02
2.049693e-02
4.022538e-04
1.655783e-02
6.125627e-03
-4.318120e-03
7.564339e-03
4.716549e-03
-1.032244e-02
3.354923e-03
4.142931e-03
-2.769319e-03
-2.372714e-02
-5.125537e-02
-5.024660e-02
5.506944e-04
5.092583e-03
-1.229788e-02
2.339421e-02
2.677927e-02
1.030784e-02
-1.857908e-03
-1.659445e-02
-1.665308e-02
2.732620e-02
1.538994e-02
1.291724e-02
2.655772e-02
2.780852e-02
2.705550e-02
-3.189094e-02
-2.731526e-02
-1.424738e-02
-1.789561e-02
-7.890474e-02
3.370299e-03
-3.603383e-02
-3.247632e-02
1.724489e-02
2.532977e-03
7.084994e-03
-1.028164e-02
3.546997e-02
3.334008e-02
1.135563e-02
2.761296e-02
3.435214e-02
3.023047e-02
3.034543e-02
-9.104992e-03
-1.981544e-03
-1.409086e-02
-2.407260e-03
2.669822e-02
-2.387528e-02
-6.305616e-04
1.929916e-02
9.164953e-04
9.118589e-03
1.052709e-02
1.435794e-02
1.002408e-02
1.503445e-03
1.022529e-02
5.724571e-03
3.127594e-03
3.493751e-02
3.305710e-02
2.349250e-02
-2.089112e-02
-7.239925e-03
7.157976e-03
-3.001343e-02
-1.553876e-02
-1.846085e-02
-3.242191e-02
-3.090480e-02
-2.522489e-02
-1.647225e-02
4.903840e-02
-7.376611e-03
-3.671866e-02
2.210576e-02
-1.827283e-02
3.807332e-02
1.617280e-02
7.396781e-03
1.312067e-02
3.519701e-02
8.384122e-03
-1.867027e-02
-2.147500e-03
6.271968e-03
8.282046e-03
-3.302987e-02
-2.903266e-02
-2.754760e-02
-1.369046e-01
-1.108046e-02
-1.910042e-02
-5.016340e-02
-1.862540e-02
-1.089372e-02
-5.204647e-03
-5.515399e-03
-2.106451e-02
-2.054960e-02
-1.747313e-02
-1.039710e-02
-1.241175e-02
-9.005982e-03
-1.070684e-02
2.126633e-02
1.629502e-02
6.571453e-04
1.420027e-02
2.888366e-02
-6.594758e-02
-5.949377e-02
-2.791279e-02
3.778161e-02
1.889566e-02
2.067320e-02
4.494007e-02
6.510936e-02
2.424074e-02
6.242054e-02
9.189448e-02
3.620995e-02
2.222841e-02
-3.959580e-03
-6.352514e-03
2.415526e-02
-2.990745e-02
2.468287e-02
1.798348e-03
-4.579307e-03
5.718197e-02
-3.695199e-02
-5.828270e-02
-4.620673e-02
2.221551e-05
2.070833e-02
-4.450296e-02
2.234138e-02
6.333562e-03
-1.952310e-02
-9.650364e-03
-2.529318e-02
-8.664065e-03
-5.181491e-02
-3.830625e-02
-2.664855e-02
-1.661664e-02
-6.255317e-03
-3.173977e-02
3.972524e-02
1.368771e-02
2.763624e-02
2.163642e-03
7.412124e-02
5.103704e-02
9.594775e-04
-1.558130e-03
1.836868e-03
2.403158e-02
1.922832e-02
5.165218e-02
-2.238637e-03
-7.865821e-03
3.555531e-02
-3.986977e-03
-5.488119e-03
1.001283e-02
1.144955e-02
1.858608e-02
-1.303263e-02
-2.021381e-03
-2.746202e-01
7.100557e-03
-7.026767e-03
3.189026e-02
-1.910884e-02
2.159531e-02
2.737922e-02
3.511163e-02
2.000231e-02
6.973891e-03
5.761940e-03
-2.821290e-02
-2.416018e-02
-6.521931e-03
5.678256e-04
1.531940e-02
-1.164702e-02
-5.142493e-02
-4.162229e-02
2.468711e-02
2.553919e-02
-9.653023e-03
-3.387807e-02
1.579150e-03
-7.726660e-03
-8.677026e-03
5.094393e-03
-8.950607e-03
-2.522345e-03
-3.558836e-03
3.205452e-03
2.318441e-02
-1.252354e-02
1.801061e-02
2.405258e-02
-2.462471e-02
8.021313e-03
1.012860e-02
-2.279957e-02
-5.592689e-04
-2.917729e-02
-6.202216e-02
-3.269811e-02
-1.236521e-02
-7.897766e-02
1.046124e-01
1.148449e-02
5.921378e-03
-2.934300e-02
6.851466e-02
-5.810174e-04
6.497766e-02
-1.316594e-02
-5.270682e-02
5.748248e-02
-2.479047e-02
5.445384e-03
-2.328723e-02
-1.135911e-02
2.423450e-02
-1.146755e-02
-2.697156e-02
4.502720e-02
-1.613679e-01
-5.328504e-03
1.777817e-02
8.691453e-02
3.661053e-02
-8.651180e-03
-8.195431e-03
-6.234811e-03
1.324315e-03
-6.740825e-03
5.027317e-03
3.330439e-03
4.562684e-03
8.738796e-03
2.769581e-02
2.642357e-02
-6.830862e-03
4.248350e-02
2.099138e-02
3.292348e-02
8.366230e-03
2.175795e-02
5.360939e-03
3.456382e-02
2.045849e-02
2.924636e-02
-2.062951e-02
9.883226e-02
6.770661e-03
-2.979926e-02
2.023585e-02
-6.268498e-03
-1.213070e-02
1.935196e-02
-3.235217e-02
-3.588191e-03
-1.523414e-01
5.377349e-02
-2.387275e-02
-2.294184e-02
-7.664505e-04
-9.523575e-04
-1.484735e-02
-1.743017e-02
9.174009e-03
1.404863e-01
-7.046987e-02
-9.939129e-03
-2.236712e-02
-4.804685e-02
-3.591320e-03
5.118359e-03
9.014935e-03
-4.337715e-02
3.148452e-02
-2.141556e-02
1.052142e-02
4.233858e-02
9.806463e-03
2.794712e-02
1.710709e-02
4.661694e-03
2.286025e-02
-9.102832e-03
-1.356586e-02
-4.963459e-03
-1.429866e-02
-1.848947e-02
3.940434e-02
1.878384e-02
-4.830878e-03
2.404073e-02
-2.017857e-03
-2.247975e-02
7.524473e-03
-1.906506e-02
-2.680418e-02
-8.200626e-02
-1.041718e-01
-1.095406e-01
-8.607100e-02
2.687661e-02
-5.233819e-02
-6.828129e-02
-3.361569e-02
1.517890e-02
2.335794e-02
1.678341e-02
-1.930621e-03
2.358602e-02
1.013281e-02
-8.694421e-03
1.031758e-02
2.213195e-03
-1.481044e-02
1.910829e-02
-3.147028e-02
4.709597e-03
8.650631e-03
-1.137261e-02
-1.912878e-02
-4.983938e-03
2.839014e-03
1.217169e-02
1.771092e-03
-1.112150e-02
4.304409e-03
-1.275104e-04
-9.374340e-03
1.817182e-04
9.053859e-03
-9.895074e-03
-1.731614e-03
-9.777383e-04
-3.123349e-02
-5.868797e-02
1.573122e-02
-1.493365e-02
-2.979140e-02
-2.472124e-02
-7.392008e-03
8.743289e-03
-1.598592e-02
-3.666010e-02
-3.337987e-02
-2.326372e-02
-3.957453e-02
-5.654550e-03
-2.595272e-02
-4.793015e-03
-3.181911e-02
1.916341e-02
-5.222084e-02
-3.966738e-02
-5.195931e-03
-6.702960e-02
-5.342272e-02
-1.612407e-02
-5.794215e-03
-1.527962e-02
-3.610625e-02
-1.322650e-02
-6.096885e-03
-6.487833e-02
-5.003689e-03
-8.767199e-03
9.874386e-04
-5.851587e-02
1.203498e-02
-7.139231e-03
6.547032e-03
-1.589881e-03
-1.336803e-03
5.046368e-03
-6.347734e-03
-7.332894e-03
-8.217785e-03
-1.877315e-02
-1.504654e-02
-1.106059e-02
-7.880162e-03
-3.739393e-03
1.340294e-02
-1.174114e-02
-4.289600e-03
-9.334792e-03
-4.115056e-03
-2.663040e-02
-3.302038e-02
-1.777235e-02
-2.501817e-02
-5.625049e-02
-1.044899e-02
-2.868537e-02
-2.972558e-02
-6.000644e-03
7.890982e-03
-3.383901e-02
2.222081e-02
3.147161e-02
-2.061219e-02
-3.591683e-02
1.257001e-02
-5.636562e-02
-3.067763e-02
-1.952749e-02
-4.305729e-02
-2.360730e-02
-5.341572e-03
-8.943579e-02
-2.548929e-02
-3.052440e-02
-5.011419e-02
-3.955141e-02
1.230924e-02
-5.095955e-03
-2.313728e-02
9.435555e-03
-2.918410e-02
-1.936291e-02
7.862741e-04
-1.191404e-02
-1.163404e-02
1.721118e-02
-4.757928e-03
-2.069230e-02
6.837791e-03
-1.373145e-02
-2.519199e-02
1.236036e-02
-5.588464e-03
-1.237194e-02
-7.005074e-04
-9.236715e-03
-1.775658e-02
-5.050472e-03
-1.842636e-02
-2.907776e-02
-7.717819e-03
-2.286921e-02
-3.540238e-02
-9.623735e-03
1.528220e-02
2.094007e-02
-4.173169e-02
7.459509e-03
2.957347e-02
-7.270522e-03
-4.880838e-02
1.958466e-03
-1.994294e-02
-1.345702e-02
-2.499115e-02
-2.612517e-02
-1.532361e-02
-2.816928e-02
-3.113213e-02
-2.320813e-02
-2.885172e-02
2.416066e-02
5.418803e-05
-1.422656e-02
-1.155305e-02
-1.785067e-02
-3.098812e-02
-2.759025e-02
-2.337970e-02
-3.816314e-02
8.145845e-03
2.077005e-02
5.295794e-03
2.339312e-02
4.350377e-02
2.584012e-02
1.142258e-02
2.660495e-02
1.382782e-02
1.424950e-02
3.398667e-02
3.863051e-02
1.363016e-02
1.943593e-02
2.056112e-02
-1.449522e-02
-1.527709e-02
-2.325793e-03
7.636501e-03
-8.056452e-03
-1.578679e-02
1.061463e-02
-3.639965e-03
-7.696296e-04
-2.361809e-02
-1.293481e-02
-2.530251e-02
1.672769e-02
-1.166526e-03
-2.167186e-03
6.929775e-03
-2.272450e-03
-1.731602e-02
-2.212637e-02
-7.798493e-03
-2.230788e-02
-1.114845e-02
3.481330e-02
4.515452e-02
-3.576016e-02
-3.754363e-02
-9.960017e-03
7.453945e-03
-3.948195e-02
-5.064511e-02
-5.996508e-03
1.499211e-03
1.256375e-02
5.153251e-03
4.976586e-03
9.841534e-03
1.406993e-02
1.338069e-02
1.177703e-02
1.394498e-02
7.178362e-02
6.847096e-02
-1.431452e-02
6.008773e-02
7.507536e-02
-4.561964e-02
-1.552664e-02
1.447989e-02
1.940730e-02
-2.599271e-02
-3.450642e-02
1.201917e-02
-3.317016e-02
-3.900300e-02
1.046748e-02
-1.338277e-02
-1.781621e-02
5.927023e-03
-4.185244e-03
-2.790522e-02
1.805337e-02
4.002034e-02
-1.626775e-02
1.217707e-03
2.619739e-02
-4.289509e-03
-2.678039e-02
-5.546670e-02
-5.443613e-02
-3.420515e-02
-5.251046e-02
-6.178651e-02
-3.362308e-02
-3.994174e-02
-4.064588e-02
-4.798939e-03
1.595642e-02
3.259704e-02
-1.212957e-02
-1.939248e-02
-9.138692e-03
-4.211478e-02
-4.067309e-02
-4.324134e-02
-2.023919e-03
-5.187954e-03
-1.757186e-03
6.449904e-04
-8.796438e-04
1.917539e-04
-3.069161e-03
-1.366984e-03
-1.921001e-05
2.000198e-02
1.758957e-02
1.561834e-02
3.032975e-02
3.164803e-02
3.134932e-02
3.441250e-02
3.496177e-02
3.144145e-02
9.890025e-03
6.282929e-03
1.556392e-02
2.725974e-02
7.078232e-03
8.067979e-03
2.022644e-02
-1.256210e-03
5.189908e-03
1.347091e-02
5.551638e-03
7.270942e-03
1.559585e-02
8.730892e-03
1.044784e-02
1.666177e-02
8.143206e-03
6.398929e-03
1.646751e-02
1.726018e-02
1.677304e-02
2.690008e-02
2.610437e-02
2.740042e-02
1.905739e-02
9.375235e-03
1.349993e-02
-6.397148e-03
-1.954325e-03
-4.261135e-03
2.505785e-03
4.807133e-03
4.965263e-03
7.612167e-03
1.137381e-02
9.871752e-03
-3.208569e-03
-9.048556e-04
-5.105600e-03
-7.176796e-03
6.348353e-03
3.219273e-03
2.561435e-02
2.685575e-02
1.905101e-02
-1.043601e-02
-1.072365e-02
-1.483040e-02
-1.351937e-02
-8.832982e-03
-1.483516e-02
2.704653e-03
1.460782e-02
1.207235e-02
9.314954e-03
2.033812e-02
4.850305e-03
3.799062e-02
4.641398e-02
2.469106e-02
4.200988e-02
3.789432e-02
1.582463e-02
6.529704e-02
6.929556e-02
5.973779e-02
3.932462e-02
4.247002e-02
3.495688e-02
3.313411e-02
3.214818e-02
2.315685e-02
3.750891e-03
2.496793e-03
5.236580e-03
-6.398528e-03
-5.576420e-03
-3.559358e-03
-7.324887e-03
-5.887858e-03
-3.136363e-03
-2.032830e-02
-3.860426e-02
-3.756232e-02
5.942756e-03
-9.433311e-03
-7.363842e-03
2.650125e-02
2.294650e-02
1.734935e-02
-1.039194e-02
-7.467352e-03
-1.280547e-02
-8.887819e-03
-5.899409e-03
-1.336643e-02
-1.312713e-02
-8.494904e-03
-1.154746e-02
1.908050e-02
3.216184e-02
1.562745e-02
1.180802e-02
2.630934e-02
2.184586e-02
3.038590e-02
3.820224e-02
2.994319e-02
2.408841e-02
3.106694e-02
9.806537e-03
1.229531e-02
1.600591e-02
-5.742472e-03
2.028839e-03
6.956509e-03
-1.181858e-02
2.175464e-02
1.961589e-02
2.036197e-02
1.861830e-02
2.500501e-02
1.748933e-02
2.672261e-02
3.300954e-02
2.839041e-02
-4.771019e-03
-2.295899e-03
4.712364e-04
-4.925058e-03
-3.578048e-03
-1.856191e-03
-3.351110e-03
-3.064534e-03
-1.827852e-03
-3.019051e-03
-1.231546e-03
4.420747e-04
-4.075871e-04
1.598963e-03
2.490127e-03
2.813372e-04
1.163819e-03
6.559221e-04
1.078566e-02
7.973913e-03
9.571486e-03
1.300262e-02
1.104808e-02
1.171556e-02
9.464165e-03
6.817933e-03
8.210974e-03
2.263951e-03
2.722260e-03
2.639293e-03
1.139486e-03
1.151732e-03
1.189556e-03
1.914247e-03
4.986408e-04
-3.172419e-04
1.153631e-04
1.134349e-04
-2.163471e-03
2.288350e-03
2.181459e-03
8.292191e-04
1.600009e-05
-2.497962e-03
-2.929404e-03
-3.509619e-03
-1.737964e-03
-4.272590e-03
-1.562857e-03
-1.552128e-04
-1.858298e-03
-2.120685e-03
-7.190835e-04
-2.734330e-03
2.415079e-03
2.416292e-04
-2.993297e-03
3.536725e-03
3.580785e-03
1.678715e-03
3.672048e-03
8.705577e-04
-4.499770e-04
5.925382e-03
6.071218e-03
9.233276e-04
3.872966e-03
4.931987e-03
7.167583e-04
-6.011880e-04
2.001294e-03
-9.664826e-04
4.851704e-03
5.369398e-03
1.878655e-03
5.198740e-03
6.269529e-03
3.644369e-03
3.155719e-03
1.479601e-03
1.752841e-04
8.173763e-03
5.721258e-03
4.703995e-03
9.995240e-03
9.870760e-03
2.598522e-03
7.000213e-03
7.133655e-03
1.460670e-03
-1.108284e-03
-2.314657e-03
-3.247651e-04
-3.437008e-03
-3.807085e-03
-1.716431e-03
-2.315210e-03
-1.785212e-03
7.850867e-04
-3.055097e-03
-4.219907e-03
-6.875022e-03
1.880730e-03
-1.969511e-04
-3.416903e-03
7.094368e-03
4.216006e-03
-2.118234e-03
5.069730e-03
7.272230e-03
4.627882e-03
5.095802e-03
6.252797e-03
3.703524e-03
2.416068e-03
2.710002e-03
1.417891e-03
1.022324e-02
1.410403e-02
8.487433e-04
1.030544e-02
1.692770e-02
6.439741e-03
1.169238e-02
1.613783e-02
6.479604e-03
3.081943e-03
8.624681e-03
5.133793e-03
5.532634e-04
4.914780e-03
1.302591e-03
-5.310109e-04
3.033382e-03
1.466846e-04
4.150156e-03
1.231628e-03
-1.458818e-03
2.825479e-03
1.748329e-03
-1.883137e-03
-9.840252e-05
-8.834107e-05
-8.663843e-04
-1.914371e-02
-3.749562e-02
-3.850845e-02
-8.317507e-03
-1.669879e-02
-1.139379e-02
5.333144e-03
2.777990e-02
5.498910e-02
-6.132347e-04
1.260401e-02
-6.737919e-04
5.199289e-03
1.820400e-02
7.095153e-03
-1.868356e-02
6.516169e-03
1.314283e-02
-8.513802e-03
5.361722e-02
5.525851e-02
-1.268317e-02
-4.645762e-02
-1.989965e-02
-3.722313e-02
-6.105614e-02
-3.844151e-02
-1.968113e-02
-1.492983e-03
-8.484352e-04
-1.864867e-02
1.001637e-02
2.360967e-02
-1.040128e-02
1.910231e-02
4.091148e-02
3.204046e-02
2.142317e-02
7.745406e-03
-1.309744e-02
-1.416086e-02
-1.046028e-02
-4.991106e-02
-4.211097e-02
-1.312945e-02
1.304369e-02
2.358824e-02
1.680042e-02
1.758821e-02
2.382978e-02
1.130325e-02
1.549016e-02
2.510270e-02
9.924172e-03
3.164862e-02
9.129377e-02
7.593708e-02
-1.288407e-01
-4.429691e-02
-1.941525e-02
-2.991185e-02
-7.982177e-03
-6.608526e-03
1.312761e-02
9.697372e-03
3.025671e-02
-1.304869e-02
-2.180758e-02
-2.374407e-02
-5.675643e-02
-7.037321e-02
-5.730094e-02
4.912918e-02
4.322666e-02
-3.597843e-02
-6.930576e-03
4.089471e-03
-2.348168e-02
-8.563088e-02
-7.018383e-02
-6.354553e-02
5.166445e-03
-8.441661e-02
-1.246747e-01
2.062029e-02
-2.901460e-02
-3.759086e-02
2.647878e-02
2.068971e-02
-3.752061e-02
5.613016e-03
8.151552e-03
3.142540e-03
1.601122e-02
2.086145e-02
1.258258e-02
2.910005e-02
2.994598e-02
2.014863e-02
2.075791e-02
4.782853e-02
3.118757e-02
-4.961474e-03
2.286003e-02
1.517375e-02
-3.088438e-02
1.579327e-02
2.627532e-02
-2.751371e-02
-6.464498e-02
-4.250377e-02
-2.989116e-02
-6.180219e-02
-4.608638e-02
-1.105970e-02
-3.073571e-02
-1.965101e-02
2.128415e-02
1.190923e-02
-1.556060e-02
4.201377e-02
5.419738e-02
7.549197e-03
2.986170e-02
4.050339e-02
-2.065091e-02
1.494176e-02
-4.123734e-02
-5.351545e-02
6.361730e-02
1.912364e-02
-1.209566e-02
1.057531e-01
5.900019e-02
4.925647e-02
2.321402e-02
4.065203e-02
1.021175e-02
1.230932e-02
6.327597e-02
5.955633e-02
-1.522243e-02
-1.277863e-02
-3.723142e-02
-1.797485e-02
-1.718410e-03
7.472371e-04
-3.161487e-02
-3.758129e-02
-3.176305e-03
-2.904407e-02
-3.616404e-02
-9.586745e-03
-2.329195e-02
-6.132443e-03
-2.253472e-03
-9.047217e-03
2.177377e-03
3.384918e-03
-1.371891e-02
-9.906857e-03
-1.187105e-02
-3.145672e-02
-7.674555e-02
-1.186515e-02
9.022204e-03
9.461935e-02
-3.456724e-02
-4.351046e-02
-3.455240e-02
-1.957557e-02
5.707341e-03
-1.676873e-02
-2.938763e-02
2.626325e-02
2.818167e-03
-2.533349e-02
2.344776e-02
7.278142e-03
-1.051964e-02
2.938490e-02
-3.406540e-02
-5.831042e-02
2.674894e-02
-2.855993e-02
-8.826913e-02
2.561711e-02
5.389501e-03
-3.578495e-02
-2.720238e-02
-3.634274e-02
-3.058334e-02
-7.855983e-03
-1.439598e-02
-2.486301e-02
1.720063e-02
1.523664e-04
-1.677748e-02
4.513746e-02
9.061985e-03
3.263523e-03
5.654523e-02
2.945826e-02
-1.662212e-02
-3.648547e-02
-1.702968e-02
-4.708974e-02
1.422145e-02
4.847809e-03
-8.393788e-03
-3.038545e-02
-3.556753e-02
2.805114e-03
-2.454319e-02
6.379217e-03
-4.342771e-02
-1.513301e-02
-4.222528e-02
-1.470421e-02
5.319316e-02
1.692908e-02
2.039023e-02
3.572650e-02
2.405961e-02
-2.442821e-02
-2.752513e-02
-2.921905e-02
-3.136591e-02
2.996011e-02
2.776666e-02
-6.585288e-02
-9.572774e-03
-7.370917e-02
-2.944747e-02
-1.174290e-02
1.071215e-02
1.933547e-02
-1.257094e-02
1.387437e-02
2.362811e-02
-7.668252e-03
1.328267e-02
1.745229e-02
-6.812301e-03
-2.444870e-02
-4.997303e-02
8.099297e-02
7.188886e-02
-2.185524e-02
9.787948e-02
9.164304e-02
2.736760e-02
3.624584e-02
8.915791e-03
3.515374e-03
-4.391043e-03
-6.102195e-02
3.617049e-03
-1.783891e-02
-6.596986e-02
-1.587814e-02
-1.735454e-02
-3.956252e-02
-4.098911e-02
1.310492e-02
-2.420250e-02
-1.260410e-01
3.816919e-02
3.065001e-02
-4.864149e-02
-1.084809e-02
-2.225740e-02
9.235130e-03
-5.765741e-02
-7.759077e-02
-8.002223e-03
1.510154e-02
-5.712240e-03
4.040514e-03
3.928216e-02
-6.639441e-03
-2.572020e-02
4.170356e-02
-3.938634e-03
1.126297e-02
-3.691428e-03
-3.903296e-03
7.352429e-03
1.549911e-02
6.672410e-04
1.445315e-02
-2.474065e-02
5.219727e-02
4.294716e-02
-3.608693e-02
-1.539771e-02
-4.321592e-03
-2.508695e-03
-1.725849e-02
-2.766638e-02
2.673603e-02
5.845496e-03
-1.273265e-02
1.822671e-02
7.893870e-03
-1.361334e-02
-3.222879e-02
6.035317e-02
-3.925858e-02
4.161670e-02
-1.646324e-01
1.559418e-02
-1.949961e-02
3.027217e-02
-3.943779e-02
1.807797e-02
-2.176949e-03
-3.150841e-02
4.335016e-02
2.332408e-02
-1.956473e-02
1.113116e-02
1.996958e-02
3.438092e-03
1.364031e-02
-2.137100e-02
-5.034526e-03
-2.288994e-02
-3.861620e-02
5.499006e-02
-3.946078e-03
4.175769e-02
2.233637e-02
-2.152276e-03
-2.023716e-02
-2.874743e-02
1.844500e-02
-1.410567e-02
-4.684136e-02
2.243892e-02
-9.361167e-03
-3.293973e-02
-2.298293e-03
-5.794149e-03
-2.169501e-02
1.459807e-02
1.245976e-03
-2.413750e-02
8.899032e-03
4.294780e-02
6.000841e-04
3.196506e-02
-2.880031e-02
-6.433582e-03
-9.514085e-03
7.168448e-02
-3.629045e-02
-6.229718e-04
-4.356920e-02
-1.327364e-02
-5.217025e-03
-2.998008e-02
-4.431349e-02
1.607249e-02
3.568198e-02
-5.216893e-02
3.874980e-02
2.217779e-04
-3.043345e-02
-6.818493e-02
-3.401741e-02
-2.141914e-02
-1.633441e-02
-2.818281e-01
-8.595396e-03
-1.686483e-02
-2.551827e-02
-2.921252e-02
-7.318297e-03
4.480469e-04
-2.859500e-03
5.008912e-03
6.495544e-03
9.255291e-03
1.876651e-02
2.171240e-02
1.737380e-02
-4.329001e-02
-1.785967e-03
-1.366069e-03
3.893472e-02
2.106988e-02
1.869753e-02
4.473818e-02
3.131825e-02
1.465566e-02
3.080517e-02
-7.063120e-03
2.187223e-02
-5.566574e-02
3.659311e-02
9.893961e-03
-8.661132e-02
-2.648856e-02
-1.589939e-02
-1.765820e-02
-4.041496e-02
-5.206707e-02
1.279942e-02
-1.770168e-01
-2.201376e-02
1.364499e-02
-1.466243e-02
-3.061060e-02
-6.682819e-03
-5.175464e-02
-2.511344e-02
-2.331935e-02
6.447905e-02
-5.290254e-02
-1.529835e-02
-6.502683e-02
-4.428052e-02
-5.558467e-03
-3.951563e-02
-2.822775e-02
-3.717551e-03
2.155850e-02
-2.549875e-02
3.296890e-02
5.833299e-02
1.253127e-02
-1.036318e-02
-1.124850e-02
-7.590897e-03
-4.529879e-03
-5.614599e-03
-7.069117e-03
-1.583445e-03
-2.453838e-03
-4.865703e-03
-1.041839e-03
-2.452965e-03
-2.731403e-04
5.095794e-03
4.902374e-03
6.122042e-03
7.248566e-03
5.783435e-03
2.840520e-03
2.095028e-02
1.994170e-02
3.388012e-02
1.879238e-02
1.111299e-02
3.067962e-02
1.634428e-02
1.245925e-02
3.380629e-02
2.113762e-03
3.614314e-03
4.444733e-03
-4.466555e-04
-9.717649e-04
-7.079736e-04
3.243378e-03
-2.011602e-03
-5.625256e-03
7.797273e-03
1.016203e-02
4.139599e-03
1.146939e-02
1.795646e-02
1.543051e-02
5.540516e-03
1.020607e-02
1.357006e-02
-2.124603e-03
3.517632e-03
-9.480004e-04
-1.018055e-03
3.596931e-03
1.888923e-03
1.670675e-03
5.666101e-03
2.344118e-03
-3.015914e-03
-5.334325e-03
-1.674476e-02
2.330604e-04
4.099492e-03
-5.396504e-03
2.078757e-02
1.497918e-02
5.483417e-03
5.224115e-03
5.664775e-03
-3.625426e-03
9.831617e-03
1.547917e-02
-1.374812e-03
-1.365674e-04
6.356255e-03
-2.601793e-03
1.006211e-02
5.152806e-03
-1.764607e-02
1.489004e-02
8.224183e-03
-1.674148e-02
1.583305e-02
2.883575e-03
-1.524662e-02
2.851323e-02
3.041745e-02
3.076151e-02
3.875145e-02
4.381317e-02
3.679229e-02
4.040487e-02
4.027713e-02
2.734391e-02
2.770019e-03
-2.958130e-03
2.142562e-03
-2.613364e-03
-6.703034e-03
-1.695620e-03
-3.680005e-03
-4.630008e-03
2.419402e-03
-1.068800e-02
-7.975679e-03
-1.293553e-02
-1.320241e-03
2.634310e-04
-3.602048e-03
2.073491e-02
2.102868e-02
7.285479e-03
-4.691476e-03
3.806970e-04
-8.309690e-03
3.433188e-03
9.386555e-03
-4.191933e-03
2.685058e-03
6.833464e-03
-4.663005e-03
2.949968e-02
4.036712e-02
1.166771e-02
2.762291e-02
4.307796e-02
2.248183e-02
3.266224e-02
4.211735e-02
1.886999e-02
1.591305e-02
2.734246e-02
2.012095e-02
1.930111e-02
2.458721e-02
1.375151e-02
7.317139e-03
1.205091e-02
1.760625e-03
1.412250e-02
8.294866e-03
6.732209e-04
1.701827e-02
1.493863e-02
4.569822e-04
1.279244e-02
1.075422e-02
2.522898e-03
-1.480946e-02
-8.737832e-03
-2.362899e-03
-1.475325e-02
-8.694153e-03
-4.296883e-03
-1.030508e-02
-6.045782e-03
-3.142068e-03
-6.444763e-03
-3.184644e-03
2.007967e-03
-1.289723e-03
1.661648e-03
3.905339e-03
-3.562421e-04
4.019093e-04
2.941243e-04
3.869540e-02
1.739451e-02
1.782820e-02
4.749957e-02
1.245796e-02
1.389572e-02
2.877300e-02
7.022370e-03
8.394945e-03
2.043084e-03
3.532356e-03
5.289230e-03
-1.418256e-03
1.475933e-05
1.792256e-03
-3.146008e-04
-1.853812e-03
-1.692390e-03
6.135883e-03
6.660558e-03
7.362544e-03
6.450639e-03
3.664444e-03
7.951362e-03
-5.222186e-03
-9.662328e-03
-2.624605e-03
-6.079359e-03
-4.349401e-03
-9.460510e-03
8.975773e-04
9.609610e-04
-2.052862e-03
1.245085e-03
2.879664e-04
-3.690520e-03
9.655993e-03
1.000957e-02
-6.148425e-04
2.262119e-03
3.638512e-03
-5.091291e-03
4.004642e-03
1.949623e-03
-3.758700e-03
8.085743e-03
1.245551e-02
4.731049e-03
6.133659e-03
1.599394e-02
9.640573e-03
-1.337065e-02
-5.407827e-03
-6.983091e-03
1.317360e-02
2.211439e-02
2.172388e-03
4.213190e-03
1.319365e-02
-6.019117e-03
-4.462165e-03
-4.062986e-03
-1.645501e-02
3.209762e-02
7.264224e-03
6.127669e-03
3.733275e-02
7.973153e-03
-6.057465e-03
4.492782e-02
3.290584e-02
1.751609e-02
-7.803793e-04
-3.577936e-03
-4.073313e-03
-3.573061e-03
-3.852375e-03
-4.123519e-03
-2.498554e-03
1.933921e-04
1.614850e-03
-2.317436e-03
-1.003247e-02
-1.192388e-02
1.022018e-02
-3.848696e-03
-7.410379e-03
2.265945e-02
9.523847e-03
-1.406909e-03
4.901533e-03
1.213277e-02
1.254938e-02
7.604151e-05
6.683558e-03
7.157655e-03
-4.842449e-03
-1.983705e-03
3.479497e-05
1.334080e-02
1.169775e-02
1.369823e-03
1.655420e-02
1.634908e-02
1.622989e-02
1.950186e-02
1.434262e-02
1.107713e-02
6.822770e-03
2.272866e-02
1.059326e-02
9.798682e-04
1.837569e-02
4.966848e-03
-1.043564e-04
1.060834e-02
3.609828e-03
7.193604e-03
1.074724e-03
-8.833785e-03
5.319476e-03
6.014877e-03
-7.057886e-03
-2.192146e-04
3.364536e-04
-8.200247e-03
3.380972e-03
-6.571075e-03
-1.197272e-02
8.316978e-03
-1.881846e-02
-1.873572e-02
2.269861e-02
7.343520e-03
1.707626e-03
-8.707790e-03
5.227418e-03
7.715275e-03
-1.299066e-02
-1.884561e-03
-4.129752e-03
-1.218115e-02
-9.969160e-03
-1.538589e-02
-2.398500e-02
3.084026e-02
-8.441297e-05
-8.657261e-03
6.367802e-02
-4.203214e-02
-2.660756e-02
4.903436e-03
-1.014080e-02
5.320921e-03
-1.594975e-03
-2.725200e-03
-5.334472e-03
-1.499324e-02
-1.504441e-02
-7.033251e-03
-1.907977e-02
-1.941725e-02
-6.149618e-03
-1.401068e-02
-1.252688e-02
-6.850368e-03
-2.229010e-02
-3.223319e-02
-9.854734e-03
-1.338266e-02
-2.974428e-02
8.644887e-03
1.568591e-02
5.783829e-03
2.052386e-02
3.239127e-02
2.445714e-02
1.295485e-03
1.325528e-02
1.489338e-02
3.091571e-02
2.549289e-02
4.397618e-02
-1.809955e-02
-2.074367e-02
-1.685797e-03
-1.650154e-03
-1.454275e-02
-8.858802e-03
7.151630e-03
1.092688e-02
4.335703e-02
-1.428829e-02
-5.088151e-03
1.273673e-02
6.433415e-03
2.160718e-02
-1.273624e-02
2.712343e-03
1.139028e-02
3.117114e-02
1.362215e-02
-2.735484e-03
6.167361e-03
-3.838546e-03
-3.064795e-02
-3.697903e-02
4.941125e-02
4.515669e-02
-3.588679e-02
1.456803e-02
7.419845e-02
-1.011647e-02
-2.103444e-02
6.447341e-03
-1.268426e-02
-7.572107e-03
4.992790e-03
9.211149e-03
-9.229067e-03
2.152840e-04
5.261271e-03
-5.045168e-05
2.652699e-03
6.309288e-03
5.382406e-02
4.956356e-02
1.096836e-02
2.781196e-02
2.967615e-02
-1.339759e-04
-2.260086e-02
-1.467311e-02
-1.761302e-02
1.357257e-02
-2.794115e-02
-1.805298e-02
2.042424e-02
-4.064775e-02
-1.922329e-02
2.488795e-02
-1.448865e-02
-1.074114e-02
1.170362e-02
6.038111e-03
-2.739314e-02
2.216082e-02
5.878723e-02
5.232860e-03
-2.505860e-02
3.472807e-02
1.363819e-02
3.712949e-03
-1.946907e-02
1.128304e-02
1.298586e-03
-2.809628e-02
6.768671e-03
2.998586e-02
8.278597e-03
2.672129e-02
1.437235e-02
1.353955e-02
3.522306e-02
-1.134375e-02
-8.663232e-03
2.406253e-02
-8.782199e-03
-2.289135e-02
-2.356280e-02
