5.593178e-02
1.185296e-02
-5.847321e-03
4.238442e-02
1.029986e-02
1.376230e-02
-1.002739e-02
-2.257575e-02
5.804213e-03
-3.443160e-02
1.139279e-02
2.054802e-02
1.526263e-02
2.012733e-02
3.170072e-02
-9.218032e-04
-8.874515e-03
-1.308466e-03
3.923957e-02
4.276637e-02
5.342049e-02
-1.151277e-02
1.554847e-02
-1.733772e-02
-3.870834e-03
5.877962e-03
-4.139597e-02
-2.139580e-02
-3.043518e-02
4.433978e-03
3.930161e-03
1.772717e-02
3.823154e-02
2.951657e-02
3.368887e-02
5.377346e-02
2.029664e-02
1.049570e-02
-2.321331e-03
-1.257749e-02
-1.082741e-02
-2.178713e-02
-1.761949e-02
-1.422450e-02
-1.362472e-02
1.608684e-02
1.043673e-02
1.468093e-02
1.327881e-02
-8.159565e-03
-1.165078e-02
-5.304856e-03
-4.900515e-03
3.023326e-02
-8.227060e-03
-5.688197e-03
-3.184639e-03
-3.117623e-03
-3.034537e-03
-1.852788e-03
-3.085574e-03
-4.182778e-03
-1.531245e-03
7.505337e-02
6.595046e-02
8.238127e-02
3.124305e-02
4.949567e-02
6.768046e-02
-7.318481e-03
1.535180e-02
2.355813e-02
-2.160352e-03
-1.491173e-02
-1.744372e-02
-6.461480e-03
-1.224523e-02
-1.734596e-02
-2.160616e-02
-2.340548e-02
-1.525435e-02
-3.674218e-02
-4.441801e-02
-3.603559e-02
-6.969830e-02
-7.940733e-02
-2.203942e-02
-1.453564e-02
7.178344e-03
7.524132e-02
2.006127e-03
8.686570e-03
5.857266e-03
-5.824048e-03
-3.165612e-03
-2.272159e-03
-1.356452e-02
-1.072568e-02
-9.599571e-03
-9.051740e-03
-1.137461e-02
-1.450323e-02
-2.073511e-02
-1.490994e-02
-1.546427e-02
-1.100604e-02
-1.276242e-02
-1.590025e-02
6.213579e-02
5.261892e-02
1.041309e-02
-2.201649e-02
-4.293590e-02
-5.923410e-02
-1.009214e-01
-9.281224e-02
-5.769086e-02
-8.028229e-03
9.704696e-03
6.571490e-02
1.964331e-02
-1.856506e-02
-2.634597e-03
3.383449e-02
8.053637e-03
1.639070e-02
1.986475e-02
9.328440e-03
-1.599005e-02
-1.891671e-02
-3.310886e-02
-2.224085e-02
-4.329416e-03
6.813515e-03
4.380411e-04
-9.509906e-03
9.922220e-03
-6.132015e-03
-2.872507e-02
-2.461889e-02
-3.627434e-02
-5.630824e-02
-3.550071e-02
-5.898827e-02
2.208216e-02
3.447525e-02
5.232726e-02
1.317138e-02
7.793749e-02
3.633361e-02
1.513368e-02
4.924803e-02
-3.906225e-02
-3.426982e-02
-3.569836e-02
5.812777e-02
-4.658943e-02
-1.591643e-02
4.090774e-02
3.225046e-03
2.104442e-02
4.013253e-02
-3.435358e-03
-1.979092e-02
-8.182470e-03
-3.941525e-02
-9.249167e-03
3.370805e-02
1.647543e-02
3.623762e-02
1.037896e-02
-1.111351e-01
-1.772085e-02
-1.724446e-02
-1.465121e-01
-4.420731e-02
2.446267e-03
-2.523270e-02
1.770528e-02
2.533021e-02
-8.129752e-03
-3.882168e-02
1.751575e-02
1.305567e-02
1.030658e-02
2.960974e-02
9.391348e-03
-1.003075e-02
-3.686266e-02
-4.639693e-02
-3.622398e-02
-2.403161e-02
-6.825098e-02
-3.741020e-03
-8.160739e-02
-3.732247e-02
-5.025464e-02
-3.641162e-02
4.051841e-03
-2.728470e-03
2.073680e-03
-1.281442e-02
-1.496480e-02
-5.837259e-03
-1.417489e-04
-3.234263e-03
3.213806e-03
-1.261338e-02
-6.830712e-02
-8.294072e-02
-5.790960e-02
-8.630182e-02
-1.222646e-01
-1.422256e-02
5.661571e-04
-1.942267e-02
-1.387099e-02
-1.872835e-02
1.731455e-02
-3.481022e-02
-1.243579e-02
1.075414e-02
-1.773953e-02
-2.204273e-02
-7.496446e-03
-1.141566e-04
-3.565266e-02
-6.553758e-03
-3.881691e-02
1.097768e-02
1.451162e-02
-1.193363e-02
-2.578689e-03
-4.114887e-02
-6.777599e-03
-1.324294e-02
-6.169446e-03
-6.508462e-03
-1.467677e-02
-1.345542e-02
1.867288e-03
-5.305892e-03
-1.684974e-03
-1.120780e-02
2.316074e-03
3.671544e-02
-5.738845e-02
1.893561e-02
4.638492e-02
-6.196043e-03
5.355277e-03
5.647825e-03
1.634539e-02
-2.269716e-02
-5.329902e-02
2.330496e-02
-4.609475e-04
8.143363e-04
-7.282634e-03
5.742423e-04
2.717190e-02
-6.442610e-03
-4.124507e-02
3.329802e-03
-1.947961e-02
-5.422712e-02
-7.018472e-02
-3.381253e-02
-5.491301e-02
-3.135756e-02
-4.929787e-02
-3.992329e-02
-5.101327e-02
3.257050e-03
-3.217750e-02
-5.688345e-02
-5.233435e-02
3.934034e-03
2.770297e-03
6.752153e-04
1.436921e-02
-7.065892e-03
-4.034809e-02
6.369799e-03
5.484305e-03
-1.886652e-02
-2.486334e-02
-2.973466e-02
-1.906300e-02
-1.028424e-02
5.183078e-03
-1.921232e-02
2.826019e-02
-3.627068e-02
3.816274e-03
3.757767e-02
8.248020e-04
-1.366981e-02
-5.100105e-02
-2.020380e-02
2.370779e-02
-1.145457e-02
5.345176e-04
-2.234498e-02
-1.465476e-02
-2.758911e-02
3.170345e-02
-6.926034e-02
5.565961e-03
2.630041e-02
-1.892971e-03
8.403084e-02
7.283228e-02
7.733631e-02
5.728941e-02
8.737332e-02
1.088571e-02
-2.942083e-02
3.224242e-02
-2.177370e-02
6.950913e-03
6.005390e-02
-3.349771e-03
-1.790128e-02
9.292194e-03
-6.269075e-03
2.883750e-02
2.977218e-02
2.294408e-02
3.403141e-02
1.589907e-02
1.683507e-02
3.235371e-03
-3.639069e-02
-1.670553e-01
-2.544487e-02
-9.205990e-02
-4.216566e-02
-1.210232e-02
-5.266504e-02
-1.492913e-02
-2.529346e-02
9.725911e-03
-6.300041e-04
1.563423e-03
7.862148e-03
3.411312e-03
7.418238e-03
7.047686e-03
5.387253e-03
5.383538e-03
3.601547e-03
-2.996205e-02
-2.952155e-02
-2.042262e-02
-1.011541e-02
-2.103338e-02
2.415919e-03
-1.320458e-02
-9.275688e-03
5.946670e-03
-4.531454e-03
3.483735e-02
-3.067234e-03
-1.120282e-03
-6.222161e-03
-1.824969e-02
-7.377185e-03
-4.545542e-03
-3.319149e-02
1.038358e-02
-4.992227e-03
-2.054195e-02
1.972768e-02
-2.647988e-02
-6.093811e-03
-7.560960e-03
-8.824274e-02
1.009086e-03
-3.319878e-03
-5.986550e-03
-1.075883e-03
-4.429660e-03
-6.353832e-03
-1.138617e-03
-5.181629e-03
5.186709e-04
2.024942e-02
6.919866e-03
3.861529e-02
1.110892e-02
2.311477e-02
2.235203e-02
2.593669e-02
8.093235e-03
-7.572911e-03
-1.485944e-02
2.597609e-03
-2.066640e-02
1.541307e-02
4.516542e-02
2.086030e-02
-3.681885e-02
-3.523597e-02
-2.618239e-02
-1.419471e-02
-9.470674e-03
2.561306e-02
1.640605e-03
5.366581e-02
1.875561e-02
-1.828693e-02
4.967991e-02
3.196144e-02
1.077195e-02
5.381561e-02
-1.069011e-02
6.371671e-03
2.611051e-02
-2.526734e-03
-2.496624e-02
-3.714014e-02
5.065652e-04
3.947064e-02
5.771049e-03
-2.385394e-02
1.317257e-02
1.893355e-02
1.334017e-02
5.366007e-04
-3.044358e-02
3.692948e-02
-2.187171e-03
2.266617e-02
2.971099e-02
4.324564e-02
1.288011e-02
5.098797e-02
1.240774e-02
-1.293209e-02
-4.118321e-03
5.433394e-02
-1.329568e-03
-1.285286e-03
-9.823767e-03
-4.094120e-02
-4.367379e-02
2.778746e-02
2.735314e-03
6.411531e-03
2.112930e-02
-2.644211e-02
5.410292e-02
1.494750e-03
-7.922922e-02
1.403683e-03
4.583411e-02
8.173851e-03
-8.557405e-03
3.486950e-02
-5.739458e-02
-1.224972e-01
1.360614e-02
-9.938178e-02
-1.596219e-01
6.028172e-03
-5.575121e-02
-7.973406e-02
-5.318239e-02
-3.960943e-02
-1.422815e-02
-4.363819e-02
-2.456388e-02
5.354831e-03
-2.178242e-02
-1.550456e-02
-5.405881e-03
2.995685e-02
-1.153326e-07
1.514907e-02
9.199238e-05
-7.219093e-02
-4.654481e-02
-7.262484e-04
5.966035e-03
-6.252507e-02
2.986568e-03
7.802630e-04
-5.335615e-03
2.290793e-03
-4.439443e-03
-1.091355e-02
8.309008e-03
9.835090e-03
7.091437e-03
7.992253e-03
-2.292866e-02
-3.530772e-02
-3.290531e-02
-6.878962e-02
-7.712101e-02
2.758265e-02
-8.020680e-03
-2.164171e-02
1.764932e-02
7.210331e-03
-5.749912e-03
2.654390e-03
8.581492e-03
8.559866e-03
-1.069844e-02
6.402269e-03
6.273452e-04
-3.894560e-03
2.172441e-02
-4.036998e-02
-6.595842e-02
-1.777930e-02
-3.658435e-02
-6.698287e-02
2.261389e-03
-1.658396e-03
-2.942120e-02
-1.798293e-02
-2.047671e-02
-1.871239e-02
-2.022359e-03
-1.322952e-02
-1.388709e-02
-5.920077e-04
-9.825405e-03
2.615357e-02
2.339859e-02
1.039518e-02
-2.203877e-03
2.688902e-03
1.211835e-02
-3.565020e-04
1.003739e-02
1.487811e-02
-3.023427e-02
-2.408089e-02
-1.679380e-02
-9.220921e-03
3.925551e-03
-7.065332e-03
-3.361965e-02
-2.454093e-03
-2.223761e-02
-1.274551e-02
-3.057433e-03
7.108821e-04
-7.183458e-02
-4.796305e-02
-5.702385e-02
5.543731e-03
1.652325e-02
-1.149911e-02
3.477350e-02
6.097178e-02
-3.107294e-02
2.980336e-02
5.347860e-02
-7.484604e-02
-3.061913e-02
-3.183381e-02
-7.349718e-02
-4.756056e-03
2.449280e-02
1.227536e-02
-2.695982e-02
-2.336058e-02
1.442260e-02
-1.404876e-02
-3.020212e-03
9.530589e-03
6.555532e-03
1.404173e-02
1.268181e-02
-9.867462e-03
-2.368891e-02
-4.418079e-04
-2.833305e-02
-1.095061e-02
3.851592e-02
1.920139e-08
5.105354e-03
-6.479595e-03
1.702597e-03
-2.201516e-02
-2.188480e-02
9.448867e-03
-1.029085e-02
-2.101744e-02
8.930700e-04
4.203853e-02
7.794333e-02
1.585129e-02
4.332228e-02
5.020889e-02
-2.357069e-03
3.863738e-02
3.735454e-02
-4.985338e-03
3.118099e-04
-3.053566e-02
-4.122642e-03
3.139934e-03
-2.563589e-02
-6.023837e-03
1.140744e-02
-1.265665e-02
-9.077794e-03
-1.097973e-02
-1.011892e-02
-3.416300e-02
-1.865956e-02
-2.125999e-03
-3.903935e-02
-2.117120e-02
-2.495173e-03
1.314689e-02
6.668230e-03
-2.261577e-03
1.387825e-02
8.062888e-03
2.027583e-02
5.306241e-03
-3.261813e-04
2.689956e-02
6.881773e-03
7.784992e-03
4.651681e-03
2.524017e-03
1.916866e-03
1.552076e-03
-6.217226e-03
-6.490195e-03
-7.010235e-03
-4.395167e-02
-1.700582e-02
8.327269e-03
-4.587857e-02
-1.919795e-02
1.957060e-02
-1.290768e-02
-6.156075e-04
2.909718e-02
-3.368884e-02
-1.572884e-02
1.609214e-02
-1.909657e-02
-1.628863e-02
7.321632e-03
8.539877e-03
9.839869e-03
2.076722e-02
-6.424682e-03
-5.164956e-02
1.943726e-02
2.732542e-02
-2.904818e-02
9.007841e-03
3.787595e-02
6.402259e-03
2.416202e-02
-1.279991e-02
-8.970076e-03
-2.768520e-02
-2.289370e-02
-1.503474e-02
-2.807170e-02
-3.010421e-02
-2.102573e-02
-2.617954e-02
-1.482333e-02
-1.743072e-02
-9.626142e-03
-8.596512e-03
-3.134261e-02
-2.737979e-02
1.579249e-02
-1.172313e-02
-1.657881e-02
-5.619480e-02
-6.941479e-02
-4.479418e-02
-6.232802e-02
-8.257844e-02
-6.595752e-02
-4.343127e-02
-5.547884e-02
-5.903157e-02
-2.142763e-02
4.244083e-03
2.541162e-02
3.089825e-02
-5.977005e-03
3.423143e-02
5.408502e-02
1.704226e-02
1.154432e-03
-4.533953e-02
-3.524400e-02
-3.101185e-02
-5.258248e-02
-6.372261e-02
-5.580319e-02
-2.196231e-02
-3.983959e-02
-2.785122e-02
-2.963369e-02
-8.355778e-03
-2.260869e-02
3.611532e-02
1.835841e-02
1.815653e-02
1.099372e-02
1.991526e-02
3.568026e-04
-2.663964e-02
-4.157516e-02
-2.558963e-02
2.473094e-02
5.533747e-03
3.367902e-02
5.477005e-03
3.841667e-02
5.637956e-02
2.687085e-02
5.378914e-03
-2.080604e-02
-2.526047e-02
-4.695674e-04
3.721258e-02
-6.144091e-02
-1.460332e-03
-1.321086e-02
1.496119e-02
6.657754e-02
9.463362e-03
-8.827446e-03
7.041750e-02
5.024255e-02
-5.645414e-02
3.632365e-02
2.709973e-03
1.657158e-02
2.805980e-02
1.422422e-02
-6.200217e-02
-3.615955e-02
-1.636012e-02
-2.750484e-02
-1.439939e-03
-2.229062e-03
-5.143336e-03
9.590128e-03
2.406109e-02
2.180527e-02
2.443699e-02
3.943218e-02
2.681759e-02
2.526856e-02
3.779982e-02
2.212935e-02
3.657186e-02
3.376305e-02
-3.837792e-02
-3.822519e-02
6.248345e-02
-2.041949e-02
4.845371e-02
8.465971e-02
6.302985e-03
-1.713478e-04
-6.881930e-03
7.296906e-03
5.737056e-03
1.683817e-03
4.210005e-03
6.428071e-03
-1.041923e-03
3.227004e-02
2.506823e-02
-1.187860e-02
-3.524400e-02
1.992858e-03
-1.977134e-02
-4.347483e-02
-4.144305e-02
-1.749783e-02
-9.908941e-03
1.510079e-02
2.038131e-02
-1.629931e-02
1.121208e-03
1.048362e-02
-2.847340e-02
-2.688049e-02
-6.376008e-03
-8.006069e-02
4.949950e-03
2.858444e-02
-1.113149e-01
-4.742133e-02
4.499552e-02
-5.580098e-02
-1.485916e-01
-4.546826e-02
5.600026e-04
-5.044561e-03
-8.411501e-03
7.332664e-03
7.236241e-04
-5.886886e-03
8.838599e-03
5.204147e-03
3.761066e-03
-1.442622e-02
2.280281e-02
2.582171e-02
-2.660369e-02
1.982476e-02
4.501332e-02
-4.196766e-02
-4.528182e-02
-2.858915e-02
-2.330514e-02
2.960447e-02
4.842276e-02
-6.548330e-02
-7.504228e-03
5.119736e-02
-3.203228e-02
-5.378607e-02
-7.232033e-03
-3.657148e-02
-2.792037e-02
-2.369853e-03
-2.131028e-02
-3.099277e-02
-7.838645e-03
-9.268772e-03
-1.881762e-02
-3.020329e-02
-2.435876e-03
1.415429e-03
4.804850e-02
-1.613650e-02
-1.119626e-02
1.283199e-02
-2.247139e-02
-5.153451e-02
-2.155901e-02
-6.335215e-03
-8.558751e-03
-1.385887e-02
8.702362e-03
-1.042326e-02
-9.637125e-03
-3.120173e-02
2.817029e-02
-1.401000e-02
-2.149653e-02
-3.197469e-03
6.302471e-02
5.734330e-02
-3.449403e-02
7.807003e-02
-1.044589e-02
7.997810e-03
2.409457e-02
5.367847e-03
6.668914e-03
5.482982e-02
-1.903369e-02
-8.754786e-02
-1.913018e-02
4.725345e-02
9.973278e-03
7.183405e-02
1.925447e-03
4.968553e-02
-1.082441e-02
7.306163e-02
5.980460e-03
-4.222972e-02
2.001886e-02
1.142807e-02
4.162726e-03
-3.503898e-02
1.216784e-02
-2.271787e-02
4.321817e-02
4.290168e-02
-4.162722e-02
-2.633477e-02
2.894865e-02
-1.926672e-02
2.485652e-02
-1.886693e-03
-3.761715e-02
-9.875858e-03
-3.505567e-02
-4.321864e-02
-1.344991e-02
-1.427647e-02
-2.708010e-02
-4.393831e-02
-1.235650e-03
-1.703301e-02
-2.809540e-02
-1.669206e-03
-3.423688e-02
-2.729573e-02
-2.081082e-02
-7.990539e-03
-9.196576e-03
-9.533097e-03
1.374588e-04
-4.161727e-03
-1.323132e-02
-1.005945e-02
-4.753105e-04
2.072570e-03
9.352221e-03
-3.000003e-02
-1.773652e-02
1.751984e-02
-7.570419e-02
-6.230734e-02
-1.999833e-02
-1.567100e-02
-2.572175e-02
1.723126e-02
-1.769180e-02
1.785799e-02
-1.637893e-03
-2.120806e-03
6.511216e-03
1.577109e-02
-3.573937e-02
1.214152e-02
5.574646e-03
-3.118353e-02
8.437919e-03
-1.881972e-02
7.390562e-02
-3.471629e-02
-3.934793e-02
-1.141697e-02
1.401294e-02
-8.024732e-02
-1.038101e-02
-2.984628e-03
1.573419e-02
-2.049997e-02
-1.102985e-02
9.361118e-03
-8.567018e-03
-2.115767e-03
1.653985e-02
2.312114e-02
3.936281e-02
2.159186e-02
2.306973e-02
-1.468729e-02
-6.298215e-03
1.824970e-02
-5.793107e-03
-2.703136e-02
1.443060e-02
-1.595871e-02
5.702921e-02
-4.351139e-02
-3.504259e-02
2.463832e-02
-1.024006e-02
-2.811628e-02
2.004310e-02
-6.495875e-02
-9.056441e-02
-5.874063e-02
3.324354e-02
-1.023758e-01
-1.003412e-01
-2.873342e-02
-4.814084e-02
-1.321787e-02
-3.508754e-02
-2.410183e-02
-3.995631e-03
-7.175501e-02
3.635506e-02
3.888166e-02
-5.907369e-02
-3.381010e-02
1.049087e-02
-3.701125e-02
7.728785e-02
2.043192e-02
9.218997e-02
-3.665112e-03
-2.392118e-02
9.513645e-03
2.948874e-02
-3.299912e-02
-2.457497e-03
-1.678112e-02
-1.462763e-03
-1.073165e-02
-1.270341e-02
2.182331e-02
-4.071993e-02
-2.697381e-03
-3.523967e-02
-4.783962e-02
-3.960401e-02
-4.318678e-02
-7.659815e-02
-1.343650e-01
-9.660616e-02
-2.041408e-02
-2.877721e-02
-1.974110e-02
2.121300e-02
5.546662e-02
7.882695e-03
2.803677e-02
-6.937240e-02
-1.525097e-03
1.050352e-02
3.202964e-02
3.259894e-02
-1.345152e-02
-1.220973e-02
3.386210e-03
3.352407e-02
1.747225e-02
1.150075e-02
9.123638e-03
8.609814e-03
2.065633e-04
1.180760e-02
-3.439043e-03
-1.472562e-02
2.426961e-02
7.825508e-03
-6.602766e-03
1.100184e-02
2.913086e-03
-9.248107e-03
-1.707061e-02
1.738084e-02
-2.024532e-02
6.468906e-02
-4.413137e-02
5.332631e-03
-1.509468e-03
-3.782886e-04
-3.342154e-03
-2.237928e-05
5.424999e-04
1.375603e-03
-1.184386e-03
-7.176031e-03
-1.199862e-03
6.027922e-03
6.624249e-03
1.191371e-02
4.654917e-03
-4.697165e-02
-4.972526e-02
-7.499695e-03
-2.668290e-02
-2.890747e-02
1.038509e-02
-1.338467e-02
1.436539e-02
-7.179191e-03
-9.139122e-03
2.628111e-04
1.502972e-02
-2.364440e-03
1.569858e-02
-4.197944e-03
3.866234e-03
2.700027e-02
8.263552e-03
1.101233e-02
-1.662669e-02
4.004398e-02
-1.398975e-02
2.114768e-02
1.041875e-02
-2.059076e-02
-2.923129e-02
6.027301e-03
5.385912e-03
1.230474e-02
-7.188457e-03
-1.340728e-02
-5.686477e-03
1.348383e-03
-3.969157e-03
3.038214e-03
-3.950411e-02
-3.391797e-02
-3.859467e-02
2.491780e-02
-1.380741e-02
2.256442e-02
-3.575016e-03
7.727956e-04
-1.077877e-02
-3.224089e-03
1.654577e-02
2.896426e-02
-1.898792e-02
7.002700e-03
2.527365e-02
-4.999658e-02
-3.027174e-02
4.358816e-03
3.661634e-02
6.835659e-02
-1.045587e-02
-1.571634e-02
-6.784400e-02
5.554060e-02
1.600835e-02
1.402052e-02
1.983538e-02
-7.543180e-02
-2.969358e-02
-1.609659e-02
-1.576025e-02
4.120818e-02
-1.020911e-03
5.616814e-03
-1.324281e-02
-4.550901e-02
3.135161e-02
9.633325e-02
3.665866e-02
-3.441521e-02
-3.398151e-02
-3.122300e-03
2.798882e-02
8.139010e-02
3.775576e-02
1.301519e-02
7.373727e-03
3.606315e-02
-4.681397e-03
-2.821102e-02
6.063806e-02
1.113453e-02
1.928765e-02
6.758770e-02
3.837595e-02
-1.019311e-02
-2.370445e-02
1.200186e-02
-5.492050e-02
-5.489934e-02
3.122219e-02
-3.057695e-02
-7.702130e-02
6.640873e-02
3.268130e-02
1.111390e-02
2.312405e-02
-3.433139e-02
-5.710331e-02
2.723609e-02
-4.548240e-02
-3.604097e-02
5.017532e-02
4.066381e-02
4.224217e-02
-1.272961e-02
-4.829134e-02
2.452256e-05
-4.966243e-02
-4.486219e-02
6.121732e-03
2.464458e-02
-4.812561e-03
-4.291886e-02
1.108415e-02
6.357210e-04
4.518302e-03
6.632148e-03
1.053091e-03
3.796678e-02
-5.695351e-02
-9.566034e-02
-5.867247e-02
-5.426612e-02
-1.386699e-01
-7.765088e-02
-7.788620e-02
-7.032405e-02
-8.577745e-02
-2.430731e-03
-9.132033e-04
2.826206e-03
-7.186212e-03
-7.983218e-03
2.144774e-03
-1.437847e-03
-2.917498e-03
8.493469e-04
2.873456e-02
6.934153e-03
-3.388335e-03
6.600629e-03
-9.004423e-03
-2.219052e-02
-9.395398e-05
-3.725624e-02
-3.644964e-02
-5.256963e-03
1.477295e-02
1.735278e-03
-2.500620e-03
5.617230e-04
-2.830611e-03
5.707401e-03
1.355754e-03
4.789316e-03
-1.091499e-02
1.158293e-03
-4.675027e-02
-4.059732e-02
-4.964785e-02
-2.747716e-02
2.665937e-03
-3.385655e-02
-4.927426e-02
1.987199e-02
1.467346e-02
1.792589e-02
4.919760e-03
-1.904375e-03
8.005195e-04
3.132091e-03
-6.706333e-03
-7.461917e-03
3.027339e-02
3.721061e-02
2.967769e-02
-2.164157e-02
1.297014e-03
3.791441e-03
-1.218299e-04
-8.949619e-03
-6.450160e-03
-2.802315e-02
-9.116097e-03
6.879435e-04
1.960203e-02
-1.095287e-02
-1.949925e-02
4.735943e-02
-1.355657e-03
-2.939949e-02
-3.645524e-02
-1.055082e-02
1.312852e-02
-1.827586e-02
-4.074312e-03
-2.653230e-03
4.506528e-02
9.292181e-03
-4.360631e-02
-9.079469e-02
-7.843642e-03
-1.422526e-02
1.685648e-03
5.040982e-02
-5.109723e-02
-1.410516e-02
-2.787901e-03
-2.447935e-02
5.340290e-02
2.168004e-02
1.302721e-02
-2.765203e-02
1.168859e-02
3.707784e-02
2.032345e-02
1.121844e-02
-3.058586e-02
1.344268e-04
-5.778621e-04
-5.739702e-03
9.967722e-04
4.553263e-04
-6.280910e-03
3.545973e-03
3.726981e-04
-2.643796e-03
-6.703761e-04
1.780361e-04
9.810227e-04
-2.083540e-03
-4.798690e-05
1.044961e-03
2.214487e-03
3.077716e-03
3.092122e-03
-9.215773e-04
1.229100e-03
3.688473e-03
-3.209152e-03
2.815880e-04
-1.434641e-03
-6.483550e-04
2.047013e-03
-2.553709e-03
-6.017615e-04
2.368788e-03
1.190979e-03
-2.049646e-03
1.952773e-03
5.775996e-04
-3.088298e-03
6.097354e-05
-1.078485e-03
3.471452e-04
1.147262e-03
1.088995e-03
1.177643e-03
1.310335e-03
-6.045945e-04
2.253297e-04
-1.041887e-03
-2.390350e-03
-1.998561e-03
1.090686e-03
2.261807e-03
1.083776e-03
5.354979e-03
-1.282872e-03
2.537157e-03
2.530163e-03
-3.592960e-03
9.804522e-04
-2.329521e-04
-1.232700e-05
1.312097e-03
-1.006378e-04
-3.073120e-04
3.063062e-03
1.917750e-03
3.871318e-05
-3.274565e-03
-2.019957e-03
1.240960e-03
-2.636554e-03
-1.885422e-03
2.860642e-03
-2.856494e-03
-1.094559e-03
2.353667e-03
-1.197807e-03
-8.277824e-04
-1.663483e-03
-7.601528e-04
-6.025259e-04
-2.278847e-03
6.421409e-04
1.094559e-03
-6.479406e-04
-2.068176e-03
2.671957e-03
-1.248078e-03
-1.076085e-03
1.881269e-03
-2.464745e-03
4.364234e-03
3.672463e-03
1.929606e-03
-8.756057e-04
1.215361e-03
4.560213e-03
-1.760000e-03
1.332253e-03
6.106058e-03
-1.897366e-03
-1.499244e-04
2.267208e-03
-2.523624e-03
-8.389461e-04
-8.043211e-04
-2.779347e-03
-1.654951e-03
-3.388953e-03
6.383753e-04
6.513171e-04
-1.845567e-03
2.727799e-03
4.105354e-03
5.281955e-03
-1.377638e-03
-1.825999e-03
8.309841e-05
1.290593e-04
-1.735991e-03
-1.753011e-03
3.285072e-03
1.269409e-03
-1.091443e-03
-1.681046e-03
5.156061e-04
-8.978622e-04
-1.692418e-03
3.494933e-04
-9.200979e-04
-1.043239e-03
-1.986585e-03
7.741121e-04
2.058271e-03
-1.309892e-03
6.857059e-04
2.650994e-03
-1.080096e-03
-8.450699e-04
4.149975e-03
6.556565e-03
4.231068e-03
-2.009690e-03
-4.738273e-04
-6.546235e-04
7.373949e-04
1.586122e-04
1.417828e-04
-3.318106e-02
-2.503359e-02
5.379631e-02
8.214749e-02
-1.588010e-02
2.985967e-02
4.488097e-02
9.925031e-03
-1.628948e-02
-2.102762e-02
-9.459591e-03
3.645153e-03
-5.607280e-02
-7.497998e-02
-3.151163e-02
1.003331e-02
-3.807797e-02
-2.366009e-02
-8.384157e-03
2.165665e-02
2.761867e-02
2.827315e-02
-2.666720e-02
1.076781e-02
-8.139394e-03
-1.790383e-02
2.105369e-03
-2.827505e-02
-6.156965e-02
-1.952339e-02
2.437226e-02
-3.361688e-02
-3.045679e-02
3.268361e-02
1.311507e-02
2.497167e-02
3.360652e-02
3.877509e-02
2.353917e-02
3.075649e-03
-2.985612e-03
3.504294e-03
-4.369689e-03
-1.669787e-02
-3.793442e-02
2.494340e-03
1.167147e-03
2.558232e-02
-3.838482e-03
-1.492659e-03
5.673337e-02
1.039403e-02
3.607874e-02
2.335754e-03
1.357030e-03
-7.089599e-03
-9.581647e-04
5.906660e-03
-4.903848e-03
-4.529858e-03
7.062552e-03
-1.913106e-03
-3.219743e-03
1.807926e-02
9.991534e-03
-5.239860e-03
-2.293140e-02
3.630572e-02
-4.967019e-04
-9.099769e-03
7.998812e-03
-2.194217e-02
-1.464973e-02
2.815328e-03
9.766093e-03
-1.835533e-02
-1.944638e-02
-9.057046e-03
-5.262904e-03
-1.225507e-02
-1.711981e-02
-1.798810e-02
2.691418e-02
1.139698e-03
-2.413049e-02
1.272771e-02
-3.462288e-03
-4.100426e-02
-1.781707e-02
2.648375e-02
8.237815e-03
1.243156e-02
1.230169e-02
2.906151e-03
1.425162e-02
1.428006e-02
7.096918e-03
1.197113e-02
1.015020e-02
-4.649577e-03
-3.288046e-03
1.911559e-02
5.335212e-03
8.624406e-03
-1.841024e-02
2.329352e-02
-1.106295e-03
1.867429e-02
-7.398217e-03
-1.177892e-02
-8.271809e-03
7.226383e-03
1.835280e-02
-1.472694e-02
-1.290485e-02
3.323143e-02
8.985915e-05
-1.068097e-01
-1.097971e-01
-6.017725e-02
-1.095180e-01
-1.551423e-01
-5.460157e-02
-9.291189e-02
-9.348856e-02
-6.819405e-02
1.146793e-02
-3.061186e-02
-4.595931e-02
-3.221733e-02
7.043568e-02
-2.283099e-02
-6.414999e-02
2.459775e-02
7.726396e-03
1.094387e-02
-1.338827e-02
3.690960e-02
3.619616e-02
-4.855118e-02
-2.508346e-02
1.537589e-02
4.468863e-02
5.202285e-02
8.597824e-03
-1.381674e-02
7.377081e-03
-1.204172e-02
-3.146571e-02
3.892634e-02
-3.236942e-02
-3.907979e-03
9.054491e-04
-3.988162e-02
2.619085e-02
5.943195e-02
-3.510614e-02
2.233839e-02
7.089964e-02
-5.705770e-02
-3.284783e-03
2.182991e-02
1.396255e-03
4.812818e-03
-9.284329e-02
1.025197e-02
-1.839155e-02
2.798148e-02
-5.869842e-02
1.212552e-02
1.337670e-02
6.032443e-03
-1.792718e-03
-2.766105e-04
1.507268e-02
-4.226434e-02
-4.468728e-02
3.463176e-02
1.156720e-02
-2.784081e-02
2.966223e-02
9.048281e-03
-1.473308e-02
1.795273e-02
8.246926e-03
-1.902916e-02
1.578565e-02
-7.402703e-03
-2.385658e-02
6.005530e-02
2.538222e-02
-5.092558e-02
3.869251e-02
1.616639e-02
1.127910e-02
7.964567e-03
5.408901e-02
6.246227e-03
-5.886581e-03
-9.205741e-04
2.097000e-03
-5.206507e-03
-1.434903e-03
5.257822e-04
-6.322284e-03
-5.787323e-04
8.333527e-04
1.196900e-02
3.329009e-03
-2.108492e-02
-3.586059e-03
7.611086e-03
-2.474610e-02
3.241359e-02
1.617758e-02
3.972053e-02
8.890870e-03
4.409978e-03
-1.841404e-02
1.360016e-02
-4.687073e-03
-1.230693e-02
2.698836e-02
-7.152252e-03
-1.264559e-02
-7.249891e-03
3.145269e-02
2.767426e-02
1.476261e-02
-3.153034e-02
3.338355e-06
5.646269e-02
-2.428256e-02
-5.639492e-02
-3.024155e-03
3.175106e-03
1.140119e-02
-1.056806e-03
5.826676e-03
9.004368e-03
-4.362701e-03
3.892044e-04
3.953292e-03
-3.593463e-02
2.206647e-02
2.535983e-02
-4.543635e-02
-2.891823e-02
-6.525740e-03
-2.059182e-02
-2.945360e-02
-2.954967e-02
-2.817665e-02
-3.485297e-02
2.721039e-02
-1.747631e-02
3.185407e-03
3.940779e-02
-2.070237e-02
-3.504948e-03
1.305615e-02
3.970086e-02
-3.925211e-02
-3.526828e-02
3.556089e-03
-8.724213e-02
3.989617e-02
-3.661045e-02
-4.382358e-02
-6.970473e-03
-8.800196e-03
-5.939235e-02
-5.956492e-03
-2.218897e-02
3.648083e-03
-2.378794e-02
3.594536e-03
-1.853311e-02
2.642058e-02
-1.187586e-02
2.444317e-02
-2.252252e-02
3.866125e-02
2.801122e-02
1.480409e-03
-6.187533e-03
4.196576e-02
-1.209633e-02
5.499660e-02
-5.198786e-02
2.165624e-02
8.059102e-02
-1.869547e-02
1.067140e-01
3.213499e-02
3.174427e-02
3.061263e-02
1.259591e-02
4.813130e-02
1.011165e-02
-1.586537e-03
-1.464223e-02
1.188439e-02
-2.824092e-02
3.049528e-02
4.919271e-03
-2.457780e-02
1.372433e-02
-1.195612e-02
6.866080e-02
-2.009309e-02
8.206180e-02
7.312208e-03
2.256649e-02
2.462182e-02
2.153460e-02
-3.699494e-02
9.169027e-03
2.175587e-02
-4.931876e-02
-2.427709e-02
-3.090758e-03
3.781722e-02
6.615993e-02
-4.150437e-02
-1.828814e-02
-3.891873e-03
-4.200050e-02
-4.054179e-03
8.864859e-03
-3.970920e-02
-6.976009e-03
-4.048942e-03
3.453428e-03
1.406935e-02
6.381819e-02
3.349980e-02
-4.435068e-02
3.513680e-02
-9.992862e-04
4.828760e-02
2.689574e-02
1.746703e-03
7.382310e-03
4.913031e-04
1.525056e-03
4.989548e-03
-8.584717e-04
1.545076e-03
7.670925e-03
6.219799e-03
-1.118960e-02
-1.183416e-02
-5.531915e-02
-5.680218e-02
-5.475584e-02
-9.358206e-02
5.304036e-03
-5.310556e-02
-6.393774e-02
4.385814e-03
-6.591816e-03
1.750237e-02
-1.337743e-02
-3.954839e-02
-6.149232e-03
-1.528625e-02
-1.103457e-02
7.857626e-04
-2.266342e-02
-2.028234e-02
-4.406188e-02
-4.979192e-03
-5.087110e-02
7.874741e-03
-1.679975e-02
-3.500526e-02
-2.355783e-02
3.945166e-03
7.706612e-03
6.201777e-03
3.825451e-03
1.435207e-02
9.605478e-03
3.627323e-03
1.362571e-02
9.982736e-03
-1.006889e-04
9.495579e-04
1.428360e-02
-3.023002e-03
-2.750710e-02
2.028988e-02
2.465236e-03
1.673711e-02
2.058985e-02
3.193663e-02
3.517179e-02
2.568149e-02
1.878409e-03
8.879498e-03
-2.003156e-02
3.951538e-02
3.822973e-02
6.389146e-03
4.656875e-02
-4.265017e-02
2.842212e-02
1.939517e-02
-1.080968e-01
3.161960e-02
4.453110e-04
2.834867e-02
8.082255e-02
2.261480e-02
2.236918e-02
-4.689208e-02
-1.826561e-02
3.335430e-02
-2.443368e-02
4.223949e-02
-2.696597e-02
-3.799704e-02
-2.638056e-02
1.088429e-02
-4.111622e-02
-1.479577e-02
3.426783e-02
-2.016494e-02
-4.561266e-02
3.082596e-02
1.271245e-02
1.019868e-02
-3.326907e-02
-1.153341e-02
-2.636168e-03
2.125579e-03
-3.072983e-03
-4.370089e-02
-3.359405e-02
-6.014276e-03
-7.473152e-02
-1.091878e-01
-5.533483e-02
-6.333567e-02
-8.197327e-02
-6.091298e-02
-5.822296e-02
-7.018650e-02
-6.365930e-02
-1.908929e-02
-2.095883e-02
-2.743551e-02
-2.228153e-02
-3.477006e-02
1.004477e-02
-3.852647e-03
-9.925493e-03
6.519324e-03
3.875724e-03
-5.443863e-03
-2.445091e-02
-4.322267e-04
-3.615460e-03
2.145223e-02
-1.050658e-02
-1.551490e-02
3.354202e-02
-2.364033e-02
-3.779337e-02
-1.950806e-02
-5.835159e-03
-3.625640e-02
-1.555466e-02
4.355912e-02
1.188494e-02
2.609032e-02
-2.312561e-03
-6.609176e-02
-3.723920e-02
-5.322542e-02
-7.446689e-02
-3.837786e-02
-2.320971e-02
-7.513650e-02
-4.905952e-02
-2.445505e-03
-1.161445e-04
3.972722e-03
2.717681e-03
1.541067e-03
2.596380e-03
2.194240e-03
-2.558860e-03
-1.541348e-03
2.549317e-02
6.639301e-02
2.847650e-02
3.439320e-03
8.677552e-03
2.382449e-02
3.367985e-02
-2.105343e-02
1.594144e-02
6.885738e-03
-6.277038e-03
8.348294e-03
-1.878703e-03
-2.239933e-02
8.237309e-03
-2.146662e-03
-1.587312e-02
1.974816e-02
-1.230258e-02
-1.808807e-02
2.800660e-02
1.562245e-02
-3.510729e-02
3.112541e-02
3.485580e-02
-6.334779e-03
4.321224e-02
-2.034936e-03
6.951050e-03
1.082270e-02
-1.019036e-02
-8.804675e-03
-7.134534e-03
-3.619806e-03
-1.289158e-02
-1.423144e-02
3.841958e-03
-2.145764e-04
2.415817e-03
-7.588880e-03
-1.594691e-02
1.167539e-02
7.345983e-03
-9.184926e-04
2.198971e-02
-1.374489e-02
-2.377795e-02
-2.956706e-02
-1.649406e-02
1.355698e-02
2.197852e-02
-2.653074e-02
-3.338768e-02
7.078846e-03
-2.373711e-02
-9.646031e-02
3.493908e-02
-1.060016e-02
-5.492900e-02
-5.846509e-02
-5.339066e-03
-2.390980e-02
-6.018361e-04
2.408847e-02
1.006369e-02
-6.774288e-03
-3.867366e-02
6.883169e-03
-9.006490e-03
-7.161055e-02
-7.281084e-02
-3.413492e-02
-1.940775e-02
1.373403e-02
-1.198338e-02
-3.283555e-02
-8.919655e-03
-2.897399e-02
2.414464e-03
1.215485e-02
-4.734484e-03
-1.635456e-02
1.954083e-02
-3.853793e-02
-4.983538e-02
7.711320e-02
3.212387e-03
9.303200e-02
-9.213422e-03
1.180838e-02
6.313693e-02
-1.164886e-02
-8.197014e-03
3.768642e-02
5.835107e-02
4.026803e-02
4.879201e-02
-1.976994e-04
-5.156960e-02
1.064712e-01
3.722997e-02
1.496943e-02
-3.258510e-02
8.687373e-02
2.144096e-02
8.661658e-02
4.938402e-03
1.027814e-02
-3.256999e-02
-2.562065e-03
1.231916e-02
-2.523735e-02
-2.046043e-03
2.605715e-02
-7.907222e-04
2.837599e-02
4.558318e-03
-1.622538e-02
1.725715e-03
3.508379e-02
-3.330596e-02
-1.385428e-03
9.045598e-03
-3.593791e-02
-1.842850e-02
2.138778e-02
1.366551e-02
-2.460035e-02
1.018753e-02
-2.677002e-02
-3.226639e-02
-5.860056e-02
-3.108585e-02
-3.802533e-02
-4.097896e-02
-3.681125e-03
-1.124631e-02
-7.835940e-03
-8.912808e-04
-9.781811e-03
-8.206959e-03
-9.828540e-04
-3.174335e-03
-1.291805e-03
3.583343e-02
-1.280602e-02
-6.780900e-03
4.507545e-02
-6.384036e-02
1.647804e-02
-6.445349e-03
5.229789e-02
3.152880e-02
-4.139089e-03
5.797860e-03
2.572852e-02
-9.093064e-03
4.096499e-03
1.332703e-02
-1.144591e-03
-9.687006e-03
2.745170e-02
4.722124e-02
2.826037e-02
1.230745e-02
-2.279009e-02
5.950212e-02
6.563409e-02
-3.330633e-02
-1.566012e-02
1.921638e-02
-4.576525e-03
-6.136226e-03
-3.480926e-03
-1.178862e-03
-7.816680e-03
-8.387269e-03
3.761452e-03
-1.267984e-03
4.593940e-03
2.376492e-02
8.175463e-04
1.269271e-02
-2.418936e-02
2.863836e-02
-1.406514e-02
1.991415e-02
-1.387402e-03
4.438885e-03
3.355118e-02
1.971493e-02
-1.013430e-02
3.725979e-02
-1.923325e-02
-3.949160e-02
1.734374e-02
1.598804e-02
-1.877636e-02
-4.465162e-02
-3.659358e-02
5.012969e-02
-1.011284e-01
-2.100806e-03
-3.842155e-02
2.559748e-02
-5.623712e-02
-2.568977e-02
2.850820e-04
-2.534720e-02
-2.630550e-02
1.521582e-02
-3.860670e-02
3.070919e-02
-3.885061e-03
5.433498e-02
1.219950e-02
-6.324566e-03
-3.067381e-02
-1.121920e-03
-3.762950e-02
3.913667e-02
4.620481e-02
3.578735e-02
-2.100569e-02
-1.849709e-02
-1.443825e-02
1.339889e-02
-3.138796e-02
4.636848e-02
2.861657e-02
2.888659e-03
5.943499e-03
3.588896e-02
5.886892e-03
-2.959818e-02
-3.047728e-02
-4.306629e-02
4.361745e-03
-1.349846e-02
-2.862482e-02
-2.580722e-02
-3.599430e-02
-5.978076e-02
-8.426845e-03
5.653899e-02
1.452108e-02
2.088504e-02
3.409634e-02
8.430303e-03
4.584639e-03
3.280459e-02
-5.482770e-04
2.674222e-02
-1.088613e-02
-1.816206e-02
2.991827e-02
1.874126e-02
-2.711148e-04
4.847992e-02
5.234702e-02
3.586952e-02
4.703335e-02
5.009936e-02
5.699772e-02
4.056116e-02
3.062046e-02
8.216511e-03
2.444397e-02
-1.234389e-03
-9.174703e-04
9.401546e-03
-1.694498e-02
1.606791e-03
1.028488e-02
1.381693e-02
7.454958e-03
-5.471119e-02
-4.591586e-02
-2.927578e-02
2.050181e-03
-2.458713e-03
-4.032403e-03
3.936840e-03
1.819518e-03
7.570279e-04
5.476043e-03
1.340130e-03
1.761633e-03
3.266339e-02
-9.370639e-03
1.177164e-03
-9.914481e-03
-3.898832e-03
-2.799752e-03
-8.399320e-03
-4.484694e-03
1.321222e-02
6.419926e-03
-1.359236e-02
-8.792832e-03
6.413933e-03
-1.507828e-02
-1.244633e-02
2.197229e-02
-2.449693e-02
-6.031759e-03
1.249322e-02
-3.644250e-03
-2.383636e-02
-1.122544e-02
-8.242482e-02
-5.323939e-02
-6.234091e-02
-1.532605e-01
-2.628181e-02
7.779368e-03
2.718568e-04
2.217446e-03
3.124626e-03
4.691928e-03
1.402122e-02
1.210018e-02
1.067973e-02
1.937714e-02
3.900870e-02
2.240227e-02
2.122961e-03
3.111746e-02
-1.363338e-02
-2.248071e-02
-4.162207e-03
-3.369884e-02
-3.239248e-02
2.257561e-03
-6.922987e-03
-3.783431e-02
-5.536962e-03
-9.393927e-03
-9.449964e-03
-1.499500e-02
-2.163778e-02
7.938085e-03
8.071171e-02
2.255689e-02
3.274701e-02
-2.147166e-03
-1.274020e-03
1.696499e-02
-1.326460e-02
-6.311516e-02
-2.938613e-03
3.954821e-03
-7.116908e-03
-1.047586e-02
-1.622995e-02
1.130225e-02
6.728170e-03
-1.504041e-03
-1.101309e-02
-2.251731e-02
3.683708e-02
8.203144e-02
2.525137e-02
1.489118e-02
1.776712e-02
1.966842e-02
1.602262e-02
3.252162e-02
2.621103e-02
