9.425777e-01
7.555354e-01
5.325201e-01
7.707861e-04
-9.515149e-04
1.328761e+00
2.730231e-01
1.921967e+00
-3.994067e-04
5.477550e-01
1.291187e-04
1.229044e+00
3.183583e-02
3.202798e-02
4.348485e-01
-8.267341e-04
3.015379e-03
-1.491255e-02
9.675736e-04
-3.313553e-03
-2.666811e-03
3.721986e-03
8.497306e-01
2.499050e-01
1.386489e+00
1.791540e+00
7.910410e-03
1.665147e+00
5.865482e+00
2.405787e+00
-2.055394e-04
2.384574e+00
1.807963e+00
4.373269e-02
1.489501e+00
2.589129e+00
4.087258e+00
7.951825e-04
1.443309e+00
2.697416e-01
1.287138e+00
1.107745e-03
4.316892e-01
1.488881e-03
-1.927508e-03
2.481613e+00
2.317923e-01
1.447732e-03
2.310807e+00
-3.083068e-03
9.272174e-01
2.263438e-01
3.059408e-01
-1.858828e-04
-2.535614e-04
1.459775e+00
9.906775e-01
1.258935e+00
2.727817e-01
1.726065e+00
6.586958e+00
-1.803041e-03
3.476915e-01
7.273202e-01
