3.955687e-03
-2.947770e-02
-9.549563e-03
1.352017e-02
-7.918525e-02
2.697214e-02
7.630137e-03
-3.852516e-02
1.401535e-02
-1.316745e-02
-1.847115e-02
9.345187e-04
1.058083e-02
-5.482325e-02
2.175569e-03
8.914009e-03
-4.620734e-02
1.611145e-05
-7.130838e-03
-2.855844e-02
3.069031e-02
1.300922e-03
-9.560620e-03
1.102538e-02
1.918653e-02
-1.193001e-02
2.026477e-02
3.293575e-03
2.381203e-02
-1.986811e-03
1.597567e-02
1.402613e-02
-2.245609e-02
-2.770082e-02
3.161352e-02
-6.967289e-03
-3.530031e-02
3.328910e-02
1.118313e-03
2.276283e-02
-7.149602e-03
-4.255692e-03
-9.061080e-03
8.428766e-03
-2.439681e-02
-1.558736e-02
1.044582e-02
2.838378e-04
1.012057e-02
-5.207936e-02
8.310854e-03
5.293553e-03
-3.539683e-02
9.526215e-03
2.654863e-02
3.121119e-03
-2.019135e-02
5.893810e-03
-8.235876e-03
-1.937910e-02
3.416660e-02
-4.713115e-03
-1.115964e-02
3.696044e-02
5.088303e-03
3.766223e-02
4.534392e-02
1.157200e-02
4.742025e-02
2.873125e-02
-4.517383e-03
3.112671e-02
1.184759e-02
1.150198e-02
1.403178e-02
-6.345802e-03
2.271620e-02
2.571287e-03
-1.437358e-02
5.892241e-03
2.718735e-02
1.916964e-02
2.619355e-02
-2.766529e-02
2.000042e-02
2.450998e-02
-2.422903e-02
5.388718e-03
2.078002e-02
-2.154182e-02
-1.451168e-02
4.229620e-03
1.454746e-02
-1.814185e-02
-1.969048e-02
1.037848e-02
3.904683e-04
2.038160e-02
2.973463e-03
-1.379449e-03
-4.456094e-02
3.194115e-03
1.163836e-02
-1.198841e-02
7.808385e-03
-1.002019e-02
3.935258e-02
-7.289651e-03
3.913261e-02
-1.043482e-02
-1.403822e-02
2.537707e-03
8.589556e-03
-2.509640e-02
-2.412090e-03
-3.396876e-02
-1.003768e-02
-1.111152e-01
5.374916e-02
1.554096e-02
-1.709366e-01
5.601647e-02
4.601698e-02
-1.068176e-01
7.175091e-03
1.822561e-02
-6.426434e-03
1.306211e-02
-3.577561e-02
4.614051e-03
1.279461e-02
-4.594555e-02
-6.250445e-04
-5.666784e-03
-2.616517e-02
2.180516e-02
2.472092e-02
4.140668e-02
-2.269473e-03
-2.277322e-02
1.907727e-02
1.919157e-02
-1.716634e-02
2.348605e-02
-1.063873e-02
-1.152733e-03
-7.605341e-03
8.216323e-03
4.047693e-02
4.002798e-02
-3.310955e-02
1.918879e-02
-5.046390e-03
-3.310082e-02
-1.288536e-01
-5.874598e-02
-5.928039e-02
-1.650965e-01
-1.097728e-01
-4.115138e-02
-1.269775e-01
-1.106537e-01
2.709919e-02
-2.906830e-02
-1.110147e-02
1.828197e-02
-4.946683e-02
-3.396964e-02
-2.339274e-02
-2.766186e-02
-3.514288e-03
-6.533275e-03
-3.613447e-02
1.606936e-02
-4.911353e-02
-3.122493e-02
2.367697e-02
-5.518874e-02
-3.045527e-02
2.459467e-03
-1.371774e-02
3.064563e-03
9.932496e-03
-4.000486e-02
-3.201096e-02
9.226144e-03
4.204828e-03
1.363680e-02
2.007483e-02
2.368755e-02
1.442457e-02
2.662811e-02
4.513477e-03
-4.577928e-02
-2.711716e-02
-2.452731e-02
-4.177504e-02
-3.170234e-02
-2.202606e-02
-2.841358e-02
-1.559427e-02
6.129519e-02
4.415645e-02
2.609647e-02
-3.122263e-02
-4.305765e-02
-2.625658e-02
7.361832e-02
-5.292192e-02
3.624382e-02
2.522893e-02
-1.097040e-01
-1.747134e-02
6.168483e-02
-7.114524e-02
1.971342e-02
1.553464e-02
-4.318150e-03
1.735451e-02
-2.379157e-02
-4.917637e-02
-3.196878e-02
-2.177491e-02
-2.906552e-02
-3.508042e-03
1.937111e-02
5.248957e-02
1.655122e-02
-4.858652e-02
-1.198626e-02
-8.486022e-03
-3.011432e-02
1.409319e-02
2.278955e-02
-4.388395e-02
-3.887929e-02
-2.899786e-02
4.206178e-02
9.160358e-02
7.255951e-02
-1.590969e-02
-3.109536e-02
-4.793078e-02
1.041405e-02
7.135319e-04
6.064322e-03
3.176409e-02
5.706014e-02
3.033157e-02
6.927881e-03
4.198891e-02
2.400327e-02
1.016139e-02
-7.459347e-03
2.326457e-02
-4.981262e-02
-9.419145e-02
-3.947985e-02
-2.324484e-02
-5.794543e-02
6.058484e-03
2.515718e-02
4.055563e-02
1.275629e-02
-3.885725e-02
-6.571327e-02
-6.516922e-02
2.838496e-02
4.056990e-03
1.122005e-02
-8.328725e-03
1.308728e-02
-3.401703e-02
8.757554e-03
2.835392e-02
-1.192371e-02
2.054285e-02
2.217321e-02
-2.135967e-02
1.003914e-02
-2.726544e-02
-2.650526e-02
-2.002550e-02
-4.578576e-02
-1.127307e-02
-2.560450e-02
-4.462635e-02
-5.850278e-03
-2.316860e-02
-4.995430e-02
-7.647036e-03
-4.603688e-02
-4.694281e-02
7.812557e-04
9.760323e-03
2.246097e-02
-6.305936e-03
1.716807e-02
8.306997e-03
-4.595081e-03
-4.842738e-03
-1.741339e-03
-9.905364e-03
-3.236354e-02
1.753714e-02
-2.107451e-02
6.932715e-04
3.723103e-02
1.521726e-02
5.325975e-03
5.687665e-02
-2.489331e-03
7.408115e-05
1.737904e-02
-4.139053e-03
2.795006e-02
1.203692e-02
2.581151e-02
-3.012187e-02
5.119897e-02
1.867871e-02
4.159558e-02
1.556222e-02
6.503209e-02
-1.331566e-02
2.060335e-02
5.202012e-04
1.179870e-02
3.801277e-03
3.302338e-02
-6.424024e-03
2.467522e-02
2.143657e-02
-2.989940e-02
1.573643e-02
7.452481e-04
-7.288005e-03
5.569908e-03
3.719479e-03
1.381259e-02
4.640286e-02
-6.355239e-02
3.145407e-03
1.164928e-02
2.870115e-03
-1.160509e-02
-8.696390e-03
-3.482981e-03
2.626481e-04
3.566246e-03
-3.668740e-03
2.243480e-02
2.937953e-02
2.920581e-02
1.541123e-02
2.252806e-02
2.207852e-02
3.288691e-02
4.288176e-02
4.151320e-02
-4.194451e-03
-1.149952e-03
-1.208276e-02
4.635059e-03
9.921494e-03
-7.663425e-03
1.996427e-02
-1.272016e-02
4.930099e-03
-3.867833e-03
-6.941190e-03
2.713254e-03
3.733776e-03
9.557937e-03
-1.856767e-02
6.467974e-03
1.823182e-02
-1.474892e-02
-3.521831e-03
-2.100513e-02
7.230141e-03
-8.512232e-03
-1.833850e-02
-3.776251e-02
-2.029560e-02
-7.800780e-03
-6.209508e-03
1.037968e-02
-1.896615e-03
2.870227e-02
1.861341e-02
1.841973e-02
3.419841e-02
2.512845e-02
4.435541e-02
9.254390e-03
2.735517e-03
3.433374e-02
2.221193e-04
1.569062e-02
1.457883e-03
3.434913e-02
-2.497252e-02
4.428154e-02
3.588262e-02
3.754312e-03
6.132220e-03
2.042999e-02
2.088088e-02
2.850981e-02
-1.582172e-02
1.699046e-02
-5.031499e-02
-7.437475e-04
-1.169461e-02
-1.678833e-02
7.196409e-03
-1.237935e-02
-2.379150e-02
2.180880e-02
-2.811339e-02
1.937413e-02
1.643959e-02
-2.013792e-02
1.647224e-02
1.163720e-02
2.815190e-02
2.609079e-02
-9.410740e-02
9.335866e-03
-2.838365e-02
8.424263e-03
3.474056e-02
3.762742e-02
-2.816075e-03
4.107284e-02
3.040738e-02
-2.693471e-03
4.257333e-02
3.998467e-02
1.641537e-02
3.947268e-02
2.341720e-02
2.111557e-03
1.817434e-02
-6.403020e-03
-1.975752e-02
2.104710e-02
1.552845e-03
-4.836146e-03
1.756811e-02
6.548284e-04
-1.351912e-02
9.289501e-03
7.413498e-03
-3.420363e-02
-6.031523e-03
-1.543995e-02
-1.591958e-02
-4.704677e-03
1.837204e-02
2.418559e-02
-1.092551e-02
-1.248857e-02
3.072994e-02
-2.357232e-03
-2.223060e-02
1.967658e-04
3.626535e-02
2.670413e-02
4.374684e-02
3.125299e-02
3.713591e-02
5.772918e-02
8.974098e-03
2.588657e-02
4.496882e-02
-1.933588e-02
-7.861298e-03
-1.590199e-02
1.188234e-03
3.321373e-02
8.433279e-03
1.640802e-02
1.421840e-02
5.079693e-03
5.607955e-03
-4.877175e-02
1.486995e-02
4.150837e-03
-4.638453e-02
2.091893e-04
-5.282044e-03
-5.030664e-02
-1.523985e-03
-2.172619e-02
-3.091509e-02
-4.077199e-02
-3.182643e-02
-3.839858e-02
-4.864318e-02
-4.133306e-02
-4.891436e-02
-5.783549e-02
-1.852232e-02
-2.305876e-02
-2.946640e-02
-2.700790e-02
-3.121880e-02
-3.478031e-02
-2.929349e-02
-2.848481e-02
-2.476725e-02
-2.005001e-03
3.999344e-03
-1.294443e-02
1.037544e-02
1.281015e-02
-2.687030e-02
4.703664e-03
1.846106e-03
-2.756216e-02
3.203325e-02
-1.518370e-02
8.254740e-03
1.080756e-02
-2.995661e-02
-3.448385e-02
7.034641e-03
-3.425715e-02
-2.779531e-02
-3.429420e-02
-5.171057e-02
-4.103516e-02
-4.251717e-02
-6.354184e-02
-4.338417e-02
-4.787588e-02
-6.038972e-02
-5.022851e-02
6.369481e-03
7.715004e-03
-1.502212e-03
-6.143511e-04
-1.036385e-02
-5.070458e-03
-4.675390e-03
-1.128048e-02
-1.786656e-02
3.319459e-02
-3.930580e-03
2.467964e-02
4.206119e-02
2.857238e-03
1.955257e-02
3.364537e-02
2.675900e-03
-6.337856e-03
3.763934e-02
4.125935e-02
3.488771e-02
3.395809e-02
3.121221e-02
3.751139e-02
1.137099e-02
2.473080e-02
3.355432e-02
3.187132e-02
-1.039528e-03
-3.598871e-03
1.219092e-02
1.152388e-02
-1.298567e-02
-4.666457e-03
-3.675226e-03
-1.526502e-02
1.583168e-02
1.877871e-02
1.604056e-02
1.879510e-02
3.493057e-02
3.952942e-02
8.714401e-03
2.403666e-02
2.005021e-02
-1.589347e-02
-4.093348e-03
1.182907e-02
-4.495792e-03
-6.686016e-03
-5.953658e-03
1.943187e-02
1.068700e-02
4.702606e-03
-4.096324e-03
-1.224808e-02
3.984759e-04
4.957253e-03
-1.768219e-02
2.201676e-02
-1.432644e-02
-9.312678e-03
-4.266158e-03
-1.817938e-03
1.764871e-03
2.002503e-02
-4.455969e-03
-1.151758e-02
1.112440e-02
-8.048902e-03
-8.586199e-03
1.021551e-02
-1.995469e-02
6.712134e-03
-1.320667e-02
-3.501445e-02
9.312277e-03
-1.207409e-02
-3.158386e-02
-1.769135e-03
-6.532095e-03
-1.819100e-02
-2.227664e-02
-3.007200e-02
-1.031441e-02
-1.221672e-02
-3.458133e-02
-1.494119e-02
-1.890775e-02
-3.633831e-02
-3.114581e-02
1.195085e-02
-1.283283e-02
-2.132516e-02
1.809269e-02
-9.896463e-03
-1.082747e-02
2.312650e-02
-8.103949e-03
-5.646008e-02
-4.350643e-02
-5.203621e-02
-3.986267e-02
-2.315656e-02
-3.254097e-02
-5.068467e-02
-3.640693e-02
-4.450213e-02
-5.369859e-03
-1.531403e-03
1.706755e-02
-1.450273e-02
-6.511546e-03
1.162853e-02
-2.008323e-02
-7.586588e-03
6.348620e-03
1.297269e-03
1.006532e-02
-1.063831e-02
2.425855e-02
2.699617e-02
2.141655e-02
3.732000e-03
2.188649e-02
1.682234e-02
6.714615e-03
3.184509e-02
9.507338e-03
-3.785938e-02
-1.222984e-02
-6.387293e-03
-3.737490e-02
-2.696695e-02
-1.910388e-02
-1.739517e-02
-2.116904e-02
-9.656787e-03
-2.612000e-02
-3.257058e-02
-1.527820e-02
-2.206795e-02
-3.329864e-02
-1.860002e-02
-1.013238e-02
-1.364676e-02
1.066393e-02
-5.066582e-03
2.980411e-03
1.398296e-02
-8.667907e-03
-9.756886e-03
7.841887e-03
8.493622e-03
1.121844e-02
-2.097893e-03
5.129534e-03
-1.323854e-02
-4.072979e-02
1.168708e-02
-1.666346e-02
-4.884949e-02
-4.029997e-03
2.759393e-02
1.997194e-02
-2.621543e-02
1.284693e-02
7.444700e-03
-2.380460e-02
1.611747e-02
1.126802e-02
3.285411e-02
3.918701e-02
4.794736e-02
3.359212e-02
2.209857e-02
5.595535e-02
1.337095e-03
-3.134273e-03
1.956882e-02
-2.187014e-02
4.831374e-03
-9.345856e-03
6.181476e-03
1.536725e-02
-1.159909e-02
3.519361e-02
2.757323e-02
2.528714e-02
-3.099601e-02
-2.819335e-03
7.696463e-04
-7.820070e-03
-4.589889e-03
-2.106157e-02
-2.648197e-02
-3.786172e-02
-3.625126e-02
7.702530e-03
5.420746e-02
4.100447e-02
4.011175e-02
1.034935e-01
2.707134e-02
6.564831e-03
8.727345e-03
-1.393550e-02
1.030942e-02
-2.881045e-02
-2.257521e-04
5.879120e-04
-5.357428e-02
-6.839122e-03
-9.515592e-03
-1.947677e-02
-1.824932e-03
-3.532232e-02
1.882962e-02
-2.193727e-02
4.109718e-02
1.302075e-02
4.943625e-03
1.284929e-02
-3.491683e-03
-4.043627e-02
2.541766e-02
-2.442320e-02
-3.602356e-02
-1.815684e-02
-6.442567e-02
-5.483162e-02
-3.046375e-02
-1.212921e-02
9.367422e-03
7.016929e-03
-5.232800e-03
-9.068929e-03
-1.350999e-02
8.490228e-03
1.548475e-02
8.056346e-03
-2.139330e-03
-2.097240e-03
-4.420162e-02
-5.129446e-02
-6.780259e-02
-4.948687e-02
-5.120780e-02
-6.937467e-02
-5.200751e-02
-5.661562e-02
-7.111256e-02
-3.257953e-02
-4.271403e-02
-3.467202e-02
-2.332424e-02
-4.446322e-02
-3.556914e-02
-1.458156e-02
-3.355504e-02
-2.348008e-02
2.646306e-03
2.876832e-02
-2.889572e-02
5.417443e-02
2.683903e-02
-3.157140e-02
3.703605e-02
1.022497e-02
-1.269730e-02
-6.491836e-03
-3.225223e-03
-1.122270e-02
-8.305627e-03
-6.959473e-03
3.820517e-02
2.399193e-02
1.777766e-02
6.286177e-03
2.350719e-02
1.742244e-02
-2.516300e-02
2.025178e-02
2.133910e-04
1.758863e-03
2.412392e-02
-1.409837e-04
-3.400501e-03
-2.032008e-02
1.745675e-02
6.044811e-02
2.516279e-02
7.384692e-02
6.704449e-02
2.995118e-02
3.327575e-02
-1.754930e-03
1.930836e-02
2.705413e-02
-1.622550e-02
-5.194247e-03
-3.306129e-03
-2.801295e-03
-3.480363e-02
4.404985e-03
4.702309e-03
-3.759552e-03
3.949135e-02
4.951212e-02
6.092083e-03
1.257182e-02
3.258592e-02
6.655468e-03
1.839428e-02
1.650969e-02
-4.111330e-04
2.646444e-04
1.474108e-02
-1.289898e-02
4.176839e-02
8.386794e-02
-1.403422e-03
6.680907e-02
4.971274e-02
-9.434674e-03
-2.187282e-02
-1.605470e-02
5.685492e-03
6.489063e-03
7.589599e-03
6.534494e-03
1.552037e-02
2.001832e-02
1.469472e-02
1.770008e-02
1.317894e-02
3.025588e-02
3.734155e-02
2.435830e-02
2.901397e-02
1.801591e-02
8.924332e-03
-1.236041e-03
-1.367996e-02
-2.498909e-03
-2.416398e-02
-3.273134e-02
-1.731336e-02
-1.296296e-02
-2.753691e-02
-1.066669e-02
-1.588325e-02
-2.975065e-02
-3.366094e-02
-2.315263e-02
-2.219432e-02
-2.599923e-02
-1.958521e-02
-2.243480e-02
-2.181565e-02
-1.955686e-02
-1.877023e-02
-1.078451e-02
-1.905576e-02
-2.102839e-02
-1.344833e-02
-8.497064e-03
-9.197298e-03
-1.206222e-02
-4.290070e-03
-9.161967e-03
-2.302771e-02
-1.203193e-02
-2.847619e-02
-2.599070e-02
-1.299710e-02
-1.799844e-02
-4.816364e-03
-2.343516e-02
3.519145e-02
9.053913e-03
1.245970e-02
3.571690e-02
1.361240e-02
1.893505e-02
2.313911e-03
-1.230610e-03
-8.840713e-04
-5.290899e-03
-4.477864e-03
6.317871e-03
-1.480390e-03
6.366683e-04
-6.196226e-03
-1.239028e-02
-1.142880e-02
7.852525e-04
-1.069195e-02
-3.028635e-03
-6.992786e-03
-4.943288e-03
5.284125e-03
-5.547129e-03
-5.338219e-03
2.031544e-03
8.422377e-04
-7.194643e-03
-4.328149e-04
-2.564928e-03
6.186720e-03
1.134338e-02
1.195122e-02
1.062425e-02
6.638546e-03
4.228545e-02
6.392812e-02
4.460369e-02
4.462086e-02
6.293733e-02
6.125687e-02
2.431468e-02
3.956415e-02
4.375400e-02
-1.932308e-02
-3.134251e-02
-2.504981e-02
-1.520899e-02
-2.098368e-02
-1.868319e-02
1.425320e-03
-1.030618e-02
-1.743629e-02
-1.056115e-03
-1.217224e-02
6.217988e-03
-8.628478e-03
-7.464563e-03
-2.459341e-03
-5.163237e-03
-6.368135e-03
-4.156225e-04
-2.030703e-03
-1.223018e-02
9.082094e-05
-6.978633e-04
-1.179634e-02
-4.715003e-03
-1.444760e-02
-1.884241e-02
-6.249967e-03
-1.547559e-03
3.930584e-03
8.690313e-03
1.039490e-02
5.053801e-03
7.983182e-03
1.384379e-02
1.047553e-02
-9.014620e-05
8.152068e-03
-6.741074e-03
3.387240e-03
-1.476157e-02
-2.837897e-03
5.656101e-04
-3.169096e-03
1.512403e-03
1.733113e-04
4.921631e-02
7.746384e-03
3.683650e-02
6.768208e-02
1.893824e-02
7.863368e-02
6.767318e-02
3.744822e-02
8.033650e-02
-1.706875e-02
-1.532186e-02
-1.452113e-02
-2.531323e-02
-4.841654e-03
-4.027999e-03
7.418682e-03
2.865577e-02
2.659635e-02
1.627653e-02
-3.042060e-02
-3.735837e-02
4.523917e-02
-2.719581e-02
-1.909088e-02
2.599141e-02
-3.683031e-03
1.762881e-02
-6.057085e-03
1.825211e-03
-3.825308e-03
-1.966282e-03
1.047430e-02
-5.074898e-03
5.677204e-03
-2.875533e-03
-1.362852e-02
-2.022021e-02
5.458648e-03
-3.465730e-02
-2.601050e-02
6.857785e-03
-1.002213e-02
-2.775824e-02
-1.247596e-03
-2.967088e-04
2.928555e-02
3.704308e-03
1.753595e-02
3.438922e-02
8.223047e-03
2.117054e-02
4.850451e-02
3.392912e-02
-1.067974e-02
-2.013655e-02
1.398548e-04
-1.028046e-02
-1.036175e-02
9.575217e-03
4.212121e-03
-2.175593e-02
3.408922e-03
-8.728690e-03
-6.223271e-02
-6.332967e-02
-5.323190e-02
-3.651859e-02
-3.453797e-02
-2.506907e-02
-3.828415e-02
-3.544711e-02
-2.659898e-02
3.171987e-03
2.661655e-02
5.048270e-02
9.561874e-03
3.022586e-02
6.546560e-02
1.227369e-02
3.733003e-02
6.296945e-02
1.706319e-02
-2.464153e-02
3.873072e-03
2.522511e-02
-2.710541e-02
2.371566e-02
2.354261e-02
3.609501e-03
3.359591e-02
2.418969e-02
4.657463e-02
3.956926e-02
3.292454e-02
3.482047e-02
1.445931e-02
1.625177e-02
1.980817e-02
-8.717347e-03
-3.606576e-03
-4.068308e-02
-1.730479e-02
4.922755e-02
4.931737e-02
4.175215e-02
1.377833e-02
4.193766e-02
3.027833e-02
-2.471316e-02
-1.935318e-02
-7.108830e-03
-3.667143e-02
-2.186191e-02
-1.576300e-02
-1.908016e-02
-2.123361e-02
-2.017802e-02
6.206890e-03
8.666148e-03
1.407617e-04
-3.909592e-03
1.696763e-04
-1.600570e-03
8.142498e-03
7.038790e-04
2.886457e-04
3.764562e-03
2.423548e-02
8.700531e-03
-1.197865e-02
1.694533e-02
1.198964e-02
-1.525449e-02
3.530239e-03
1.243450e-02
-5.718874e-03
1.878101e-02
4.568031e-03
3.177050e-02
5.211176e-02
5.836717e-02
2.102640e-02
3.983735e-02
5.836474e-02
-1.608304e-02
-2.625980e-03
-1.306668e-02
-2.271058e-03
3.439857e-03
-9.705745e-03
2.503435e-03
-1.185152e-03
-2.269573e-03
1.806003e-02
1.997141e-02
2.573107e-02
-5.086088e-03
-1.037258e-02
-5.816222e-03
9.428345e-04
-1.868146e-02
-2.133470e-02
1.579870e-03
4.515556e-03
1.435311e-03
1.238629e-02
1.919483e-02
4.409997e-03
6.164322e-03
2.137325e-02
2.222644e-02
-1.255332e-02
-2.602080e-02
-1.565938e-03
-2.531215e-02
-1.594891e-02
6.052215e-03
-1.962971e-02
-1.175371e-02
1.481465e-02
1.070810e-02
4.943230e-03
9.360123e-03
1.057633e-02
7.623384e-03
1.606542e-02
-3.214023e-03
2.050093e-03
8.678765e-03
-1.652444e-02
-2.125435e-02
-1.164574e-02
-2.463601e-02
-1.722842e-02
-2.594901e-04
-9.168241e-03
-1.987210e-02
1.041276e-03
1.218965e-02
2.455016e-02
1.476947e-02
1.579328e-02
2.326475e-02
7.229250e-03
7.533277e-04
8.858223e-03
1.706987e-03
3.364444e-02
1.746141e-02
1.056415e-02
1.469877e-02
-4.289071e-03
-1.032617e-02
1.658374e-02
-2.248309e-03
-8.623501e-03
2.867410e-02
1.064560e-02
-1.648890e-03
2.152732e-02
2.778397e-03
-8.631026e-03
8.600084e-03
-1.714699e-03
-1.031208e-02
-2.657186e-03
-6.550791e-05
-7.207945e-03
-1.927518e-03
6.541824e-05
-5.513208e-03
1.020128e-02
5.901253e-03
6.033979e-03
1.140301e-02
6.896438e-03
2.352663e-03
3.253752e-03
6.958378e-03
9.193894e-03
3.341187e-03
1.481259e-03
6.840181e-03
-1.746924e-02
-1.366993e-02
-1.919025e-02
-1.510850e-02
-2.034129e-02
-1.241000e-02
-2.071655e-02
-3.382591e-02
-2.205238e-02
3.876191e-03
7.009770e-03
5.715302e-03
-1.226232e-03
-4.378033e-03
-2.279846e-03
-3.605461e-03
2.753488e-03
8.443255e-03
3.348696e-04
6.642959e-03
2.008358e-02
-8.276916e-03
-4.376583e-03
1.671963e-02
-1.851049e-02
4.146757e-04
1.935471e-02
-1.073977e-03
-1.170414e-02
-1.565244e-02
1.329695e-02
1.281579e-03
-1.847740e-03
8.033256e-03
3.640804e-03
3.675740e-04
5.877060e-03
-8.459221e-03
-1.142295e-02
9.328474e-03
-2.983557e-03
-2.266804e-02
2.318713e-02
1.327871e-02
-1.277289e-02
4.565654e-03
-2.341107e-03
1.356064e-03
1.144509e-02
8.798113e-03
1.562673e-02
-1.319162e-02
1.429535e-02
7.356682e-03
-4.369136e-02
-5.179467e-03
4.030512e-04
-4.290176e-03
2.078028e-02
1.015370e-02
-5.890090e-04
2.627064e-02
1.122708e-02
2.777174e-02
1.842238e-02
-4.555527e-03
5.177921e-02
5.070227e-02
3.178100e-02
-3.144228e-02
6.110800e-02
4.528915e-02
-9.045559e-02
-2.108750e-02
1.358220e-02
-2.470173e-02
-9.702768e-03
-5.118672e-02
1.815550e-02
4.516893e-03
-8.536329e-02
3.509128e-02
5.069228e-02
1.930554e-03
1.428654e-02
4.701046e-02
-4.607515e-02
3.179653e-02
2.180611e-03
-5.045640e-02
-5.327350e-02
4.690756e-03
5.171053e-02
-4.884776e-02
5.307162e-02
2.787635e-02
1.015323e-02
4.833495e-03
-5.335704e-02
1.140770e-02
-2.635053e-03
1.009851e-02
2.192933e-02
4.728335e-03
1.069774e-03
1.676818e-02
1.173974e-02
1.288904e-02
1.441121e-02
-1.888810e-02
2.554019e-02
-9.256731e-03
-4.083541e-02
3.241205e-03
2.016661e-02
-1.314557e-02
3.136592e-02
2.721512e-02
-2.483286e-02
1.577743e-02
1.297838e-02
-3.107676e-02
9.437174e-03
1.818708e-02
-1.067971e-02
3.101929e-02
-3.834108e-04
-3.049625e-02
-4.117646e-02
2.876438e-02
3.516816e-02
-1.697237e-02
1.302417e-02
2.988098e-02
9.100351e-03
-6.228907e-04
8.039494e-02
2.138069e-02
-2.080464e-02
3.479544e-02
-6.313903e-03
-3.610762e-02
-6.995479e-03
-1.678178e-02
-3.772499e-02
-3.414086e-02
-2.205073e-02
8.126852e-03
-4.742276e-03
6.272310e-04
3.342446e-02
1.938096e-03
-7.863737e-03
2.205492e-02
-8.440911e-03
-2.370310e-02
-3.945892e-02
2.367525e-02
5.353074e-03
-5.123696e-02
-9.163036e-03
1.598947e-02
-3.517759e-02
1.900879e-02
3.922422e-03
-3.661891e-02
-1.573508e-02
-3.169666e-04
-1.851126e-02
-3.274104e-02
9.713220e-03
-1.690940e-02
-9.922534e-04
-1.341864e-03
-4.332630e-02
-1.955678e-02
-6.440320e-03
-5.494259e-02
-3.609680e-02
-7.313539e-03
6.136753e-02
-2.584646e-02
-7.649810e-02
4.480998e-03
-5.197503e-02
-4.647643e-02
-4.251939e-02
-2.286142e-02
1.445115e-02
-8.731226e-03
-1.265373e-02
4.988160e-03
-1.530968e-02
-2.785685e-02
-4.010084e-03
-7.157424e-03
-2.084699e-02
-2.408841e-03
-2.131806e-02
-2.781649e-03
8.038200e-03
-1.578347e-02
2.172283e-02
3.755134e-02
-2.379532e-02
2.147480e-02
2.098700e-02
-2.693696e-03
8.549050e-03
8.652893e-03
-8.868127e-03
3.192818e-02
4.430887e-02
-6.843038e-04
3.132809e-02
2.385430e-02
-2.386958e-02
-9.486831e-03
4.060056e-03
-2.026696e-02
-1.394314e-02
-1.379777e-02
-2.267992e-02
-1.652231e-02
-2.847222e-02
3.804565e-02
1.078619e-02
1.284960e-02
2.744195e-02
1.543356e-02
3.016529e-02
2.652344e-02
3.512580e-02
3.521016e-02
-3.828377e-03
4.582990e-03
2.147159e-02
4.253045e-02
2.435375e-02
2.680124e-02
5.309780e-02
3.583958e-02
2.854393e-02
1.014404e-01
7.189316e-02
6.946345e-02
1.034542e-01
6.418340e-02
8.952018e-02
9.393246e-02
9.174541e-02
7.935929e-02
-1.978732e-02
8.798419e-03
-3.444300e-02
1.516748e-02
4.584182e-02
3.181481e-03
-3.742417e-02
-7.638663e-03
-5.069621e-02
-9.984788e-03
-3.461622e-03
-2.036981e-02
-1.278250e-02
-2.450108e-03
-1.130185e-02
-1.820349e-02
-1.066540e-02
-1.869261e-02
-2.844594e-02
-9.856432e-03
4.808663e-03
-2.115283e-02
-8.097202e-04
1.147370e-02
-8.781070e-04
1.830695e-02
1.985118e-02
-2.141353e-02
-2.036431e-02
1.630178e-03
-2.402024e-02
-2.579467e-02
-7.031615e-03
-2.754002e-02
-2.888405e-02
-1.359059e-02
-1.750813e-02
-2.669208e-02
-1.829861e-02
-2.792411e-03
-7.024184e-03
-7.681853e-03
9.993084e-03
8.031012e-03
2.401281e-03
5.602502e-03
3.604762e-03
-1.343819e-02
-1.578682e-02
-1.522699e-02
-1.080069e-02
-6.966525e-03
9.437087e-03
5.228930e-03
2.959211e-02
3.838607e-02
2.205671e-02
2.257726e-02
3.167725e-02
1.416352e-02
2.156791e-02
2.494870e-02
2.380689e-02
2.406401e-02
1.335704e-03
2.059259e-02
5.815043e-03
-6.463856e-04
2.311422e-02
1.900583e-02
2.168004e-02
2.733176e-02
-4.272066e-03
-8.958093e-04
-1.697985e-03
7.973964e-04
-5.770505e-03
-7.254060e-03
-2.707811e-02
-1.698506e-02
1.199444e-02
9.517379e-03
-2.396183e-02
-1.150452e-02
1.160981e-03
-2.643104e-02
-2.477400e-02
1.131838e-03
-1.719697e-02
-1.463905e-02
1.375857e-02
1.001619e-02
1.164613e-02
-1.354192e-02
-1.895369e-03
3.788457e-03
1.761881e-03
-9.648028e-05
-4.496477e-03
-3.114808e-02
-3.371558e-02
-1.510923e-02
-5.528995e-02
-7.829026e-02
-5.569880e-02
-1.085463e-02
-5.252495e-02
-7.052818e-02
-1.113892e-02
2.849830e-02
3.714951e-02
-4.627240e-05
2.932880e-02
4.309251e-02
1.581497e-02
3.548436e-02
2.773323e-02
-5.152974e-03
-6.011713e-03
-8.466734e-03
-3.186776e-02
-2.166143e-02
-4.282193e-02
-3.175040e-02
-3.489856e-02
-4.705292e-02
-1.263228e-02
-6.350751e-03
-2.465421e-02
-2.593474e-02
-2.982846e-02
-5.377016e-04
-2.930639e-02
-1.491757e-02
-6.888248e-03
-2.608193e-03
1.792905e-03
-1.633663e-02
7.517960e-03
7.172729e-03
-9.908086e-03
-8.208835e-03
-1.797749e-02
-1.831050e-02
3.114769e-03
-2.045448e-02
-8.950634e-03
-1.540176e-02
-3.787062e-02
-2.755338e-02
-1.978168e-02
-4.459281e-02
-3.270980e-02
2.075467e-02
1.799923e-02
-4.012616e-04
2.058832e-02
2.286021e-03
-1.007960e-02
1.669793e-02
2.841805e-03
-2.998607e-03
-1.238227e-02
-6.845308e-03
-8.305755e-03
1.436738e-02
1.551540e-02
4.419958e-03
2.484096e-02
2.678100e-02
3.320727e-02
3.760575e-02
5.104468e-02
4.578856e-02
3.840738e-02
5.780249e-02
6.834295e-02
1.227638e-02
4.855913e-02
4.367700e-02
-1.050787e-02
-5.278074e-03
1.281134e-02
-8.249293e-04
-2.512990e-03
7.818479e-04
-1.403621e-02
-4.868077e-03
3.413328e-03
-2.189265e-02
-1.037993e-02
8.321920e-03
-4.565184e-03
-2.625657e-03
-5.184175e-03
1.291593e-03
-1.106950e-02
2.603596e-03
2.693952e-02
1.631907e-02
-6.172768e-03
3.062246e-02
1.868227e-02
-6.635680e-03
1.045857e-02
7.208068e-03
-1.488261e-02
1.136227e-02
1.954998e-02
2.803063e-02
-3.132697e-04
2.527082e-02
4.023273e-03
6.969666e-03
1.708330e-03
-1.350253e-02
1.812569e-02
2.268508e-02
1.392504e-02
3.904284e-03
2.081424e-02
1.952917e-02
4.988412e-03
-1.231071e-03
-3.310102e-04
-1.562957e-02
-1.038579e-02
-9.134620e-03
-4.717749e-03
-2.939146e-03
-1.664295e-02
-2.718977e-02
-1.661552e-02
-2.329653e-02
3.487968e-03
7.887681e-03
3.024176e-02
2.466648e-02
5.979740e-03
1.513049e-02
-2.418224e-03
1.994475e-03
2.248996e-03
-4.530264e-03
-1.295689e-02
5.928122e-05
-9.610483e-03
-1.083220e-02
-3.203302e-03
-9.044694e-03
-3.139884e-02
-7.013387e-03
-2.220254e-03
2.763875e-02
1.458986e-02
1.063876e-02
1.845320e-02
2.067788e-02
1.844488e-02
4.298534e-02
2.848612e-02
-2.796999e-02
-2.647480e-02
-1.879180e-02
-2.331541e-02
-2.475091e-02
-2.598714e-02
-1.109891e-03
-1.345511e-02
-1.347987e-02
-1.019216e-02
5.413128e-03
8.482968e-03
1.871097e-02
2.808749e-02
2.965713e-02
1.616300e-02
1.900651e-03
8.374179e-03
2.999123e-03
-3.540692e-03
-3.482415e-03
7.309210e-04
-8.201953e-03
-1.630062e-02
-7.792825e-04
-1.053327e-02
-2.443544e-02
1.006043e-02
-4.363608e-02
-4.434842e-02
-2.122974e-02
-8.247553e-02
-8.260110e-02
-6.503229e-04
-6.127103e-02
-6.314781e-02
-1.185589e-02
-2.553719e-03
-1.066561e-02
-2.450339e-02
-1.151708e-02
-8.959978e-03
-2.357049e-02
-1.386657e-02
-9.953694e-03
-8.844559e-04
6.953285e-03
2.166440e-02
-7.489359e-03
-2.869849e-03
1.905659e-02
-1.967143e-02
-1.660383e-02
3.940426e-03
-1.754481e-04
-4.189967e-03
-2.309006e-02
6.216676e-03
1.847583e-02
-7.091716e-03
-1.219584e-02
-5.921319e-03
1.486312e-02
-3.297657e-03
5.799523e-03
8.106682e-03
-7.479917e-04
-3.689236e-03
2.293366e-03
-3.740721e-03
1.362993e-02
1.339276e-02
2.380237e-02
2.635429e-02
2.655268e-02
-2.954601e-04
1.651325e-02
2.712274e-02
1.839466e-03
1.076101e-02
3.342885e-02
1.801688e-03
-9.707818e-03
1.105217e-03
-1.244247e-02
-1.034198e-03
-2.313630e-03
-2.727137e-02
-7.889535e-03
-3.091035e-03
-3.150175e-03
1.195433e-02
-3.798612e-04
1.641383e-02
2.509881e-02
1.862697e-02
8.729563e-03
1.295759e-02
1.744960e-02
1.393755e-02
8.788534e-03
-4.497263e-03
6.276866e-03
1.142720e-02
1.049583e-03
1.080778e-02
1.842905e-02
-1.059796e-03
4.170363e-02
1.376187e-02
-2.297528e-02
-1.413858e-02
2.006244e-02
-4.618419e-02
7.175132e-03
3.959679e-02
1.749119e-02
2.675313e-02
2.667205e-03
-7.272463e-03
-6.072192e-03
-2.212852e-02
-1.583719e-02
-2.697074e-02
-2.698930e-02
-6.873468e-03
-3.563093e-02
-3.827097e-02
-2.023864e-03
-5.237580e-02
-7.387797e-02
-2.267077e-02
-3.410894e-03
-5.074058e-02
-4.992675e-02
1.382357e-02
5.491719e-02
2.229245e-04
1.137110e-01
2.186290e-02
6.227779e-03
6.796055e-02
7.872445e-02
6.731341e-04
-2.288813e-02
4.499474e-02
-1.365981e-02
-1.077805e-02
1.046644e-02
-3.329629e-02
-1.792516e-02
-3.146306e-02
-6.128300e-02
7.622452e-02
9.413719e-02
-9.270673e-03
1.263078e-01
1.124269e-01
8.833306e-02
-2.596963e-02
1.209742e-01
6.088797e-02
2.618337e-02
-6.009042e-04
9.061199e-03
-3.362318e-03
1.394703e-03
1.228967e-02
6.589743e-03
9.258212e-03
-6.335446e-04
-4.874974e-02
-5.921794e-02
-3.883248e-02
-6.441968e-02
-7.301927e-02
-5.525714e-02
-2.819017e-02
-3.968951e-02
-1.971925e-02
-3.733279e-02
-5.382640e-02
-6.179837e-03
-1.630280e-02
-4.454831e-02
-4.361910e-04
2.398642e-03
-2.310108e-03
9.686326e-03
1.467468e-02
2.182887e-02
-3.404754e-03
-2.090324e-02
1.305372e-02
-3.588089e-03
-3.586409e-02
4.709751e-03
1.863153e-02
-1.635148e-02
4.908984e-02
5.070908e-03
-1.986377e-03
-1.359604e-02
-2.405601e-02
1.894481e-02
-2.347899e-02
-3.049868e-02
-2.208032e-02
3.221239e-02
2.276673e-02
-1.565437e-02
3.668791e-02
4.933345e-02
-2.021012e-02
-1.870945e-02
3.811231e-02
-2.443014e-03
-3.027443e-02
-2.154213e-02
-2.124074e-02
-2.607055e-02
-7.162461e-04
1.358341e-03
-1.410475e-02
-1.840150e-02
-2.733713e-02
-4.237122e-03
-2.798638e-02
1.541247e-02
2.472420e-03
-6.308394e-03
-2.466718e-02
2.257908e-02
-4.206194e-02
6.973731e-03
1.029121e-02
3.727353e-02
-8.472969e-03
-8.072687e-04
1.307336e-02
4.527028e-03
-5.348161e-03
7.759485e-03
-4.356834e-02
-3.130753e-02
7.331551e-03
-4.222261e-02
-7.946914e-02
-1.541345e-02
-1.212763e-02
-4.046487e-02
-1.366235e-02
3.944885e-03
1.233501e-02
-6.768368e-03
1.673253e-02
1.577929e-02
8.728062e-03
1.960350e-02
1.077875e-02
1.236992e-02
2.918060e-02
3.167373e-02
2.140509e-02
3.978381e-04
-1.907600e-02
-1.254825e-02
1.201251e-02
-2.620653e-03
-9.566008e-03
-3.481852e-02
-1.588792e-02
-8.742453e-03
-8.372830e-03
-3.142371e-02
3.904667e-03
-1.748358e-03
1.185221e-02
8.684492e-03
1.803302e-02
4.230237e-03
-2.549739e-02
1.208349e-02
1.738481e-02
-8.960828e-03
2.892754e-03
7.551449e-03
-6.190849e-04
-1.636291e-02
-1.247027e-03
-1.651461e-02
-1.224017e-02
-5.796589e-03
1.044601e-03
8.839011e-03
1.162279e-02
2.092341e-02
-2.217913e-02
-1.644311e-03
-1.144937e-02
-1.320198e-02
-2.555944e-02
-4.785945e-03
-1.940639e-02
-4.827801e-03
-1.241333e-02
-1.018063e-02
-4.731971e-03
1.018750e-03
1.228919e-02
6.248164e-03
2.255244e-03
-1.246723e-02
-1.337479e-02
-2.032684e-02
-2.003856e-02
-4.469756e-02
-3.686845e-02
-2.797206e-02
-5.047579e-02
-4.253389e-02
-8.840257e-03
-3.046111e-02
-2.259912e-02
-2.319050e-02
-2.852384e-02
-3.273102e-02
-7.067063e-03
-1.672904e-02
-1.511826e-02
7.015299e-03
2.722150e-03
1.559894e-03
2.065558e-02
3.254211e-02
6.071085e-02
-1.429535e-02
-1.566190e-02
2.723732e-02
-2.053775e-02
-2.177238e-02
1.686888e-02
4.258623e-02
2.991225e-02
9.102570e-04
3.387225e-02
2.591049e-02
-3.984866e-03
2.848561e-02
1.004888e-02
-1.640591e-02
2.378996e-02
2.012799e-02
1.421424e-02
2.640009e-02
2.613427e-02
3.617084e-02
1.230626e-02
1.324092e-02
2.318586e-02
-1.417962e-02
4.606002e-03
3.169617e-02
-1.232365e-02
-8.521114e-03
-4.789778e-03
-1.769614e-02
-1.617492e-02
-1.139593e-02
-2.312464e-02
-2.652813e-02
-6.579161e-03
-4.510920e-03
7.471989e-03
2.193556e-02
2.139052e-02
2.111498e-02
2.593386e-02
-1.083714e-02
-4.080560e-03
-1.650723e-02
4.193010e-03
8.586560e-03
-1.258481e-03
2.013813e-03
8.595460e-03
-1.340150e-04
-3.046006e-02
-1.126902e-02
-1.820424e-02
2.815438e-03
-3.920470e-03
-4.809660e-03
2.590406e-03
1.068977e-03
-2.327390e-02
-2.037845e-03
-1.824788e-03
-1.500850e-03
-1.928790e-03
-1.356968e-03
-1.736429e-03
-1.560390e-03
-2.214726e-03
-1.945028e-03
5.100500e-04
2.582287e-04
4.809375e-04
6.740473e-04
2.420199e-04
2.935775e-04
1.224445e-03
1.126663e-03
1.073003e-03
7.461721e-04
1.380701e-03
5.343395e-04
5.144872e-04
4.008404e-04
5.975254e-04
1.216344e-03
7.570132e-04
6.711504e-04
-7.560420e-04
-3.756251e-04
-5.693331e-04
-3.500631e-04
-6.004432e-04
-4.593957e-04
-6.554006e-04
-3.890057e-04
-1.743567e-04
-2.539521e-04
-3.705067e-04
3.522777e-04
-5.613211e-05
5.106074e-05
6.185756e-06
2.243980e-05
-1.923549e-04
2.596285e-04
-6.178444e-04
-4.754010e-04
-8.081727e-04
-1.295068e-03
-9.352830e-04
-6.234599e-04
-4.748933e-04
-7.628026e-04
-5.758028e-04
-2.027088e-04
-8.412720e-04
-1.678090e-04
9.974361e-05
-2.877188e-04
3.417947e-04
4.574196e-04
3.442076e-04
2.581886e-04
5.939766e-03
6.219176e-03
6.272655e-03
6.438454e-03
6.759254e-03
6.794520e-03
6.380453e-03
6.687158e-03
6.741727e-03
8.262075e-04
1.129176e-03
8.368234e-04
1.208574e-03
1.249005e-03
1.019026e-03
1.083354e-03
1.027064e-03
1.128540e-03
-4.905516e-04
-1.934485e-04
-3.441012e-05
-4.067739e-04
-2.668572e-04
-4.306839e-04
-4.380920e-04
-8.056302e-04
-5.178725e-04
-1.185032e-03
-2.203743e-03
-2.327454e-03
-1.312686e-03
-1.857163e-03
-1.889268e-03
-1.456089e-03
-1.401395e-03
-1.799934e-03
-2.908762e-04
1.527146e-04
-1.803683e-04
1.548595e-04
-4.432133e-04
-1.523363e-04
-1.604535e-04
-4.264561e-05
-3.992894e-04
4.736681e-04
3.536959e-04
2.840033e-04
4.693354e-04
7.309822e-04
1.095124e-04
6.970757e-05
4.615054e-04
5.745947e-04
3.889535e-04
1.856159e-04
2.907073e-04
1.905009e-05
-2.292910e-04
4.138451e-04
-4.168937e-04
3.014235e-04
9.060910e-04
-1.192232e-03
-1.350246e-03
-1.108556e-03
-1.300307e-03
-1.256766e-03
-1.766440e-03
-1.205488e-03
-1.337101e-03
-1.293569e-03
-4.031935e-04
-6.689549e-04
-1.304071e-04
-1.592760e-04
-3.927101e-04
-3.405535e-04
-7.223985e-04
-6.267331e-04
-1.275949e-03
