6.335371e-01
4.145531e-01
6.739683e-01
7.813504e-01
7.335637e-01
4.656535e-01
7.220728e-01
5.029064e-01
7.625548e-01
5.700164e-01
6.698616e-01
3.208744e-01
4.154360e-01
7.649116e-01
6.431316e-01
7.260643e-01
7.264634e-01
6.278288e-01
5.991521e-01
5.945630e-01
5.354819e-01
6.697083e-01
3.871866e-01
5.862082e-01
3.609119e-01
3.344722e-01
5.274750e-01
4.379406e-01
8.233963e-01
7.784996e-01
6.741036e-01
4.690574e-01
3.697996e-01
7.683877e-01
4.169158e-01
4.105217e-01
6.355571e-01
7.451849e-01
4.655151e-01
7.645749e-01
4.581380e-01
6.230138e-01
6.990567e-01
5.361036e-01
4.753906e-01
7.754709e-01
8.528565e-01
7.249576e-01
3.653414e-01
7.447900e-01
5.497560e-01
8.182579e-01
9.913017e-01
7.487714e-01
8.003809e-01
3.996865e-01
3.688581e-01
5.529661e-01
8.183747e-01
5.606950e-01
9.255111e-01
7.411853e-01
7.862417e-01
4.045881e-01
