2.997464e-03
5.787146e-02
8.925737e-02
1.577973e+01
1.551526e+01
5.178166e+00
1.090916e-02
2.534893e-01
1.498950e+01
9.009890e+00
1.646504e+01
3.197260e+00
1.398833e+01
1.335683e+01
5.788248e-05
1.265181e+01
1.554765e+01
1.606271e+01
1.578164e+01
1.503955e+01
1.641593e+01
1.518705e+01
2.583071e-05
1.023394e-04
4.036732e+00
2.792460e-02
1.374259e+01
1.481016e-03
4.777565e+00
1.343806e-01
1.574794e+01
1.311366e-02
7.773039e-02
1.353988e+01
4.830962e+00
1.709833e-03
6.416021e-03
1.857291e+01
3.893633e+00
1.033187e-04
6.034747e-04
1.684726e+01
8.874842e-04
1.663343e+01
1.647969e+01
1.860610e-04
4.200636e-04
1.668843e+01
2.670038e-02
1.560102e+01
1.642147e-05
7.072916e-02
1.321457e+01
1.460558e+01
1.584730e+01
1.064653e-02
8.138461e+00
3.264147e+00
1.657536e-01
5.742047e+00
1.408984e+00
1.616718e+01
7.398542e-03
7.399174e+00
