7.212492e-01
5.764932e-01
5.439526e-01
1.326054e-03
-1.700843e-03
6.900588e-01
3.969653e-01
1.056587e+00
-6.637790e-04
2.911569e-01
1.843081e-04
6.119590e-01
1.762088e-02
1.719909e-02
5.558296e-01
-1.234012e-03
3.528442e-03
-1.228315e-02
9.391251e-04
-4.765974e-03
-3.077896e-03
4.443674e-03
6.460557e-01
3.587804e-01
6.839074e-01
1.004146e+00
7.292627e-03
9.646356e-01
1.736885e+00
1.153995e+00
-2.679460e-04
1.252793e+00
8.990220e-01
2.730291e-02
7.378617e-01
1.199471e+00
1.606534e+00
1.710740e-03
7.069969e-01
3.988231e-01
8.652775e-01
1.198131e-03
4.663830e-01
1.725912e-03
-3.284654e-03
1.145650e+00
4.742582e-01
2.337114e-03
1.256161e+00
-4.596641e-03
6.499159e-01
3.398899e-01
1.479880e-01
-3.188426e-04
-2.994250e-04
9.219842e-01
6.318780e-01
7.463609e-01
3.504684e-01
7.410396e-01
1.696970e+00
-2.747655e-03
5.656123e-01
3.663134e-01
