-1.505861e-01
-1.039146e-01
-8.264383e-02
-2.293745e-02
7.382414e-01
1.837691e-01
-1.022125e-01
1.542099e-01
1.233676e-01
4.595812e-02
-1.715193e-01
8.350764e-02
-1.625017e-01
1.766922e-02
-1.657460e-01
-2.237698e-02
-1.827309e-01
-1.294551e-02
1.959154e-01
-4.110258e-02
1.295524e-01
1.879457e-02
-6.072752e-02
-2.706966e-01
1.516243e-01
-1.651435e-01
-5.873965e-02
2.963563e-02
1.283999e-01
5.456453e-02
1.086261e-01
9.237884e-03
9.138598e-03
9.665953e-02
-2.113923e-02
3.275422e-02
-8.728964e-02
-7.066251e-02
-5.901034e-02
-1.301115e-01
-3.301938e-01
-1.965294e-01
-1.163723e-02
-2.338735e-01
-6.298181e-02
9.191667e-02
1.562884e-01
7.470203e-02
1.107360e-01
5.450565e-04
1.789597e-02
1.181181e-01
-3.589489e-02
1.930242e-02
-4.478966e-11
-7.763509e-11
-1.225657e-10
-1.371959e-10
-1.290536e-10
-2.324958e-10
-2.067407e-10
-3.089868e-10
-2.023228e-10
1.848667e-11
-7.454917e-11
-1.738636e-11
-2.144618e-11
-8.950813e-11
-2.650285e-10
-1.409225e-10
-1.697393e-10
-1.478661e-10
2.224465e-10
1.221675e-10
7.874874e-11
1.624807e-10
4.457148e-11
-7.648163e-11
2.961486e-11
2.513993e-11
-5.992603e-11
2.806884e-02
-1.347213e-01
4.732911e-03
-1.840837e-01
5.825077e-01
-1.445095e-01
-5.662034e-02
-1.842390e-01
9.340093e-03
-1.169532e-02
-3.561449e-02
6.797641e-04
-1.518590e-01
7.607905e-01
-7.121528e-02
-9.911178e-02
-2.038462e-01
-9.708936e-02
-3.123086e-02
-1.541547e-01
-6.269788e-02
-1.289458e-01
5.435065e-01
-6.338613e-02
7.020954e-02
-1.564840e-01
-2.363554e-02
9.313425e-11
-7.977723e-11
4.825089e-11
9.160875e-11
3.758460e-11
-1.186041e-11
1.456313e-10
2.121339e-11
1.520767e-10
1.312634e-10
3.402313e-11
7.280850e-11
9.295119e-11
9.912811e-12
3.678230e-11
1.222464e-10
8.491087e-11
1.696149e-10
1.642901e-10
1.067775e-10
2.060033e-10
6.339501e-11
5.506312e-12
1.108134e-10
9.452814e-11
5.673903e-11
1.334297e-10
-1.680417e-02
-1.225385e-01
-6.549273e-02
-1.811050e-01
-9.412566e-02
-8.725694e-03
-7.231540e-02
-4.663463e-02
-3.022728e-02
7.592653e-02
1.457370e-01
6.306884e-02
1.724770e-01
4.583233e-01
2.964042e-01
1.365319e-01
2.948422e-01
9.008941e-02
3.198706e-02
-4.666770e-02
-2.686604e-02
-1.013170e-01
-2.100219e-01
-1.474395e-01
-6.102049e-02
-2.669789e-01
-2.145548e-01
1.034048e-10
2.270246e-11
5.138623e-11
4.240080e-11
1.258586e-10
7.759247e-11
-3.668708e-11
6.143904e-11
3.016223e-11
1.383439e-10
1.595877e-10
2.042450e-10
1.694677e-10
2.255814e-10
1.537756e-10
5.791309e-11
1.212408e-10
1.386953e-10
1.717670e-10
2.299091e-10
7.806149e-11
1.491601e-10
2.213652e-10
2.052317e-10
1.160086e-10
2.132684e-10
1.828503e-10
1.716058e-02
-9.815636e-02
-1.025353e-03
-9.611204e-02
-4.595748e-01
-1.725459e-01
-2.034414e-02
-1.995827e-01
-8.166741e-02
5.686203e-02
9.111703e-02
1.467019e-02
5.937019e-02
-7.699710e-02
3.266288e-02
-5.904582e-03
-8.222491e-03
1.371507e-02
-6.256665e-02
1.398991e-01
2.119407e-02
1.042607e-01
2.140385e-01
1.862826e-01
2.394606e-02
1.755403e-01
6.405508e-02
1.390598e-11
2.873187e-11
-3.801591e-11
-4.746095e-11
4.058482e-11
-6.173483e-11
-7.725418e-11
-2.624735e-11
2.706353e-11
2.063641e-11
-6.303021e-11
3.169312e-11
-2.110981e-11
3.686975e-11
-8.830979e-11
-1.406596e-11
1.119285e-11
2.395001e-11
3.792579e-11
2.169764e-11
-6.690801e-11
-1.111348e-10
-5.940963e-11
-5.436502e-11
5.534957e-11
-8.206325e-11
3.003282e-12
-9.215376e-11
-1.605729e-10
-2.132468e-10
-1.328739e-10
-1.764270e-10
-2.069809e-10
-2.699224e-11
-9.706908e-11
-1.346742e-10
-2.573386e-13
2.335022e-11
-1.515954e-10
-7.258373e-11
3.822109e-11
-1.458174e-10
4.306918e-11
1.049108e-11
-6.337979e-11
7.351508e-11
1.105233e-10
6.485517e-11
2.007352e-11
-5.714506e-13
2.834356e-11
1.364141e-10
1.016960e-10
5.516537e-11
-1.086603e-02
5.404898e-02
2.732105e-02
1.273830e-01
1.847076e-01
-3.341372e-01
-7.296978e-02
4.195859e-02
-7.010654e-04
3.064585e-02
1.112303e-01
-7.266304e-02
1.673224e-01
2.669665e-01
-4.666046e-01
-6.228852e-02
1.349471e-01
-3.098939e-02
-2.975604e-02
3.463722e-02
-9.002010e-02
1.246455e-01
2.321366e-01
-4.589593e-01
-2.866507e-03
1.590076e-01
-3.564724e-02
1.472795e-08
-5.029113e-08
-2.229997e-08
-1.837972e-08
-6.917884e-08
-5.944613e-09
-7.946107e-08
-8.420390e-08
-1.733137e-08
5.562597e-08
-2.822471e-08
-7.877030e-09
5.465868e-10
-8.246501e-08
-9.889962e-09
-4.626421e-08
-6.846208e-08
3.109585e-08
7.329857e-08
-3.223250e-08
-5.867761e-08
1.490035e-08
-1.234560e-07
-1.005954e-07
-2.685915e-08
-9.744008e-08
-2.510578e-08
5.222774e-02
-1.756571e-02
6.124689e-02
-1.993736e-02
-1.970472e-01
1.215703e-02
4.002148e-02
8.706763e-03
6.808116e-02
6.398284e-02
-2.992091e-02
7.134953e-02
-1.959348e-02
-2.305573e-01
-4.041754e-02
5.453223e-02
-2.529369e-02
3.384003e-03
-2.233946e-03
-1.037836e-01
3.430784e-02
-9.404355e-02
-3.066649e-01
-9.530102e-02
1.487122e-02
-6.474341e-02
1.497514e-02
3.236642e-02
-1.039767e-01
-3.299347e-02
7.872123e-02
2.022497e-01
4.086547e-02
7.780914e-02
2.806365e-02
-3.856624e-02
-7.245753e-02
-1.262420e-01
-5.920153e-02
-6.787349e-02
2.013436e-01
7.123695e-02
-9.335510e-02
-4.647770e-02
-1.164281e-01
-1.583437e-02
8.266248e-04
4.859812e-03
-5.121222e-02
3.027827e-01
1.959478e-01
-5.494324e-02
8.947816e-02
1.006878e-02
3.299953e-10
2.894782e-10
4.145204e-10
3.644505e-10
3.481669e-10
3.688899e-10
9.434551e-11
9.520760e-11
1.528079e-10
2.848813e-10
3.225272e-10
3.539509e-10
4.033049e-10
4.436032e-10
4.441760e-10
1.687770e-10
8.873759e-11
2.452778e-10
2.942478e-10
2.841444e-10
4.260571e-10
4.570923e-10
5.062519e-10
5.191086e-10
1.679495e-10
1.393221e-10
2.096699e-10
1.307953e-10
2.495456e-10
2.422153e-10
3.304647e-10
4.709761e-10
3.039980e-10
4.523794e-10
5.858272e-10
3.790883e-10
1.357437e-10
7.500794e-11
6.262980e-11
1.967460e-10
3.318358e-10
2.631467e-10
3.177392e-10
3.623439e-10
2.533342e-10
8.415359e-11
1.851122e-10
1.300144e-10
1.257164e-10
1.878383e-10
1.535288e-10
3.274728e-10
3.419954e-10
2.693755e-10
