2.694486e+00
2.466422e+00
2.627744e+00
2.598765e+00
2.830171e+00
3.281446e+00
2.631506e+00
2.976980e+00
2.647890e+00
2.521446e+00
2.745216e+00
2.623466e+00
2.391659e+00
2.898673e+00
2.304476e+00
2.424418e+00
2.752174e+00
2.923058e+00
2.027096e+00
2.761158e+00
2.102701e+00
2.869436e+00
2.789973e+00
2.532298e+00
1.894142e+00
1.829138e+00
2.236052e+00
2.014383e+00
2.044048e+00
1.980186e+00
2.117274e+00
2.556352e+00
2.239291e+00
4.188500e+00
2.550200e+00
2.138797e+00
2.020038e+00
2.625302e+00
1.640477e+00
1.668530e+00
1.998430e+00
2.448518e+00
2.497468e+00
2.874115e+00
3.011104e+00
2.793436e+00
2.596202e+00
2.521448e+00
3.284938e+00
3.057008e+00
3.104765e+00
3.069330e+00
2.379309e+00
2.368021e+00
2.985493e+00
3.379349e+00
2.262408e+00
3.138034e+00
2.026719e+00
2.475365e+00
2.788225e+00
2.746040e+00
2.428772e+00
3.197726e+00
