1.378531e-01
1.055806e-01
1.384370e-01
1.415721e-01
1.660446e-01
1.252320e-01
1.451894e-01
1.430861e-01
1.300923e-01
1.089206e-01
1.602852e-01
1.302779e-01
1.393473e-01
1.454460e-01
1.697504e-01
1.421871e-01
1.553226e-01
1.353493e-01
1.504325e-01
1.115992e-01
1.385770e-01
1.361042e-01
9.843767e-02
1.465663e-01
1.415326e-01
1.568039e-01
1.553432e-01
1.286771e-01
1.437003e-01
1.475611e-01
1.592732e-01
1.417145e-01
1.347055e-01
1.462405e-01
1.380557e-01
1.387766e-01
1.404993e-01
1.102454e-01
1.488312e-01
1.660808e-01
1.161227e-01
1.211866e-01
1.329566e-01
1.341922e-01
1.532389e-01
1.248584e-01
1.385323e-01
1.322943e-01
1.295499e-01
1.672696e-01
1.376681e-01
1.343158e-01
1.371412e-01
1.506790e-01
1.204057e-01
1.288600e-01
1.443152e-01
1.483191e-01
1.766061e-01
1.553025e-01
1.276620e-01
1.304796e-01
1.445442e-01
1.225538e-01
