-2.390004e-02
-2.495304e-02
-3.339291e-02
2.807568e-03
2.829963e-02
-1.042348e-03
-3.795745e-02
-1.105872e-02
-1.947203e-02
-3.600075e-02
-7.698150e-03
-2.000900e-02
-3.389636e-02
-2.825057e-02
-4.271973e-02
-2.367910e-02
-1.245505e-02
-4.135773e-03
-3.124906e-02
-3.759286e-03
-2.106868e-02
-3.504462e-02
-5.514147e-03
-1.362154e-02
-6.216669e-03
-1.775901e-02
8.491540e-03
5.596085e-03
-6.385291e-03
-2.440321e-03
-3.985994e-03
7.628568e-03
-4.684750e-02
2.674017e-02
3.845654e-03
-3.028919e-02
-4.966916e-02
1.128432e-02
-2.238638e-02
-6.609230e-03
-1.244408e-02
-9.359546e-04
2.904804e-02
-5.002032e-03
-1.187789e-02
-1.720244e-02
9.436735e-03
8.880405e-04
-3.846820e-02
-3.509107e-02
-1.752298e-02
-2.928082e-02
-2.629476e-02
-5.031076e-02
2.801069e-02
-3.840207e-02
-2.474814e-02
-1.377450e-02
-1.672950e-02
-2.312841e-02
1.947748e-02
-6.049905e-02
-2.290951e-02
-3.231591e-02
