-2.489224e-02
-1.058826e-02
-2.138237e-02
-1.871878e-02
-4.948154e-03
-2.108546e-02
-1.185369e-02
-2.291333e-02
-1.462691e-02
-8.302034e-03
-1.508217e-02
-1.513651e-02
-1.930161e-02
-1.684889e-02
-1.890417e-02
-2.341026e-02
-1.617298e-02
-2.320053e-02
5.438692e-03
-1.101401e-02
6.805290e-03
-1.706340e-02
-1.484527e-02
-1.187282e-02
-6.214443e-03
-3.719608e-03
-6.130625e-03
-3.969742e-03
-1.149960e-02
-7.869389e-03
-4.475717e-03
-7.795557e-03
-8.063785e-03
-1.897931e-02
-1.763036e-02
-4.392570e-03
-5.522931e-03
-1.741204e-02
-1.563516e-03
1.668856e-04
3.076350e-03
-1.520867e-02
-1.496706e-02
-2.012129e-02
-1.288667e-02
-7.959253e-03
-2.275612e-02
-1.114638e-02
-2.324330e-02
-1.465297e-02
-1.811592e-02
-2.141933e-02
-7.271278e-03
-1.428041e-02
-1.137243e-02
-2.800061e-02
-1.748936e-02
-2.451173e-02
-4.807506e-03
-1.013466e-02
-6.337658e-03
-8.072936e-03
-8.139418e-03
-2.629678e-02
