2.245025e-02
2.376096e-02
2.613571e-02
2.709063e-02
4.095054e-02
2.648401e-02
3.579537e-02
4.776584e-02
2.502688e-02
3.089605e-02
3.446192e-02
3.709661e-02
2.650497e-02
2.662376e-02
6.483116e-02
3.570053e-02
3.476983e-02
2.296197e-02
2.983901e-02
3.255863e-02
3.891530e-02
2.352431e-02
3.065141e-02
3.343653e-02
3.328430e-02
4.772985e-02
6.454691e-02
4.003365e-02
3.990743e-02
2.840286e-02
4.024832e-02
2.847231e-02
3.289669e-02
3.765978e-02
3.588307e-02
3.567136e-02
3.552379e-02
2.174992e-02
3.205014e-02
5.652717e-02
2.058998e-02
1.917649e-02
3.146935e-02
3.116917e-02
4.275425e-02
2.291816e-02
2.720363e-02
3.937681e-02
2.664436e-02
5.684432e-02
4.399588e-02
2.189732e-02
3.003904e-02
4.775069e-02
2.568027e-02
2.400770e-02
2.788311e-02
4.658646e-02
4.630363e-02
5.308489e-02
2.480670e-02
4.010067e-02
4.478382e-02
1.700534e-02
