1.902190e-01
2.080940e-01
1.721678e-01
1.600733e-01
1.807920e-01
1.910496e-01
1.610204e-01
1.974254e-01
1.833715e-01
1.619451e-01
1.657089e-01
1.603462e-01
1.522778e-01
1.800781e-01
-1.692894e-01
1.429325e-01
2.100308e-01
2.296309e-01
1.918976e-01
2.717760e-01
2.108322e-01
2.488811e-01
2.897654e-01
2.226908e-01
-2.759521e-01
2.608370e-01
2.427409e-01
2.402686e-01
2.901328e-01
2.294395e-01
2.283652e-01
2.237925e-01
2.223253e-01
1.793184e-01
2.188330e-01
2.770144e-01
2.198242e-01
2.036226e-01
-2.282551e-01
2.441247e-01
-2.613228e-01
2.489299e-01
2.669521e-01
2.229364e-01
2.206588e-01
2.595213e-01
3.027377e-01
1.968192e-01
1.511691e-01
2.207202e-01
1.478264e-01
1.362084e-01
-1.763143e-01
1.638744e-01
2.006098e-01
1.618538e-01
2.057197e-01
1.595019e-01
1.726474e-01
1.440444e-01
1.890114e-01
1.403971e-01
1.678242e-01
1.918762e-01
