1.373070e-01
1.540555e-01
1.394667e-01
1.439508e-01
1.432254e-01
1.504265e-01
1.359906e-01
1.285948e-01
1.360904e-01
1.393035e-01
1.407056e-01
1.390790e-01
1.382681e-01
1.395810e-01
1.392405e-01
1.454252e-01
1.284574e-01
1.216171e-01
1.358755e-01
1.529146e-01
1.653320e-01
1.490400e-01
1.551548e-01
1.688911e-01
1.571533e-01
1.489482e-01
1.356188e-01
1.431194e-01
1.655054e-01
1.192912e-01
1.461092e-01
1.236392e-01
1.225862e-01
1.341039e-01
1.245793e-01
1.320423e-01
1.369175e-01
1.502160e-01
1.494269e-01
1.476142e-01
1.472946e-01
1.451378e-01
1.303198e-01
1.118980e-01
1.232570e-01
1.485921e-01
1.477689e-01
1.382834e-01
1.325726e-01
1.382160e-01
1.287737e-01
1.285758e-01
1.375796e-01
1.543890e-01
1.399579e-01
1.502257e-01
1.393886e-01
1.442285e-01
1.388786e-01
1.395822e-01
1.374941e-01
1.536968e-01
1.407512e-01
1.284665e-01
