1.773303e-02
7.307915e-03
-3.600613e-03
1.945110e-02
-4.888732e-02
-4.420472e-02
-3.564244e-03
-1.710377e-02
2.676782e-02
-2.477496e-02
-4.331026e-03
-2.524088e-02
-4.703989e-03
-7.427321e-03
-1.386392e-02
1.285376e-02
1.795121e-02
4.965219e-02
-2.344855e-02
-8.154782e-03
4.102185e-02
-2.469736e-02
4.021101e-02
5.797299e-02
1.834184e-02
-6.789514e-02
-8.867736e-03
-2.941034e-02
1.454095e-02
8.071305e-03
-3.839433e-02
-2.647259e-02
-7.767749e-02
2.808714e-02
-3.036356e-02
-3.826968e-02
4.322893e-02
2.795863e-03
2.258465e-02
1.148552e-02
-4.868613e-02
-2.503606e-02
-6.820098e-02
-4.650018e-02
2.671898e-02
1.040037e-02
-3.881472e-03
-7.385877e-02
-8.812699e-02
-1.566137e-02
-1.528454e-02
1.477756e-02
-3.058524e-03
4.801953e-03
-3.379689e-02
-2.312299e-02
-9.054234e-02
6.333720e-02
2.421994e-02
-1.963586e-03
-5.317059e-03
-6.956819e-03
-9.851976e-03
-6.653970e-02
