2.814214e-01
2.143077e-01
2.717445e-01
2.396071e-01
2.222056e-01
2.817464e-01
2.518513e-01
3.122120e-01
2.512058e-01
2.028047e-01
2.836217e-01
2.306912e-01
2.434959e-01
2.901698e-01
2.920930e-01
3.161438e-01
2.877260e-01
2.975470e-01
-1.697668e-01
2.697626e-01
-1.835011e-01
2.736669e-01
2.565924e-01
2.676029e-01
1.753826e-01
1.396159e-01
1.973426e-01
1.890821e-01
2.296422e-01
2.031043e-01
2.028148e-01
2.542903e-01
2.022343e-01
3.031440e-01
2.782879e-01
1.655711e-01
1.645028e-01
3.126062e-01
1.136611e-01
-1.121189e-01
-1.798970e-01
2.452582e-01
2.751645e-01
2.921206e-01
2.872797e-01
2.777530e-01
3.133315e-01
2.216594e-01
3.153930e-01
2.769747e-01
2.635950e-01
2.694660e-01
2.109292e-01
2.403691e-01
2.498417e-01
3.016630e-01
2.506928e-01
2.901267e-01
1.774587e-01
2.214642e-01
2.535735e-01
2.294912e-01
2.308539e-01
2.974710e-01
