-2.848249e-04
-6.336803e-03
-1.042074e-02
-3.772467e-03
-2.335025e-04
8.629894e-03
-6.392605e-03
-4.975304e-04
5.947776e-03
-1.879685e-03
-4.640118e-03
-4.062178e-03
1.363346e-03
-2.982608e-03
-2.190924e-03
-1.249884e-02
-3.173697e-02
-1.488116e-03
-4.926854e-03
-4.615948e-03
-1.061545e-02
-9.862435e-03
-5.839003e-03
2.360485e-04
-5.958939e-04
7.550714e-03
-7.392305e-03
-3.089821e-03
-3.205342e-03
-3.934276e-03
4.180526e-03
-4.253598e-03
-6.297130e-03
-6.869495e-03
-5.419107e-03
4.477397e-03
-9.604134e-04
-8.127959e-03
-1.938160e-03
-1.253311e-02
-2.269600e-03
-6.598527e-03
1.987010e-03
-1.150725e-02
-1.051291e-02
-3.240551e-03
-6.551723e-03
-5.983585e-03
-7.600060e-03
-2.153950e-03
2.484719e-03
3.724843e-03
-1.387605e-04
-2.561852e-03
-2.828817e-03
-6.379053e-03
1.585330e-03
-5.097039e-04
7.364531e-03
-4.843111e-03
-6.876951e-03
-1.015311e-02
-5.712116e-03
2.915498e-03
