-7.758766e-03
-1.251524e-02
1.404311e-02
-9.934464e-03
-7.971764e-03
1.806276e-02
-1.586556e-03
1.723751e-03
-3.121274e-03
-7.016316e-03
-1.128075e-02
-1.852628e-02
1.346241e-02
-4.409866e-03
-2.201796e-04
-9.415913e-04
7.456336e-03
-2.723823e-03
-2.063583e-02
4.236123e-03
-1.303958e-02
-2.125101e-03
-7.502299e-03
-3.305523e-03
-7.275598e-03
-2.064044e-02
-7.039985e-03
-1.574877e-02
-6.723729e-03
1.262789e-02
3.565205e-03
-2.831529e-02
-7.478111e-03
-1.409125e-02
-2.758801e-04
-1.446975e-02
-3.474435e-02
8.948568e-03
-6.262574e-03
-3.999546e-04
9.692945e-04
-4.515579e-03
1.476773e-02
3.501572e-03
-3.313148e-03
1.176678e-02
8.721298e-03
-1.240617e-02
-5.824178e-03
-6.636414e-03
-9.054691e-05
4.647429e-03
-5.642409e-04
-2.172753e-03
-1.865443e-02
8.460144e-03
-1.938898e-03
4.192279e-03
-1.117691e-02
-9.858869e-04
8.365108e-03
-3.387938e-02
-1.101324e-03
5.390573e-03
