6.875387e-01
1.247041e+00
6.828462e-01
9.777921e-01
6.985881e-01
9.379756e-01
7.778220e-01
7.636737e-01
8.473040e-01
1.530306e+00
5.799377e-01
9.422621e-01
9.578052e-01
7.183014e-01
8.505293e-01
7.930340e-01
9.246064e-01
7.746768e-01
5.650637e-01
1.069454e+00
7.503295e-01
6.972591e-01
1.564818e+00
6.992974e-01
7.657812e-01
6.152915e-01
7.510880e-01
1.058418e+00
6.253356e-01
9.412765e-01
6.695271e-01
6.972325e-01
7.720990e-01
7.626051e-01
9.856201e-01
8.343964e-01
8.391276e-01
1.009303e+00
5.998469e-01
6.706943e-01
7.188532e-01
9.775773e-01
7.315384e-01
8.506507e-01
6.518720e-01
7.875772e-01
7.040702e-01
6.898642e-01
8.577759e-01
4.735022e-01
9.002364e-01
8.326289e-01
7.405597e-01
7.729598e-01
1.064335e+00
7.953255e-01
6.535578e-01
6.993983e-01
6.804574e-01
5.906155e-01
7.836847e-01
1.077642e+00
6.632801e-01
6.523867e-01
