-4.759754e-01
-2.603123e-01
-4.934454e-01
-3.925765e-01
-3.789740e-01
-6.516496e-01
-4.488283e-01
-8.439897e-01
-4.251193e-01
-2.367476e-01
-5.544177e-01
-2.804424e-01
-3.793484e-01
-5.804945e-01
-5.727999e-01
-6.790767e-01
-6.397289e-01
-5.657279e-01
-1.237080e-01
-4.422013e-01
-1.410682e-01
-4.375685e-01
-4.108490e-01
-4.932919e-01
-1.267359e-01
-6.308017e-02
-2.114813e-01
-1.545105e-01
-2.597691e-01
-1.988838e-01
-2.265342e-01
-2.724762e-01
-2.075142e-01
-9.113994e-01
-4.165631e-01
-1.185239e-01
-6.637682e-02
-1.026081e+00
-7.168197e-02
-6.769066e-02
-1.705206e-01
-3.519464e-01
-4.636190e-01
-4.323174e-01
-5.388255e-01
-5.534726e-01
-5.962061e-01
-2.346005e-01
-7.058915e-01
-5.768557e-01
-5.553511e-01
-4.916044e-01
-2.672027e-01
-3.340014e-01
-4.407526e-01
-7.435734e-01
-3.558351e-01
-5.105528e-01
-1.454512e-01
-2.866929e-01
-5.158200e-01
-2.922233e-01
-3.184928e-01
-7.246360e-01
