-7.814397e-02
-8.384687e-02
-7.529026e-02
-6.257448e-02
-8.959585e-02
-5.825391e-02
-5.384202e-02
-6.470431e-02
-6.666695e-02
-4.225262e-02
-7.055701e-02
-5.298781e-02
-7.570639e-02
-6.004082e-02
-5.441226e-02
-7.821056e-02
-9.506042e-02
-8.813203e-02
-6.995414e-02
-5.067426e-02
-6.141780e-02
-6.736973e-02
-6.787057e-02
-6.778740e-02
-5.995502e-02
-2.461072e-02
-6.934903e-02
-4.998628e-02
-7.938166e-02
-6.988855e-02
-7.008886e-02
-7.189903e-02
-5.973615e-02
-7.063536e-02
-8.315355e-02
-3.249462e-02
-6.508091e-02
-6.370712e-02
-7.103323e-02
-7.359498e-02
-6.606573e-02
-5.454822e-02
-1.106459e-02
-4.317848e-02
-7.551914e-02
-7.925407e-02
-5.310515e-02
-9.289613e-02
-5.064942e-02
-4.916817e-02
-7.744769e-02
-7.543889e-02
-4.546566e-02
-6.442250e-02
-6.264400e-02
-3.183408e-02
-4.310866e-02
-8.423080e-02
-5.813683e-02
-6.506883e-02
-5.688746e-02
-6.849564e-02
-6.124708e-02
-5.926770e-02
