3.372035e-10
1.056620e-09
1.875051e-09
1.096040e-09
1.848679e-09
2.310846e-09
1.363832e-09
1.986012e-09
1.941942e-09
5.937847e-11
3.000927e-10
5.318227e-10
6.165883e-10
7.851503e-10
9.559554e-10
2.832774e-10
3.516255e-10
5.223599e-10
-1.613115e-11
6.601190e-11
2.994089e-11
-5.172137e-11
-4.678891e-11
2.171586e-11
1.472798e-11
-1.789787e-11
8.148458e-11
2.101694e-11
4.099858e-10
8.368399e-10
5.623809e-11
2.615023e-10
6.554985e-10
-1.357557e-10
3.378139e-10
2.777965e-10
1.653394e-11
-6.426949e-11
-1.414687e-10
-7.841960e-11
-1.909567e-10
-1.734051e-10
-9.438209e-11
-1.471914e-10
-1.329888e-10
1.961935e-09
1.554674e-09
1.275652e-09
2.004184e-09
1.630794e-09
1.405962e-09
1.959216e-09
1.776330e-09
1.594336e-09
3.980906e-11
1.025252e-11
3.036599e-11
6.588997e-11
9.978204e-11
2.521204e-10
-2.405822e-10
5.697610e-11
2.384114e-10
-3.356272e-11
-2.765701e-10
-1.517367e-10
5.166682e-11
-6.775961e-11
-7.590638e-11
-2.174193e-11
5.560704e-11
8.921456e-11
-3.640429e-10
-1.651390e-10
-9.305424e-11
3.554203e-10
1.297441e-10
1.119586e-10
1.513152e-11
-2.521607e-10
-6.079033e-11
1.279532e-09
1.205984e-09
1.106822e-09
1.217707e-09
9.665873e-10
7.447188e-10
1.036122e-09
8.044823e-10
7.592670e-10
-3.469769e-10
-4.794123e-10
2.491669e-10
-3.098460e-10
-3.675213e-10
1.329472e-10
-3.030631e-10
-4.257224e-10
6.967214e-11
-4.454517e-11
1.821913e-10
1.113099e-10
1.737343e-10
3.502807e-10
1.302674e-10
1.839454e-10
2.732839e-10
1.577657e-10
3.809174e-10
4.900752e-10
3.788155e-10
2.948481e-10
4.638080e-10
4.866481e-10
1.033578e-11
1.366467e-10
2.171425e-10
-3.566150e-10
-3.356986e-10
-2.032979e-10
-7.279758e-10
-7.311878e-10
-6.197278e-10
-1.147757e-09
-1.113614e-09
-1.203810e-09
1.820361e-11
1.079002e-10
1.080861e-10
5.236618e-11
9.974111e-11
4.960392e-11
6.427073e-11
8.799132e-11
2.862880e-11
4.388242e-11
6.194722e-11
-5.548284e-12
5.015325e-12
1.173120e-10
1.011798e-11
2.411368e-10
9.120242e-11
1.113374e-10
1.286264e-01
4.374629e-02
-2.996547e-02
5.871227e-02
-7.072872e-02
-8.428135e-02
-2.520679e-02
-7.260942e-02
3.482082e-02
5.023895e-02
-2.906492e-03
-3.039783e-02
-1.328693e-03
-2.557928e-02
-1.407979e-02
-6.568617e-02
-3.456929e-02
2.204099e-02
8.933778e-04
-3.250818e-04
-3.290732e-05
-2.614724e-03
2.549459e-03
5.785714e-03
-5.473339e-03
-1.129970e-03
7.866554e-04
-1.532933e-02
-1.727351e-02
1.457718e-02
-2.293910e-02
1.039991e-02
1.567335e-02
1.916683e-02
2.315906e-02
1.992231e-02
-2.762278e-02
-4.364970e-02
-2.596131e-02
-7.706466e-02
-4.012239e-02
1.001512e-02
-6.552781e-02
3.382208e-03
6.603289e-02
-2.943601e-02
1.276977e-02
5.698903e-03
3.816565e-02
2.524114e-02
-2.479448e-02
3.990094e-02
-4.467330e-03
-8.748399e-02
8.929995e-03
1.077323e-02
1.674435e-02
8.255416e-03
4.595005e-03
5.113387e-03
1.375381e-03
-3.952078e-03
-1.183720e-02
-1.049696e-01
6.890737e-03
8.389562e-02
-5.680866e-02
6.501991e-02
5.460493e-02
4.716872e-02
7.758795e-02
-4.739210e-02
-3.447418e-03
3.988457e-03
4.038785e-02
2.490987e-02
2.662390e-02
5.064791e-02
3.702881e-02
3.374107e-03
1.761482e-02
5.221716e-02
2.806613e-02
7.637753e-03
3.078167e-02
4.607346e-03
-4.638275e-03
1.547240e-02
1.818782e-03
1.842457e-03
-2.007909e-02
-2.521442e-03
2.793264e-03
-1.827910e-02
1.551282e-03
5.410310e-03
-3.444556e-03
-1.129522e-02
-1.579766e-02
2.721408e-02
-4.341942e-04
-3.508022e-02
-7.700599e-03
-3.192399e-02
-2.839343e-02
-6.084546e-02
-5.277708e-02
-1.426788e-02
4.264252e-02
5.318016e-02
-7.998365e-03
2.722212e-02
6.482229e-02
2.209204e-02
-2.852079e-02
-4.796808e-03
-3.399090e-02
5.011373e-02
-2.403263e-04
-2.609240e-02
7.956518e-03
-1.120140e-02
-3.157542e-02
1.009791e-02
9.790872e-04
4.271465e-03
1.045879e-02
1.618684e-02
2.613305e-02
1.318583e-02
1.538900e-02
1.308007e-02
1.927087e-02
2.384364e-02
1.836639e-02
-1.000818e-02
-1.617052e-02
-2.324147e-02
-8.345371e-03
-1.436529e-02
-1.429758e-02
-1.651336e-02
-1.923469e-02
-1.507360e-02
-6.526335e-04
2.995383e-03
-3.355200e-02
-5.646423e-03
2.599838e-02
-6.962634e-03
-5.863159e-03
5.575295e-02
-6.963873e-03
7.091843e-03
-8.211571e-03
-2.312992e-02
-1.828585e-02
-1.489729e-02
-1.991760e-02
-3.939187e-02
-2.634313e-02
-3.024925e-02
-1.401046e-02
-1.266054e-02
-9.431969e-03
-8.492152e-03
-1.012493e-02
-5.023093e-03
-1.125259e-02
-1.464833e-02
-1.170334e-02
-9.426284e-03
4.954583e-03
-4.598645e-04
3.230732e-03
1.181471e-02
1.885397e-02
-9.539631e-03
-4.227226e-03
-1.544031e-02
3.347254e-02
1.499891e-02
2.434234e-03
1.053379e-03
-2.418081e-02
-3.388897e-02
-2.969238e-02
-6.141511e-02
-5.629871e-02
3.875397e-02
9.609414e-02
2.830476e-02
8.519644e-02
1.285823e-01
6.059678e-02
-1.937446e-02
2.505115e-03
-4.795872e-02
-2.129927e-02
-2.426817e-02
-2.037270e-02
-2.064423e-02
-2.495842e-02
-2.026036e-02
-1.094660e-02
-1.420820e-02
-1.158708e-02
-6.078796e-03
1.538968e-02
1.470416e-02
-2.862274e-02
-1.847735e-02
-1.841796e-02
-1.196891e-02
-5.650557e-03
5.402393e-03
-1.455881e-02
-4.459269e-03
-6.146718e-03
-7.169937e-03
-1.120424e-02
-9.550784e-03
-9.409237e-03
-3.389883e-02
-7.747493e-03
-2.413120e-02
-2.706248e-02
-2.785933e-02
-2.827118e-02
-2.546197e-02
-2.543660e-02
-2.031822e-02
-1.629046e-02
-2.296601e-02
2.912102e-02
-7.178640e-03
-3.135350e-02
3.627859e-02
5.303382e-03
-3.074515e-02
4.953580e-03
8.100823e-03
-1.431210e-02
-1.053334e-02
8.925839e-03
3.152817e-02
1.530933e-03
1.570208e-02
2.456374e-02
2.540799e-02
2.716752e-02
1.948285e-02
-1.089620e-02
3.983044e-02
-1.726134e-02
5.365323e-02
9.001657e-02
5.511808e-02
2.386884e-02
6.347831e-02
1.407949e-02
-1.888991e-02
-1.914608e-02
1.605516e-02
-5.014790e-02
-5.565414e-02
-1.639402e-02
2.018248e-03
-1.534669e-02
6.871196e-03
-1.347866e-03
-8.304660e-04
-1.355852e-03
-2.307369e-03
2.148032e-03
1.198829e-03
-5.296350e-03
-3.296188e-03
-3.941284e-03
-2.748830e-03
-2.858171e-03
1.813269e-03
6.625982e-03
9.732390e-03
1.168644e-02
2.048501e-02
1.695366e-02
1.082076e-02
-5.681853e-03
2.869991e-02
1.152650e-02
-2.653464e-02
3.463722e-02
-9.720616e-03
-7.791941e-03
-1.607921e-04
-7.281052e-02
1.580978e-02
-5.957693e-03
-8.001368e-03
-1.981448e-03
-2.207688e-02
-6.202620e-03
-1.642137e-02
-1.901831e-02
-5.678730e-02
-1.194807e-02
-1.305841e-02
-1.847642e-02
-1.025446e-02
-1.333313e-02
-1.819643e-02
-2.165535e-02
-1.690487e-02
-9.041714e-03
-2.500146e-02
-4.834099e-02
-2.747355e-02
-5.292363e-02
-5.583779e-04
-3.003288e-02
-5.929514e-02
-9.642848e-02
-8.628520e-02
1.517270e-02
2.584376e-02
5.028657e-03
1.995067e-02
-2.104218e-03
-7.538144e-03
-2.705644e-02
-2.488086e-02
-1.542103e-02
1.678961e-02
1.898841e-02
6.234126e-05
-1.529735e-02
1.818698e-03
-2.217523e-03
-6.435566e-02
-1.816040e-02
2.377460e-02
1.544065e-02
1.745846e-02
1.672756e-02
1.112925e-02
1.406876e-02
2.078594e-02
2.357149e-02
2.931142e-02
3.171720e-02
-1.576150e-02
-1.336136e-02
3.621976e-02
-2.273592e-02
8.503241e-03
7.425907e-02
-4.053419e-02
2.409467e-02
7.318928e-03
3.777036e-02
-1.503256e-02
-2.342850e-02
9.639114e-03
-4.583794e-02
-4.051879e-02
-9.150527e-02
-5.977551e-02
3.389491e-02
3.971972e-02
1.663695e-02
-1.768520e-02
3.929106e-02
9.403328e-03
-1.606706e-02
4.905972e-02
1.223229e-02
-1.102520e-02
-4.214753e-02
-7.965164e-02
-4.099799e-02
-4.221303e-02
-3.499750e-02
8.883175e-03
-2.168160e-02
3.183662e-03
7.148856e-03
-8.808848e-03
-3.440867e-03
-2.506690e-03
-8.677235e-03
-1.614981e-02
-1.864843e-02
-2.319286e-02
-2.927288e-02
-1.526511e-02
8.222221e-03
6.077263e-02
4.838946e-03
5.589500e-02
6.139106e-02
2.235790e-02
-9.551128e-03
3.675618e-02
4.838715e-02
-1.701831e-02
-4.722954e-03
-5.715299e-03
1.378766e-02
3.672265e-02
5.309792e-03
5.888390e-03
-1.585343e-02
-7.304382e-02
8.663215e-03
9.601478e-03
6.647563e-03
-8.702761e-03
2.836342e-03
2.599151e-04
-8.543980e-04
8.124451e-03
-7.065734e-03
-6.409428e-03
-7.402403e-03
-4.766967e-03
1.386684e-02
-4.801112e-03
-3.188402e-02
1.394369e-03
-1.838172e-02
-2.118047e-02
-5.159223e-02
-7.437960e-02
-5.153224e-02
-1.654066e-02
1.238690e-02
5.703985e-03
-5.815734e-02
-3.788356e-02
-2.742969e-03
4.571464e-03
-1.443521e-02
9.655192e-03
-1.838044e-02
3.169161e-03
4.036436e-02
-1.377532e-02
2.378384e-02
4.038985e-02
7.175807e-03
1.096535e-02
9.268759e-03
-3.452406e-04
2.678164e-03
5.725363e-03
1.572204e-03
7.313838e-03
1.131162e-02
1.425201e-02
-6.022348e-03
1.433796e-02
-1.627639e-02
-2.274592e-02
-3.358855e-03
3.508073e-02
3.122069e-02
4.631693e-02
-2.787415e-02
-3.646154e-02
-7.557357e-02
-4.581052e-02
-5.271704e-02
-7.637518e-02
-2.186503e-02
-2.692347e-02
-2.908167e-02
-1.120008e-02
4.321793e-02
4.235235e-02
-2.958620e-03
7.372822e-03
-3.444365e-02
-2.740931e-02
-6.796481e-02
-9.266803e-02
2.600543e-02
2.294937e-02
3.126695e-02
2.061999e-02
9.652705e-03
1.188754e-02
-4.407250e-04
-1.348079e-02
-2.186487e-02
-4.144972e-02
-5.936516e-02
-4.203685e-02
-5.576235e-02
-7.299504e-02
-1.602786e-03
-3.058714e-03
5.457338e-03
4.463178e-02
-6.966175e-03
8.453463e-03
3.091891e-02
-1.451721e-02
-1.009369e-02
6.584371e-03
-3.048186e-02
1.111194e-02
-1.287606e-03
8.694224e-02
7.772253e-02
9.271695e-02
1.044828e-01
8.610427e-02
7.549132e-02
8.156235e-02
4.478868e-02
3.290563e-02
-1.648161e-02
3.693915e-04
2.345210e-02
-2.499353e-02
-3.356290e-02
-2.023142e-02
-1.526616e-03
-2.548483e-02
-6.540631e-02
1.911812e-03
1.593826e-02
3.503770e-02
3.204766e-02
4.137165e-02
3.801181e-02
4.653675e-02
2.902601e-02
1.137234e-02
-8.446100e-03
1.358854e-02
-1.142596e-02
-1.544266e-02
1.264731e-02
-5.644567e-03
3.324831e-02
6.397296e-02
4.047615e-02
-2.883174e-02
-4.514828e-02
-5.562288e-02
-4.043468e-02
-4.189458e-02
-1.540632e-02
-5.836669e-02
-5.089951e-02
-1.585015e-02
-9.308445e-03
-4.538204e-03
-4.528460e-03
-6.223845e-03
-2.597996e-03
-3.866110e-03
9.524856e-03
1.031262e-02
1.375985e-02
4.237020e-03
3.364111e-03
-1.651542e-03
2.756962e-03
1.097943e-02
1.148896e-02
6.312444e-03
1.957284e-02
2.055581e-02
5.483756e-02
1.198570e-01
1.002598e-01
-7.443000e-02
-1.653303e-03
7.283086e-02
-1.037097e-01
-7.086959e-02
7.193525e-03
-4.102586e-02
1.155257e-02
4.165676e-02
-3.054186e-03
-1.947941e-02
5.180921e-03
6.034100e-03
-2.261828e-02
-3.988482e-02
-4.584610e-03
-1.064044e-03
1.963452e-03
5.485371e-03
5.320146e-03
3.861583e-03
1.586126e-02
1.340623e-02
9.972360e-03
-1.039359e-02
9.183131e-03
-1.722299e-02
2.773404e-02
1.965661e-02
1.437207e-02
4.711305e-02
1.995977e-02
3.084070e-02
-3.820372e-02
-4.857945e-02
-3.176450e-03
7.865308e-04
-1.283716e-02
6.962555e-03
2.317941e-02
6.725846e-03
1.110478e-02
2.283761e-02
6.119304e-03
-4.516421e-02
-5.738237e-04
1.098140e-02
5.436626e-04
-1.827977e-02
-7.750369e-03
-1.518141e-02
1.526990e-02
6.794788e-03
1.729610e-04
-1.808627e-03
-2.470273e-03
-2.768491e-03
-4.448085e-03
-9.522274e-03
-2.928833e-03
3.983991e-04
-4.760316e-02
-7.812392e-02
6.208349e-02
2.488969e-02
-4.966319e-02
7.472698e-02
1.239792e-01
7.137563e-02
-2.804447e-02
-2.154388e-02
-6.040556e-02
-6.426636e-03
3.468219e-03
-4.470770e-02
-6.872999e-03
1.191931e-02
-1.535240e-02
-7.357692e-03
-3.804562e-03
-1.156440e-02
1.581803e-04
3.946274e-03
1.299673e-02
-1.233318e-02
-4.310474e-03
-1.094235e-03
-7.975544e-03
6.516293e-02
4.728545e-03
-2.294386e-02
2.088348e-02
-9.143553e-03
-2.181398e-02
1.233472e-02
-1.091585e-02
4.761318e-03
-8.263003e-03
-4.219000e-02
2.946005e-02
1.044640e-02
-1.736376e-02
1.691117e-02
2.628294e-02
2.505924e-02
1.747254e-02
5.347073e-02
4.246966e-02
-7.243655e-03
3.100900e-02
1.310697e-02
-1.193175e-02
-1.271973e-02
-3.885342e-02
1.462752e-02
2.788169e-02
1.489819e-02
-4.468447e-03
-3.241453e-03
-1.007237e-02
-1.070775e-02
-1.790617e-02
-1.937190e-02
-7.059710e-03
1.222722e-03
-7.339046e-03
-3.232207e-03
3.126647e-03
-5.708052e-03
-1.965226e-02
-7.921677e-03
-1.766011e-02
-5.818638e-03
-1.696284e-02
-7.822865e-03
-8.460999e-03
-6.367716e-03
2.788909e-03
7.417678e-03
1.249720e-02
1.255475e-02
1.815321e-02
3.017220e-02
3.217946e-02
-1.657286e-02
-2.303612e-02
4.919820e-02
-3.493180e-02
1.570320e-02
3.973900e-02
-4.105429e-02
7.089595e-03
-2.572612e-02
3.672352e-02
-2.774737e-03
-6.292340e-02
-4.256316e-03
-2.098132e-02
-9.424559e-03
-1.406689e-02
-1.483209e-02
-7.839376e-03
5.575045e-03
2.433639e-03
-7.179742e-03
-1.252375e-02
-1.574598e-02
-1.735407e-02
1.718353e-02
-5.050907e-02
1.373331e-03
-7.553150e-03
-1.907384e-01
1.641354e-01
-5.362113e-02
-3.129305e-02
3.843041e-02
-1.292863e-02
-1.938794e-02
-9.203739e-03
2.168780e-02
-7.279398e-03
-2.832916e-02
2.658914e-02
1.387392e-02
1.487362e-02
2.166485e-02
-5.758689e-02
-1.521711e-02
-2.179596e-02
-2.726161e-02
3.673073e-02
3.339374e-02
-4.762857e-03
2.197607e-02
1.318433e-02
1.331550e-02
2.806380e-04
3.910677e-03
1.492450e-02
8.607941e-03
-9.568141e-03
1.007999e-02
1.283798e-02
7.240793e-03
-2.089514e-02
3.369426e-02
2.907604e-02
1.550638e-02
-1.734670e-02
-1.193897e-02
-4.436638e-02
4.044428e-02
-4.592789e-02
-6.580094e-02
3.407014e-02
1.117611e-01
9.097537e-02
-1.308938e-01
6.467715e-03
-1.012311e-02
6.630839e-03
8.568814e-03
5.403513e-03
1.762725e-04
-6.188865e-03
1.523651e-02
2.688734e-02
-8.076750e-03
1.220239e-02
1.332000e-02
-2.548087e-02
-1.545155e-02
3.192952e-02
6.272844e-03
-1.387282e-01
-4.844732e-02
3.549560e-02
-3.489077e-02
3.332108e-03
1.808995e-02
-2.469522e-02
-1.236755e-02
2.579035e-02
-4.281200e-03
-1.442893e-02
-1.617175e-03
1.664405e-02
8.600485e-03
5.854081e-02
5.663406e-03
2.555249e-02
9.585705e-02
8.964998e-02
-3.550404e-02
4.558083e-02
2.063736e-02
-6.120355e-03
-5.340364e-02
-5.899580e-03
9.888452e-02
-5.049075e-02
-3.148658e-02
1.191094e-01
-4.441926e-02
-1.685824e-02
3.345486e-02
3.308391e-02
2.829172e-02
1.692394e-02
-1.107198e-03
8.057328e-03
1.187203e-02
-8.845395e-03
-1.794739e-03
6.403685e-03
-5.129217e-03
5.917537e-03
-2.817738e-03
-7.404363e-03
1.546679e-02
1.506709e-02
-7.648272e-03
-2.663838e-03
-1.083849e-07
-4.103151e-02
-8.940102e-04
-9.819658e-03
5.730157e-02
-3.940081e-02
4.154193e-02
1.059705e-03
-6.174329e-03
-3.624210e-02
-4.024832e-02
5.730352e-03
2.685248e-02
-1.571351e-02
-5.721002e-03
1.903909e-03
1.306851e-02
8.402766e-03
3.643092e-03
1.797929e-03
3.263705e-03
1.914398e-03
6.457741e-03
1.167527e-02
9.334804e-03
-9.176327e-03
-3.544190e-03
4.119306e-03
1.241384e-02
-1.003120e-02
7.305687e-03
1.466818e-01
-2.547452e-01
8.861334e-02
-5.303140e-02
1.820021e-02
-1.040598e-02
-8.590424e-03
-2.626733e-02
3.013778e-02
-1.323389e-02
-4.013440e-04
5.428610e-03
-4.504016e-03
2.041548e-02
4.551733e-02
1.906339e-02
-2.100218e-02
-1.159564e-02
-1.095832e-02
-2.004005e-02
1.221722e-02
8.792734e-03
4.953483e-03
-8.005062e-04
4.089070e-03
1.674161e-02
2.862867e-02
4.737608e-03
8.597469e-03
4.356921e-03
-1.128417e-02
-2.517922e-04
-1.066479e-02
1.772454e-02
-1.589563e-02
2.177283e-02
-1.505785e-02
4.270860e-02
-3.407277e-02
3.945519e-03
-4.468421e-02
2.963692e-02
-1.466542e-03
-7.198159e-02
-1.449052e-02
-4.617121e-02
1.555471e-01
-2.316540e-02
-5.939088e-02
-7.570200e-02
-3.139698e-02
1.892076e-02
2.719553e-02
8.187612e-03
2.378820e-02
1.359856e-02
1.105237e-02
-6.864425e-03
7.348356e-03
-5.874860e-03
-2.805534e-02
-2.296903e-02
3.944764e-02
5.965501e-02
-7.700797e-03
2.409991e-03
-2.569825e-02
-1.676027e-02
-5.463919e-02
2.061806e-02
-2.057702e-02
-2.936938e-02
1.572670e-02
-2.475647e-02
1.508145e-02
-3.656450e-02
-1.229806e-02
4.177444e-03
2.568806e-02
-1.754835e-02
3.522603e-02
-2.583086e-02
3.632477e-02
-1.033918e-03
6.067278e-03
-4.156133e-02
2.428782e-03
4.234260e-02
-2.519612e-03
-4.506985e-02
5.962359e-02
-3.655544e-02
-2.075122e-02
-3.692441e-03
-2.672483e-02
-1.689432e-02
1.361570e-02
1.327158e-02
1.888616e-02
6.838336e-04
5.470154e-03
8.511600e-04
1.331275e-02
1.342506e-02
1.343940e-02
9.505100e-06
1.610105e-02
-1.511193e-02
-2.992086e-03
-9.675374e-05
-1.219249e-03
-1.423429e-02
-1.686950e-02
-1.270550e-03
5.680418e-02
6.782030e-02
2.287610e-02
1.774599e-02
-6.654089e-03
-3.604996e-02
-2.270081e-02
-5.532277e-03
-4.790074e-02
-3.170312e-02
1.009464e-03
-2.517447e-02
2.224835e-02
4.153602e-02
-9.426476e-03
-9.303525e-04
1.680565e-02
5.125400e-03
-2.637814e-03
-5.274783e-03
4.249791e-04
1.505500e-02
2.105334e-02
1.828437e-02
1.702711e-02
1.240719e-02
1.216193e-02
5.232843e-03
9.420147e-02
7.887962e-02
3.828861e-03
-1.052955e-01
1.085209e-02
-3.990254e-02
-3.883145e-02
-6.203719e-03
-9.517550e-02
-8.052634e-02
-1.998437e-02
-4.615408e-02
-3.757369e-02
-1.059141e-02
-6.238265e-05
1.620444e-02
6.148759e-02
3.477295e-02
-8.726434e-03
-5.761125e-03
-1.177392e-03
-1.516291e-02
2.535372e-02
3.166668e-02
6.299725e-03
1.376022e-02
3.885461e-02
3.085521e-02
1.867179e-02
4.464900e-02
3.843204e-02
1.367283e-02
1.135189e-02
1.565691e-02
2.065386e-03
1.667058e-02
3.773794e-02
1.134138e-02
-8.123003e-03
6.272725e-02
2.586849e-04
-3.845067e-02
-2.770936e-02
4.974694e-03
-5.667360e-02
-1.401952e-01
-1.277855e-01
-7.938108e-03
9.164324e-02
5.829977e-04
1.451043e-02
-6.541570e-02
-3.947205e-02
5.766664e-02
5.422476e-02
3.887080e-02
6.410399e-02
5.721170e-02
3.067677e-02
2.588898e-02
3.658749e-02
-1.267426e-03
-2.255158e-02
7.114548e-02
-2.459223e-03
1.725703e-02
4.743214e-02
-4.725559e-02
-4.246019e-03
5.846385e-02
-5.038779e-02
-4.752484e-04
-3.074859e-02
-3.721341e-02
1.339746e-02
-8.279943e-03
-1.436543e-02
-1.729976e-03
2.455930e-02
1.401567e-02
-3.038130e-02
-6.515192e-02
-6.243028e-02
-8.164244e-03
4.069320e-02
6.907620e-03
5.523625e-02
7.626624e-02
5.222678e-02
8.075369e-02
1.001448e-01
8.736172e-02
-3.506721e-02
-6.460296e-02
-5.326121e-02
-6.577648e-02
-7.453253e-02
-5.826199e-02
2.830808e-02
4.347638e-02
2.945642e-02
2.504113e-03
5.392662e-04
-9.604010e-03
-3.282356e-02
-2.707856e-02
-3.133310e-02
-9.355331e-03
-1.423540e-03
-5.165972e-04
-2.124101e-02
-1.365379e-02
-6.701592e-03
-3.919883e-04
-6.781315e-03
7.672079e-03
-5.412511e-02
-3.154113e-03
2.794126e-02
-7.239689e-02
-4.683192e-02
-1.147610e-02
-8.140646e-02
-6.897461e-02
-5.403157e-02
3.530072e-02
4.790470e-02
2.109156e-02
1.410963e-02
1.775840e-02
-1.046465e-02
-6.368816e-03
-3.747612e-03
-9.016723e-03
-1.668003e-03
-3.768132e-03
3.470634e-04
3.837926e-03
3.979860e-03
4.411748e-03
8.768995e-03
8.409221e-03
6.568028e-03
2.211941e-02
-9.643192e-04
1.998134e-02
3.867554e-04
-5.046738e-02
1.134149e-02
3.080301e-02
5.117888e-02
1.284575e-02
1.068777e-02
5.247129e-03
-4.101689e-03
3.575371e-02
3.049629e-02
1.167673e-02
3.328486e-02
2.641088e-02
1.808507e-02
2.820429e-03
-3.086976e-03
2.716163e-02
-1.083457e-02
-1.644185e-02
1.653364e-02
1.376511e-02
-2.165770e-03
-1.328366e-03
-3.981731e-04
-1.283607e-03
5.656395e-03
-8.068576e-03
-1.036071e-02
-1.191146e-02
-5.228127e-03
-4.897910e-03
-3.513339e-03
3.686255e-02
2.662896e-02
6.385603e-03
2.184203e-02
3.908287e-02
1.941054e-02
-7.221424e-03
1.716434e-02
3.146606e-02
1.460706e-02
-1.286888e-02
-1.250629e-02
2.885026e-02
5.132933e-02
2.254370e-02
1.736320e-02
1.968817e-02
4.340076e-02
2.376513e-03
7.019161e-03
1.707640e-02
-8.432557e-03
-1.015872e-02
1.711425e-04
6.756210e-03
-4.998142e-03
-9.074123e-03
6.929264e-02
9.934262e-03
6.195853e-03
4.511190e-02
2.433830e-02
-1.782969e-02
1.663668e-02
3.138410e-02
-2.333958e-02
2.020503e-03
1.607514e-02
1.020936e-02
1.143895e-02
1.598808e-02
3.146511e-03
7.171988e-03
7.118860e-03
-4.537954e-03
1.657011e-03
2.199455e-02
3.068144e-02
1.631210e-02
1.753606e-02
3.166819e-02
-1.022830e-02
-2.278531e-02
-1.704836e-03
-1.471779e-03
-1.578715e-02
-1.459715e-02
-9.562072e-04
-1.274141e-02
-2.022894e-02
3.876366e-02
4.008973e-02
2.195575e-02
2.210464e-03
2.221777e-03
4.352034e-03
-5.579704e-03
-2.951923e-03
5.265093e-03
-7.918074e-03
-1.837345e-02
-1.327531e-02
-1.250123e-02
-1.407897e-02
-1.504979e-02
-7.185581e-03
-7.973702e-03
-7.675758e-03
1.071252e-03
4.892581e-03
-1.424905e-03
2.277855e-02
-2.449029e-02
-6.070989e-02
2.105067e-02
-1.067056e-02
-3.563054e-02
1.838587e-02
9.178380e-03
3.253822e-03
-2.255110e-02
-4.425148e-02
-3.475837e-02
2.438922e-02
-5.092803e-03
-2.566330e-02
1.775453e-02
1.653936e-02
9.819094e-03
-5.313108e-03
-2.869506e-03
-3.716277e-03
2.355033e-03
1.131812e-03
1.209761e-03
1.031408e-02
5.423945e-03
1.838113e-03
2.632813e-03
1.109629e-02
1.639915e-02
-1.189560e-04
-1.645581e-02
-3.168600e-03
1.289069e-02
1.611963e-02
-9.310645e-03
-4.257125e-03
-3.211175e-02
-1.340599e-02
1.727873e-02
6.678508e-03
-9.742823e-03
4.282339e-02
1.504161e-02
-1.462320e-02
-1.034575e-02
1.020732e-01
1.360767e-01
-1.187320e-01
-1.656955e-02
1.079235e-01
-1.278704e-01
-1.200074e-01
-3.137529e-02
-3.186387e-02
-1.592606e-02
2.625714e-03
-4.150296e-02
-2.866822e-02
-1.350548e-02
-3.906427e-02
-4.167325e-02
-4.080104e-02
-1.479556e-02
-3.605408e-02
-4.866507e-02
5.177632e-02
6.128323e-03
-2.428750e-02
3.146322e-02
1.775721e-02
2.678593e-02
-3.192314e-03
2.857945e-02
2.819721e-02
-2.197324e-02
-1.620551e-02
1.481397e-02
-2.975861e-03
-2.904292e-03
-1.366885e-02
3.228878e-02
3.691792e-02
3.715596e-02
1.298146e-02
3.384976e-02
4.850262e-02
-1.120947e-02
1.389568e-02
3.375505e-02
-1.073849e-02
-1.027489e-02
-3.892760e-03
-1.176317e-02
-1.277968e-02
-1.244185e-02
-1.212253e-02
1.747404e-02
-2.951222e-03
1.770991e-02
6.801052e-03
-4.809188e-03
1.426489e-02
1.587418e-02
1.225785e-02
-4.057445e-04
2.415816e-02
3.826158e-02
-9.506610e-03
-1.024059e-02
-2.157850e-02
1.109783e-04
1.274746e-02
1.134723e-02
6.350563e-03
2.191055e-02
3.022361e-02
7.690093e-03
-1.683075e-02
1.105920e-02
1.573366e-02
-2.644395e-02
-3.138507e-02
4.500897e-02
7.434147e-03
-3.980809e-02
1.863278e-02
1.671818e-02
7.906234e-03
1.198576e-02
1.502646e-02
1.052934e-02
-4.153936e-03
-2.234306e-04
1.339820e-02
6.862368e-03
6.875443e-03
1.017138e-02
-6.317454e-03
5.456402e-03
1.006295e-02
-4.420026e-04
1.159962e-02
1.157776e-02
1.678266e-02
-9.088016e-02
-5.536778e-02
1.126636e-01
-3.960295e-02
-1.172096e-01
9.249105e-02
3.706525e-02
-6.848380e-02
2.253956e-03
-1.545576e-03
-2.389795e-02
2.317254e-02
8.515430e-03
-1.636232e-02
1.175635e-02
8.231047e-03
1.833861e-02
-4.270059e-03
-2.744511e-03
1.122498e-03
-7.657684e-03
-2.161044e-03
3.245919e-03
-7.673729e-03
-6.144336e-03
-4.364560e-04
-1.295413e-02
-1.121477e-02
-6.680736e-03
-2.846964e-02
1.131208e-02
6.958749e-03
-2.551774e-02
2.776815e-03
-3.243303e-03
-3.620914e-02
-4.437161e-03
2.470296e-04
-4.109007e-02
-1.766897e-03
1.204921e-02
-1.606309e-02
1.607900e-02
2.702668e-02
-4.788345e-05
-5.999563e-02
-5.503400e-02
2.098165e-02
-1.949562e-02
-1.960994e-02
3.826838e-02
8.684571e-03
2.769977e-03
6.337413e-03
3.386702e-04
-3.689644e-03
4.400247e-03
-5.616194e-04
-6.469654e-03
1.212752e-02
1.059586e-02
6.712519e-03
-6.106572e-02
7.752060e-03
5.745771e-02
-7.148512e-02
-1.234649e-03
9.574221e-02
-5.010768e-02
-6.191342e-02
1.413836e-02
-6.451901e-04
-3.571491e-03
1.943528e-02
1.058318e-02
2.654085e-02
1.825581e-02
2.068609e-03
2.265130e-02
1.460779e-02
4.765271e-02
7.061678e-03
4.660096e-03
4.814406e-02
1.556846e-02
4.216951e-03
2.569370e-02
2.352224e-02
2.446684e-02
-2.210756e-02
-2.675898e-02
1.736720e-02
-8.135129e-04
-3.178648e-02
1.699549e-02
-6.900308e-03
-2.330541e-02
-7.109857e-03
-1.303936e-02
2.194335e-02
6.248748e-02
-3.990348e-02
-1.742591e-02
2.835891e-02
-4.983242e-02
-2.921681e-02
-2.155439e-03
-2.039691e-02
1.532964e-02
-7.712299e-03
-2.169123e-02
-1.853824e-03
-2.069044e-02
-2.578040e-02
-1.980933e-02
-4.816385e-02
2.763094e-02
1.454060e-02
-2.488934e-02
3.112257e-03
2.920316e-02
1.276256e-02
-2.657436e-02
-1.068894e-03
7.533133e-03
-7.179128e-03
-2.091621e-02
-2.371569e-02
6.109302e-03
-4.209320e-03
-7.510092e-03
1.166675e-02
9.042849e-04
1.663688e-03
2.293890e-03
6.972971e-03
1.383866e-02
-9.240692e-03
-5.311846e-03
7.886817e-03
-2.275957e-02
-1.452941e-02
-1.973165e-03
-1.559265e-02
2.189478e-02
1.644619e-02
-2.772842e-02
3.407333e-02
-1.789944e-03
-8.322696e-03
2.966626e-02
-1.732759e-02
-2.410023e-02
-4.805102e-02
-2.455280e-02
1.454715e-02
2.358446e-02
6.644441e-02
-1.271835e-03
4.718151e-03
6.531186e-03
1.222561e-02
8.864055e-03
-4.207054e-03
2.121237e-02
-1.340438e-03
-1.304090e-03
1.693423e-02
1.028070e-02
1.558299e-03
-4.849706e-02
-1.134937e-01
-8.042277e-02
-5.262319e-02
7.276873e-02
-1.322257e-01
-3.190143e-03
-1.027384e-01
-5.238271e-02
-3.213023e-02
-7.004615e-02
-4.756650e-02
1.398890e-02
-2.696447e-02
9.108558e-03
2.988858e-02
-6.568367e-03
-9.104500e-03
-5.629378e-03
1.679760e-02
1.722460e-02
1.846136e-02
-3.594293e-03
-2.189682e-02
3.407214e-03
-8.035039e-03
3.516107e-02
2.766277e-02
4.063298e-02
3.076208e-02
1.701287e-02
2.852470e-02
3.135352e-02
3.709465e-02
3.388438e-02
2.118639e-02
-6.072770e-04
2.360034e-02
1.088875e-02
1.036274e-02
2.078451e-02
7.088079e-02
-1.408487e-02
2.298402e-02
-1.576786e-03
-9.116570e-03
-2.634391e-03
-3.138771e-02
-8.972060e-02
-2.541921e-01
-8.707458e-02
9.762428e-04
1.171760e-02
-4.582349e-02
-5.782934e-03
3.924748e-02
8.448639e-03
3.346825e-02
6.578039e-02
4.654877e-02
3.074689e-02
6.533521e-02
4.919421e-02
-4.481419e-02
-2.094070e-02
1.642610e-02
-8.466808e-02
3.109657e-03
4.952278e-02
-4.799706e-02
-7.673531e-02
1.464073e-02
-2.354065e-02
-6.005490e-03
2.127536e-02
-3.919489e-02
-2.888915e-02
1.829590e-02
-1.007605e-02
-8.178310e-03
2.669541e-02
-2.942442e-02
-5.251028e-03
-1.151057e-04
2.653613e-02
-3.454289e-02
4.485868e-02
3.990467e-02
1.623861e-02
5.052818e-02
2.498576e-02
4.611417e-02
-3.754550e-02
-6.511241e-02
2.506515e-02
-5.652450e-02
-2.393432e-02
7.361162e-03
-2.107969e-02
9.302724e-03
9.254441e-04
-2.969176e-02
2.061376e-02
3.891487e-02
4.817667e-03
5.387562e-03
2.723386e-02
4.561974e-03
7.248795e-03
-2.273330e-03
-1.390059e-02
3.035383e-02
-2.255484e-03
-2.816233e-02
1.429074e-03
-1.998150e-02
-2.242956e-02
4.229463e-03
2.327122e-02
-4.066267e-02
7.169983e-03
-5.114786e-03
-4.086637e-02
-1.555793e-02
6.757885e-02
-1.270077e-02
9.140053e-02
1.266919e-01
4.522156e-02
2.851865e-02
2.321254e-02
-7.743961e-03
-1.032739e-01
-1.231966e-01
-7.512780e-02
2.472187e-02
2.204575e-02
1.777451e-02
1.618510e-02
1.269373e-02
1.378364e-02
1.414137e-02
1.158995e-02
8.520068e-03
1.971328e-02
-1.593944e-02
5.709150e-02
-4.130044e-02
-1.459417e-01
-7.636291e-03
-4.686047e-02
5.333691e-02
-5.161917e-03
1.027045e-03
7.072544e-03
3.305671e-02
-2.070501e-02
-3.621927e-02
-2.198148e-02
-1.026369e-02
-3.064196e-02
-4.702167e-03
1.895960e-02
-2.792952e-02
-9.652997e-03
-3.508648e-02
-1.609249e-02
-2.146658e-02
2.714745e-02
4.987687e-02
-4.233322e-02
-3.238162e-03
-5.522566e-03
4.240482e-03
7.401984e-04
8.931435e-03
1.409092e-02
4.504806e-03
7.299450e-03
2.021594e-02
-3.767865e-03
4.701985e-02
2.876579e-02
-2.696685e-03
1.804147e-02
-1.513793e-02
2.549822e-02
-3.304861e-02
-1.579142e-02
-2.295480e-02
-5.401921e-02
-5.241059e-02
-2.283552e-02
1.474752e-02
-1.739844e-02
-6.073692e-02
-1.325487e-01
-9.754714e-02
1.338539e-02
1.451905e-02
-2.541702e-03
1.024511e-02
1.663739e-02
-4.065944e-03
1.415606e-02
3.197896e-02
7.536450e-03
2.815215e-02
5.624797e-02
-6.390819e-02
9.381397e-03
4.468500e-02
-5.572087e-02
-2.436007e-02
9.946328e-02
5.782719e-02
1.009252e-02
-7.233127e-03
-5.032621e-02
2.364090e-02
2.184806e-02
-6.382110e-03
-1.422694e-02
1.289771e-02
1.009924e-02
1.101389e-01
1.358690e-01
6.538620e-02
-3.760542e-02
2.643244e-02
-4.699114e-02
-7.367950e-02
-6.931384e-02
-8.632229e-02
-1.835669e-01
-1.544926e-01
-1.172056e-01
-1.788646e-02
-5.891709e-03
-7.696055e-03
9.144948e-02
1.775767e-01
1.071808e-01
1.250160e-02
2.610284e-02
2.690935e-02
1.571241e-02
3.178589e-02
2.213588e-02
2.034113e-02
3.043349e-02
2.066252e-02
1.536913e-02
6.188810e-03
-4.193683e-03
2.819075e-02
1.172845e-02
1.441927e-02
1.971390e-02
1.235200e-02
2.379019e-02
1.139641e-02
-1.699677e-02
8.844339e-04
5.877950e-02
-7.133938e-03
9.980128e-03
3.724787e-03
-3.079014e-02
1.563599e-02
1.533111e-02
1.963810e-03
-3.524223e-02
4.574059e-02
7.176481e-03
-9.149094e-03
-3.438969e-02
-2.975519e-02
-1.653454e-02
-1.379281e-02
-1.073326e-02
-1.273008e-02
-3.713474e-03
-3.719037e-03
-1.388807e-02
-1.137552e-02
-1.588332e-02
-8.522717e-03
2.222264e-02
2.238397e-03
-2.606364e-02
-7.833694e-02
-9.260675e-02
1.261930e-02
8.018609e-03
-1.953148e-02
2.491495e-02
4.121626e-03
1.508144e-02
-4.119236e-02
1.326730e-02
1.209647e-02
-3.949497e-02
5.972237e-03
1.438037e-02
-2.557448e-02
3.153442e-02
2.474186e-04
2.932500e-02
-4.579041e-03
-1.534763e-02
1.270106e-02
-2.564444e-02
-1.437966e-02
2.506100e-02
1.342148e-02
6.149540e-03
-1.774416e-03
1.606374e-02
1.864019e-02
1.348373e-02
7.238105e-03
1.722793e-02
3.522914e-02
1.363648e-02
-3.750623e-02
9.665756e-03
1.720224e-02
-6.236202e-03
4.829122e-02
2.914805e-02
-5.803518e-03
2.311292e-02
3.093380e-02
-1.707591e-03
-4.542281e-02
4.405315e-02
-1.663962e-02
-1.142344e-01
-3.363554e-02
-2.281375e-02
-5.754730e-03
1.820769e-03
-1.004077e-03
3.674572e-02
2.315226e-02
1.410747e-02
3.527951e-02
2.864230e-02
2.868831e-03
2.838460e-02
-8.915033e-02
-1.214133e-01
-5.981243e-02
-1.784085e-01
-2.266261e-01
-8.578230e-02
-1.186276e-01
-1.212538e-01
-2.126394e-03
1.062504e-02
-2.519953e-03
1.113815e-02
-1.514581e-03
-3.147839e-02
-4.600026e-02
-2.213468e-02
-3.672501e-02
-1.609439e-02
2.601917e-02
-5.743556e-03
-9.995532e-03
8.328950e-02
-3.393961e-04
-6.364773e-02
3.673656e-02
-1.587854e-02
-2.284702e-02
-5.497957e-02
-1.211194e-02
5.207145e-02
-5.608612e-02
1.495484e-02
8.961198e-02
-1.922810e-02
-1.729187e-02
-1.322290e-02
1.659350e-02
7.550098e-03
4.157943e-03
-9.523129e-03
-1.005954e-02
1.649085e-02
-9.327130e-03
-8.130501e-03
6.616489e-03
-1.430573e-02
-3.025041e-03
7.931338e-03
-2.930136e-03
1.765631e-02
1.417381e-02
-4.402046e-03
1.061694e-03
-2.382931e-02
-9.374785e-02
-1.355366e-01
-1.014551e-01
-4.898122e-02
-1.452194e-02
8.405649e-03
-4.271112e-03
8.878783e-02
6.202598e-02
-3.705119e-03
-6.216000e-03
-2.866793e-02
1.949929e-02
3.920257e-02
2.523889e-02
2.610789e-02
7.107096e-02
7.342961e-02
8.399397e-04
-1.922741e-03
-8.155980e-03
-8.486935e-04
-2.474651e-03
-8.920746e-03
5.676748e-03
2.515522e-03
-3.468719e-03
3.403007e-02
2.316826e-02
2.407848e-02
8.932508e-04
5.486101e-03
-5.230021e-04
-2.420785e-02
-5.447762e-02
-5.185851e-02
-1.710166e-03
3.026329e-02
3.636998e-02
3.741856e-02
2.757029e-02
-8.710251e-03
5.489833e-02
8.763819e-03
-4.974114e-02
-1.907927e-03
-1.862186e-02
-2.157100e-02
-3.320600e-02
-8.088452e-03
4.890755e-03
1.571976e-02
5.451515e-02
6.229809e-02
3.575095e-03
3.719397e-03
1.374547e-02
-2.227331e-04
-6.390343e-04
3.441802e-03
-4.457306e-03
-5.752372e-03
-4.616701e-03
8.430218e-02
1.115914e-01
-1.751514e-02
2.407894e-02
-4.759197e-03
-7.797663e-02
-9.877184e-02
-1.348951e-01
-1.292647e-01
-3.395052e-02
-2.776301e-02
-5.846536e-02
-4.014339e-02
-3.214645e-02
-2.449228e-02
-3.149965e-02
-2.837572e-02
-2.058359e-02
3.398257e-02
2.812405e-02
3.722629e-02
3.164438e-02
4.117841e-02
4.093447e-02
4.059742e-02
6.050754e-02
4.000292e-02
6.343043e-03
3.894587e-02
7.503206e-03
-2.170960e-02
1.166006e-03
-4.055835e-03
4.229236e-03
2.813468e-02
1.567913e-02
-2.553252e-02
-2.854536e-02
-1.181682e-02
-2.275543e-02
-1.198857e-02
2.034429e-02
6.688463e-03
1.361921e-02
1.341771e-02
-1.123308e-02
-1.602730e-02
-3.635968e-02
-3.066364e-03
-2.630325e-04
-1.788449e-02
2.764560e-02
4.224912e-02
3.353929e-02
3.419080e-02
4.885466e-02
2.711235e-02
1.695790e-02
3.186198e-02
8.761761e-03
-2.093834e-02
-4.804694e-03
-8.025484e-03
8.272499e-03
7.252569e-03
7.645913e-04
5.689545e-03
1.080914e-02
6.632248e-03
-1.069096e-02
8.956695e-04
4.211158e-04
-3.707222e-03
-6.048136e-03
6.848219e-03
-7.137811e-03
-8.349353e-03
-6.321390e-03
-1.467072e-02
-1.728556e-02
-6.498463e-03
