3.204264e-04
4.784343e-04
3.759106e-04
3.879834e-04
3.656167e-04
4.147332e-04
3.637926e-04
3.496348e-04
4.021860e-04
3.754081e-04
3.257827e-04
3.226088e-04
3.441465e-04
3.513009e-04
3.218153e-04
3.760402e-04
8.265160e-04
3.267553e-04
3.527646e-04
3.547629e-04
3.971954e-04
3.107953e-04
3.991456e-04
4.939490e-04
3.128095e-04
4.060449e-04
3.646779e-04
4.234237e-04
4.099268e-04
3.586430e-04
3.212505e-04
3.684815e-04
3.364520e-04
3.037425e-04
4.060782e-04
3.151194e-04
3.572670e-04
4.137438e-04
4.197885e-04
4.073486e-04
3.430802e-04
3.842949e-04
3.514614e-04
3.104616e-04
2.912005e-04
3.708746e-04
3.465392e-04
4.336344e-04
4.009405e-04
4.063073e-04
4.027601e-04
3.455550e-04
3.360590e-04
4.278602e-04
3.832684e-04
4.257626e-04
4.455821e-04
4.030580e-04
4.265290e-04
3.234672e-04
3.803940e-04
4.137871e-04
3.243798e-04
4.012619e-04
