-6.583768e-02
-2.104398e-02
1.696471e-02
-1.367260e-02
8.789537e-02
-1.033157e-01
-2.165633e-02
6.310165e-02
-3.170132e-02
2.716963e-02
-7.283361e-02
-7.370925e-02
-1.158287e-02
3.241006e-03
9.289562e-03
-7.506219e-03
-4.327348e-02
-1.795843e-02
-2.689916e-02
-1.670009e-02
4.656957e-02
5.483398e-02
-1.606239e-03
5.787850e-02
-1.669552e-01
-4.700246e-02
8.305079e-02
-1.215729e-01
-5.174855e-02
-5.107225e-02
-1.257515e-01
1.846119e-02
-5.149805e-02
-1.172246e-02
7.773774e-03
-9.096184e-03
-3.513534e-02
-7.411015e-02
-2.006374e-02
-9.125396e-02
-6.284971e-02
-8.127978e-02
-6.088419e-02
2.009485e-02
4.484223e-02
-3.494814e-02
-1.185600e-02
-4.257020e-02
-2.819151e-02
-1.496686e-03
-1.472653e-01
-4.672949e-02
1.475604e-02
2.308717e-02
-1.359403e-01
-3.403321e-02
-1.176464e-02
-1.080292e-01
7.979298e-02
-7.057619e-02
-1.201398e-01
-6.902280e-02
-2.991648e-02
-2.681127e-02
