3.559016e-03
2.983379e-03
2.467425e-03
2.967089e-03
3.242474e-03
2.918839e-03
2.916300e-03
3.749195e-03
3.463920e-03
2.758324e-03
3.029476e-03
3.934444e-03
2.570101e-03
3.480417e-03
2.488819e-03
2.340097e-03
2.022440e-03
2.393094e-03
1.612593e-03
3.615386e-03
2.118046e-03
2.492590e-03
2.571278e-03
1.781558e-03
1.486291e-03
2.629314e-03
1.745261e-03
1.578016e-03
2.522025e-03
1.996003e-03
1.369109e-03
1.630018e-03
1.792783e-03
1.538053e-03
1.638304e-03
1.972499e-03
1.832208e-03
1.569568e-03
1.681756e-03
1.776213e-03
2.498616e-03
2.200078e-03
2.199512e-03
1.795488e-03
2.096380e-03
1.830523e-03
2.460654e-03
1.712377e-03
2.579651e-03
4.323775e-03
1.717518e-03
2.258030e-03
3.353934e-03
2.940394e-03
5.140305e-03
3.192435e-03
3.040096e-03
2.627414e-03
2.479236e-03
2.113958e-03
3.412385e-03
1.958796e-03
2.795620e-03
3.765795e-03
