2.555360e-02
2.030976e-02
2.439868e-02
2.364265e-02
2.599936e-02
2.499848e-02
2.585335e-02
2.709641e-02
2.473662e-02
3.473565e-02
2.381895e-02
2.541882e-02
2.608483e-02
2.332846e-02
2.263453e-02
2.830597e-02
2.958900e-02
2.322151e-02
2.635189e-02
2.612387e-02
2.572721e-02
2.402543e-02
2.388966e-02
2.380656e-02
2.224695e-02
3.856879e-02
2.667435e-02
2.256074e-02
2.335691e-02
2.111491e-02
2.335324e-02
2.318236e-02
2.848407e-02
2.488572e-02
2.744576e-02
2.394357e-02
2.193416e-02
2.312102e-02
2.720772e-02
2.744793e-02
2.428767e-02
2.239311e-02
4.298294e-02
3.320767e-02
2.503483e-02
2.308186e-02
2.877725e-02
2.768648e-02
2.563646e-02
2.189919e-02
3.065775e-02
2.510144e-02
2.595407e-02
2.425771e-02
2.577268e-02
2.416458e-02
3.067949e-02
2.659383e-02
2.917572e-02
2.212015e-02
2.436893e-02
2.381548e-02
2.361292e-02
2.759807e-02
