4.477734e-03
5.369823e-03
4.074276e-03
4.901508e-03
3.899730e-03
4.350830e-03
4.354674e-03
5.425486e-03
3.660042e-03
4.640256e-03
4.037792e-03
1.822683e-03
6.957949e-03
5.893718e-03
5.261011e-03
5.019438e-03
3.143461e-03
3.393523e-03
2.861156e-03
2.744486e-03
2.354122e-03
3.695376e-03
3.826318e-03
4.347715e-03
2.103406e-03
2.785555e-03
2.199767e-03
2.431080e-03
3.450695e-03
3.330921e-03
2.317892e-03
2.284232e-03
2.997783e-03
2.470474e-03
2.728679e-03
2.462823e-03
2.938991e-03
3.009955e-03
2.003117e-03
2.481657e-03
3.317096e-03
2.856038e-03
2.979282e-03
1.849200e-03
2.876343e-03
3.421351e-03
3.414001e-03
3.079765e-03
6.052781e-03
4.633310e-03
4.447677e-03
4.894175e-03
4.689397e-03
4.773473e-03
3.401964e-03
5.809172e-03
4.448975e-03
4.660607e-03
5.279976e-03
5.251288e-03
3.704320e-03
5.214791e-03
3.974903e-03
5.163189e-03
