7.439076e-01
5.788416e-01
7.055720e-01
6.626243e-01
4.890473e-01
9.075915e-01
8.430576e-01
7.833940e-01
6.605939e-01
9.724388e-01
8.345450e-01
8.525827e-01
6.531870e-01
8.646522e-01
8.161765e-01
6.162376e-01
4.439603e-01
4.771469e-01
5.947324e-01
8.872842e-01
7.341785e-01
7.177151e-01
7.895649e-01
6.262566e-01
7.593536e-01
9.968461e-01
6.055358e-01
7.739519e-01
6.504061e-01
8.027309e-01
6.489085e-01
7.419419e-01
6.303973e-01
7.088130e-01
5.941058e-01
1.196494e+00
8.877383e-01
9.215449e-01
7.119693e-01
5.131086e-01
8.329973e-01
8.136167e-01
1.018858e+00
9.717770e-01
6.356548e-01
6.052299e-01
7.584025e-01
4.344562e-01
6.594626e-01
9.207397e-01
6.169306e-01
6.820986e-01
8.688447e-01
5.785279e-01
7.971778e-01
1.199137e+00
1.005239e+00
6.586687e-01
7.119747e-01
7.297691e-01
8.525246e-01
7.344714e-01
7.323420e-01
7.043039e-01
