2.873652e-02
1.303104e-02
-3.421401e-03
2.372790e-02
-1.738507e-02
-2.275525e-02
2.264621e-02
6.185635e-03
-1.674927e-02
-1.362499e-02
1.318063e-02
-7.802980e-03
-3.418588e-02
1.467221e-03
-4.633455e-03
-2.409805e-03
1.204726e-02
1.298242e-02
-6.015715e-02
2.832055e-02
-5.332406e-03
-4.565048e-02
8.241624e-03
2.447092e-02
-1.837623e-02
-1.241364e-02
2.766001e-02
1.151062e-01
-6.905330e-02
7.867807e-03
1.444346e-01
-6.611472e-02
-1.988754e-02
3.114386e-02
-1.689565e-02
-4.699706e-02
1.317268e-03
-1.932672e-02
1.063916e-05
1.995985e-02
-1.116669e-02
4.475767e-03
1.827608e-02
-1.275225e-02
9.573219e-03
2.562444e-03
-1.125881e-02
1.283965e-02
3.939644e-03
-7.422188e-03
1.293388e-02
-1.457090e-02
-7.858063e-03
7.151868e-03
-6.465780e-03
1.061075e-02
-2.577472e-02
-2.715424e-02
3.681855e-02
-7.386020e-03
-2.487726e-02
-1.016023e-02
-2.002983e-02
-1.900775e-02
2.505458e-02
1.392264e-03
-2.176599e-02
2.448527e-03
3.197565e-03
-1.188305e-02
1.705401e-02
1.604425e-02
-1.064054e-02
8.748165e-03
2.266604e-02
2.545353e-03
-1.319721e-02
7.736909e-03
8.440056e-03
3.889459e-03
2.009700e-02
1.895310e-02
-1.616086e-02
-1.273294e-02
5.257646e-03
-1.324756e-02
-1.233239e-02
4.518935e-03
4.822053e-04
3.527007e-04
8.079488e-02
-1.982376e-03
-3.761552e-02
8.365774e-02
-2.654144e-03
-3.333615e-02
1.352914e-02
1.641118e-02
3.725213e-03
2.969649e-03
2.395931e-02
-3.494019e-03
-2.486114e-03
4.593100e-02
-3.250313e-03
1.403108e-02
4.284167e-03
-1.552488e-02
-5.321364e-04
-1.102625e-03
-2.688485e-03
-1.344596e-03
-2.513133e-03
1.973242e-03
-1.354555e-02
-3.513315e-03
8.485510e-03
2.099209e-02
-1.461169e-03
1.851272e-02
1.065764e-02
-2.711415e-03
1.882160e-02
-6.984911e-03
4.303607e-03
-5.684177e-03
-1.136776e-02
1.759614e-03
1.850656e-02
-3.222823e-02
-6.786194e-03
1.548498e-02
-1.889283e-02
3.614755e-03
1.615048e-02
-1.257800e-02
-5.111982e-03
-5.267642e-03
-2.101580e-02
1.720740e-03
-1.355739e-02
-2.733155e-03
1.809428e-03
-1.392035e-02
5.082477e-02
8.473849e-03
-2.134335e-02
1.588273e-02
-4.286983e-02
-5.114661e-04
-4.665729e-02
-3.798110e-02
4.236034e-02
-2.171335e-02
-8.068242e-03
2.805066e-02
-1.436934e-02
-1.057927e-03
6.547562e-03
6.977951e-03
2.436026e-02
3.973832e-03
-3.661290e-02
-1.109252e-02
2.471827e-02
3.577935e-02
2.082897e-02
3.830990e-03
-5.396802e-03
-4.842808e-02
-6.416389e-02
-1.699007e-02
1.780104e-03
1.264145e-02
2.582366e-02
3.192926e-02
7.497343e-03
1.531291e-02
-2.473102e-03
-2.515042e-02
3.221904e-02
1.747459e-02
-1.178109e-02
1.849619e-02
2.002537e-03
-4.058552e-03
-1.272839e-02
-2.032176e-02
-2.321427e-03
1.067368e-02
-1.638460e-03
4.977352e-03
-1.020502e-02
-2.138319e-02
-1.613875e-03
-3.962595e-03
1.518162e-03
1.411500e-02
-2.819057e-02
6.011676e-03
3.937690e-02
1.499703e-04
4.300230e-02
2.390105e-02
-8.718768e-03
4.450015e-03
-2.146639e-02
-9.173470e-03
2.344953e-02
1.810590e-02
3.771215e-02
2.293758e-02
-1.777163e-02
2.419040e-02
-1.980447e-02
-4.317841e-02
1.883932e-02
3.197128e-03
-2.883707e-02
6.132208e-02
1.660538e-03
-4.161111e-02
3.077400e-02
-1.540081e-02
-4.306328e-02
3.218145e-02
8.733567e-03
-1.646556e-02
8.500363e-04
-4.454364e-03
-5.527598e-03
-6.278797e-03
1.852356e-02
2.913328e-02
-2.301532e-02
-7.577725e-02
-5.489022e-02
-9.857886e-02
-4.480647e-02
-1.812052e-02
9.159761e-03
6.104097e-02
8.375458e-02
6.191267e-02
6.201850e-02
7.271869e-03
8.199372e-03
-1.020101e-02
-5.468850e-02
-4.051964e-02
-9.572615e-03
-5.444937e-03
1.449025e-02
1.934343e-02
-2.446948e-02
2.451434e-02
1.122861e-02
-1.861247e-02
-4.620975e-03
-1.443334e-02
2.805358e-03
-3.898468e-02
-1.784766e-02
4.135355e-03
-3.426230e-02
-2.778152e-03
1.937472e-02
4.649652e-03
2.280943e-02
3.703621e-02
-5.789751e-03
-5.773813e-02
3.957429e-03
-5.839073e-02
-5.386902e-02
1.982993e-02
-5.477053e-02
3.304773e-03
6.870245e-02
4.866958e-02
6.816815e-03
-2.396662e-03
2.777714e-02
1.721313e-02
1.081179e-02
-1.974348e-04
9.826887e-04
-8.516744e-03
3.651472e-02
-3.225558e-04
-3.427920e-02
-9.534613e-03
3.876063e-02
5.705192e-03
-8.079792e-03
-9.653413e-03
8.315481e-03
-8.764645e-03
-9.821465e-03
2.429641e-02
2.409275e-02
-1.792612e-02
-4.016681e-03
-3.701066e-02
1.165831e-02
-4.195649e-03
-2.119236e-02
2.014241e-03
3.411017e-02
2.527307e-02
-4.866715e-02
-3.139625e-02
1.551945e-03
3.272369e-02
-2.065558e-03
6.762407e-02
1.955157e-02
-7.978039e-02
-8.705860e-02
1.074316e-01
6.515914e-02
-4.647941e-02
-9.712109e-02
4.034439e-02
1.742941e-02
3.984315e-03
-1.364214e-02
-1.187889e-03
-9.305317e-03
8.319044e-03
1.330958e-03
1.257962e-02
-5.138731e-03
-1.365856e-02
1.003862e-02
2.551059e-02
-1.170210e-02
-2.157922e-02
1.846145e-02
1.480477e-02
-2.305161e-02
-2.342392e-02
-2.063909e-02
3.632227e-02
2.680495e-02
5.198635e-02
-1.234537e-01
4.993422e-02
1.096481e-01
6.634314e-02
-5.374721e-02
-8.639170e-03
1.759931e-02
6.653216e-03
-1.035378e-02
-4.148627e-03
-7.734017e-03
-3.548035e-03
1.369117e-02
-5.614847e-03
-2.496253e-02
6.366676e-03
-1.020858e-02
-5.112548e-03
1.139397e-05
-9.683286e-03
-1.795159e-02
-1.563161e-02
1.594749e-02
-1.253248e-02
6.519390e-03
-3.215410e-02
-1.448485e-02
8.576469e-03
7.463675e-06
-1.245079e-02
-1.144444e-02
2.587398e-03
1.260557e-02
6.268685e-02
-6.405250e-04
-7.430980e-02
-5.214566e-02
4.032108e-02
6.110009e-02
-2.366883e-02
-3.426639e-02
-1.625676e-02
5.022656e-03
-7.378501e-03
-3.581936e-02
2.778398e-02
4.263046e-02
-2.494104e-03
-3.420176e-02
2.433867e-02
1.186364e-02
1.345512e-02
-3.834790e-03
6.010338e-02
5.606423e-02
2.431261e-02
-1.149186e-02
3.955846e-02
-5.419764e-02
-1.203364e-02
1.238765e-02
1.025031e-03
-3.432094e-02
4.045790e-03
-9.267360e-03
-3.998702e-03
8.255377e-03
2.706797e-02
3.211972e-02
-2.852718e-02
-3.525152e-02
3.108425e-02
8.584885e-02
-3.003982e-02
-6.580605e-02
2.520491e-02
3.618880e-02
-7.295941e-03
-3.185139e-04
7.119799e-03
3.761589e-03
-1.854871e-02
1.732963e-02
1.818404e-02
2.381000e-02
-2.292464e-02
3.002776e-02
-9.394314e-03
-5.824469e-02
-1.165262e-02
-2.741075e-02
-3.920560e-02
-3.775355e-02
-2.990067e-02
-1.678127e-02
-8.260384e-02
-8.942904e-02
-4.585701e-02
-5.418099e-02
-5.239920e-02
6.706662e-03
-5.321840e-02
-4.675534e-02
1.086808e-02
-1.575886e-02
-1.554377e-04
-7.364999e-03
-3.079420e-02
9.961935e-03
1.726760e-02
-2.856160e-02
4.268817e-04
1.665395e-02
8.106912e-03
2.038674e-02
1.675707e-02
9.148444e-03
3.147914e-02
2.849149e-02
1.569905e-02
4.171430e-02
2.886074e-02
-5.468471e-03
-1.169452e-02
8.024206e-03
-1.920624e-03
-9.817292e-03
7.721726e-03
-5.693280e-03
-1.500798e-02
3.026658e-03
4.487054e-02
3.908633e-02
2.181225e-02
4.133126e-02
3.205176e-02
-3.455590e-04
5.658818e-02
2.976058e-02
-2.070033e-02
2.020220e-02
-7.344843e-03
-3.288716e-02
1.296876e-02
-9.304895e-03
-2.004491e-02
3.316474e-02
-1.503874e-02
-1.130964e-02
-1.635242e-02
-4.539831e-03
4.862400e-02
5.725485e-03
1.527877e-02
5.063039e-02
2.063693e-02
2.033634e-02
3.867777e-02
-1.356998e-02
-3.073272e-03
-1.437884e-02
-8.455639e-03
1.252373e-02
-1.235458e-02
-2.468404e-02
-2.581100e-02
-3.801794e-02
9.795551e-03
-1.591668e-02
-1.240158e-02
-1.851839e-02
-3.962683e-02
-2.239772e-02
2.238179e-02
1.140925e-02
2.565636e-02
-1.578628e-02
9.254503e-03
6.758244e-03
-5.775603e-03
1.692887e-02
-1.044006e-03
-1.942180e-03
6.236568e-03
1.440247e-02
-1.021964e-02
-7.417973e-03
-4.365642e-03
-9.735957e-03
-9.354824e-03
-1.032664e-03
-1.416602e-02
-5.479726e-03
1.223295e-02
-2.676822e-02
-1.882977e-02
-6.204583e-03
2.720902e-02
5.472992e-02
4.673780e-02
-1.466195e-02
6.778778e-03
1.375873e-02
-2.168613e-02
-2.896378e-02
-6.490141e-03
-4.883530e-02
-5.771504e-02
-3.387442e-02
-6.826617e-02
-8.211508e-02
-4.925964e-02
2.159243e-02
8.807534e-03
5.924207e-03
1.358375e-02
9.403287e-03
1.093745e-02
3.016816e-02
2.613105e-02
2.667106e-02
-7.697135e-03
1.981210e-02
3.728020e-02
-6.155780e-04
4.560872e-02
3.893156e-02
3.076412e-02
3.904634e-02
1.702700e-02
-1.314664e-02
-1.808536e-02
5.506461e-03
-1.381112e-02
-3.485829e-02
1.624144e-02
-1.682109e-02
-1.662337e-02
3.318167e-02
-3.074143e-02
-1.363815e-02
5.727859e-03
-2.950692e-02
1.152965e-02
4.857466e-02
-3.971089e-02
-6.555690e-03
6.121410e-02
-1.597467e-02
8.797490e-03
1.053301e-02
-2.127407e-02
-1.761315e-02
5.093142e-02
-7.378126e-03
-2.450411e-02
7.444728e-02
1.144797e-02
-1.448304e-02
-1.409279e-03
3.397743e-02
3.494992e-03
-2.361526e-02
2.132494e-02
4.511640e-02
-2.532758e-02
2.743481e-04
-1.955978e-02
-1.698922e-03
2.386292e-02
-6.712905e-03
-1.301417e-02
9.872301e-03
-1.024673e-02
-1.578735e-02
1.419173e-02
6.277627e-03
1.035799e-02
1.020447e-02
1.056484e-02
-1.415281e-02
5.922289e-03
1.168909e-02
-1.922776e-02
-1.071465e-02
3.138764e-02
1.217350e-03
-2.208339e-02
3.481677e-02
1.098448e-02
-3.452209e-02
2.430648e-02
1.181125e-02
1.042263e-03
-7.563417e-04
-1.522767e-02
3.890605e-03
5.377148e-04
-3.012557e-02
1.446670e-02
6.715578e-03
-2.706344e-02
1.462444e-02
-7.105115e-03
9.412255e-03
1.816756e-02
-7.317050e-03
-2.854532e-02
3.105897e-02
-1.425482e-02
-3.077426e-03
-1.003055e-02
-4.673559e-03
2.615379e-03
7.725128e-03
-5.256467e-03
-1.323776e-02
1.139676e-02
3.436413e-03
-7.929636e-03
6.231863e-03
4.676812e-02
-4.838872e-02
1.113980e-02
1.089221e-01
-6.602629e-02
-3.296161e-02
1.496877e-01
-4.666839e-02
-1.225200e-02
1.476488e-02
3.865868e-03
-3.953970e-02
1.991411e-02
4.972994e-02
-5.668701e-02
-7.418772e-03
2.014183e-02
9.448269e-03
4.932349e-03
1.054550e-02
-6.062961e-04
-3.479209e-03
1.205796e-02
-7.433049e-03
2.043584e-03
-4.194214e-03
3.530348e-02
-2.605693e-02
6.365238e-03
5.270299e-02
-3.161379e-02
-2.746161e-02
6.372555e-02
-1.740098e-02
-6.748956e-02
2.574770e-02
-1.799637e-02
-1.965152e-02
9.423128e-03
-3.189151e-02
4.371538e-02
-4.029868e-04
-7.180870e-02
4.402084e-02
4.035423e-03
-2.900329e-02
6.031779e-03
1.376062e-03
-1.841968e-02
3.561203e-03
1.517669e-03
-7.690166e-03
8.860674e-03
-1.936376e-02
9.411279e-03
4.995087e-02
-5.342982e-04
1.049202e-02
9.374319e-03
1.704042e-02
1.233481e-03
4.819353e-03
-3.100149e-02
-8.377028e-03
-3.859315e-02
1.652499e-02
1.062796e-02
-2.171755e-02
2.144806e-02
-2.160597e-03
-3.677156e-02
5.774602e-02
2.476026e-02
-1.637926e-02
6.881161e-02
1.950976e-02
5.473480e-03
2.368243e-02
3.772696e-02
3.194797e-02
2.681267e-03
2.349982e-02
2.858199e-02
1.457613e-02
4.761830e-02
6.704900e-02
1.532103e-02
2.954338e-02
4.132414e-02
9.051967e-03
-1.103786e-02
-2.884659e-02
5.632072e-03
-1.029665e-02
-1.888684e-02
2.162547e-02
-3.735481e-03
-1.895911e-02
2.974537e-02
-1.319908e-02
-3.794636e-02
4.146231e-02
-2.048582e-03
-3.655739e-02
1.634786e-02
-5.490039e-03
-2.881539e-02
-1.767894e-02
1.218610e-03
1.431682e-02
-4.266701e-02
-2.125889e-02
-1.380657e-02
-3.018911e-02
-1.547513e-02
5.287759e-03
1.718610e-02
-1.430581e-02
-3.231945e-02
-2.216154e-03
-1.072316e-02
-1.510271e-02
-1.920896e-02
-3.294469e-02
-3.366060e-02
-1.194402e-02
-2.067215e-02
-2.024473e-02
-2.263983e-02
-7.337940e-03
2.372197e-02
-2.450290e-03
-1.252121e-02
1.808077e-02
3.792372e-02
1.967087e-02
4.484813e-03
4.343045e-02
1.941485e-03
-2.013332e-02
1.219047e-02
-2.334591e-02
-2.362240e-02
-7.432639e-02
-7.940282e-02
-3.913339e-02
-8.748479e-02
-1.011874e-01
-3.902667e-02
-8.532111e-02
-1.328595e-01
-5.558991e-02
-1.984458e-02
9.928059e-04
1.396426e-02
-3.538969e-03
-1.162621e-02
-3.930812e-03
-3.102403e-02
-1.088460e-02
-2.244745e-02
-1.989793e-02
-8.643390e-03
-4.401454e-04
2.120259e-03
2.756982e-03
-7.119299e-04
1.314881e-02
2.800841e-03
-1.412034e-02
2.373979e-03
-8.957752e-03
6.810922e-03
-2.644520e-02
-1.794528e-02
1.619666e-02
-7.603962e-04
3.453618e-04
3.248194e-02
8.332022e-03
9.262426e-03
2.816037e-02
3.288537e-02
2.093830e-02
1.886585e-02
2.815541e-02
2.003326e-02
-1.861105e-02
1.957810e-03
2.263484e-03
1.591356e-02
-1.786560e-04
9.783479e-03
2.676701e-02
5.070121e-03
1.020854e-03
2.381619e-02
2.930663e-02
4.035876e-02
-4.064333e-02
2.921405e-03
6.284749e-02
6.276106e-02
-4.614478e-02
-2.368850e-02
-4.078496e-03
-2.418366e-02
-2.236323e-02
2.641706e-02
3.789040e-03
-1.120907e-02
-2.709477e-02
4.342644e-02
2.345176e-02
-3.928981e-02
5.034467e-03
-2.404855e-02
2.046517e-03
1.666878e-02
-2.245997e-02
-2.159378e-02
5.018986e-02
4.728888e-02
3.213477e-03
-1.083565e-02
-3.402163e-02
-3.600486e-02
2.935621e-02
1.372305e-02
-1.138303e-03
5.493761e-02
3.602165e-02
2.242326e-02
1.098733e-02
1.447127e-02
2.601737e-02
-1.030037e-02
-1.477745e-02
1.602396e-03
-2.159427e-03
-3.330211e-02
-4.237922e-02
-2.696697e-02
7.553035e-03
3.550726e-02
-3.617992e-02
2.484433e-03
2.797921e-02
-2.549284e-02
-2.474792e-02
-1.114061e-02
1.782035e-02
-1.453000e-02
8.674996e-04
4.995323e-03
1.637801e-02
-1.315060e-03
2.789271e-02
2.460803e-02
2.933601e-02
3.580814e-03
-1.098267e-02
-1.606038e-02
2.436270e-02
-4.955929e-03
-6.895953e-02
3.242611e-02
3.996099e-02
-1.619825e-02
4.336328e-02
-1.672662e-02
-1.366439e-02
3.367791e-02
-4.996994e-02
-6.483389e-02
8.027402e-02
5.040125e-02
-3.059783e-02
4.757585e-03
7.269596e-02
6.182038e-02
-3.963054e-02
4.237423e-02
8.331670e-02
-1.175539e-01
-6.911101e-02
1.178186e-02
-2.008751e-02
-2.261221e-02
1.362316e-02
-3.547836e-03
-3.631989e-02
-4.431019e-02
3.753743e-02
1.089958e-02
1.132582e-02
-2.157819e-02
-3.282258e-02
1.508178e-02
4.308704e-02
-2.517596e-02
-2.651761e-02
2.854816e-02
-5.643774e-03
-7.339118e-03
-2.035512e-02
-2.146736e-02
-1.872999e-03
-9.609127e-03
-4.624984e-02
-1.114145e-02
-2.632066e-02
-3.058602e-02
-1.841242e-02
-8.035386e-03
1.022608e-02
1.541461e-03
-1.102208e-02
1.073430e-02
3.005401e-02
-2.068704e-02
-2.730338e-02
-1.046598e-02
-6.783798e-04
-2.195710e-02
-2.114882e-02
5.779565e-02
4.584001e-02
1.365477e-02
5.261164e-02
6.258418e-02
2.624813e-02
-1.181828e-02
-5.268684e-02
-2.815538e-02
5.422896e-03
-3.504270e-02
-7.486547e-02
4.475703e-02
3.163338e-02
-1.590696e-02
2.504283e-02
-1.229448e-02
-1.126468e-02
-1.714117e-02
-1.974599e-02
1.877713e-02
-1.192206e-02
3.178984e-03
4.998533e-03
-1.185268e-02
5.571628e-03
-1.091217e-02
1.515064e-02
3.991034e-02
2.179170e-02
3.438119e-02
1.790110e-02
-1.408189e-02
-4.770461e-03
-3.664500e-03
-2.699156e-02
-4.425610e-02
-6.870424e-02
-5.918020e-02
-2.250337e-02
-2.763828e-03
2.408499e-02
1.008456e-02
2.604841e-02
1.698279e-02
1.522551e-02
2.789264e-02
-2.220264e-02
-5.244507e-02
-3.698019e-02
-2.695823e-02
-3.365986e-02
1.506051e-02
2.656492e-02
-7.353419e-03
2.459390e-02
3.520353e-02
-7.846312e-03
6.359073e-03
5.462651e-03
-3.587580e-02
-2.163576e-02
-2.101537e-02
-2.132623e-02
9.238939e-03
2.355588e-02
-3.185847e-02
1.684144e-02
5.514351e-02
-8.194626e-03
4.263625e-03
-1.074729e-02
3.225594e-03
-7.114764e-03
1.822852e-04
-1.374208e-02
-1.422816e-02
-1.349569e-02
-3.754649e-02
5.012889e-04
1.515783e-02
2.128688e-04
8.972864e-03
2.966674e-02
8.281442e-03
6.277059e-03
2.087842e-02
-1.646817e-03
5.764724e-03
-2.080026e-02
1.661701e-02
5.505839e-03
1.545657e-03
2.941907e-03
-4.307467e-03
-3.372435e-02
-2.049061e-02
-3.827222e-02
-4.013257e-02
-5.793013e-03
1.810161e-03
1.603052e-02
-1.832773e-02
6.361644e-03
1.764736e-02
-6.238462e-02
-2.269362e-02
8.660202e-03
6.429669e-02
1.165990e-01
7.265013e-02
5.182980e-02
5.409256e-02
-2.878497e-03
-1.579343e-02
-4.264607e-02
-4.761606e-02
-2.692288e-02
-9.723423e-04
3.037562e-02
6.108506e-02
4.359233e-02
4.214963e-02
1.250488e-02
-2.218433e-02
-4.076691e-02
-8.160085e-03
-2.950235e-02
-1.302422e-02
-7.135995e-03
-1.296106e-02
-1.162808e-03
-2.372321e-02
5.207395e-03
6.204761e-03
2.859651e-02
1.008046e-02
-2.222756e-02
-3.308143e-02
-4.328288e-02
-4.577858e-02
-4.424797e-02
-5.016730e-03
1.349538e-02
-1.552968e-02
6.229527e-02
6.557561e-02
2.099590e-02
4.532621e-02
1.880293e-02
4.381828e-03
5.033724e-02
5.649215e-02
4.320543e-02
5.590994e-02
1.565697e-02
4.253428e-02
6.642041e-02
9.829657e-03
-4.457424e-02
1.730827e-02
8.608893e-02
-5.711600e-02
-9.505732e-02
-1.096701e-02
4.131765e-02
-4.503558e-02
-9.806859e-02
-3.334382e-02
-4.791715e-02
-5.665103e-02
4.548193e-02
2.931640e-02
-3.659093e-02
5.211705e-02
8.811731e-02
7.176066e-02
-1.138422e-02
-1.652629e-02
-2.344979e-02
1.776418e-02
1.530824e-02
1.194963e-02
4.870449e-03
4.790008e-02
3.376046e-02
-1.769070e-02
-1.589646e-02
1.730603e-02
-2.490192e-03
-5.955121e-03
1.162145e-02
1.075606e-02
-2.560346e-03
-1.637558e-02
2.733049e-02
8.741505e-03
-3.389264e-02
2.360172e-02
2.008235e-02
-2.747575e-02
2.387082e-02
3.672594e-02
1.135715e-02
-2.085757e-02
-3.319262e-02
-3.340128e-02
-1.014424e-02
-1.290241e-02
-8.940280e-03
1.401436e-02
1.664157e-02
3.697844e-03
-6.503351e-03
1.707574e-02
-7.055804e-03
1.219335e-02
2.447803e-02
4.737880e-02
2.778846e-02
6.495302e-02
2.810659e-02
3.066919e-03
3.211188e-02
-1.292512e-02
-3.021390e-02
2.438336e-02
2.512236e-02
-7.185224e-02
-3.618652e-03
4.432000e-02
-3.012343e-02
-3.913753e-03
-4.341017e-02
2.025306e-02
2.806959e-02
-7.904516e-03
-3.519643e-03
4.836744e-02
3.325309e-02
-2.501879e-02
-1.588677e-02
8.739067e-03
-8.541714e-03
-1.648514e-02
-8.419737e-03
3.285044e-02
3.554595e-02
2.775880e-03
-3.018104e-02
-1.684239e-02
-8.001462e-03
4.841355e-03
-2.904378e-02
-4.143473e-02
1.804852e-02
3.781811e-02
1.386870e-02
2.428329e-02
-7.469171e-03
-1.244632e-03
-7.141884e-03
-3.356767e-03
-4.646359e-03
1.062782e-02
-1.124125e-02
-1.438589e-02
-1.507961e-02
-2.429915e-02
-1.616086e-02
-4.780511e-02
-4.823039e-02
-1.321999e-02
-1.114586e-02
-4.138566e-02
-9.899572e-04
-1.339394e-02
-6.241613e-03
-1.068975e-02
-1.218799e-02
-3.198262e-03
-4.554276e-03
-1.252884e-02
1.583226e-03
-1.704951e-02
1.340589e-02
4.985135e-02
3.619636e-02
2.038072e-02
5.962732e-02
7.336308e-02
-2.568368e-02
-5.093826e-02
-8.168407e-05
-1.110555e-02
-6.901151e-04
-2.511653e-02
-9.233561e-03
1.095073e-02
-1.334536e-02
-2.559618e-02
4.502631e-03
-1.196542e-02
-2.706444e-03
-2.449503e-02
-2.373407e-03
7.113551e-04
-1.173948e-02
1.644721e-02
-2.255635e-03
9.353274e-03
5.221944e-03
-1.109263e-02
3.640824e-03
9.530316e-03
-2.636790e-03
-9.484136e-03
1.762089e-02
-3.566824e-03
-6.694441e-03
1.013191e-02
-2.448484e-02
3.548199e-02
-1.752475e-02
-4.268121e-03
3.039569e-02
-1.991246e-02
3.869563e-02
-6.755652e-02
4.047737e-02
5.863434e-02
-8.423798e-02
1.965568e-02
-8.289992e-03
-1.465241e-02
3.420274e-02
-8.363388e-02
1.233429e-01
-6.821389e-02
1.169729e-02
-9.596316e-03
-5.611135e-03
2.906800e-03
9.354232e-05
-1.044353e-02
-1.250915e-02
2.352531e-02
-1.935951e-02
8.091342e-03
7.958764e-03
-3.103688e-03
8.625963e-03
3.529907e-03
-1.764853e-02
2.774101e-03
7.723735e-03
-1.865654e-02
-2.318409e-02
4.566382e-02
5.022713e-03
-4.614085e-03
4.642862e-02
-4.203426e-02
3.250187e-02
8.368170e-03
2.071253e-03
-1.213381e-02
1.724593e-02
-3.318171e-03
6.841947e-03
1.241369e-02
-1.094846e-02
1.404776e-02
-5.704715e-03
-1.086458e-02
-1.526537e-02
1.292938e-02
-1.590359e-02
-1.597558e-02
2.463991e-02
-1.256691e-02
-1.238552e-02
2.014942e-02
-1.399577e-02
-1.124033e-02
4.016467e-03
1.146058e-02
-4.548337e-03
1.657348e-02
7.595466e-03
-8.260607e-03
-2.972114e-04
1.759676e-03
3.075419e-02
-4.054729e-02
2.307118e-02
4.496675e-03
-4.121844e-02
4.353559e-02
-5.333326e-02
7.155307e-02
-4.217883e-02
-1.853831e-02
2.077279e-02
-1.443062e-03
5.799214e-03
2.518985e-03
2.690711e-03
2.220380e-02
-1.015099e-02
1.479859e-02
3.520875e-03
-9.237187e-03
-1.781977e-02
8.677775e-03
-1.135242e-02
7.657820e-03
1.116316e-02
5.839483e-04
4.010764e-03
5.090177e-03
-1.665684e-02
1.304082e-02
-1.824003e-02
-3.205410e-03
7.690890e-03
-1.033138e-02
7.786451e-03
-2.032538e-03
3.785395e-02
-2.752091e-02
-1.013978e-02
4.108231e-02
-5.350049e-02
2.514185e-02
1.474600e-02
-3.609834e-02
3.563014e-02
-3.154932e-02
3.956245e-02
2.404187e-02
-2.519314e-02
3.820413e-02
-7.349635e-03
-6.281548e-03
-1.044859e-04
7.911284e-03
1.889211e-03
-3.270420e-02
-2.795497e-02
-2.462268e-02
-1.375855e-02
2.704620e-02
-2.077462e-02
1.472647e-02
4.531853e-02
3.013482e-02
1.213684e-02
-1.751974e-02
-1.285030e-02
-2.332625e-02
-9.751903e-03
-1.991517e-02
-5.296280e-03
2.842886e-02
-4.516371e-02
-3.690172e-02
2.421109e-02
5.197811e-03
3.596307e-02
8.009394e-02
4.986370e-02
4.486585e-02
1.635178e-02
7.771441e-03
-4.851500e-03
-1.257481e-02
-6.249783e-02
-1.681768e-02
2.311407e-02
-3.093868e-02
5.827267e-03
1.708596e-02
1.234411e-02
4.583460e-02
7.956576e-03
4.123747e-02
3.970823e-02
-4.628736e-03
2.197751e-02
2.152551e-02
-1.764196e-02
-1.984910e-02
1.091481e-02
2.947110e-02
-1.704147e-02
5.527928e-03
1.216267e-02
-4.096103e-02
-1.361370e-02
-7.610153e-03
9.501588e-03
2.757599e-02
4.801443e-03
1.905206e-02
2.494440e-02
1.765472e-03
7.019354e-03
1.209065e-02
-3.304955e-02
3.530783e-03
-7.783731e-03
-2.377159e-02
1.278790e-02
-2.332727e-03
-1.473077e-02
-1.179302e-02
-1.173999e-02
4.513907e-03
-2.430373e-02
1.318033e-02
-1.423211e-02
4.760203e-02
2.978894e-02
-3.189423e-02
2.945958e-02
1.129804e-02
-4.764891e-02
-7.759338e-02
-5.701132e-02
-8.396917e-03
-4.427470e-02
1.145050e-03
4.078789e-02
1.145031e-02
4.056448e-02
3.839714e-02
5.633404e-02
3.265091e-02
1.463376e-02
7.382035e-03
-3.871116e-02
-4.431587e-02
-7.399792e-02
-6.421468e-02
-7.663201e-03
-4.146639e-02
5.847784e-03
1.919600e-02
5.576261e-02
7.469241e-02
5.889878e-02
2.998603e-02
1.820073e-02
-1.433816e-02
-1.555363e-02
-2.073747e-02
-2.995680e-02
-8.461789e-03
-1.239982e-02
-4.566018e-02
1.734587e-02
-4.446133e-03
-2.324848e-02
1.510090e-02
-7.998375e-03
-1.672511e-02
-5.481545e-02
-5.034589e-02
-1.231840e-02
-5.726426e-02
-1.373057e-02
2.055806e-02
2.299010e-02
3.049491e-02
-3.708584e-03
6.759986e-03
-2.893119e-02
-3.947334e-02
-9.476022e-03
-7.031573e-02
-3.100635e-02
-3.056906e-02
7.402585e-03
-1.807313e-03
4.021752e-02
4.699533e-02
5.395202e-02
5.434155e-02
5.260387e-02
2.883129e-02
-1.262929e-02
-4.993329e-03
-4.216193e-02
-2.426658e-02
3.102568e-03
-1.132013e-03
-1.959832e-02
8.045056e-03
6.393983e-03
-2.387151e-02
2.459543e-02
-1.003308e-02
-1.039058e-02
4.915832e-02
-8.181434e-03
-3.365291e-02
4.799776e-02
2.118402e-03
3.615936e-02
2.121383e-02
2.813137e-03
-1.518618e-03
4.091196e-02
3.778987e-02
-2.278453e-02
1.144819e-02
4.548896e-02
-6.260321e-02
-2.033719e-02
5.831015e-02
-6.411263e-02
-6.631874e-02
5.765305e-02
-1.462442e-02
-4.451916e-02
5.111750e-02
-8.094206e-03
-1.234232e-03
8.777876e-03
-2.424136e-03
-2.035852e-02
-1.099955e-02
-1.512558e-02
-3.404775e-02
-2.391364e-02
1.415708e-02
8.739878e-03
1.083809e-02
-3.060702e-03
-1.480653e-02
-1.115910e-02
-1.146456e-03
-4.548319e-03
-4.523943e-03
2.050332e-02
-1.409849e-02
-2.152482e-02
5.403287e-02
1.352770e-02
-2.418943e-02
4.221329e-02
2.844104e-02
2.070467e-03
6.982455e-03
-1.775929e-02
-1.264158e-02
1.433499e-02
-1.944626e-02
-1.541777e-02
1.713574e-02
-2.433630e-02
-1.447041e-02
6.147905e-03
-2.923907e-02
1.085278e-02
1.666399e-02
-3.696784e-02
-1.208580e-03
2.386400e-02
-3.150786e-02
3.092526e-04
-1.290421e-02
1.192510e-02
8.004092e-03
-1.074808e-02
-6.750220e-03
3.800596e-03
-6.796821e-03
-6.784015e-03
1.114901e-02
5.347966e-02
-3.167825e-02
-4.736971e-03
8.312157e-02
-4.213614e-02
-6.280159e-02
9.524091e-02
-5.209129e-03
-7.583213e-02
7.365384e-03
2.504734e-02
-6.372405e-03
3.588451e-02
5.328666e-02
-1.890565e-02
2.581815e-02
3.007355e-02
-9.895178e-03
2.855060e-03
-2.857324e-03
2.134786e-02
5.246645e-02
2.015920e-02
3.703481e-02
1.625375e-02
3.368789e-03
2.040173e-02
-3.491461e-02
-1.548885e-02
2.413431e-02
-2.453846e-02
-3.896155e-02
4.247303e-02
-1.846751e-02
-5.717360e-02
1.209973e-02
-2.284131e-02
-1.317921e-02
3.454914e-03
-8.397950e-03
2.292296e-02
3.771060e-02
-2.663366e-02
2.450415e-02
4.458825e-02
-3.056160e-02
-3.182491e-02
1.231160e-02
-1.921715e-02
-1.042327e-02
1.287334e-02
-6.270706e-03
-2.767993e-02
-3.532657e-03
3.991335e-02
4.614926e-02
2.098778e-02
3.618534e-02
2.210202e-02
-1.535715e-02
2.610548e-02
-1.312892e-02
-1.640049e-02
-3.470887e-02
-9.577857e-03
-4.114940e-03
4.158518e-03
4.908321e-02
4.910875e-02
1.354044e-02
3.675378e-02
8.434526e-03
-1.239713e-02
-8.360812e-03
1.539248e-02
-2.316126e-02
-5.269275e-03
1.892803e-02
-4.602590e-03
-1.878035e-03
2.541037e-02
-1.327125e-02
2.430295e-03
3.234982e-02
1.780638e-02
5.071571e-02
5.483088e-02
2.572170e-02
3.781629e-02
4.580539e-02
2.905745e-02
2.016917e-02
-1.505167e-02
2.064419e-02
1.600544e-02
5.387235e-03
-2.064718e-02
-1.709500e-02
-2.059227e-03
3.115374e-02
8.788850e-03
-6.235745e-03
2.363272e-02
1.037254e-02
-3.037502e-03
-9.915310e-03
-1.385011e-02
-5.545225e-03
-2.792646e-02
-5.069524e-02
-3.694646e-02
-3.624434e-02
-3.781106e-02
4.944280e-03
3.049365e-03
1.249402e-02
2.295331e-02
8.470068e-03
1.472468e-02
2.979656e-02
1.049472e-02
2.990151e-02
1.575281e-02
4.044544e-02
3.979746e-02
2.703525e-05
-4.914572e-02
-3.442510e-02
-1.449889e-02
-3.884884e-02
-1.697098e-02
4.916552e-02
6.183418e-02
6.975766e-02
8.163138e-02
8.628966e-02
6.636810e-02
1.782960e-02
3.154073e-02
-1.261026e-02
-5.579594e-02
-7.363861e-02
-1.132126e-01
-1.025956e-01
2.610226e-02
2.442617e-02
5.125175e-05
7.399577e-03
1.992823e-02
5.450328e-02
-6.584329e-03
9.898396e-03
4.810454e-03
-9.677527e-03
-8.937272e-05
-6.132080e-03
5.841736e-03
2.270376e-03
1.081196e-02
-1.150352e-02
1.369344e-02
3.715025e-02
6.671615e-03
-3.456561e-03
-1.038141e-04
-2.142608e-02
-8.000041e-03
9.783121e-03
-2.509749e-02
-2.302697e-02
-2.005230e-02
2.049995e-02
2.546697e-02
2.166455e-02
-9.831838e-03
-3.317408e-02
-4.161751e-02
-2.440325e-02
-5.272978e-02
-4.541125e-02
3.958437e-02
6.142509e-02
7.129332e-02
2.031350e-02
2.690545e-02
1.156697e-02
-1.020931e-02
7.409100e-03
5.102109e-03
-1.958571e-02
-6.073264e-02
-3.983609e-02
-3.169785e-02
-2.586560e-02
6.552809e-03
1.257015e-03
1.410841e-02
2.561471e-02
-1.026857e-02
7.163992e-03
1.893578e-02
-2.817624e-02
-2.881104e-02
-1.857159e-02
-2.184412e-02
-3.363049e-02
-2.886501e-02
4.603499e-02
4.807874e-02
5.046638e-02
1.178941e-02
-8.875549e-03
1.826396e-02
1.294188e-02
-1.497747e-02
8.314944e-03
-1.007939e-02
-1.045909e-02
-4.324514e-03
-2.909767e-03
1.430286e-02
-6.960066e-03
-9.432502e-03
9.850919e-03
2.058110e-02
-1.188592e-02
1.114458e-02
3.625736e-03
1.568286e-02
5.284856e-02
4.632045e-02
-9.795341e-03
3.809369e-02
3.568416e-02
3.901570e-02
1.078800e-02
2.215350e-03
1.148839e-02
-3.939589e-03
-1.337247e-02
-6.753775e-03
-1.852909e-02
-3.627222e-02
1.180299e-02
-1.655841e-02
-1.496294e-02
7.185157e-03
-1.429050e-02
-2.015127e-02
3.988506e-03
5.327611e-04
-9.032873e-03
-3.694667e-03
1.622951e-02
1.472498e-02
-1.004445e-02
3.663846e-02
4.251673e-02
1.749888e-02
4.602863e-02
4.192508e-02
-2.193595e-03
-4.349892e-03
-9.195233e-03
-1.682677e-02
-2.310891e-02
-4.379268e-02
-2.364176e-02
-3.421515e-02
-3.468783e-02
-2.114029e-03
2.219992e-02
4.289451e-02
-1.251819e-02
2.901684e-02
2.876545e-02
-3.795770e-02
7.986786e-03
-7.164641e-03
1.918008e-02
2.620124e-03
-5.345169e-03
2.005853e-02
-1.046009e-02
-2.559308e-02
1.905974e-02
-2.916894e-02
-5.267716e-02
-1.168888e-02
-3.885140e-02
-2.170913e-02
2.464818e-02
1.606144e-02
1.216799e-03
6.370971e-02
5.070763e-02
2.048730e-02
-9.620558e-03
-1.443913e-02
-1.540271e-02
1.724858e-03
-4.688859e-04
-6.939474e-03
2.593648e-02
2.570897e-02
1.450454e-02
-2.282132e-02
-1.715054e-02
-6.336782e-03
-2.157271e-02
-3.384255e-02
1.313604e-02
1.257556e-02
2.020419e-02
3.861814e-02
-4.211043e-02
-7.943255e-02
-7.220619e-02
-8.445735e-02
-1.489384e-01
-1.342137e-01
-7.305805e-02
-1.298470e-01
-1.227785e-01
-3.381768e-03
9.832103e-03
2.879007e-02
-1.127501e-02
1.164674e-02
1.770412e-02
-4.112375e-02
-3.958520e-02
-1.649117e-02
3.937144e-02
1.952671e-02
7.166019e-03
3.825055e-02
3.465197e-02
1.502512e-02
3.326010e-02
4.634834e-02
5.701812e-03
-8.570550e-02
-1.090453e-01
-9.897543e-02
3.625398e-02
-1.094955e-02
-4.519713e-02
8.680388e-02
7.633770e-02
4.074790e-02
-9.191181e-03
-2.883920e-02
-3.862105e-02
1.681478e-02
2.453321e-02
1.054937e-02
2.141713e-02
4.029558e-02
6.721559e-02
-1.037037e-02
-1.188311e-02
-9.177668e-03
-3.284895e-02
-1.668505e-02
-1.003215e-02
-3.957641e-03
1.172894e-02
1.125524e-02
4.795053e-03
2.271890e-03
1.608977e-03
4.015915e-03
1.605815e-02
-3.134984e-03
3.057555e-02
2.892073e-02
1.310165e-02
3.639209e-02
1.931232e-02
-6.584278e-03
4.398324e-02
2.022277e-02
6.052462e-03
5.194083e-02
4.073049e-02
1.460014e-02
2.928826e-02
2.955912e-02
3.030698e-02
4.621857e-03
1.243403e-02
2.366900e-02
-2.008235e-02
-2.910830e-02
-2.723025e-02
2.697255e-03
-1.116093e-02
-2.063098e-02
-2.015294e-02
-6.276104e-03
-5.575619e-03
-1.857102e-02
3.188733e-03
1.659161e-02
-3.731743e-02
-7.455707e-05
1.040418e-02
-7.360141e-02
-4.873851e-02
-3.707056e-02
-3.896684e-02
-3.893517e-02
-3.897654e-02
1.872961e-02
7.761919e-03
1.259354e-03
1.804759e-02
1.071952e-02
3.285107e-02
-7.620536e-03
-1.103899e-02
-1.230256e-02
-3.749739e-02
-4.463247e-02
-6.111261e-02
2.009720e-02
1.953128e-02
-4.700174e-03
2.924029e-02
5.352749e-02
4.875898e-02
-1.826572e-02
-9.821727e-03
1.240444e-03
-1.034532e-02
-1.731446e-02
-6.196726e-03
3.094973e-02
1.734607e-03
9.385319e-04
5.516326e-03
-9.594363e-03
-2.206290e-02
5.035636e-03
-1.478396e-02
-2.642842e-02
4.597524e-03
-9.636276e-03
-1.563529e-02
-1.309446e-02
-8.511886e-03
3.583724e-04
-1.251869e-02
-1.305273e-02
-1.889024e-02
-8.135343e-04
-5.350631e-03
-1.673282e-02
6.343792e-03
-1.163650e-03
-1.205865e-02
1.599108e-02
1.560974e-02
1.875572e-02
-5.587501e-03
-6.004276e-03
6.952418e-04
9.662539e-03
-7.417904e-03
-2.443706e-02
3.680971e-02
1.650355e-02
1.019765e-02
3.517844e-02
3.545468e-02
1.667922e-02
2.734756e-03
-9.527812e-03
-1.565965e-02
-2.030976e-02
-3.245817e-02
-4.063630e-02
2.177620e-02
-1.663976e-02
-1.636348e-02
4.895397e-03
2.776574e-02
2.756243e-02
-9.107385e-03
-6.806161e-04
1.189758e-02
-3.549358e-02
-2.616159e-02
-3.815383e-02
2.908766e-02
1.134114e-02
1.247810e-02
2.326973e-02
8.343070e-03
-2.387343e-03
-4.577495e-03
-1.282898e-02
-2.835304e-03
-1.147222e-02
-4.690347e-02
-2.023541e-02
3.457335e-03
-2.932727e-02
-2.684664e-02
-1.098419e-03
-2.474641e-02
-2.003620e-02
-2.283663e-02
-2.730982e-02
-3.731382e-02
4.983910e-03
1.552101e-02
-9.737908e-03
2.040438e-02
2.861806e-02
3.417461e-02
1.328302e-02
2.647982e-02
2.843173e-02
-4.895993e-03
-6.517943e-04
-1.302777e-02
-2.628068e-02
-2.161189e-02
-1.928171e-02
-4.621026e-03
-5.264470e-03
-1.223365e-02
-3.117427e-04
3.360196e-03
-7.728509e-03
-2.011697e-02
3.571719e-03
5.588710e-03
-2.449499e-02
-2.084551e-02
5.232100e-03
-1.902674e-02
-2.754536e-02
-5.424851e-03
-2.376368e-02
-3.773408e-02
-9.455074e-03
-9.121758e-03
-1.134227e-03
-1.912403e-02
-1.430892e-02
-2.142539e-03
-2.300178e-03
-1.531050e-02
-1.680888e-03
2.894489e-03
-2.629280e-03
1.352322e-01
1.986800e-01
-6.091663e-02
3.656268e-02
1.404610e-01
-1.378834e-01
-5.138095e-02
3.040721e-02
-1.523326e-02
-3.354893e-02
-6.068832e-02
1.560746e-02
9.118501e-03
-2.149402e-02
3.772991e-02
3.805950e-02
-2.121720e-03
-2.734540e-02
-4.652263e-02
-1.089413e-02
1.287590e-02
-2.712447e-02
-1.745792e-02
3.405368e-02
1.368125e-02
-6.667885e-03
2.087569e-02
-1.134635e-02
1.187180e-03
-1.878660e-04
4.637948e-03
1.874050e-02
1.790061e-02
-1.012171e-02
-1.405092e-03
-1.331389e-02
-4.213581e-02
-3.241773e-02
-2.486076e-02
-5.105264e-02
-3.664684e-02
-1.164231e-02
-3.068823e-02
-1.736338e-02
-2.775419e-02
-1.671420e-02
-2.812368e-02
-1.760490e-02
-3.623776e-03
3.523870e-05
-4.191681e-03
1.253787e-02
2.036956e-02
-2.547580e-02
-9.003045e-03
3.101569e-02
-5.011877e-03
1.429666e-02
3.746838e-02
-6.267152e-02
-6.482979e-02
-4.048020e-02
1.273036e-02
3.977076e-04
-3.536649e-02
-7.661717e-03
-1.567402e-03
-3.950157e-02
-2.994315e-02
-3.790803e-02
-2.223052e-02
7.010812e-02
-5.135666e-02
-8.422572e-02
1.195191e-01
3.447559e-02
-1.558287e-01
9.252405e-02
1.379046e-01
-9.475172e-02
4.757909e-02
4.406336e-03
6.941445e-03
3.897231e-02
4.898354e-02
5.715997e-02
1.195856e-03
5.065240e-02
9.353061e-02
2.291006e-03
1.874802e-02
6.529381e-03
-5.196028e-03
1.189307e-02
3.937098e-03
-1.098320e-02
-7.783456e-03
5.642277e-03
4.515493e-05
3.443755e-03
-1.784786e-02
5.512855e-03
9.345775e-03
-1.702671e-02
3.487732e-05
7.566919e-03
3.756577e-03
-1.032222e-02
-2.156883e-02
-4.959456e-02
-2.722051e-03
-8.138960e-03
-3.262131e-02
-2.119480e-02
-1.633207e-02
1.195864e-02
4.834011e-02
3.762648e-02
2.004183e-02
3.322638e-02
3.822776e-02
1.991328e-02
5.650146e-03
3.492945e-02
2.335388e-02
-1.342094e-02
2.426963e-03
-1.875076e-02
-5.959197e-03
1.555537e-03
6.998659e-03
1.310102e-03
2.117561e-02
1.373651e-02
-4.930333e-02
1.275658e-02
4.806612e-02
-3.894813e-02
-1.971255e-02
5.435159e-02
7.051758e-03
-2.421426e-02
2.806927e-02
9.322872e-03
4.680638e-03
-3.388431e-02
1.331685e-02
-2.352000e-03
-2.803737e-02
1.333666e-02
5.573373e-03
-4.863102e-03
-4.449424e-03
-1.501671e-02
1.304798e-03
-1.358000e-02
7.523532e-03
-5.053164e-03
-5.130628e-02
3.887631e-04
3.542515e-03
1.435378e-03
-8.346619e-04
1.748076e-02
7.416012e-03
-1.389513e-02
1.076868e-02
-2.215210e-03
-8.516382e-03
-3.244168e-03
1.626338e-02
-4.254022e-04
1.368465e-03
-6.532364e-03
1.461070e-02
1.751344e-02
-6.731599e-03
1.006848e-02
1.876948e-02
3.403949e-03
9.603958e-04
1.518622e-03
1.047947e-02
1.316555e-03
-1.538004e-02
6.094489e-03
5.583048e-03
8.040260e-03
1.231671e-02
3.186084e-02
-1.290672e-02
-8.587206e-04
3.104647e-02
1.571461e-02
1.261478e-03
1.381703e-02
2.950744e-02
3.662708e-03
-1.953953e-02
-3.762736e-02
3.990382e-03
4.208113e-03
-1.759884e-02
-1.400862e-02
-6.914548e-03
-1.424304e-02
2.082577e-03
-1.984596e-02
-3.087667e-02
1.061828e-02
1.091909e-02
-1.477150e-02
9.894347e-03
2.313307e-02
-4.306239e-03
1.280908e-02
-9.543707e-04
4.584338e-03
-2.589032e-02
-1.401888e-02
3.670026e-04
-4.733792e-02
-7.423400e-03
-4.244566e-03
-3.979030e-02
-4.005859e-02
-3.241109e-02
-6.234733e-02
-1.977762e-02
2.261508e-02
-1.193895e-02
4.344508e-02
6.027147e-02
2.127484e-02
4.674941e-02
4.251954e-02
-6.439938e-03
1.057271e-02
-2.503250e-03
-3.135020e-02
-1.701395e-02
-1.113649e-02
-2.388613e-02
-2.258807e-02
-2.401259e-02
-7.771230e-03
1.641869e-02
2.266865e-02
-7.688100e-03
2.621634e-02
1.418667e-02
-1.475916e-04
3.748128e-02
3.842529e-02
1.198205e-02
4.146320e-02
3.415549e-02
3.961612e-02
4.343121e-02
2.929936e-03
3.907143e-02
5.252394e-02
3.446969e-02
4.649517e-02
2.184798e-02
-2.506814e-02
-1.781635e-02
-4.233345e-02
-4.806218e-02
-1.448552e-02
-3.772749e-02
-4.543172e-02
-2.660712e-02
-2.798384e-02
-5.512358e-02
-4.453611e-02
-4.247129e-02
-1.479532e-02
-3.258516e-02
-1.759298e-02
-1.455825e-02
-3.120978e-03
-2.401679e-02
-1.157703e-02
2.048612e-02
-6.802752e-03
1.164719e-02
-2.122850e-02
9.841708e-03
3.560349e-02
2.801553e-02
-9.675584e-03
2.316725e-02
4.313562e-02
4.149600e-02
1.522516e-03
1.984699e-03
-5.711662e-03
3.052751e-03
-1.944225e-02
-1.071790e-02
4.366049e-03
7.972474e-04
8.399035e-03
1.045312e-02
-1.167027e-02
-5.900918e-02
-4.748164e-02
-3.320461e-02
-1.303266e-02
1.972785e-03
3.718521e-02
5.043368e-02
5.084968e-02
-6.836549e-03
7.962373e-03
1.918510e-02
-2.182510e-02
-1.512301e-02
4.052556e-02
-1.464914e-02
3.821439e-02
5.518570e-02
2.343051e-03
-7.525198e-03
-2.309811e-02
-1.818031e-02
-3.470840e-02
-4.283761e-02
-1.943337e-02
-2.949919e-02
-2.037466e-02
1.657059e-02
2.220875e-02
3.793465e-03
3.391549e-02
3.568605e-02
1.495616e-02
1.543747e-02
1.122477e-02
-3.420638e-03
-5.213363e-02
-4.326242e-02
-1.697773e-02
-3.453942e-02
-7.542310e-03
3.515555e-02
1.614087e-02
6.575661e-02
4.791687e-02
-4.887832e-02
-8.136627e-03
4.029850e-02
-2.426678e-02
1.748445e-02
7.688665e-02
3.236194e-02
6.844462e-02
7.457153e-02
-2.564650e-03
4.772898e-02
4.933336e-02
-4.767186e-02
-2.066896e-02
2.111011e-02
-4.449954e-02
-4.113945e-02
-4.354419e-02
-3.733483e-02
-5.063326e-02
-3.668239e-02
-3.668424e-03
-3.142557e-02
-2.531526e-02
2.094517e-02
-2.169038e-03
-5.076099e-03
5.364285e-03
-1.883350e-02
-1.192523e-02
-2.371216e-02
-4.161339e-02
-4.239345e-02
-2.482250e-02
-2.318245e-02
-3.525382e-02
-9.934231e-03
-2.455682e-03
-1.924912e-02
1.858128e-03
9.400402e-03
-1.456066e-02
2.109383e-02
2.629550e-02
3.643408e-02
1.998876e-02
-1.232690e-02
1.402502e-02
8.490176e-03
-3.229342e-02
-1.746646e-02
4.559575e-03
-2.833516e-02
-1.997662e-02
-1.424849e-02
2.261184e-02
7.132233e-02
-5.242295e-02
-4.448402e-02
3.046831e-02
-4.913798e-02
-7.064447e-02
-3.145662e-02
2.409293e-02
1.543017e-02
-1.971759e-02
2.317207e-02
-1.339505e-03
1.726574e-02
1.022642e-02
3.985072e-02
4.671986e-02
-1.653219e-04
-1.011987e-02
-1.981538e-02
2.232230e-02
1.062048e-02
-2.566995e-03
-4.377353e-03
-5.298130e-03
-8.064097e-03
4.235780e-02
-1.766542e-02
-5.102726e-02
4.214613e-02
7.915346e-03
-3.690892e-02
6.491321e-02
3.917947e-02
-1.845399e-02
-6.945715e-03
4.229322e-02
7.106297e-02
-2.752523e-02
1.419198e-02
4.148457e-02
-4.589013e-02
-2.869628e-02
-8.762333e-03
1.502977e-02
-1.464956e-02
-2.719301e-02
1.827797e-02
-3.363035e-03
3.180465e-03
4.288656e-02
2.052068e-02
-1.892185e-03
9.176709e-03
1.712257e-04
3.662302e-03
3.741080e-02
3.237028e-02
5.961520e-03
3.407159e-02
3.269007e-02
1.685550e-02
-1.549006e-02
-3.684631e-02
-2.899569e-02
-2.433126e-02
-5.285338e-02
-2.664379e-02
1.429473e-02
-1.978954e-02
5.559413e-03
-5.466644e-02
-8.396716e-02
-7.125761e-02
3.004425e-02
-2.484923e-02
-8.003183e-02
6.403350e-02
2.312701e-02
-5.621491e-02
-3.209000e-02
-5.106827e-02
-2.684636e-02
-3.792239e-02
-4.170560e-02
-2.901600e-02
-6.104650e-03
-1.306849e-02
1.034041e-02
-2.164275e-02
-4.719085e-02
-4.117266e-02
-3.861623e-04
-2.367193e-02
-4.431135e-02
3.958145e-03
-1.678986e-02
-2.375626e-02
-1.821800e-02
2.907381e-02
-2.026705e-02
-2.798471e-02
4.146503e-02
-2.420195e-02
-2.721058e-02
4.479462e-02
-1.799668e-03
-1.682538e-02
-8.692493e-03
-2.550626e-03
-9.690505e-03
-5.773751e-03
1.672959e-02
-8.997849e-03
-5.329041e-03
1.904961e-02
6.419748e-02
-8.288230e-02
2.910223e-02
6.187609e-02
-7.903887e-02
4.135986e-02
3.766127e-02
-5.108445e-02
1.995139e-03
-3.490054e-02
8.864643e-02
-4.725854e-02
-8.155934e-02
1.489802e-01
-6.138404e-02
-6.095867e-02
8.499873e-02
-1.504397e-02
-7.255835e-03
3.512771e-03
-1.622086e-02
4.652119e-04
1.897756e-02
-2.131554e-02
7.958190e-03
2.349327e-02
-6.348479e-03
1.744472e-03
4.503107e-03
-8.875545e-03
-9.715645e-03
1.290355e-02
-1.580808e-02
1.044421e-03
1.003304e-02
-1.415632e-02
-3.993276e-03
5.493192e-03
1.163730e-03
3.183097e-02
-6.051348e-03
1.062767e-02
3.832310e-02
-2.535570e-02
-8.578435e-03
-5.318453e-03
-3.383074e-02
2.451038e-02
-1.785752e-03
-2.536426e-02
1.148033e-02
7.918360e-03
-1.049754e-02
1.422526e-02
-5.108390e-03
-4.675146e-03
1.976304e-02
-2.042104e-02
2.174746e-02
-1.227401e-02
-1.389693e-02
2.080325e-02
-5.341554e-03
-1.012291e-02
9.085646e-03
-8.516371e-03
-1.105880e-02
7.031097e-03
3.319714e-03
-1.220863e-02
-4.144231e-04
-4.713472e-05
-2.054783e-02
5.920110e-02
-4.530127e-02
-3.552511e-02
7.745855e-02
-3.040138e-02
1.169679e-02
-6.703264e-04
1.801023e-02
1.098449e-02
1.331688e-03
-9.548039e-03
2.905245e-02
3.682801e-03
-1.492104e-02
4.425643e-02
8.391055e-03
-7.106886e-03
-1.782285e-02
-2.309679e-02
1.899017e-02
-1.257804e-02
-2.107577e-02
2.828646e-02
5.985212e-03
-2.187720e-02
3.217499e-02
5.671652e-03
-1.567413e-02
2.856161e-02
1.629896e-03
-2.242921e-02
1.448974e-02
-1.081811e-02
-2.939807e-02
9.364959e-03
1.220325e-02
-1.113603e-02
-1.467496e-02
2.917610e-02
-2.911765e-02
9.918526e-03
2.918510e-02
-3.923591e-02
4.131109e-03
-1.146642e-02
-6.699496e-04
8.668323e-03
3.393775e-03
3.883880e-04
9.326648e-03
-1.936164e-02
-1.380708e-02
1.418686e-02
-4.104962e-03
-1.118226e-02
4.471920e-03
-1.736200e-02
1.906828e-02
-7.005267e-03
6.724338e-03
-1.276491e-02
4.167670e-03
1.324869e-02
-1.124855e-03
3.283438e-03
1.102880e-02
-1.173014e-02
-7.285139e-03
-6.617857e-03
1.320768e-03
-6.894889e-03
-2.812066e-02
3.387380e-02
-3.236910e-03
3.791842e-02
-4.261225e-02
-1.371801e-02
-5.310536e-03
-9.859854e-04
3.263545e-02
-5.773996e-03
-7.439315e-02
7.989106e-02
-5.425883e-02
1.504819e-01
-1.011114e-01
6.187965e-02
-8.728369e-02
2.090245e-02
-1.295452e-03
-1.348034e-02
1.095707e-02
-2.983428e-02
1.039269e-02
-1.348221e-03
-2.170853e-03
-1.011476e-02
-3.128145e-03
-5.693834e-03
3.857845e-03
6.267617e-03
-1.738097e-03
1.734043e-03
-5.292001e-03
-9.968920e-03
-5.415119e-03
-6.525476e-03
-1.901137e-02
2.743634e-02
-6.349683e-03
3.866776e-02
-6.257284e-02
1.769108e-02
-4.913754e-02
1.182026e-02
7.166776e-03
4.435928e-03
2.047933e-02
-6.063491e-03
2.015745e-02
-3.035492e-02
-7.764409e-03
-1.044832e-02
-6.780635e-04
1.649475e-02
-2.101132e-02
1.113271e-02
5.888047e-03
-9.458644e-03
2.843327e-02
-2.121221e-02
1.807235e-02
-2.498438e-02
4.059606e-05
-5.973356e-03
4.817373e-03
-5.421322e-04
4.424128e-03
1.008735e-02
1.189009e-02
3.933757e-03
-2.475793e-03
-7.517754e-03
5.674314e-02
-8.181783e-02
5.253199e-02
-6.841800e-02
8.229454e-02
-1.839848e-02
1.860197e-02
1.060582e-03
-2.096930e-02
-9.807858e-03
1.833200e-02
-1.467070e-02
9.050418e-03
-3.380852e-02
2.679452e-02
7.495361e-03
1.611196e-03
-2.927991e-02
8.049924e-03
-8.781442e-03
-1.400475e-02
-5.144956e-03
5.163402e-04
1.331442e-02
-6.894371e-03
1.481744e-03
-2.443845e-02
-1.392826e-02
-1.570925e-03
2.043030e-03
-2.217446e-02
6.225912e-03
-2.750843e-03
7.268504e-03
1.222781e-02
1.074070e-02
4.245203e-02
-5.442870e-02
2.285805e-02
-4.622639e-02
5.759407e-02
-8.853327e-03
1.497382e-02
1.543420e-02
-2.896946e-02
-4.659206e-02
9.862788e-02
-3.108029e-02
8.031916e-02
-5.794512e-02
1.308882e-02
-3.914950e-02
2.216476e-02
3.749802e-02
-4.213723e-03
2.924787e-02
-1.365282e-02
-2.019668e-02
-2.786645e-02
4.359046e-02
1.571664e-02
-7.110903e-03
-5.538531e-03
-6.941507e-03
-4.714600e-03
5.555764e-03
-1.309408e-02
2.785682e-02
-5.531942e-03
-2.647727e-02
-3.401580e-05
2.175463e-03
1.437295e-02
-3.390403e-02
8.823878e-03
3.488734e-03
3.717184e-02
-4.621673e-02
-1.590481e-02
-9.436477e-03
1.878911e-02
-5.693668e-02
7.963131e-02
-1.140083e-02
-1.666187e-02
-9.062307e-02
1.164468e-01
6.144267e-02
-1.192895e-02
-6.769251e-02
-3.945479e-04
6.048029e-03
8.874429e-03
8.827749e-06
1.719678e-02
-6.799106e-03
1.904130e-03
-1.211054e-02
7.677935e-05
-4.584838e-03
-8.410898e-03
1.256611e-02
1.899316e-03
-1.589971e-02
-1.422243e-04
8.444119e-03
5.536286e-03
-1.709260e-04
5.072577e-02
-6.273777e-02
7.863273e-02
8.150707e-02
-3.786766e-03
-5.975929e-02
-7.169405e-02
7.152551e-02
-3.271668e-03
-6.951269e-03
5.352986e-04
-1.771742e-03
-2.155207e-03
1.219981e-03
-9.868292e-03
5.319166e-03
-9.851380e-04
1.416406e-02
-1.720769e-02
-5.474183e-03
-9.642648e-03
-1.132845e-02
7.757025e-03
2.170661e-02
5.212682e-03
-9.225515e-03
-8.434996e-03
-1.685173e-02
-3.297481e-03
4.132427e-03
-6.416675e-04
-3.162436e-03
3.730478e-03
7.673469e-03
6.974145e-03
-8.151815e-03
-4.650395e-02
1.379480e-02
3.168779e-02
6.895540e-02
-9.870465e-02
1.109974e-02
-5.145255e-03
6.335421e-02
-4.478996e-02
-3.972015e-04
1.355139e-02
1.152341e-02
1.885115e-03
-3.232821e-02
1.516390e-02
2.138876e-02
-1.000071e-02
-8.885246e-03
5.040970e-03
7.286102e-03
-1.563024e-03
-2.293956e-02
2.491260e-02
-7.917952e-03
-1.480743e-02
1.384986e-03
9.319921e-03
-2.630660e-02
2.707108e-03
3.189250e-03
-1.570971e-02
-9.853777e-03
1.855363e-02
1.249024e-02
5.487396e-03
2.936807e-02
8.757691e-04
3.722954e-02
-4.598870e-02
-4.672745e-02
4.561593e-02
3.332031e-02
4.387610e-03
-3.740620e-02
1.816384e-02
1.422333e-03
4.194263e-03
1.235295e-02
9.545745e-03
7.524937e-03
-1.084354e-02
-2.551159e-02
2.210985e-02
6.927526e-03
-7.883316e-02
-1.300599e-02
1.272296e-02
-6.038307e-02
4.267945e-02
2.051123e-02
-6.515709e-02
3.452976e-02
8.600401e-03
-2.005518e-02
-2.093092e-02
-1.265441e-02
-3.021953e-02
-9.498864e-03
1.058746e-02
-3.887451e-02
8.074367e-03
1.911392e-02
2.379295e-02
3.022969e-03
-3.518296e-02
5.730156e-02
-1.147972e-02
-3.658645e-02
3.408168e-02
-2.173805e-02
-5.006497e-02
2.902799e-02
4.730358e-02
-1.343922e-02
6.813063e-02
5.625040e-02
-2.410447e-02
6.126371e-02
1.577028e-02
-4.208801e-02
1.828087e-02
-1.705548e-03
-8.564779e-03
1.304575e-02
-1.589710e-02
-4.207283e-03
1.131831e-02
-1.988718e-02
2.741531e-03
-2.906401e-02
-1.142334e-02
6.718790e-03
-4.324637e-02
-5.972857e-03
2.799359e-02
-5.229735e-02
-1.859181e-02
1.610631e-02
-8.879514e-03
-1.049719e-02
-5.177440e-03
-3.252130e-02
-1.549975e-02
-2.110801e-03
-3.607162e-03
-1.912388e-02
-2.050214e-03
-4.952287e-02
-2.386583e-02
3.966777e-03
-3.293539e-02
-6.878891e-03
1.707921e-02
-2.026006e-02
9.566994e-05
4.504710e-03
-1.577327e-02
-3.856916e-02
-7.348353e-03
-3.310172e-02
-3.647933e-02
1.546281e-02
-2.716825e-02
-2.130014e-02
3.475838e-02
-4.553119e-02
6.033694e-03
1.363288e-02
-2.404440e-02
3.236899e-02
2.586994e-02
-6.645614e-03
3.799563e-02
3.596082e-02
-6.733757e-03
3.889076e-02
1.722035e-02
6.729876e-03
1.712515e-02
3.668392e-02
1.216050e-02
2.165311e-02
7.524613e-03
-3.491995e-02
1.127409e-02
6.742948e-02
-3.629994e-02
3.921581e-02
3.981030e-02
-8.481777e-03
2.884960e-02
1.175830e-02
9.044447e-03
1.505229e-02
1.679152e-02
-2.098124e-02
6.892334e-03
-7.462704e-04
-2.462702e-02
-1.714402e-02
-1.704264e-02
5.177400e-03
2.126655e-02
-7.526785e-03
1.740512e-02
1.997879e-02
-4.404997e-03
2.816138e-02
-8.055031e-03
-9.380393e-03
-9.810573e-03
2.180973e-02
5.565189e-02
5.811868e-04
6.980420e-03
1.787822e-02
-1.272020e-02
-1.201358e-02
1.335464e-02
2.576396e-02
5.615950e-02
-5.242732e-03
3.774839e-02
-1.451037e-02
-7.862027e-03
8.196753e-03
5.473543e-03
-3.613618e-03
-2.554292e-02
-2.168316e-02
5.975504e-03
-8.909708e-03
-9.018013e-03
2.611557e-03
1.662138e-02
9.640259e-03
1.317356e-02
4.890401e-02
1.913644e-02
1.035163e-02
3.761756e-02
7.338525e-03
1.526124e-03
4.844242e-02
2.761200e-02
2.436979e-02
2.781394e-03
2.620322e-03
-1.075425e-02
1.519714e-02
1.987034e-02
1.069632e-03
-3.514937e-03
-3.154908e-02
-1.930101e-02
1.202608e-02
-7.728574e-03
-6.826696e-03
2.216785e-03
1.930342e-02
4.061912e-03
1.005851e-02
1.625634e-02
1.180877e-02
9.817012e-03
-2.981143e-03
-1.088369e-04
8.968728e-03
1.409376e-02
2.507740e-02
3.319042e-03
5.012762e-03
2.171540e-02
-1.317650e-02
5.526636e-03
1.225599e-02
-2.101706e-02
1.188077e-03
8.507899e-03
-2.773719e-02
-1.297952e-02
-1.071812e-02
-1.352820e-02
9.195838e-04
6.025675e-02
-1.005760e-02
-3.826824e-02
1.848977e-02
-5.720577e-03
-2.799489e-02
-1.865926e-02
2.809715e-02
4.351909e-02
1.779587e-02
-1.339912e-02
7.584046e-04
-1.538775e-02
-3.603543e-02
-3.538993e-02
-4.506919e-02
-5.632349e-02
-1.498054e-01
-1.123163e-01
-9.586341e-02
-1.349253e-01
-1.402190e-01
-8.999345e-02
-1.925115e-01
-1.421190e-01
1.746131e-03
-2.034469e-02
-2.569146e-02
1.474320e-02
-2.360422e-03
-5.559445e-03
7.836272e-03
1.392717e-02
5.094659e-03
1.942674e-02
-4.533233e-03
-4.481740e-03
9.939009e-03
8.691491e-03
1.341369e-02
-1.960029e-02
-2.438183e-02
1.358339e-02
2.128442e-02
-1.649998e-02
-3.107209e-02
3.302898e-02
-7.872788e-03
1.125612e-02
2.713864e-02
1.468031e-02
3.631400e-02
-2.860763e-03
-2.022018e-02
-8.786463e-03
-3.720405e-02
-6.382579e-02
-5.260830e-02
-2.982710e-02
-5.321191e-02
-4.266540e-02
2.340412e-03
-2.796119e-03
1.895880e-02
-1.995274e-02
-2.124679e-02
6.176336e-03
-2.513015e-02
-1.355423e-02
1.274730e-02
3.250929e-02
3.986283e-03
2.248289e-02
-2.714230e-03
-2.177642e-02
-1.371230e-02
7.497030e-03
-3.120699e-02
-2.573617e-02
4.454117e-02
-4.124923e-02
-5.963336e-02
8.099446e-03
-6.929552e-02
-5.691304e-02
2.929499e-03
-3.403562e-02
7.349514e-03
7.157179e-03
2.455565e-02
-1.513203e-02
1.560192e-02
-1.649424e-02
-4.682351e-02
-3.130347e-02
-2.572175e-02
-6.683312e-03
-5.339899e-04
6.545214e-02
-1.023324e-03
1.000458e-02
4.925089e-02
-3.935562e-02
1.703278e-02
6.201266e-03
-6.124090e-02
1.591179e-02
-4.832816e-02
1.911890e-03
-2.488380e-02
-2.011675e-02
1.294892e-02
-1.097708e-02
2.545113e-03
4.956638e-03
1.535721e-02
1.952264e-02
-2.925161e-02
4.903381e-02
-4.421712e-02
-1.814836e-02
-1.551673e-02
-6.743926e-02
5.832202e-02
-1.502857e-02
1.063076e-02
9.372514e-03
-1.046886e-02
2.923600e-03
1.270435e-02
-1.362844e-02
-1.622947e-02
3.588026e-03
2.416296e-02
-1.412324e-02
4.630269e-03
-9.425255e-04
-3.535835e-02
6.191756e-03
-2.653130e-02
-2.406982e-02
2.195347e-02
6.399448e-03
-1.277395e-02
-1.457149e-02
-1.741471e-02
-2.118691e-02
-4.343833e-04
-3.865811e-02
-2.817830e-03
9.848977e-03
-3.447348e-03
8.390488e-03
-6.733865e-03
4.272653e-04
-8.689782e-04
-1.965982e-02
1.543878e-02
-8.382596e-03
-1.141127e-02
8.782062e-03
-4.669937e-02
-1.860161e-02
1.365785e-02
-3.486538e-02
1.813444e-02
-1.273195e-02
-1.117865e-02
8.693385e-03
8.040398e-03
9.274928e-03
6.048127e-03
-8.708616e-03
-7.835472e-03
6.805222e-03
-1.132906e-02
1.430979e-02
3.004862e-02
-1.866262e-03
8.139275e-02
-3.371285e-02
9.889041e-03
7.489904e-02
-1.106630e-01
4.188720e-02
-1.911018e-02
-3.702458e-02
-5.928011e-03
2.125914e-02
1.159840e-03
-2.380859e-02
5.406239e-02
-1.662275e-02
-5.616142e-04
4.436727e-02
-9.167684e-03
-1.721550e-03
3.814769e-02
1.307591e-02
1.777955e-02
3.418584e-02
-8.763677e-03
7.632061e-03
9.244056e-03
-9.269344e-03
-1.225462e-02
-3.642950e-03
-1.288074e-03
-2.987218e-03
-4.983589e-02
3.485865e-03
-3.198362e-02
-3.255476e-02
3.591740e-02
-1.778463e-02
3.276408e-02
-3.736912e-02
-2.782344e-03
1.975584e-02
-2.577729e-02
3.516330e-02
1.470345e-02
-2.483407e-02
2.435275e-02
-3.228861e-02
6.220490e-02
-2.876538e-03
-3.261445e-02
8.427900e-02
-3.396265e-02
5.784049e-02
4.456070e-02
-1.876515e-03
-1.344758e-02
-1.086769e-02
-5.547637e-03
-1.332484e-02
-1.750552e-02
1.649134e-02
1.114789e-02
-3.112690e-03
4.415650e-02
-6.466667e-03
-2.412804e-02
3.108465e-02
-3.717052e-02
-8.199224e-02
6.103586e-02
-1.049982e-02
-6.794673e-02
-9.984965e-03
1.927713e-02
-6.184414e-04
-3.829866e-03
-2.976971e-03
2.610464e-02
7.994022e-03
-1.364853e-02
-1.635588e-02
-5.913876e-03
-1.461093e-02
-1.700637e-02
4.416640e-02
-2.816487e-03
1.739116e-02
6.670152e-02
7.795295e-02
6.443629e-02
2.380869e-02
1.446788e-02
3.618266e-03
6.195386e-03
5.670559e-03
1.360540e-02
-2.961385e-02
-6.798582e-03
1.485676e-02
1.645888e-02
4.902307e-02
2.491259e-02
-1.182263e-02
4.043672e-02
4.483584e-02
-5.156516e-02
9.392779e-03
3.928953e-02
1.273463e-02
-2.780335e-02
-4.040740e-02
7.369342e-02
2.559424e-02
-3.870953e-02
1.198990e-01
8.587165e-02
9.113954e-03
-3.258528e-02
-2.594556e-02
-1.558318e-02
-6.476698e-02
-4.852208e-02
-3.828343e-02
-5.634445e-02
-4.514984e-02
-1.824351e-02
-4.652363e-03
-2.376752e-03
-5.319775e-03
2.692206e-02
3.270528e-02
3.113076e-02
8.546515e-03
4.384086e-02
2.512390e-02
6.869612e-02
3.339809e-02
3.380987e-02
1.236116e-02
-1.790626e-02
-3.002246e-02
1.113480e-03
-2.469482e-02
-3.707389e-02
1.914399e-02
1.837794e-02
-7.527566e-03
2.256480e-02
2.077652e-02
3.767570e-03
-1.100754e-02
-1.643622e-02
-2.506320e-02
1.855099e-02
-1.075778e-02
3.593365e-02
1.380711e-02
2.834695e-02
4.871199e-02
1.158454e-02
1.009724e-02
4.844707e-02
-2.448910e-02
-3.109035e-02
-1.629227e-02
-3.615801e-02
-5.870899e-02
-3.126280e-02
-6.935767e-03
-3.399146e-02
-1.284041e-02
1.809937e-02
3.649284e-02
7.761160e-03
3.837501e-02
5.552126e-02
2.990882e-02
6.975664e-02
1.061081e-01
9.222077e-02
-4.639343e-03
-2.676920e-02
-1.336988e-02
2.398947e-03
-2.179345e-03
-1.962353e-02
-1.932018e-02
-6.615071e-03
1.059303e-02
1.531796e-02
3.573427e-02
1.925123e-02
2.544486e-02
2.115422e-02
2.203440e-02
2.492084e-02
4.199814e-02
5.800296e-02
-4.796848e-02
-1.597809e-02
1.986713e-02
-2.257879e-02
-3.851846e-02
2.706652e-03
3.416727e-02
-1.690923e-02
-3.349647e-02
-9.744596e-03
-3.256801e-02
-1.255942e-02
-1.717109e-03
-3.119302e-02
-2.781249e-02
2.267730e-02
3.066450e-02
-9.239573e-04
-2.857925e-02
1.973714e-02
1.529262e-02
-6.197730e-02
-5.296814e-02
-1.591675e-02
2.624209e-02
-1.421351e-02
-3.524373e-04
-4.431113e-02
-4.545817e-02
-6.287199e-02
2.691324e-02
2.421919e-02
-2.001881e-04
1.043243e-02
4.712306e-02
3.298458e-02
7.638164e-03
-5.591784e-04
1.397231e-02
-1.544381e-02
-2.402205e-02
-8.985701e-03
-5.387935e-03
-3.478746e-02
-3.156393e-02
-1.184608e-03
-1.817930e-02
-2.923449e-02
3.105767e-02
4.479526e-03
-1.901443e-02
2.220330e-02
1.189984e-02
7.167582e-03
3.502142e-02
3.188387e-02
5.318094e-02
-9.344351e-03
1.648878e-02
5.537638e-02
-4.641829e-02
-3.971647e-02
1.364170e-02
-2.298545e-02
-2.741044e-02
-1.642573e-02
-1.562665e-02
1.595370e-02
3.213720e-02
-3.954777e-02
-1.540101e-02
2.162520e-02
-5.949803e-03
2.759579e-02
3.130744e-02
-2.171092e-02
-3.448346e-03
2.474314e-02
-2.161494e-02
-1.750996e-02
-5.672230e-03
-1.847832e-02
-2.392037e-02
-3.326268e-02
2.244983e-03
-1.315462e-02
-3.390741e-02
2.765014e-02
1.647438e-02
-9.491726e-03
4.878452e-02
5.137315e-02
5.328481e-02
-3.563365e-02
-1.338473e-03
4.712577e-02
-7.694657e-02
-9.714644e-02
-6.058541e-02
5.580435e-02
2.408209e-02
-2.374189e-02
9.422641e-03
5.550529e-02
3.312066e-02
-5.485124e-02
3.936728e-03
4.990966e-02
-2.054334e-02
-2.242683e-02
-1.134582e-02
1.613137e-02
1.223350e-02
1.246749e-02
1.592279e-03
-1.301758e-02
-2.212511e-02
1.362862e-02
3.470283e-03
-1.118708e-02
3.019491e-02
2.362137e-02
2.460956e-02
2.532868e-02
2.661720e-02
6.324577e-02
1.176590e-02
-4.483138e-02
-3.618382e-02
4.939063e-02
-2.560560e-03
-5.904664e-02
5.223402e-02
6.825630e-02
1.100675e-02
1.752635e-02
8.495204e-03
1.065219e-02
-1.899609e-02
-9.717130e-03
7.975693e-03
-2.959684e-02
-3.838956e-02
-1.605029e-02
-1.188126e-02
4.431492e-02
3.423205e-02
2.124088e-02
4.397620e-02
-2.213750e-02
2.452571e-02
2.341138e-02
-4.062840e-02
-5.311053e-02
-2.671572e-02
4.960840e-03
-2.350861e-02
2.186438e-02
5.746896e-02
3.720599e-02
7.043156e-02
4.476229e-02
3.538791e-02
4.661937e-02
1.499964e-02
1.428503e-02
1.688137e-02
8.475094e-03
-1.023246e-02
-8.887624e-03
2.696490e-02
1.508936e-03
4.286537e-02
1.300472e-02
-4.059366e-03
3.031400e-02
3.592265e-02
2.916850e-02
3.655222e-02
1.818878e-02
-4.414207e-03
-8.137574e-03
-9.905779e-03
-2.463001e-02
-2.016483e-02
-1.246794e-03
-3.979538e-02
-1.465283e-02
1.416174e-02
9.595267e-02
3.934521e-02
-5.965245e-02
7.803313e-02
-7.684081e-03
-8.291009e-02
9.114088e-03
-6.003417e-02
-5.952869e-02
1.776953e-02
3.015926e-02
-6.291555e-03
9.520365e-03
6.105135e-03
-6.660115e-04
1.839612e-02
2.017943e-02
1.773440e-02
-3.021648e-02
-4.040612e-02
5.873476e-02
-2.816018e-02
1.518914e-02
1.070258e-01
6.286945e-03
5.714306e-02
7.158764e-02
2.128507e-02
-9.346457e-04
1.362421e-02
7.551256e-03
4.050873e-03
3.938418e-02
-1.480114e-02
3.097438e-03
2.163797e-02
5.406276e-02
7.427115e-02
-1.214614e-02
9.034771e-02
5.616450e-02
-6.947467e-02
8.335380e-02
2.191965e-03
-1.073909e-01
4.931079e-03
4.864149e-03
1.338701e-02
6.950790e-04
-1.161058e-02
2.296931e-02
9.955475e-03
1.250604e-02
7.180788e-03
1.913218e-04
3.460013e-02
8.661301e-03
2.191303e-02
4.261155e-02
3.502830e-03
2.210315e-02
6.130632e-03
1.057830e-02
1.029756e-02
1.537024e-03
2.793099e-02
-3.450329e-03
-1.322671e-02
-1.194592e-02
-2.812104e-03
-8.646486e-03
-1.954062e-02
-7.223420e-02
-6.061200e-02
3.433915e-02
-6.052021e-02
-2.295803e-02
6.759251e-02
-1.612167e-02
3.020678e-02
8.403523e-02
1.241655e-02
-2.735829e-03
4.723307e-03
-6.930081e-04
-1.744555e-02
-3.114966e-02
-1.681970e-02
-3.689642e-02
-2.982365e-02
2.679200e-02
5.964633e-02
5.299150e-02
4.196585e-03
3.041494e-02
6.196008e-02
1.976056e-02
1.051864e-02
8.945381e-03
-3.613123e-02
4.052149e-03
-6.599807e-03
-3.008248e-02
1.721851e-02
5.644257e-03
-4.299645e-02
3.521134e-02
1.343083e-02
-3.789000e-03
-1.241479e-02
-2.587415e-03
5.117659e-03
6.366049e-03
2.236656e-02
-1.057544e-02
2.699685e-03
1.510836e-02
-3.855741e-02
3.578927e-02
-1.487361e-02
-3.884325e-02
1.309885e-01
-8.384200e-02
-2.444095e-03
7.784130e-02
-6.207035e-02
2.438787e-02
-1.668995e-02
-1.183778e-02
4.533850e-02
-9.485099e-02
8.979770e-02
8.148028e-03
-5.453203e-02
9.563654e-02
1.148397e-02
-8.403217e-03
-1.762135e-02
6.117216e-03
-1.950220e-02
6.541195e-03
2.345744e-02
-1.042873e-02
2.052462e-02
1.668295e-02
1.404524e-02
-9.775099e-04
2.155101e-02
-8.577180e-03
-5.982431e-04
-1.604117e-03
-1.431361e-02
3.928994e-03
-5.170520e-03
8.481059e-04
1.134127e-02
4.583316e-03
1.006619e-02
1.788969e-02
-9.243336e-03
1.968620e-02
-4.855226e-03
1.635949e-03
-6.383617e-04
-6.092363e-03
4.329113e-04
-1.483183e-02
-7.253873e-03
2.693761e-03
-1.929608e-02
2.655765e-03
1.030075e-02
2.359109e-03
-4.036058e-03
-6.439736e-03
1.102467e-03
1.271484e-03
-4.716884e-03
-5.472827e-04
4.542407e-03
-7.326053e-03
5.033219e-03
1.694797e-02
-2.257714e-02
5.921423e-03
1.349824e-02
-2.354094e-02
9.073921e-03
9.482486e-03
1.630847e-02
-2.328064e-02
-2.866769e-02
6.023065e-02
-8.017436e-02
6.351179e-02
6.245873e-02
-8.284578e-02
7.824539e-02
-1.074570e-02
2.630458e-02
-1.142517e-02
-1.142668e-02
3.732571e-02
-2.800985e-02
-7.171037e-03
3.034546e-02
-5.324199e-03
-1.787604e-02
2.910542e-03
-5.039684e-07
-3.761071e-03
-1.527923e-02
8.291121e-03
1.048324e-04
-1.778037e-02
2.376975e-02
2.014186e-03
-1.222837e-02
2.649020e-02
-1.806461e-02
-2.213467e-02
1.167945e-02
-2.248474e-02
-1.255870e-02
1.176082e-02
-1.954843e-02
3.521996e-03
-6.389888e-03
1.943320e-03
3.030091e-02
-3.800843e-02
-5.644089e-03
2.910561e-02
-4.588858e-02
-1.198982e-02
-1.355663e-02
2.243637e-02
-3.672210e-02
3.316271e-02
-7.153777e-03
-2.666627e-02
2.986359e-02
-1.562949e-02
5.100109e-02
2.290829e-02
2.152818e-02
4.280996e-02
-4.541758e-02
-2.507457e-02
7.010399e-03
-6.937063e-02
-1.688612e-02
7.717519e-02
4.296656e-02
-7.018099e-03
6.404004e-02
-1.081904e-02
-4.099539e-02
1.679068e-02
-6.693567e-02
-5.293481e-02
-2.559450e-02
-2.950423e-03
-2.697359e-02
-1.723969e-02
-1.410685e-02
-3.678242e-02
-1.563040e-02
-2.999217e-02
-9.820782e-03
2.479027e-02
-2.170053e-02
-4.592958e-03
-4.760247e-02
1.645838e-02
2.859554e-02
-2.154001e-02
6.679747e-02
7.489269e-04
3.436251e-03
8.487850e-03
-1.159010e-02
-1.031811e-02
-2.061447e-03
-2.220808e-03
-3.477594e-02
2.274345e-03
1.470336e-02
-2.600652e-02
-4.106676e-02
3.108649e-02
-4.254114e-02
-1.342881e-02
3.982792e-02
-8.580394e-03
3.394448e-02
3.161302e-02
-7.535495e-03
-4.695230e-02
-7.140100e-03
-1.872503e-02
-1.420831e-02
2.011558e-02
-2.072407e-02
-9.928027e-03
2.022109e-03
-9.126207e-03
4.910260e-03
9.173525e-03
-3.056635e-02
1.675010e-02
-2.699896e-03
-2.333662e-03
2.907758e-02
-1.419890e-02
-4.693515e-02
-3.098282e-02
1.281038e-02
-6.830455e-02
2.613240e-02
1.221132e-02
-3.064079e-02
2.441909e-02
9.682146e-03
2.377032e-02
-1.086850e-02
-1.597394e-02
9.695908e-03
-2.700142e-02
-1.642258e-02
-9.723760e-03
-2.409806e-02
2.009165e-02
5.277527e-02
-5.733666e-03
-3.951583e-02
3.513211e-02
-7.537813e-02
-1.123542e-02
-1.661639e-02
-5.371260e-02
1.924843e-02
3.609253e-02
3.846079e-02
-1.648050e-02
6.035573e-02
3.562568e-03
-2.254681e-02
8.176585e-02
-3.038563e-02
-6.207657e-04
9.937201e-03
6.488335e-03
5.174418e-03
2.050989e-02
2.466915e-02
1.865302e-02
5.679880e-03
7.750527e-03
5.791006e-04
-1.333438e-02
-1.527053e-02
5.633748e-03
-4.570205e-02
6.856318e-03
3.974900e-04
-2.409885e-02
3.623969e-02
6.700937e-03
2.575584e-02
-3.123671e-02
9.323683e-03
1.097704e-02
-3.356321e-02
-8.556365e-05
-1.248622e-03
-5.191042e-02
1.518760e-03
9.743473e-03
6.051300e-02
2.922511e-02
1.182178e-02
6.618306e-02
-1.515643e-02
4.336800e-02
3.922844e-02
-3.146768e-02
-5.675804e-03
-5.744981e-02
-2.566744e-02
3.290378e-04
-4.412832e-02
-1.619939e-02
-5.572334e-03
-6.329143e-02
-1.965835e-02
-8.581601e-03
-1.428735e-03
1.540178e-02
-1.304265e-02
-2.174401e-02
8.240803e-03
-2.037087e-02
-2.292354e-02
3.644904e-03
1.610447e-02
8.216947e-04
-1.038756e-02
2.247239e-02
5.090912e-03
-1.148017e-02
1.987480e-02
1.925231e-02
-2.802686e-04
-1.600477e-02
2.870563e-02
5.035292e-02
-2.703213e-03
4.242565e-02
5.979722e-02
-7.064156e-03
3.575145e-02
5.333082e-02
-9.993015e-03
-1.616103e-02
1.220407e-02
-1.924921e-02
-1.653512e-02
-2.037331e-03
-1.134286e-02
-1.579642e-02
-1.163795e-02
2.381090e-02
6.316406e-03
-2.763432e-02
2.435074e-02
9.079257e-03
-2.607227e-02
2.312567e-02
6.773441e-03
-2.956485e-02
-2.057552e-02
-5.748125e-03
4.867068e-02
-3.229440e-02
-4.193905e-02
5.364304e-02
-6.505771e-03
-5.037007e-03
2.742048e-02
-1.786285e-02
4.013042e-03
-1.199361e-02
-1.877925e-02
1.337874e-02
-1.389054e-02
-1.624322e-02
2.924048e-02
-1.644526e-02
1.139048e-03
-2.162616e-02
-3.426624e-02
-4.079706e-03
-9.835741e-03
-3.782676e-02
3.417327e-02
8.588694e-03
2.409530e-03
1.250667e-02
-1.617312e-02
4.669308e-03
2.800202e-02
7.693332e-03
2.946505e-02
2.448200e-02
-4.299385e-03
2.557807e-02
-2.696737e-02
-1.364426e-02
3.464765e-02
-4.717162e-02
-2.586043e-05
9.862742e-02
-4.582031e-02
1.884370e-02
8.822589e-02
-9.072045e-03
-3.686126e-02
3.147145e-02
-1.762733e-02
-4.977401e-02
2.971812e-02
-1.621176e-02
-3.503659e-02
4.217353e-02
1.132116e-02
1.294141e-02
9.230457e-03
-2.415639e-03
8.318848e-03
5.324861e-03
-1.348677e-02
-3.219210e-03
6.304348e-03
1.080039e-02
3.244623e-02
1.424767e-02
-3.996342e-03
3.333507e-02
8.704903e-03
-5.896185e-04
2.062952e-02
-8.591332e-03
-1.630314e-02
1.229532e-03
-5.650458e-03
1.094173e-02
9.299102e-04
-5.791544e-03
8.685551e-03
-3.172161e-02
-1.613592e-02
-1.633131e-02
-2.679503e-02
-6.292575e-03
-1.131738e-02
-2.547615e-02
-3.582766e-03
-3.043996e-03
-3.890364e-03
4.269614e-02
-3.484332e-03
-3.661267e-03
-1.064922e-02
-1.990969e-05
1.555635e-02
-1.784111e-02
-3.427199e-02
2.728882e-02
2.447675e-02
3.731672e-02
5.313903e-02
5.112314e-02
-2.618289e-02
-1.997732e-03
5.678269e-02
-4.667849e-02
-4.358655e-02
1.246153e-02
3.926558e-02
5.461485e-02
3.289891e-02
-2.359118e-02
3.108860e-02
3.623410e-02
-2.406737e-02
-1.369568e-02
-8.161374e-03
-2.177062e-02
-4.730839e-02
-3.584711e-02
-3.864667e-02
-6.181421e-02
-6.522395e-02
3.712108e-02
1.199743e-02
-2.709896e-02
1.481252e-02
3.172867e-02
9.048583e-03
-3.915005e-03
4.433531e-02
4.069781e-02
-8.021423e-03
2.232083e-02
5.193856e-02
-4.288779e-03
1.348388e-02
-5.371356e-03
-2.745176e-02
8.972923e-03
7.135528e-03
-2.926677e-02
-4.002762e-03
6.089051e-03
2.237925e-02
5.800629e-02
2.530805e-02
5.934496e-02
6.369738e-02
6.961216e-02
-5.015472e-04
3.744576e-02
3.423367e-02
-1.541268e-02
3.844447e-03
1.816045e-02
-1.162364e-02
9.523596e-05
1.790779e-02
-8.195866e-03
3.965580e-03
1.124114e-02
-1.595386e-02
-4.443524e-03
7.487394e-03
-1.750535e-02
2.540497e-02
2.726758e-02
-3.527417e-04
3.903492e-03
2.483112e-02
8.846473e-03
-1.298186e-02
-3.586580e-02
1.391365e-02
9.580344e-03
-2.080595e-02
1.084054e-02
3.252544e-02
1.388003e-02
-1.026192e-02
8.809280e-03
-6.543449e-03
5.862612e-02
7.471139e-02
5.322235e-02
-6.963455e-03
4.108893e-02
4.656744e-02
-1.585269e-02
-2.748945e-02
-1.624412e-02
3.158933e-02
1.468954e-02
-2.848542e-02
3.747009e-02
5.329140e-02
1.115160e-02
3.252466e-03
8.967623e-03
2.024633e-02
-2.501874e-03
2.032945e-02
2.558268e-02
8.571933e-03
-8.967484e-03
1.102334e-02
2.902941e-03
-1.408083e-02
-4.621566e-02
1.081736e-02
-3.029617e-03
-4.767380e-02
3.750033e-02
5.566332e-02
9.080269e-03
1.109801e-02
-2.026146e-02
3.665136e-02
-1.509082e-02
-7.503521e-02
-5.587956e-02
2.829441e-02
-3.806942e-02
-5.837815e-02
-1.083928e-02
-2.867971e-02
1.113557e-02
-5.498215e-03
-1.897146e-02
-3.724625e-03
-5.912056e-03
-1.642364e-02
-6.470362e-03
