4.338945e-04
1.520926e-02
3.356150e-03
6.933562e-03
1.429721e-02
1.793786e-02
1.981813e-02
5.539539e-04
7.125594e-03
2.206507e-02
1.721468e-03
1.172620e-02
5.536069e-03
-1.751253e-03
-8.153488e-03
-1.117469e-02
-1.313191e-02
-1.145367e-02
-2.159236e-02
-3.251985e-02
6.275526e-03
1.746337e-02
7.086786e-03
-6.783574e-03
1.303197e-02
1.670537e-02
-1.835215e-02
1.712558e-02
1.446234e-02
4.608804e-03
-1.874260e-02
1.169349e-02
-1.758120e-02
5.552358e-03
-1.243165e-02
-3.225983e-02
3.668598e-03
-5.266260e-03
-1.841716e-02
3.256397e-03
-9.906039e-03
3.120505e-03
8.910559e-03
-6.220672e-03
-5.026053e-03
-1.719108e-02
-4.124535e-02
-2.933466e-02
-3.234549e-03
-1.692893e-02
2.433077e-03
1.685489e-02
3.284361e-02
6.178778e-02
1.007252e-02
2.307050e-02
-3.026705e-03
-6.396619e-03
2.547687e-03
-3.500181e-03
-1.488551e-02
-3.088171e-02
-1.666915e-02
-7.017038e-03
7.389714e-03
1.614981e-02
-2.361218e-02
-1.335439e-02
-1.163039e-02
2.690912e-02
1.452001e-03
1.516531e-02
4.560534e-03
9.483353e-03
1.384671e-02
2.111917e-02
3.105301e-02
-3.145373e-03
8.436864e-03
3.375630e-03
1.094907e-02
3.198407e-02
3.706184e-02
7.011832e-03
9.698130e-03
1.517882e-02
8.545179e-03
4.514067e-03
2.228033e-02
1.411640e-02
3.627662e-02
6.481931e-03
2.334204e-02
1.401619e-02
-2.769184e-04
8.130212e-03
3.937571e-03
-2.318666e-02
1.355195e-03
-1.672498e-02
-9.386972e-02
-1.195401e-01
2.807529e-02
-6.630675e-02
-1.468883e-01
5.120268e-02
2.436048e-02
1.751401e-02
-2.308619e-02
1.012127e-02
2.558353e-02
-1.256717e-03
2.274615e-02
3.408216e-03
1.591305e-02
-3.786145e-03
-5.050422e-03
2.719565e-02
4.736625e-03
1.352549e-02
-9.526757e-03
-2.200886e-02
-2.608908e-02
-2.615106e-03
-3.018738e-02
-7.340300e-03
2.688507e-02
-2.375866e-03
4.997475e-03
1.298747e-02
-3.158890e-02
-3.150927e-02
3.420488e-02
3.546489e-02
4.123715e-02
-1.927588e-02
-2.185573e-02
-2.806586e-02
-6.156798e-03
-9.396482e-04
2.177843e-02
1.541051e-02
3.990697e-02
3.041583e-02
-1.957581e-04
1.725269e-02
3.223746e-02
-2.298385e-03
5.280661e-03
9.789130e-03
-1.701885e-02
-1.734502e-02
-4.412092e-02
2.487156e-03
-4.584591e-03
1.489038e-03
-8.303791e-03
1.446281e-02
1.812289e-03
-1.219598e-02
-1.273425e-02
-2.191414e-02
-8.877342e-04
-6.191054e-02
-2.071767e-02
-5.025994e-03
-1.855375e-02
-4.810645e-03
1.540111e-02
-8.604080e-03
-7.536991e-03
-4.405561e-02
-3.660715e-03
2.950168e-02
-2.388781e-02
1.493181e-02
2.759992e-03
-2.874564e-02
5.216818e-03
5.485971e-03
-1.587958e-02
1.121741e-02
3.800421e-03
1.657524e-02
1.010786e-02
8.101682e-06
6.751782e-02
3.304448e-02
-4.565563e-04
-2.094700e-02
-3.035206e-02
-2.325373e-02
1.525917e-02
-3.279710e-02
-3.354298e-02
-6.645636e-03
-2.472566e-02
-4.371296e-02
1.541669e-02
-6.094727e-03
1.062511e-02
3.544192e-03
-8.877119e-03
-1.841779e-02
7.392540e-03
-8.451737e-03
-1.929784e-02
-3.647695e-02
-1.940929e-02
2.683129e-03
1.763436e-02
5.708978e-04
2.402121e-02
3.253245e-02
7.713878e-03
-2.600207e-02
3.431851e-02
1.897229e-02
-7.417308e-03
-1.332336e-02
-8.454619e-03
2.165042e-03
-3.748575e-02
9.031002e-04
4.498357e-02
1.480051e-02
8.926205e-03
-3.665110e-02
-1.282623e-02
2.913189e-03
-1.608052e-02
-3.106002e-02
4.776770e-03
1.952760e-02
-1.177030e-02
-2.431544e-02
-3.578594e-02
-1.736697e-02
-3.613771e-02
-3.999519e-02
-1.240604e-02
-2.193760e-02
-3.074146e-02
-9.681264e-03
-1.407554e-02
1.213674e-02
-8.409606e-03
-3.780656e-02
-2.247099e-02
2.259231e-02
-1.729609e-02
-2.376866e-02
6.253475e-03
-3.737478e-03
-5.568075e-03
4.168483e-03
-3.585487e-02
1.224631e-03
4.123526e-03
9.332411e-03
1.494008e-02
6.828906e-03
3.698957e-04
8.374719e-03
1.320798e-02
-2.262864e-02
-3.035059e-02
6.052270e-03
-5.148239e-02
-5.449633e-02
-2.863600e-02
-8.156069e-02
-4.470626e-02
-4.989583e-02
-1.267446e-01
-5.479578e-02
-2.961591e-02
-7.702013e-02
-8.838657e-03
3.281337e-02
-1.919408e-02
6.074347e-03
1.801352e-02
-1.031618e-02
3.379078e-03
-1.985690e-02
-4.892404e-02
-1.798472e-02
-2.586190e-02
-1.822652e-02
1.450363e-02
-1.850130e-02
-3.028147e-02
2.075014e-02
-1.188144e-02
-7.977712e-03
-1.377038e-02
-1.990884e-03
-4.624913e-02
-3.587948e-03
2.992976e-02
-2.607855e-02
2.782358e-02
-3.943771e-03
-1.908812e-02
-5.367663e-02
2.267739e-02
1.035810e-03
8.446961e-03
-2.346407e-02
3.940691e-03
-1.276513e-02
-3.287322e-02
-2.027984e-02
-1.788907e-02
5.294636e-02
2.871125e-02
-3.938377e-02
3.267050e-02
-1.082464e-02
-6.738377e-02
3.767099e-03
-8.904862e-03
1.228400e-02
-1.278979e-02
1.370424e-06
3.788311e-02
-8.506782e-03
-5.233319e-02
-2.341668e-02
-3.589699e-02
-6.336237e-02
-7.618932e-02
-4.107413e-03
3.804562e-03
-2.824525e-02
1.901380e-02
2.406415e-02
-3.968935e-03
4.615366e-02
2.976479e-02
1.147297e-02
-1.361964e-03
-3.370192e-02
-4.007555e-02
-8.145239e-03
-5.922478e-02
9.344495e-03
2.636589e-02
-4.970330e-03
1.590537e-02
-1.652638e-02
-6.453419e-03
-2.816475e-02
-6.503512e-03
-5.172480e-02
1.259113e-02
1.925682e-02
-1.965733e-02
3.141368e-02
5.046263e-02
7.311644e-02
4.934833e-02
-4.308491e-03
6.410472e-02
4.549203e-02
9.049183e-05
-1.187697e-02
6.325164e-03
2.504349e-03
2.779933e-02
3.650273e-02
-2.442151e-03
2.902186e-02
3.770416e-02
-5.116012e-03
-1.063955e-02
7.018277e-03
3.167885e-03
-4.630253e-02
8.376033e-03
-6.032452e-04
-4.897547e-02
5.639602e-03
1.633989e-02
-3.335682e-02
-1.254789e-03
1.637278e-02
3.279271e-02
3.740615e-02
-8.045024e-03
1.383749e-02
-1.869130e-02
2.537162e-02
1.194416e-02
-4.183946e-02
-3.849969e-03
1.538480e-02
-1.249923e-02
-1.947278e-02
-1.410895e-02
3.145798e-02
-3.026502e-02
1.243614e-02
6.057723e-03
5.544015e-02
3.609633e-02
-1.172981e-02
6.854694e-02
3.078881e-02
1.361868e-02
3.791738e-02
7.108398e-02
6.826784e-02
-3.488537e-03
2.994462e-03
-3.922103e-03
-2.544026e-05
-2.855064e-02
-3.796539e-03
4.339597e-03
-6.939812e-03
-1.851189e-02
8.662109e-03
-3.140026e-02
-1.904497e-03
9.131610e-03
-3.475437e-02
-1.947659e-02
2.018733e-02
-6.210454e-02
1.587796e-02
1.683780e-03
1.173468e-02
3.544070e-02
2.231525e-02
5.624159e-02
4.061334e-02
2.450856e-02
-5.835525e-03
3.896465e-03
-5.346780e-03
-1.462308e-02
2.029506e-02
2.597986e-02
2.461942e-02
-4.377856e-02
-4.161893e-02
-2.095122e-02
-2.721326e-02
5.261939e-02
-6.831367e-02
9.698812e-03
2.094866e-02
-1.021586e-02
-7.119812e-04
1.206076e-02
-5.095019e-02
-2.504173e-02
3.809955e-03
1.424964e-02
3.550758e-02
-1.402147e-01
-4.053371e-03
3.345642e-02
-1.315298e-03
-6.592529e-03
-4.433868e-02
-2.063451e-02
5.403797e-03
1.048102e-02
-9.569046e-02
4.236248e-02
4.540142e-03
-4.229955e-02
3.937217e-02
4.359505e-02
-4.764467e-02
-2.024368e-02
3.604623e-02
-2.793014e-02
1.397573e-02
1.539434e-02
8.627822e-03
-2.338249e-02
-6.908324e-03
7.299566e-02
-1.072615e-02
-4.542714e-03
-1.658975e-01
7.569829e-02
2.599999e-03
-1.334487e-02
-1.433073e-02
-1.955502e-02
-3.030391e-02
-1.027822e-02
1.773486e-02
-6.928825e-02
4.594220e-02
-4.767324e-02
-6.297800e-03
-1.855826e-02
-1.264081e-02
-2.775011e-03
9.847978e-03
2.212409e-03
7.763763e-02
9.569047e-02
-3.969723e-02
2.083158e-02
2.288056e-02
3.752796e-02
-2.132769e-02
-2.732064e-02
1.399888e-02
-3.302631e-03
-6.954988e-02
-2.104406e-02
-2.081943e-02
-3.828524e-02
2.557714e-02
-5.748044e-02
2.057152e-02
-1.055479e-02
-5.264747e-02
5.579826e-03
-1.144003e-02
-5.823088e-02
-5.661511e-04
-2.038168e-02
-7.895483e-03
-1.099363e-02
-1.177069e-02
1.296860e-02
3.512550e-02
-2.533451e-03
-8.021422e-03
4.475574e-02
-6.476323e-03
-1.437703e-02
-1.522285e-02
7.793480e-03
5.554992e-02
-7.435599e-02
1.645260e-02
-9.333307e-03
-1.784189e-03
-3.365419e-02
6.787446e-02
1.799039e-02
2.322045e-02
6.763739e-03
-1.696702e-02
2.595375e-02
-1.087708e-02
6.175442e-03
4.039172e-02
3.173513e-02
-4.059723e-02
-1.294899e-02
9.402651e-03
-6.159191e-03
-1.770588e-02
-4.566681e-02
-3.874405e-02
-1.944506e-02
-1.120732e-02
-8.514743e-03
-4.977281e-03
-4.834919e-02
-2.686862e-02
-3.887238e-02
1.323961e-02
2.366633e-03
-6.247298e-03
-2.071067e-02
-4.762549e-03
-2.092200e-02
-2.843534e-02
-2.157672e-02
-2.444031e-02
-1.823153e-02
-1.177661e-02
-1.565570e-02
1.860133e-02
2.622060e-02
5.504713e-03
-5.425558e-03
-4.260441e-03
-3.590343e-03
2.401628e-03
-4.264542e-03
-4.486928e-03
-4.727561e-03
-1.875822e-02
4.944040e-03
2.956662e-04
-1.274646e-02
7.291907e-03
4.110493e-03
-3.490912e-02
-2.499423e-02
3.111982e-03
4.256561e-03
1.218542e-02
-3.320787e-03
-6.634860e-03
3.992993e-03
-1.545130e-02
8.114371e-03
7.830455e-03
1.027041e-02
-2.510448e-02
-1.564104e-02
-3.546565e-02
-6.152599e-02
-3.969474e-02
-6.297661e-02
-8.217396e-02
-3.131798e-02
9.303243e-04
-1.971531e-02
-1.125249e-02
1.957748e-02
-4.045792e-03
6.397964e-03
-1.373919e-02
1.457753e-02
2.328341e-02
-2.651800e-02
6.704291e-03
-1.216743e-02
6.991686e-03
3.291887e-02
8.295720e-03
6.696517e-03
7.598152e-03
-1.236655e-02
-8.409834e-03
8.846282e-03
1.423890e-02
-1.680391e-02
-1.381523e-02
1.277071e-03
-1.910086e-02
-1.994956e-02
4.731229e-03
1.309476e-02
3.697912e-02
-1.752133e-02
2.894945e-04
-6.811066e-04
-4.656547e-02
6.791668e-03
-7.903215e-03
-2.919819e-02
9.803336e-03
1.670860e-02
-5.145392e-03
2.271817e-02
3.206741e-02
1.005603e-02
1.763472e-02
1.210120e-02
-1.027598e-02
3.671367e-03
-4.661627e-03
-2.646967e-03
-8.670375e-03
-1.381444e-02
-1.135309e-02
-1.892554e-02
-1.889650e-02
-5.895879e-03
-2.237840e-02
-1.127036e-02
-1.740199e-02
-4.731098e-02
-2.172752e-02
-2.090025e-02
-4.263688e-02
9.989536e-03
-2.972115e-03
3.636191e-02
1.100755e-02
8.567796e-03
1.624348e-02
9.267744e-03
2.054536e-04
-1.474884e-02
-6.767246e-03
-6.209317e-03
-1.255527e-02
-1.191200e-02
-9.573087e-03
-8.487674e-03
-3.065213e-02
-3.675599e-02
-2.216766e-04
-1.699619e-02
-1.617888e-02
-9.829716e-03
-1.049910e-02
-1.052354e-02
-2.393044e-02
5.043002e-03
-1.054735e-02
-1.640388e-02
9.468884e-03
1.396922e-02
-4.368091e-02
-1.027909e-02
-9.689734e-03
-4.297119e-02
-4.141252e-03
9.958824e-04
-1.596597e-02
-6.135380e-03
-1.134227e-02
1.340871e-02
2.269358e-03
-5.842617e-03
-4.436743e-03
4.493618e-03
-5.957370e-03
-2.006403e-02
-1.373139e-02
-1.829991e-02
-5.191550e-03
-3.956335e-03
-7.053709e-03
1.179075e-02
-1.127076e-02
6.211290e-03
2.350072e-02
-7.575546e-03
-7.513336e-03
-2.239752e-02
-1.783639e-02
5.849814e-04
-2.409021e-02
-3.959322e-02
1.218030e-04
3.965467e-03
1.068707e-02
-8.010375e-03
1.247002e-02
1.410836e-02
-7.851591e-05
1.931574e-02
1.005971e-02
5.178339e-03
5.532136e-03
2.288529e-02
1.216653e-02
-1.662568e-02
-4.165383e-03
3.281159e-03
-3.343161e-02
-2.451344e-02
-3.517182e-03
-3.537796e-02
-3.945483e-02
-3.083486e-02
-5.106426e-04
-1.562173e-02
-1.203224e-02
1.250908e-03
-4.627896e-04
-8.511618e-03
-1.218793e-02
5.275026e-03
-2.434707e-02
-9.761258e-03
1.309446e-02
2.952227e-02
-5.623629e-03
1.762717e-02
4.149051e-02
-1.575975e-02
7.244313e-03
2.046249e-02
2.686424e-02
3.769343e-02
2.033143e-02
2.471080e-02
9.533054e-03
5.576800e-03
2.479107e-03
6.480921e-03
8.506176e-03
9.646935e-03
1.014067e-02
-7.984509e-03
1.715321e-02
-7.086757e-04
-1.920335e-02
3.383924e-03
-2.237747e-02
-2.032400e-02
-5.053130e-03
-7.094254e-04
1.919984e-02
3.066996e-03
3.988911e-04
1.704204e-02
3.830179e-03
1.893972e-02
-1.772361e-03
-1.003144e-02
1.159399e-03
-2.501348e-02
-7.559238e-03
3.228243e-03
-1.137397e-02
-1.559341e-02
-1.241324e-02
-1.646850e-02
-2.331102e-02
1.187818e-02
3.716594e-02
-3.085794e-02
-1.342769e-02
4.295261e-03
-3.809321e-02
-3.116698e-02
-3.099201e-02
-6.470779e-03
-2.296412e-02
-3.975599e-02
-4.694428e-02
-3.488165e-02
-1.807173e-02
-1.414882e-02
-1.207540e-02
-1.595727e-02
1.717244e-02
1.961372e-02
8.143253e-03
-1.023155e-02
-4.053178e-02
-4.601438e-02
-1.780789e-02
-5.589821e-02
-6.905187e-02
-6.906192e-04
1.110093e-02
-1.567248e-02
3.207733e-02
4.472781e-02
-3.328660e-03
5.030597e-02
4.113938e-02
5.780573e-03
-1.230170e-02
6.077253e-03
3.786556e-03
-4.295144e-03
8.695725e-03
-5.411630e-03
1.158212e-02
2.466605e-02
1.221542e-02
-3.854610e-02
-2.368648e-02
3.936289e-03
-4.135451e-03
-1.445203e-02
-2.134297e-02
1.000755e-02
2.263572e-02
-9.910035e-03
-2.850583e-02
1.807307e-02
1.736938e-02
-8.851172e-04
-7.933460e-02
4.377531e-02
7.009028e-02
-2.197329e-02
-1.040781e-02
-6.385732e-03
-1.184960e-02
3.569748e-02
1.479893e-02
-1.932630e-02
-3.012988e-02
-1.601051e-02
1.924603e-03
1.130511e-02
2.256143e-02
-5.253060e-03
-1.825954e-02
4.675712e-02
-3.666196e-04
3.333728e-03
-5.748020e-02
-5.795077e-03
2.226965e-02
-5.902422e-04
1.617968e-02
1.610353e-02
4.687410e-02
8.853122e-02
-8.674079e-02
3.351918e-03
-1.208824e-02
7.856378e-02
1.453630e-02
2.924877e-02
2.048910e-03
2.191446e-02
-3.775734e-02
-1.086591e-03
-1.874311e-02
4.546639e-02
-8.220274e-03
-9.910379e-03
-5.376004e-02
-4.902078e-05
6.038399e-02
-1.336695e-01
-8.131811e-02
-1.953618e-04
1.767066e-02
-5.047274e-03
-6.485629e-02
1.949812e-02
-1.351127e-02
3.638767e-02
-5.458863e-02
9.220237e-02
-3.119624e-04
2.264368e-02
-3.156802e-02
9.442981e-03
2.035449e-02
3.908537e-02
-1.995976e-02
-4.396555e-02
1.331299e-02
1.830956e-02
-1.452309e-02
-4.447270e-02
-2.053824e-02
-3.142912e-03
2.503305e-03
-2.490241e-02
-7.587130e-02
4.422738e-02
-1.447693e-03
1.991285e-02
-1.996648e-02
6.113113e-03
-1.754675e-02
-3.083307e-02
-9.099058e-04
-1.371236e-02
-3.001080e-02
1.759586e-02
2.185269e-03
-2.657554e-02
-3.331485e-02
-1.461745e-02
-5.769206e-02
2.501188e-02
1.361708e-03
1.734581e-02
-1.199210e-03
4.589446e-02
-3.149986e-02
-1.897563e-03
-1.835629e-02
-9.607202e-04
-5.122166e-02
8.524266e-02
-4.770110e-02
5.461925e-04
-6.191608e-02
2.391856e-02
-1.700167e-02
4.049478e-03
-1.084915e-02
9.426582e-03
5.898933e-02
-4.848997e-03
1.616635e-02
1.479894e-02
2.231087e-02
-4.580931e-02
3.803573e-03
4.812027e-02
-4.963226e-02
-1.757333e-02
3.757405e-02
-1.661612e-02
-1.347768e-02
2.675814e-03
-2.910801e-02
-3.229124e-02
3.753231e-02
-5.103839e-02
-2.752835e-04
-2.574760e-03
-9.878963e-03
-2.209424e-02
-1.165506e-03
2.046726e-02
-4.990356e-03
-7.108792e-03
1.392177e-02
-1.239233e-02
-5.819567e-03
-8.778918e-03
-2.136497e-02
-1.638304e-02
-6.513055e-03
-3.130614e-02
-3.838259e-02
-6.345114e-04
-6.357862e-03
1.252233e-02
-6.255273e-03
2.592586e-03
1.078998e-02
3.889435e-02
5.002854e-04
-1.466080e-02
-1.344782e-02
-2.460165e-02
-2.531910e-02
-1.648653e-02
-3.679623e-02
-2.507527e-02
-1.195794e-03
1.052856e-02
1.557756e-02
-8.177570e-03
1.447934e-03
5.682324e-03
3.687428e-03
-8.209427e-04
-1.336385e-02
-1.964766e-02
-2.194039e-02
-2.297662e-03
-3.181722e-02
-4.281361e-02
-2.939423e-02
-5.459784e-03
-2.359728e-02
-4.763024e-02
4.993634e-04
1.492716e-02
1.637343e-02
2.178750e-02
2.420795e-02
2.865948e-02
2.946074e-02
1.151086e-02
8.519136e-03
-1.581945e-02
-1.584702e-02
1.591587e-02
-1.512018e-02
6.456463e-03
6.001014e-03
1.971490e-04
3.112495e-02
1.940556e-02
-2.979133e-02
-2.988194e-02
-1.239695e-02
-3.186894e-02
-2.157597e-02
-1.185911e-02
-1.516544e-02
2.597394e-03
2.108085e-02
1.220753e-02
6.893270e-03
2.699152e-02
-2.328164e-02
-1.963660e-02
5.423017e-03
-2.099586e-02
-1.778647e-02
-9.642531e-03
-7.690618e-03
1.540446e-02
5.209609e-03
-8.614884e-03
1.043526e-02
-3.287083e-03
2.004682e-02
1.324399e-02
6.626461e-03
8.948129e-04
-3.396218e-03
-3.495402e-03
5.875290e-03
-8.861479e-03
-1.404046e-03
6.601600e-03
-2.951454e-03
4.717195e-03
-1.052067e-02
-2.230962e-02
-1.140396e-02
7.717969e-03
9.680638e-03
4.543787e-02
2.086056e-02
1.788209e-02
7.365970e-02
8.248279e-03
-4.072655e-03
-3.413516e-02
1.267010e-02
-2.536904e-02
-4.722242e-02
-5.358409e-03
-1.422524e-02
-2.120380e-02
-1.198464e-02
-1.920395e-02
-1.535109e-02
-9.709257e-03
9.655247e-03
2.531332e-02
3.151135e-04
1.874863e-02
5.382847e-02
5.133757e-03
1.673790e-03
-9.500973e-03
-7.200157e-04
7.628143e-05
2.596859e-03
-2.988412e-02
-9.812308e-03
-3.646239e-03
-9.374410e-03
4.897282e-03
-2.472073e-03
8.570871e-03
8.789189e-03
-1.470972e-03
1.653120e-02
-9.179262e-04
-1.364236e-02
-3.643239e-02
-4.151339e-02
-5.102075e-02
-5.977003e-02
-6.028651e-02
-8.235034e-02
-1.931568e-02
-5.980025e-03
-1.803445e-02
7.310012e-03
-3.789707e-02
-3.994776e-02
-1.238424e-02
-1.611568e-01
-9.519461e-02
-6.278069e-03
-8.996756e-02
-2.220703e-02
1.891433e-02
1.520689e-02
1.350000e-02
-4.884789e-02
-4.925699e-02
2.701635e-02
-6.434247e-02
-6.388906e-02
-1.468911e-03
7.422879e-03
-2.493438e-02
4.336022e-03
9.150347e-03
-4.267537e-02
9.563880e-03
2.868399e-02
-1.336011e-02
-2.253469e-03
-1.541090e-02
-3.241648e-02
-4.632551e-03
1.233126e-03
-4.464081e-02
-3.205080e-02
2.772389e-03
-2.859232e-02
-9.331082e-03
-1.767666e-02
-1.983694e-02
-7.252154e-03
9.063631e-04
-9.969466e-03
5.296885e-03
1.138257e-02
1.280298e-02
1.404964e-02
-8.251901e-03
1.441422e-02
2.351756e-02
-2.764964e-02
2.183190e-02
1.265689e-02
5.608837e-02
3.173081e-02
1.078998e-02
-7.601809e-03
-2.687380e-02
-3.008153e-02
-2.148585e-02
-9.955402e-03
-3.829109e-03
-7.006610e-03
1.161813e-02
1.398756e-02
7.938535e-03
-1.193774e-02
-3.545948e-02
6.630610e-03
-3.838537e-04
-2.226553e-02
4.664782e-02
2.214127e-02
3.377948e-03
-2.213132e-02
-1.080334e-02
-1.530576e-02
-3.449509e-02
-7.564414e-03
-1.576350e-02
-7.279698e-03
-3.696769e-02
-2.393225e-02
-1.182988e-03
1.755053e-02
-1.669653e-02
8.035017e-03
4.768503e-03
-1.360406e-02
8.496142e-03
3.102507e-02
8.647718e-03
-5.893293e-03
-1.190245e-02
9.242843e-03
-2.434791e-03
5.593261e-03
7.327265e-03
-3.711903e-02
-9.900113e-03
-3.006274e-02
5.373186e-02
7.930061e-02
4.366761e-02
-1.971024e-02
-2.482288e-01
-7.239524e-02
4.225082e-02
9.434114e-02
4.286242e-02
-1.724134e-02
2.964702e-02
2.165464e-02
-9.398337e-03
4.009444e-02
2.690513e-02
-2.033049e-02
3.333006e-02
5.903321e-02
-1.106070e-02
-9.731024e-03
-1.672214e-02
-2.437798e-02
-1.724398e-02
-3.317067e-02
2.203999e-03
1.477172e-02
-2.101458e-03
3.465180e-02
4.628640e-02
7.919443e-02
9.849155e-02
3.985793e-02
1.328655e-01
6.638234e-02
5.677966e-02
1.019172e-01
-1.339367e-02
-1.950540e-02
-9.706641e-03
-1.524973e-02
-1.980287e-02
-9.177341e-03
-3.210345e-02
-3.992465e-02
-3.700658e-02
-1.845305e-02
-1.582252e-02
-2.042314e-02
4.812444e-03
1.256942e-02
1.818304e-02
7.262004e-04
-3.868719e-03
1.652102e-02
-3.454219e-02
-3.034418e-02
5.321412e-03
-2.219480e-02
-2.429077e-02
-2.443217e-02
1.826706e-03
-1.955050e-02
-3.911821e-02
-3.282983e-03
-1.114986e-03
1.178416e-02
-8.049745e-03
-1.629714e-02
-2.269388e-03
2.466683e-02
1.504170e-02
1.940632e-03
1.871197e-02
-2.197948e-02
-1.917898e-02
2.360781e-02
4.492384e-03
1.418439e-03
-1.666125e-02
-5.434365e-03
1.507451e-02
1.329903e-02
4.706584e-02
4.758655e-02
3.234823e-03
2.100600e-02
1.583398e-02
4.874364e-03
1.746441e-02
4.351507e-03
8.896774e-03
7.917762e-03
-1.004325e-02
1.794759e-02
1.289384e-02
-1.472055e-02
5.528656e-03
1.266346e-02
-1.642116e-02
2.094800e-02
1.466542e-02
-5.700835e-03
-9.758414e-03
6.761101e-03
2.144609e-03
-2.064816e-02
-1.444463e-02
-1.418441e-02
-4.941249e-03
8.765756e-03
1.542716e-02
-2.002873e-02
-1.563321e-02
-2.514462e-03
-9.019556e-03
4.507460e-04
9.317851e-03
4.462173e-03
5.615639e-03
2.926014e-03
2.630811e-02
-8.979860e-04
3.619441e-03
1.373043e-02
-3.369505e-03
-9.855001e-03
2.120063e-02
2.749470e-02
1.534296e-02
2.792017e-02
2.916675e-02
1.279413e-02
1.207831e-02
7.786591e-03
-7.912347e-03
-9.993813e-03
-4.997126e-03
-4.993993e-02
-1.502488e-02
-8.707484e-03
-6.986679e-02
-2.869454e-02
-2.544085e-02
-5.999599e-02
-1.709845e-02
8.083895e-03
1.575967e-02
-2.753234e-02
-1.879305e-02
1.925981e-02
-2.121562e-02
-3.171498e-03
-6.683742e-04
2.760540e-02
-5.816133e-03
1.765401e-02
8.322814e-03
1.018897e-02
2.898183e-03
2.354700e-02
7.136440e-04
-3.274355e-04
-3.548772e-02
-3.471507e-02
-2.298085e-02
-4.372198e-02
-4.501550e-02
-4.688444e-02
-2.574128e-02
-6.289194e-02
-6.020560e-02
-9.498599e-03
-2.940271e-02
-2.699564e-02
5.903763e-03
-2.907974e-02
-2.320098e-02
2.763457e-03
-1.285251e-02
-1.621724e-02
2.863945e-02
1.750852e-02
1.231964e-02
2.094897e-02
2.491704e-02
-2.796421e-02
7.152409e-03
1.954171e-02
-2.001251e-03
1.754854e-02
1.272596e-02
-2.374372e-02
1.077716e-03
-1.943623e-02
2.684014e-03
-3.719767e-03
-2.557352e-02
-1.357941e-02
3.985733e-02
-1.637134e-02
-4.880073e-02
1.690906e-02
3.804320e-02
-1.308248e-02
-6.741233e-03
1.171754e-02
-2.713492e-02
1.926041e-03
-1.769523e-02
6.913052e-02
3.360644e-02
4.021497e-02
1.165184e-01
4.745107e-02
3.057827e-02
3.087485e-02
1.104953e-02
2.048471e-02
-8.757912e-03
1.425655e-03
-4.546341e-03
-1.422329e-02
-1.784200e-03
-5.899020e-02
1.863645e-02
2.378460e-02
-4.519342e-02
-1.085070e-02
1.688503e-02
-7.902761e-02
3.038205e-03
-2.419329e-02
-1.161156e-02
3.169236e-02
-1.113238e-02
-2.386013e-02
-4.526908e-02
5.009350e-02
6.887002e-02
-5.679963e-02
3.124678e-02
2.949891e-02
-2.269397e-02
-3.434386e-04
-2.747713e-02
6.046945e-02
3.051593e-02
2.927057e-02
-8.612464e-02
3.939912e-03
5.292878e-03
-8.142707e-02
2.010456e-02
2.809072e-02
5.243872e-02
-4.542216e-02
-1.526933e-01
-1.550734e-01
-1.375849e-02
-2.054608e-02
2.276467e-02
2.818098e-02
-1.328294e-03
-5.756417e-03
-3.239223e-02
-6.429629e-02
-5.701843e-03
-8.743205e-03
-1.120560e-02
-7.602370e-03
3.161262e-02
-6.186348e-03
-1.003279e-01
3.056805e-02
-5.629891e-03
-8.183563e-02
-8.759201e-04
-4.984553e-04
-7.034583e-02
-1.919160e-02
2.783299e-02
-2.016873e-02
1.567468e-02
1.613763e-02
1.496239e-03
-9.439404e-03
3.110441e-02
-6.361767e-03
8.664816e-03
6.480749e-03
-3.228174e-02
-1.100688e-03
3.955781e-02
-2.473801e-02
-3.293448e-02
8.995888e-03
2.831037e-02
-1.895479e-02
2.448148e-02
-3.632527e-03
4.804493e-03
1.813162e-03
1.462643e-02
1.509242e-02
3.107629e-02
5.786824e-02
3.202821e-02
1.460354e-02
1.249182e-02
2.618518e-02
2.540326e-02
-1.443180e-02
3.685122e-03
-2.128716e-02
-2.735883e-02
-1.387180e-02
-3.446113e-02
-3.440930e-03
-2.596969e-02
5.919686e-03
2.110034e-03
1.803930e-02
1.716851e-03
-2.463199e-02
3.237034e-03
1.653008e-02
-1.434294e-02
-1.458757e-02
-1.578306e-02
-3.919657e-02
3.005109e-03
1.416976e-02
5.893097e-04
2.291083e-02
-8.275915e-03
-8.615868e-03
3.220708e-02
-7.778202e-03
-1.275845e-02
3.515532e-02
1.187359e-02
3.354683e-02
1.601289e-02
5.173087e-03
-5.156135e-03
8.791333e-03
2.992756e-02
-8.420478e-03
-1.870788e-03
8.223609e-03
-1.075783e-03
1.779283e-03
1.436905e-03
-1.521274e-02
3.092018e-03
5.298452e-03
-3.038896e-02
4.719010e-03
-5.947333e-03
-2.911731e-02
-1.259495e-02
-2.412400e-02
-2.086777e-02
-2.510451e-02
-7.294368e-02
-1.930216e-02
-5.335579e-03
-5.153718e-02
1.412819e-02
-1.279595e-02
-1.198780e-02
5.090580e-02
-1.616935e-02
3.863847e-03
4.976269e-02
-1.150868e-02
-9.038815e-03
4.951616e-02
8.268804e-03
3.711774e-02
-8.788318e-03
3.527431e-02
3.150125e-02
-3.115559e-03
-1.732528e-02
-1.216546e-02
-2.289880e-02
-4.106551e-05
-3.362033e-02
-6.205883e-03
-1.108982e-02
-7.513253e-02
-4.634321e-02
-1.464707e-02
-3.057794e-02
2.012988e-02
-5.571378e-02
-5.349831e-02
-2.904920e-02
-3.507541e-02
-1.204566e-02
2.695713e-02
2.597732e-02
5.542102e-02
1.363474e-02
6.845048e-03
1.535119e-04
-2.301262e-02
1.307462e-02
1.167508e-02
-7.819049e-03
1.745099e-02
2.077985e-02
-6.727540e-03
6.292576e-03
-3.127692e-02
-6.641450e-03
-6.940925e-03
-3.467629e-02
-1.452259e-02
-1.120164e-02
-4.036698e-02
-1.386554e-02
-8.117779e-03
2.437277e-02
-4.920098e-02
-3.062571e-03
3.284673e-02
-2.570630e-02
-1.041742e-03
1.647939e-02
-3.464087e-02
-2.403321e-02
2.133109e-02
3.046063e-02
7.153584e-03
1.954332e-02
5.374396e-03
8.779837e-03
7.968552e-03
8.347046e-03
1.302901e-02
2.794018e-02
6.363078e-03
-5.201542e-03
3.037751e-02
2.324992e-02
-3.167795e-02
-6.548246e-03
1.840013e-02
5.803879e-03
1.328104e-02
7.205949e-03
-3.810162e-03
-3.468062e-02
2.339054e-03
-1.041820e-02
-7.699564e-03
3.766023e-02
-2.094684e-03
-2.662655e-03
1.191699e-02
6.870357e-03
-2.245893e-02
-1.175511e-02
8.732123e-03
-2.373963e-02
-7.370358e-04
4.537747e-02
3.595142e-02
3.211742e-02
-2.181588e-03
-6.103082e-03
-8.085105e-03
6.727665e-02
7.296670e-02
7.441179e-02
2.915529e-04
8.728948e-03
-5.389784e-03
-8.456396e-03
1.120085e-02
4.377627e-03
-3.963697e-02
-3.243225e-02
-2.724766e-02
-1.772752e-02
2.818636e-03
-6.028272e-04
-1.320694e-03
1.364738e-02
2.568495e-02
-1.939905e-02
7.279195e-03
2.889348e-02
-2.630104e-02
3.806751e-03
-1.427352e-02
-3.491386e-03
1.588904e-02
-1.399562e-02
-8.864169e-03
8.448871e-03
-1.346986e-02
1.902490e-02
2.537148e-02
1.310584e-02
-1.525896e-03
3.020492e-05
-8.344874e-03
-8.586619e-03
4.780832e-03
-1.826451e-02
-2.699064e-02
-1.856936e-02
1.441663e-02
8.478506e-04
-1.054591e-02
1.146512e-02
9.475417e-03
5.473474e-03
1.679234e-02
9.247450e-03
8.753713e-03
5.357943e-03
2.482532e-02
1.654131e-02
8.961400e-03
4.268010e-02
2.065387e-02
1.079735e-03
-5.800828e-03
-3.264429e-02
-5.360684e-02
3.489092e-02
-5.207788e-03
-1.169617e-02
2.171355e-02
4.611935e-04
-7.058265e-03
-2.573450e-02
5.864929e-03
9.753182e-03
1.310817e-02
4.534323e-02
3.171960e-02
-6.276080e-03
6.318105e-03
-4.682808e-03
1.695045e-02
1.670530e-02
4.503206e-02
2.226526e-02
1.467904e-02
3.150277e-02
7.639590e-03
-2.154250e-03
1.951815e-02
3.714470e-02
-1.981676e-02
7.073198e-02
3.905322e-02
-2.065419e-02
7.135894e-02
4.331589e-02
-1.334353e-03
6.987622e-02
7.165998e-03
3.037215e-02
1.382737e-02
-1.406733e-03
8.702226e-03
4.804834e-03
-4.003972e-02
-2.541749e-02
-4.109322e-02
2.243863e-03
-1.371018e-02
3.290096e-03
1.177398e-02
1.283311e-02
1.161774e-02
-9.208106e-03
-5.278112e-03
1.100266e-02
7.854779e-03
-2.860210e-04
-1.277970e-02
-1.622303e-02
-1.539508e-02
-2.095430e-02
-1.114644e-02
-3.331251e-02
-3.927818e-02
1.959816e-02
-1.787275e-02
-1.013622e-02
3.631512e-02
-1.507689e-03
9.285300e-03
4.888982e-02
2.012268e-02
1.981535e-03
-1.206627e-02
-9.110483e-03
-2.187395e-02
7.656028e-03
1.117287e-02
1.348537e-02
6.923158e-03
1.169950e-02
1.523554e-02
-3.635677e-02
-3.796694e-02
-3.674230e-02
3.116500e-02
3.712921e-02
3.099826e-02
1.498218e-02
1.179609e-02
2.365138e-02
-4.426045e-04
-1.059548e-02
5.244536e-04
-2.776437e-03
-1.329888e-02
-1.084562e-02
-4.403053e-03
-1.903280e-03
-1.755889e-02
-7.576045e-03
2.304348e-02
2.910216e-02
-8.615538e-03
3.063439e-03
7.605414e-03
-1.558378e-02
-1.736544e-02
-3.784420e-02
3.442165e-02
1.505868e-02
-1.137274e-02
2.183498e-02
2.141094e-02
-8.901850e-03
2.620294e-02
2.425613e-02
-5.690354e-03
4.463984e-03
1.752910e-02
1.621683e-02
-2.470675e-03
2.423766e-02
-1.496363e-03
-1.754188e-02
1.174035e-02
-1.193967e-02
6.779149e-03
1.672556e-03
-1.385554e-02
6.830794e-03
-9.163245e-03
-1.416931e-02
-7.727104e-03
-2.419123e-02
-3.942185e-02
4.249650e-04
-8.260116e-03
-1.124973e-02
1.460835e-02
-2.973740e-03
-3.237578e-03
-1.455915e-02
-2.898189e-03
-9.184352e-03
7.228172e-03
2.046739e-02
2.736191e-02
-1.401914e-02
9.864646e-04
8.212911e-03
-7.960386e-03
-2.156831e-02
-7.875418e-03
-6.014696e-03
1.599979e-02
1.959359e-02
-4.659287e-03
3.969230e-03
2.976965e-03
5.574340e-03
1.313272e-02
5.738063e-03
1.925235e-02
2.229617e-02
2.396352e-02
2.647322e-02
1.017753e-02
3.210666e-03
2.217570e-02
1.447188e-02
6.097245e-03
-1.312486e-02
4.675587e-02
4.080628e-03
-1.906355e-02
4.834190e-02
-3.057066e-03
-2.693399e-02
3.055046e-02
-1.524509e-02
-3.031612e-03
-7.928383e-03
7.729458e-03
-1.002997e-03
-4.018146e-03
1.102791e-02
-8.177821e-03
-1.097856e-02
-1.205106e-03
-1.209810e-02
-2.464403e-03
-9.682766e-04
1.211482e-02
2.732281e-02
-3.032773e-04
9.908884e-03
5.179759e-04
-1.528729e-02
-2.246321e-02
-2.652956e-02
-2.506144e-02
-1.436488e-02
5.985834e-04
5.131392e-03
1.068993e-02
6.033280e-03
3.233552e-03
-1.272073e-02
1.540417e-02
2.043098e-02
-1.796592e-02
1.132850e-02
1.194981e-02
-2.436226e-02
-5.612561e-03
-2.490485e-03
-1.426628e-02
8.655530e-03
-3.452037e-03
-2.067597e-02
-2.080671e-02
-7.394172e-04
-7.252622e-03
1.091489e-02
-7.984407e-03
3.297268e-02
4.031210e-02
2.874942e-02
-2.709476e-02
-1.652410e-03
-2.666534e-02
-4.633103e-02
-3.062173e-02
-4.545054e-02
-2.141847e-02
1.252770e-02
-9.597342e-03
6.230393e-03
6.381245e-02
-2.865003e-02
-1.224737e-02
1.432982e-02
-4.079629e-02
-1.962521e-02
1.272161e-02
2.738559e-02
-2.844722e-02
3.905547e-02
1.496647e-02
1.179129e-02
5.110948e-02
2.395653e-02
4.585648e-03
-2.011719e-02
-1.102246e-02
2.218174e-02
1.485333e-04
-3.351355e-03
2.514141e-02
2.202265e-02
-1.557131e-02
-1.157834e-02
-1.807171e-02
-2.221479e-02
1.986708e-03
1.682012e-02
2.163822e-02
8.461745e-03
-7.677478e-03
-1.019841e-02
-5.147750e-03
-4.294955e-02
-8.422647e-03
-6.330004e-02
-1.706000e-01
-2.845652e-02
-4.574789e-02
-1.150068e-01
-2.128210e-02
-3.151258e-03
-3.938356e-03
3.960939e-02
-3.526599e-02
-2.551562e-02
8.753695e-03
1.237345e-02
-4.423616e-02
-2.629378e-02
4.466210e-04
1.689401e-02
2.360623e-02
1.351730e-02
-1.936660e-02
-1.504254e-03
6.173417e-03
-2.455319e-02
2.451167e-03
-3.280150e-02
-6.233751e-02
-1.030333e-02
1.316762e-02
1.970145e-02
2.862700e-02
-8.297871e-03
2.765299e-02
1.566291e-02
2.438695e-02
3.003920e-02
-3.900662e-02
-1.583717e-02
2.262774e-02
-1.795875e-02
8.607625e-03
4.399167e-02
-1.619825e-03
1.036165e-02
7.158207e-03
3.320964e-02
5.211771e-03
-2.263422e-04
2.195941e-02
-1.449735e-02
6.281758e-03
7.436655e-03
-2.473417e-02
-2.403055e-03
-3.374571e-02
6.600366e-03
2.617082e-02
-1.550957e-02
-7.807654e-03
-1.048829e-02
-1.141451e-02
-1.187595e-02
-3.974351e-02
-2.029981e-02
-1.947907e-03
-6.708592e-03
6.460960e-03
-9.098662e-03
-1.357558e-02
1.385248e-02
-1.738464e-02
7.220595e-03
1.106959e-02
-3.073503e-02
1.118322e-02
8.502111e-03
4.066018e-03
-8.137329e-03
3.083536e-03
4.429881e-03
7.241237e-03
5.220860e-02
3.733708e-02
1.206278e-02
-1.345656e-03
1.649231e-02
-1.575993e-02
-3.066355e-02
5.911286e-03
-3.389099e-02
-1.386850e-02
-4.026990e-03
1.752607e-02
2.207852e-02
-2.776826e-02
-1.627241e-02
9.478091e-03
-8.615837e-03
-5.684310e-03
-1.243857e-02
-3.415364e-03
2.010274e-02
-9.042254e-04
9.765170e-03
9.676971e-03
3.593149e-03
-6.844121e-03
1.152466e-02
7.271082e-03
2.465598e-03
-3.985932e-02
-1.520003e-02
-6.509926e-03
-2.670102e-02
1.883176e-02
-3.705119e-02
4.117683e-02
-1.701140e-02
3.965572e-02
-6.024328e-02
4.522686e-02
-2.723261e-02
-1.887209e-02
6.010348e-02
-1.573063e-02
2.103220e-03
-2.268226e-02
5.979828e-04
-7.430740e-02
6.220752e-03
-3.191116e-02
1.874420e-02
6.229283e-02
9.101667e-03
-1.023069e-02
-1.698197e-02
2.249518e-02
-4.942432e-02
-2.824343e-02
4.675925e-03
4.436603e-02
-4.498659e-02
2.275598e-02
-3.973231e-03
8.918273e-03
-3.644219e-02
-4.681832e-03
-1.389225e-02
4.955810e-03
-1.464427e-02
-4.231809e-02
5.411969e-03
-1.707705e-02
-3.154724e-02
5.431299e-02
-3.093397e-02
3.039280e-03
-3.597860e-02
-2.664713e-03
2.006050e-02
4.333110e-02
-6.528310e-02
-1.955839e-02
-5.338817e-02
-8.543941e-02
-2.946005e-02
1.805700e-02
-1.589082e-03
1.949065e-02
-1.868392e-03
3.558295e-02
5.115104e-03
-1.050447e-02
-3.643433e-02
2.675578e-02
-5.848265e-03
2.225830e-02
-2.890608e-02
-1.335543e-02
-8.858660e-03
1.573990e-02
-6.295115e-03
4.791113e-02
1.596702e-02
-3.296237e-03
-2.994088e-02
8.476479e-03
-1.906144e-02
5.810470e-03
2.458873e-02
-2.511984e-02
2.772828e-04
1.988016e-02
-2.772287e-02
-1.961015e-03
1.161244e-02
1.974497e-02
-2.845234e-02
-7.062481e-03
2.028252e-03
2.791472e-02
-2.081174e-02
5.686020e-03
-2.022060e-02
3.860443e-03
-4.453409e-02
-5.626497e-02
1.223295e-02
-8.266896e-02
1.213239e-01
-2.658278e-02
5.948845e-02
-7.745650e-02
4.371881e-02
4.591773e-02
5.189550e-02
3.320513e-02
1.176828e-02
-8.908668e-03
7.928209e-02
-6.238494e-02
1.237511e-02
3.151536e-02
3.361487e-02
-1.586182e-02
-3.563904e-02
3.109348e-03
-1.915148e-02
-1.373487e-03
-1.853605e-02
3.797256e-03
3.404582e-02
1.065037e-02
8.449074e-03
2.346408e-02
1.758801e-03
-1.112932e-02
-2.152681e-02
-3.377453e-02
-3.473485e-03
2.868504e-02
