2.887326e+00
2.226095e+00
3.290273e+00
3.051265e+00
2.983865e+00
2.829607e+00
3.219167e+00
3.479496e+00
2.969264e+00
2.771203e+00
2.644305e+00
3.240318e+00
2.849321e+00
3.123841e+00
3.271702e+00
2.546659e+00
2.285523e+00
3.331413e+00
3.476043e+00
2.184312e+00
2.377862e+00
2.631748e+00
2.578705e+00
2.167723e+00
2.298686e+00
2.793984e+00
3.256577e+00
3.105592e+00
2.241260e+00
3.482913e+00
3.169712e+00
3.461951e+00
3.617421e+00
3.067703e+00
2.550450e+00
2.998077e+00
3.029182e+00
2.868385e+00
2.690452e+00
2.364926e+00
2.883509e+00
2.619923e+00
3.241209e+00
4.056685e+00
2.778025e+00
2.525216e+00
2.568187e+00
3.381982e+00
2.959826e+00
2.825775e+00
3.429985e+00
3.293330e+00
3.051183e+00
2.670207e+00
2.642912e+00
2.492850e+00
3.109853e+00
2.855597e+00
3.168286e+00
2.922003e+00
2.970120e+00
2.447021e+00
2.963895e+00
3.466186e+00
