-2.017066e-02
-1.503347e-02
-5.536296e-03
1.793000e-02
1.204971e-03
-2.083400e-02
-1.004590e-02
9.953237e-03
-6.426573e-03
6.087769e-03
-8.916630e-03
1.960680e-03
-4.339613e-03
-1.131040e-02
3.675723e-03
8.695556e-03
5.999256e-03
1.592024e-03
1.896593e-02
-9.502242e-03
-8.341153e-03
1.257499e-02
2.199139e-03
-1.104922e-02
-1.560050e-02
-6.228039e-03
-5.509737e-04
4.119800e-03
1.266857e-02
5.144355e-03
1.020551e-02
-4.846051e-03
1.430950e-02
1.996373e-03
-7.831439e-03
-6.882524e-03
2.830938e-03
5.290992e-03
-1.988420e-02
4.508096e-02
5.436990e-02
1.395016e-02
1.022172e-02
4.107575e-04
6.219035e-03
1.575004e-03
-3.773997e-03
-5.991177e-03
8.935126e-04
1.556641e-02
1.155752e-02
-2.360850e-02
-2.790587e-03
-6.015250e-03
1.941834e-03
-2.703995e-02
-7.442931e-03
-4.240491e-02
-7.144030e-03
1.019266e-03
-4.362827e-02
1.885234e-02
-1.995955e-02
1.638283e-02
3.499644e-03
-3.726470e-02
-1.587418e-02
-2.625483e-02
1.143956e-02
-7.499204e-03
5.910707e-03
-6.735240e-03
-8.261851e-03
-3.616700e-03
-1.725650e-02
-2.870439e-02
-4.605012e-02
-3.501056e-02
-2.367502e-02
-2.028292e-02
2.106864e-02
2.135647e-02
1.647345e-02
2.259555e-02
1.051514e-02
1.433483e-02
4.063182e-02
3.128085e-02
3.409310e-02
2.545937e-02
-2.397590e-02
3.238922e-03
1.788801e-02
2.977955e-03
-2.382243e-02
6.385539e-03
3.050253e-02
-2.670719e-02
-2.019244e-02
1.717127e-02
9.426726e-03
-8.242336e-03
2.557954e-02
-3.944288e-03
-2.850395e-02
1.237156e-02
-4.377580e-03
-8.127366e-03
4.642734e-03
-8.549458e-03
9.002794e-03
-4.162175e-03
-2.107336e-02
5.829743e-03
-5.586714e-03
5.084990e-03
9.078472e-03
-4.632729e-04
1.021209e-02
2.036720e-02
-4.322573e-03
-1.988772e-03
8.877945e-03
-6.303439e-03
-5.774331e-03
-1.921927e-03
-2.990042e-02
-2.076448e-02
8.397112e-03
7.023009e-03
1.308404e-02
-5.755063e-02
1.394182e-02
-2.888083e-02
9.151606e-03
-2.144393e-03
-1.523851e-02
-1.037050e-02
-6.789649e-02
-3.230410e-02
2.943352e-02
-1.923432e-02
-5.369918e-03
-1.665368e-02
-1.227161e-02
-7.888922e-03
3.370921e-03
6.583726e-03
4.810662e-02
1.070136e-02
-3.725430e-02
-2.804471e-02
-5.687587e-03
1.810054e-02
-2.178642e-02
7.088949e-03
1.049112e-02
-1.607636e-02
1.047035e-02
-8.385832e-03
-9.551046e-03
2.718427e-03
1.009027e-02
2.345626e-02
-3.298462e-03
-8.238038e-03
-3.107528e-03
-4.682276e-03
-3.538427e-03
-1.035439e-02
-3.241495e-04
-1.417636e-02
2.221317e-03
4.278715e-03
6.537479e-03
3.077992e-03
-1.561194e-02
5.141693e-03
1.130029e-02
-8.554609e-03
-3.269342e-02
1.417805e-02
7.360082e-03
-3.978720e-03
-2.300703e-02
1.706753e-02
2.669829e-02
-1.110202e-02
-1.505362e-02
1.232173e-03
2.477551e-03
-2.093224e-02
-8.288463e-04
2.241870e-03
-4.463423e-03
-1.789378e-02
-2.566809e-03
6.638887e-03
1.126362e-02
-2.072159e-02
2.585080e-02
-1.188210e-02
-1.401040e-03
-1.518770e-02
7.651720e-03
5.454531e-02
-1.194917e-03
-1.757275e-02
1.646567e-02
-2.283610e-02
-2.888019e-02
-7.831716e-02
-2.652758e-02
-1.391630e-02
8.924296e-03
1.158015e-02
-6.357334e-02
-1.122221e-02
-2.247306e-02
-6.172995e-02
-9.665654e-02
-5.259304e-02
-6.751031e-02
-5.203558e-02
-3.298438e-02
6.829464e-03
1.050608e-04
-1.853421e-03
-1.968816e-03
-1.289943e-03
1.099337e-02
-2.619554e-02
-3.861055e-03
-2.440737e-03
-2.437779e-02
1.301267e-02
1.679942e-03
1.701178e-02
2.041706e-02
1.583488e-03
-1.036560e-02
1.179973e-02
1.112907e-02
3.805719e-02
3.687748e-02
2.009642e-02
4.051058e-03
-6.749199e-03
5.998823e-04
-4.157910e-02
-4.786732e-02
-2.370393e-02
6.503963e-03
1.215665e-02
1.243830e-02
-4.063058e-05
-7.192224e-03
3.418340e-03
-3.068628e-02
-2.296699e-02
-1.624397e-02
-7.873884e-04
-2.564772e-03
7.217167e-03
-6.827429e-03
9.114621e-03
2.372951e-03
4.901872e-03
1.524619e-02
3.817368e-03
-4.996151e-03
3.269716e-02
-2.357235e-03
1.251893e-02
7.211982e-02
1.035184e-02
-2.016073e-03
-6.704613e-02
-8.798733e-04
-1.547452e-02
-4.135367e-02
-2.530335e-02
-8.047823e-03
-1.484756e-02
-6.963039e-03
-1.458180e-02
1.723025e-02
1.961908e-03
-2.271201e-02
-2.662615e-02
-2.477806e-02
-3.494623e-02
-5.055927e-02
-3.963957e-02
2.030083e-02
-2.025799e-02
-2.411514e-02
1.049508e-03
-1.693054e-03
4.361642e-03
-4.657521e-04
-6.627859e-03
-2.985094e-03
9.435381e-03
4.285053e-03
9.527769e-03
-2.429251e-03
1.500833e-02
1.464304e-02
6.125784e-03
8.693134e-03
3.528129e-03
-2.588817e-02
-3.001474e-02
-1.885026e-02
1.202722e-02
7.515833e-04
1.434771e-02
-1.059961e-02
-8.242167e-03
-9.905520e-03
1.819095e-02
4.062677e-02
2.889533e-02
-5.820234e-03
2.110922e-02
2.168088e-03
-1.123637e-02
-4.070336e-03
-2.425650e-02
1.204139e-03
1.202186e-02
-1.104694e-02
6.907335e-04
7.629849e-03
8.664404e-03
4.184897e-03
-1.277968e-02
-1.134916e-02
-6.367817e-03
-2.194298e-02
8.406036e-04
2.736112e-02
2.041128e-02
2.381752e-02
-3.469502e-03
-1.788170e-03
-1.084532e-02
1.112780e-02
-7.759972e-04
-1.316183e-02
-1.118707e-04
-9.180143e-03
-1.165542e-02
-3.982192e-03
3.451455e-03
-8.504947e-03
-8.236602e-03
-5.572100e-03
7.767696e-03
-2.257391e-02
-2.253243e-02
1.133253e-02
-3.362066e-02
-2.450577e-03
1.353226e-02
-2.753262e-02
-2.804206e-02
-3.076240e-02
-1.039450e-02
7.690105e-04
5.782753e-03
-3.223618e-02
-1.483780e-02
-1.651499e-02
-3.635761e-02
-2.049298e-02
-2.450029e-02
4.497458e-04
-4.371981e-02
-6.100281e-03
1.622978e-02
2.464819e-02
3.428724e-02
4.990216e-02
7.596102e-02
4.882537e-02
-4.511122e-03
-1.617219e-02
-8.466192e-03
-7.883135e-04
-1.367670e-02
-1.286858e-02
6.992703e-03
4.411785e-03
3.294762e-03
-1.327648e-02
-9.879286e-03
-1.003942e-02
-1.933757e-02
1.008699e-03
-8.291040e-03
-1.961197e-02
5.983812e-03
-1.360151e-02
-3.147352e-02
-4.234618e-02
-3.618907e-02
-1.938759e-02
-2.678610e-02
-2.319328e-02
-1.867343e-02
-1.095980e-02
-8.758944e-03
-8.178155e-03
-3.996667e-04
-8.728630e-04
5.945080e-03
-1.411139e-02
-7.687052e-03
1.916555e-02
3.211523e-03
1.485503e-02
4.090025e-03
-2.726852e-03
5.191837e-03
-2.049236e-03
-1.316239e-02
-1.819487e-02
-3.003558e-03
-1.080239e-02
-4.279567e-03
7.679919e-03
1.764947e-02
-1.785876e-03
-2.935125e-02
-3.411359e-02
-4.651048e-02
-1.880796e-02
-1.530797e-02
-3.191715e-02
-2.901603e-02
-2.919677e-02
-1.286540e-02
-6.657092e-02
-4.550241e-02
-2.571633e-02
-2.467284e-02
-1.203657e-02
1.138101e-02
4.975958e-03
-3.845251e-03
4.857895e-03
1.970925e-02
-9.966946e-03
1.441450e-03
7.476459e-03
1.949369e-03
3.457798e-03
-2.911623e-02
-7.328732e-03
-9.580837e-03
-3.638436e-03
-2.536867e-03
4.587960e-03
1.443393e-02
-1.091030e-02
-1.853398e-02
-1.061639e-02
-3.088092e-02
-1.541013e-02
1.989477e-02
-1.794685e-02
-7.057854e-03
1.388188e-02
-1.510260e-02
-2.617005e-02
-5.851109e-03
1.236647e-02
-1.340424e-02
-4.205544e-03
1.290764e-02
3.796086e-03
-1.898186e-02
-1.639647e-02
-1.535161e-02
-1.453947e-02
2.607811e-03
-7.122678e-03
-2.138342e-02
-1.920237e-02
-2.527190e-03
-9.502405e-03
-7.459278e-03
2.901110e-03
-3.030482e-02
-5.363699e-02
-3.350642e-02
-2.157885e-02
-1.299024e-02
-3.096322e-02
-3.023782e-03
-2.575066e-02
-6.702250e-03
-1.139921e-02
-6.008372e-03
-9.515261e-04
-2.381434e-02
-2.811479e-02
-2.023691e-02
-1.627535e-02
-1.901755e-02
-3.375301e-03
-1.743686e-02
-1.124699e-02
-9.939516e-03
1.697320e-03
1.697662e-02
2.813897e-02
-5.990199e-03
4.861605e-03
2.944829e-02
-3.085785e-02
-2.838325e-03
-9.856139e-03
-1.034426e-02
2.179266e-04
6.909447e-03
-1.069284e-02
-2.667963e-03
-6.039130e-03
-1.219012e-02
-1.038333e-02
-3.309210e-03
-2.123046e-02
-2.043046e-02
-9.694391e-03
-2.477788e-02
-1.660839e-02
-1.547170e-02
-3.886976e-03
-1.120210e-02
-1.732501e-03
-9.730075e-03
-2.838245e-02
-1.371218e-02
-1.592117e-02
-2.719127e-02
-3.962607e-03
-1.414001e-02
-2.107785e-02
-7.009425e-03
-7.143373e-04
7.103531e-03
1.678235e-02
2.456811e-03
1.967701e-03
1.450034e-02
-1.837149e-02
1.723987e-02
-2.844638e-02
-5.303097e-03
-1.780964e-02
-1.595503e-02
-4.117594e-02
-2.901317e-02
-5.382044e-02
-2.469125e-02
-1.847133e-02
-1.711620e-02
-2.717500e-02
2.076143e-02
3.085571e-02
-2.674321e-02
7.422289e-03
2.873928e-02
4.547730e-03
-1.447585e-02
-2.043407e-02
-4.688926e-03
-2.561593e-02
-2.724669e-02
7.977211e-03
-1.586824e-02
-1.449908e-02
1.929420e-03
-9.331746e-03
-1.131277e-03
-8.029566e-03
-1.903725e-02
-1.243531e-02
-6.043737e-03
-1.260716e-02
-8.921044e-03
-1.269921e-02
-3.670299e-02
-3.402673e-02
-6.403260e-03
5.714358e-03
9.341530e-03
4.762793e-03
2.686633e-02
2.803199e-02
-3.695616e-03
2.108381e-02
-1.032163e-02
-6.038604e-03
-1.740640e-03
-1.084090e-02
9.978236e-03
-8.809039e-04
1.184550e-03
2.523090e-02
4.387546e-03
-5.129808e-03
2.207186e-03
-1.142611e-02
-1.529858e-02
-4.844822e-03
3.004850e-03
6.004939e-04
9.313353e-03
4.435098e-03
1.562545e-03
-7.183436e-03
1.517578e-03
-3.934950e-03
-1.326143e-02
4.282346e-03
-1.613366e-03
2.236208e-02
1.751039e-02
6.663270e-03
1.155038e-02
-1.846952e-02
-1.933805e-02
5.300975e-03
1.185374e-02
2.875610e-02
2.300313e-03
5.502378e-03
6.964021e-03
4.653506e-03
-1.174823e-03
-4.156402e-03
1.732205e-02
7.996728e-03
2.090359e-02
-1.252862e-02
2.556985e-02
1.731400e-02
1.158230e-03
1.842020e-03
-8.306648e-03
-5.609125e-03
-1.436459e-03
1.403190e-02
2.020849e-02
1.757484e-02
9.635769e-03
-1.493469e-03
-2.561247e-03
-9.316474e-03
1.047986e-02
1.584014e-02
9.091808e-03
-2.923416e-02
1.291900e-02
-4.201671e-04
-2.439209e-02
-4.104951e-02
-4.328381e-02
5.113665e-03
-2.636281e-02
-2.413264e-02
-9.251237e-03
-3.983399e-03
-1.782539e-03
1.963786e-03
1.801931e-02
1.097218e-02
1.557020e-02
3.359240e-02
2.402035e-02
-1.378163e-02
-2.950379e-06
-1.797086e-04
-3.090506e-02
-2.536870e-02
-1.338911e-02
-7.781968e-03
-1.013514e-02
-3.953506e-03
9.204279e-04
3.037022e-02
2.365883e-02
-1.447617e-02
7.470239e-03
-2.427049e-04
-1.261771e-02
-1.005218e-02
-1.715680e-02
1.425052e-02
1.782895e-02
2.925870e-02
1.534074e-02
3.370614e-02
3.448154e-02
3.554521e-02
3.477931e-02
3.322493e-02
1.931729e-02
4.932193e-03
-1.942742e-03
6.348496e-04
-8.782763e-03
-1.823910e-03
-1.111768e-02
-7.674091e-05
5.794660e-03
6.412929e-03
2.175537e-02
2.159951e-02
1.387515e-02
5.879282e-03
7.514077e-03
1.267659e-02
4.030234e-03
1.133063e-02
8.594403e-03
4.994353e-03
2.044474e-03
-2.119121e-02
-2.157184e-02
-1.838078e-02
-1.868506e-02
-1.705276e-02
-1.203642e-02
7.670689e-03
9.182264e-03
5.819574e-03
8.764314e-03
1.127415e-04
5.314031e-03
-1.879284e-02
-1.086130e-02
-1.445959e-02
-3.443458e-02
-3.682207e-02
2.290242e-03
-3.078361e-03
-1.200364e-02
8.574516e-03
3.619478e-02
3.210710e-02
2.666204e-02
-3.318755e-03
9.251433e-03
1.303976e-02
-1.382135e-02
-1.811910e-03
-1.124272e-02
-7.371980e-03
-1.218024e-02
-4.703418e-03
1.048157e-03
2.663200e-03
-5.230428e-03
-7.017668e-04
1.469937e-02
7.936705e-03
-1.957839e-02
1.217603e-03
-1.736386e-02
2.156436e-02
3.229787e-03
1.324081e-02
8.755979e-04
1.070243e-03
5.204045e-03
-1.242581e-03
7.036333e-03
-6.419627e-03
-8.235964e-03
-1.868134e-02
-2.534947e-02
1.399977e-02
-5.413416e-03
7.855438e-03
7.455091e-03
6.499922e-03
8.705269e-03
2.054121e-03
-1.964545e-04
-1.348577e-02
1.404742e-02
6.809977e-03
-5.331827e-03
-1.954428e-02
-2.132821e-02
-7.693146e-03
-1.497817e-02
-1.343824e-02
-5.806860e-03
-2.443516e-02
-2.058491e-02
-4.494174e-03
-4.065231e-02
-2.016594e-02
-2.078158e-04
-4.239713e-02
-4.611436e-02
-2.639054e-02
9.229467e-04
2.035690e-02
1.908147e-02
4.624242e-02
6.555776e-02
4.845433e-02
-1.511013e-02
-1.905349e-02
-1.936672e-02
-1.385475e-02
-1.795502e-02
-1.043998e-02
4.651283e-05
2.086310e-03
-1.127082e-02
1.920923e-02
1.344262e-02
-2.486229e-03
-6.518352e-03
-1.105421e-02
-1.911061e-02
-1.084430e-02
-1.231181e-02
-1.075501e-02
-2.199409e-03
-1.791702e-02
-1.885131e-03
-8.267401e-03
-7.698975e-03
-2.255891e-03
4.316017e-03
7.910984e-03
1.308311e-02
3.456205e-02
1.387772e-02
9.274886e-03
-4.660706e-03
-3.718015e-02
-4.203586e-02
-1.988456e-03
-4.620394e-02
-2.786517e-02
-5.855327e-03
-2.152569e-02
-8.825277e-03
-3.757802e-03
2.794451e-03
4.235553e-03
-5.660831e-03
1.575001e-02
2.352848e-02
-1.369534e-02
-3.802253e-02
-6.208860e-03
-1.129490e-02
3.700640e-02
-1.484393e-02
-2.883262e-02
2.394709e-03
-1.427942e-02
-3.206440e-02
-1.417580e-02
-3.296766e-02
-3.037219e-03
4.996950e-03
-1.259672e-02
-1.371005e-02
2.581559e-03
-1.292061e-02
-2.433956e-03
-5.973895e-03
2.803720e-03
-8.212103e-04
-2.942781e-03
-7.384772e-03
3.841656e-03
1.208798e-02
-6.406803e-04
1.046763e-02
-1.022308e-02
7.623719e-03
2.525008e-03
-2.542427e-02
2.460712e-03
-9.077123e-03
-1.415498e-02
2.433754e-02
-1.346668e-03
3.045899e-03
-1.791386e-02
-5.886609e-02
1.345046e-02
-1.205115e-03
-9.418627e-03
-1.392155e-02
-2.249178e-03
-6.471949e-03
-1.616263e-02
-6.663475e-03
-2.144423e-02
-1.383567e-02
-5.938643e-03
-3.578625e-03
1.639936e-02
9.664825e-03
-1.142034e-03
-5.954323e-02
-2.087773e-02
-9.655192e-03
-1.252479e-01
-8.342477e-03
-3.776321e-02
-3.463429e-02
-4.317831e-03
-6.377006e-04
3.863482e-02
1.299106e-02
-6.466365e-03
-1.790850e-02
-1.149093e-02
2.400950e-03
-3.883865e-02
1.537105e-02
-1.597059e-02
2.586393e-02
-1.854743e-02
5.762137e-03
-1.366380e-02
-4.292867e-02
-1.781824e-02
-8.408129e-02
-3.445527e-02
-2.421430e-03
-2.920478e-03
-4.505400e-03
1.297849e-02
2.159562e-03
7.066685e-03
8.056641e-03
7.587295e-03
1.186746e-02
-1.006657e-02
-1.104077e-02
1.089052e-02
3.177558e-02
2.141027e-03
5.633767e-03
-5.408738e-03
-1.132827e-02
-4.057050e-03
2.709667e-03
2.334065e-02
1.663729e-03
1.268154e-02
3.669262e-02
6.098815e-03
-2.166848e-02
-1.519964e-02
-2.341605e-02
2.203715e-03
4.775171e-03
1.460959e-02
2.305601e-02
-4.434545e-04
1.542546e-03
-1.377809e-02
-2.020251e-02
-2.218241e-02
1.821129e-03
-3.584392e-03
-3.003795e-03
1.620781e-02
8.248242e-03
-6.091751e-03
1.608462e-02
-6.751819e-03
-2.448653e-03
1.262666e-03
-3.065640e-02
-3.702828e-03
-4.065524e-02
9.758577e-02
-2.556560e-02
-1.698423e-02
-7.855481e-03
-3.079508e-02
-1.059740e-02
4.389896e-03
1.329037e-02
-1.811177e-02
-4.806207e-02
-1.494961e-02
-1.334340e-02
7.428553e-03
9.856858e-03
2.766820e-02
7.568964e-03
-1.729319e-02
2.289425e-02
-2.044597e-02
-4.036116e-02
-1.619340e-02
-2.536104e-02
-1.411864e-02
3.325662e-02
9.833149e-03
-1.976393e-02
2.082609e-02
2.088338e-03
-2.407974e-02
3.434070e-02
9.879938e-03
-9.827757e-03
-1.670778e-03
-1.191311e-02
9.095659e-03
1.366726e-02
-1.491564e-02
-1.401709e-02
3.412149e-03
-2.052823e-03
-1.183880e-02
-6.057647e-03
-1.190794e-02
3.030723e-02
-1.025747e-02
-1.366548e-02
5.107880e-02
1.950593e-03
-1.227779e-02
2.415906e-02
-1.932716e-02
1.260463e-02
1.569457e-02
-1.045558e-02
9.385007e-03
1.333210e-02
1.165606e-02
5.205173e-03
-1.956751e-02
-3.363125e-02
5.054993e-03
5.667344e-02
-3.780201e-02
-1.821710e-03
3.603838e-02
-2.679880e-02
5.685112e-03
4.534961e-02
6.372414e-03
5.333933e-03
1.387807e-02
-1.080396e-02
9.342865e-03
-2.445434e-02
1.635360e-02
-9.612889e-03
7.692319e-03
1.882521e-02
-5.389782e-03
-2.176808e-02
1.492043e-02
-2.027218e-02
-2.997210e-02
1.238326e-02
-9.428118e-03
-1.800296e-02
1.621770e-02
-9.365667e-04
-1.213774e-02
2.444285e-02
2.304880e-03
-1.901887e-02
-1.433029e-03
-1.457945e-02
-2.885983e-02
2.225478e-02
9.311966e-03
3.135527e-03
-2.524372e-03
4.455516e-03
5.935529e-03
-1.843117e-02
2.398482e-03
2.134462e-02
-1.157532e-02
-4.084927e-02
1.394052e-02
-1.262303e-02
-2.666443e-02
4.071815e-02
1.476772e-02
-3.359645e-03
1.552399e-02
1.816709e-03
-4.886702e-03
-5.701002e-03
-1.474376e-02
-1.622673e-02
-1.602485e-02
-1.094961e-02
-6.370959e-03
1.582217e-03
3.338735e-02
3.760812e-03
-3.424274e-02
5.665819e-02
1.642521e-02
-2.827326e-02
4.162616e-02
-4.220753e-03
-5.017443e-02
-1.712692e-02
-2.005712e-02
-4.348152e-03
-1.823769e-02
-1.936911e-02
1.921918e-02
6.007849e-03
-1.107945e-02
1.170828e-02
-1.039141e-02
3.735791e-03
-6.131818e-03
2.855224e-02
-3.126383e-02
-1.081347e-02
-9.313067e-04
1.145068e-02
1.092924e-02
-1.427624e-03
-2.755369e-03
1.255964e-03
-8.005211e-03
-1.448677e-02
1.158298e-02
8.062757e-03
-1.866524e-02
1.333354e-02
2.864850e-02
-7.437057e-03
-2.702172e-02
-1.738650e-02
-1.888686e-02
1.659548e-02
-1.570534e-02
-2.885071e-03
2.737214e-02
-6.592899e-03
-9.811554e-03
-9.057514e-03
-5.750220e-03
-5.822686e-03
-5.783990e-03
-1.014301e-02
-8.290949e-03
-9.827973e-03
-4.119446e-02
-3.710668e-02
1.837962e-03
-2.611388e-02
-3.056959e-02
8.964733e-03
1.124281e-02
4.472169e-03
1.074386e-02
3.035529e-02
7.776648e-03
-6.050368e-02
1.278375e-02
1.244063e-02
-2.728045e-02
-3.921374e-02
-7.366150e-03
-1.287976e-02
1.146911e-02
-1.098657e-02
-1.500270e-02
-1.772249e-02
-2.301176e-02
-2.181608e-02
-2.186429e-02
1.995398e-03
-2.832155e-03
2.519850e-02
6.708888e-03
-5.023489e-03
3.929494e-03
-3.935313e-03
-3.716056e-04
-1.468081e-03
-1.541262e-02
-3.577153e-02
-1.942419e-02
-1.886693e-02
1.865433e-02
-1.609027e-02
-7.320222e-03
-1.854392e-02
-7.416115e-03
-1.720439e-02
-1.492424e-02
-3.054343e-03
-1.334539e-02
1.660889e-03
5.324878e-03
6.055743e-03
-9.100810e-03
-6.706096e-03
-7.497379e-03
-1.021454e-02
-8.621912e-03
-3.137483e-02
-5.567205e-04
-3.138249e-02
-4.065300e-02
9.468386e-03
-8.226693e-03
-1.773804e-02
1.252856e-04
1.165207e-02
1.777568e-02
1.269844e-02
3.074968e-03
-3.383766e-03
-1.296888e-02
7.139079e-03
-1.176020e-04
-1.416436e-02
5.616705e-02
5.370906e-02
-4.508734e-02
-6.355994e-03
1.277734e-02
-2.993078e-02
-8.053739e-02
-4.646423e-02
-1.870217e-02
1.590519e-02
1.006594e-02
9.434734e-03
5.590849e-03
9.957630e-05
-8.841020e-03
9.066111e-04
-7.434609e-03
-2.077615e-02
2.976903e-02
9.801066e-03
-3.135584e-02
2.679773e-03
-1.053602e-02
-3.093661e-02
-1.480640e-02
-9.029930e-03
1.651391e-02
8.572477e-03
1.214368e-03
-1.158366e-02
1.462432e-02
8.566658e-04
-1.348743e-02
-1.645439e-02
-1.940609e-02
1.130187e-03
-1.774366e-02
3.454849e-03
-9.903983e-03
-4.639942e-03
6.283430e-03
2.008883e-02
3.753098e-03
8.027828e-03
-1.302863e-04
-2.762914e-02
-3.105799e-02
5.988354e-03
-3.042358e-02
-3.858663e-02
-2.659411e-02
-4.945680e-03
-1.299773e-02
-2.698808e-03
-1.317624e-02
-1.084440e-02
-2.856339e-02
1.209883e-02
-2.412504e-02
2.033053e-02
-1.309543e-02
2.297218e-03
-1.262224e-03
-1.108497e-02
-3.504074e-02
-2.487008e-03
-5.544893e-03
-1.043516e-02
8.489160e-03
-1.289146e-02
-4.779083e-02
-8.664831e-03
1.046285e-02
1.486730e-03
-1.324169e-03
-4.753803e-03
-2.144301e-02
-3.969744e-03
8.426287e-03
1.085796e-02
4.257328e-03
5.400812e-03
-3.563610e-03
-1.141803e-02
-7.819726e-03
-2.055777e-04
6.905305e-03
6.360888e-03
-6.202434e-03
5.572704e-04
-1.773331e-02
8.208615e-03
2.028575e-02
-1.576347e-02
1.153619e-02
-6.797794e-03
9.582032e-03
4.324733e-02
-1.773524e-03
-9.513599e-03
1.892739e-03
-1.147788e-02
-9.575650e-03
-4.153467e-03
-1.365844e-02
2.065334e-02
2.047349e-02
5.116507e-03
1.947635e-02
1.518441e-02
1.339588e-02
-2.807616e-02
2.956405e-02
-3.192953e-02
1.980980e-02
-8.555989e-04
1.124440e-02
-4.532330e-02
-9.114979e-02
-3.302307e-02
-3.206389e-02
6.895365e-03
7.255901e-03
-1.706363e-02
-6.962076e-02
1.232035e-02
-1.578651e-02
-3.172150e-02
-1.273253e-02
-9.996879e-03
4.372390e-04
1.518689e-02
-1.758203e-02
-2.392290e-02
-4.156019e-02
-6.026356e-03
-1.530663e-02
2.913857e-03
-1.980828e-02
7.287487e-03
-1.068119e-02
2.791544e-03
5.564975e-03
1.241444e-02
8.895864e-05
1.847261e-02
8.331226e-04
-5.685475e-03
7.608092e-03
1.769639e-03
4.143146e-04
9.131582e-03
-7.520818e-03
-1.110482e-03
-1.518669e-02
2.278068e-03
-2.357398e-02
-2.861357e-02
-4.070398e-03
2.948391e-02
3.164562e-02
4.819769e-02
-1.684541e-02
-2.291689e-02
-8.986279e-03
-2.773706e-02
1.455361e-02
1.163570e-03
-6.277326e-03
8.959895e-03
1.922026e-02
-5.633980e-03
3.642704e-03
-1.025520e-02
-3.143521e-03
1.459083e-02
5.684511e-03
7.741756e-04
-1.877875e-02
-5.036885e-03
-8.183392e-03
4.803609e-02
-1.644878e-02
-3.335796e-03
-1.457910e-01
-4.891100e-03
-8.744565e-03
6.856386e-02
-1.047050e-02
-5.883493e-03
-2.966876e-02
-1.037528e-02
8.121108e-03
3.507480e-02
-1.799603e-02
2.210490e-02
-4.927139e-02
8.702510e-03
2.040800e-02
1.536364e-02
1.610085e-02
6.393451e-04
-8.893698e-03
1.327587e-02
7.474077e-03
-4.313005e-03
-2.713299e-03
-8.961491e-03
-3.663865e-02
-2.542528e-02
-5.479238e-03
-3.726308e-02
-2.792955e-02
7.362863e-03
-2.085278e-02
-1.445680e-02
-7.455354e-03
-5.992794e-03
-3.876697e-02
2.374344e-02
1.283965e-02
-3.294951e-02
-2.452411e-03
1.501807e-02
-1.002519e-02
2.492169e-03
-1.044087e-03
3.944265e-02
-1.416103e-02
-1.750684e-03
7.888126e-02
2.175543e-02
-1.117494e-02
2.189350e-02
-2.341476e-02
-2.347574e-02
-2.383540e-02
-2.678893e-02
-3.105881e-02
-7.168767e-03
5.173704e-03
-1.898014e-02
9.075911e-03
5.105403e-03
-1.649169e-03
-2.173410e-03
1.095225e-02
2.593833e-03
-1.467748e-02
-1.934500e-02
-1.499841e-02
-1.867763e-02
-8.547213e-03
-1.063750e-02
1.151921e-02
-1.206722e-02
-5.537274e-03
7.491411e-03
-4.569320e-03
-2.982295e-02
-1.515771e-02
-6.155123e-03
-2.406345e-02
-2.635621e-02
1.918965e-02
-3.049959e-02
-2.051500e-02
1.708559e-02
-1.299789e-02
-1.157048e-02
4.056644e-03
4.188579e-02
1.070120e-02
1.295710e-02
-2.359281e-03
-9.278710e-03
-3.124933e-03
-5.405068e-03
1.558897e-02
4.139813e-02
3.282586e-02
2.797294e-02
3.781669e-02
3.452657e-02
2.823162e-02
1.824530e-02
2.301094e-02
1.756188e-02
-4.991538e-02
-4.823691e-02
7.765279e-03
-3.456774e-02
-3.060604e-02
6.190491e-02
4.282330e-02
3.940937e-04
1.347582e-02
-2.150287e-02
-6.686434e-03
1.952352e-02
-2.221153e-02
-3.196067e-03
2.270232e-02
-1.673917e-02
-5.754385e-03
9.022550e-03
-3.069744e-02
-4.876160e-03
-5.508165e-04
-3.242782e-02
-8.544164e-03
2.187688e-02
-1.259368e-02
-1.851054e-02
-4.092691e-03
-2.613280e-02
-1.842343e-02
1.474794e-03
-4.821755e-02
-2.377660e-02
2.904649e-03
-1.472142e-02
-6.417647e-03
-8.549696e-03
2.612852e-03
4.637007e-03
-6.491213e-03
1.738933e-02
-1.218568e-02
-2.221804e-03
-1.644079e-02
-2.952059e-02
1.663601e-03
-4.217970e-03
-1.061001e-02
-4.292766e-02
4.329303e-03
1.483635e-02
-1.142595e-02
-1.718334e-02
1.120661e-02
1.036898e-02
-7.879756e-03
-1.026805e-02
-1.152930e-02
-1.939068e-02
-2.603557e-02
-1.336547e-02
-1.072789e-02
-8.856197e-03
-1.550031e-02
7.985611e-03
1.190647e-02
1.089422e-03
1.963280e-02
1.782808e-02
8.735469e-03
2.028010e-02
1.997631e-02
1.245441e-02
1.658264e-02
1.769124e-02
8.164026e-03
8.624963e-03
9.630495e-03
-9.521353e-04
4.616122e-03
-4.403611e-03
-9.823820e-03
-1.480162e-03
3.390638e-03
-1.063439e-02
1.219883e-02
3.188667e-02
1.096150e-02
-1.748741e-03
1.229062e-02
-3.342541e-03
1.763107e-02
1.073340e-02
-1.189034e-02
4.755391e-04
-1.858009e-03
5.313455e-03
1.018884e-02
-6.272951e-03
-4.347277e-03
1.694609e-02
3.765189e-02
1.265933e-02
7.411910e-04
2.422907e-02
1.152583e-02
-1.342585e-02
-3.535876e-03
-8.679259e-03
-2.345517e-02
-2.606935e-02
-1.629005e-02
-6.796612e-03
-1.624320e-02
-7.038054e-03
4.049829e-03
3.515720e-03
6.495875e-03
-7.939367e-03
1.072112e-02
4.888000e-03
-1.094797e-02
1.619167e-03
4.315774e-03
-1.613327e-02
-2.456463e-03
-2.044595e-02
1.646945e-02
1.088565e-02
1.586075e-03
1.960261e-02
-2.530016e-03
-6.198029e-03
1.121070e-03
-1.243580e-02
-1.240952e-02
-1.161210e-02
-1.465763e-02
-8.115161e-03
4.319458e-04
4.815497e-03
7.907819e-03
7.954283e-03
2.064008e-02
2.106456e-02
8.708330e-03
2.097306e-02
2.908354e-02
2.050689e-02
4.404310e-02
4.064752e-02
5.848492e-03
1.889441e-02
1.321211e-02
1.144505e-02
8.778609e-03
1.084686e-02
9.245230e-03
9.387100e-03
1.396679e-02
1.177997e-02
6.520187e-03
8.824642e-03
3.031545e-03
-1.761059e-04
1.237803e-02
8.244473e-03
5.047931e-03
9.029680e-03
7.319631e-03
4.530598e-03
4.534578e-03
-1.056230e-02
6.693563e-03
-5.743621e-04
-7.469810e-03
2.288930e-02
1.710477e-02
-2.043686e-02
1.212240e-02
1.434672e-03
-1.723274e-03
-1.500218e-02
-8.098811e-03
-1.934923e-03
1.857695e-03
-1.616238e-02
1.548781e-02
-6.057063e-04
1.009683e-03
8.399239e-03
6.828205e-03
8.507553e-04
8.892526e-03
7.300341e-03
5.812989e-03
-1.780205e-03
1.287544e-02
1.565584e-02
-2.410148e-02
-3.419978e-03
4.605887e-04
1.601494e-02
3.615440e-02
1.608663e-02
-2.300987e-02
-5.928081e-03
-1.545689e-02
-9.036842e-03
3.950252e-02
6.133024e-05
3.207772e-02
8.773541e-02
6.675968e-02
-2.439600e-02
3.311878e-02
-1.085257e-02
-3.614032e-03
3.691475e-03
4.776351e-03
-3.853939e-03
-2.388280e-03
1.210102e-02
1.754623e-03
-8.085179e-04
7.427558e-03
1.659988e-02
-1.453507e-03
7.364696e-03
-6.356810e-03
-1.148132e-02
5.139451e-03
-3.482671e-03
-1.673347e-03
2.237323e-02
4.386060e-03
3.244722e-02
1.076207e-03
-1.683776e-02
2.131749e-02
-8.937165e-03
-1.537209e-02
1.179497e-02
-6.426966e-03
-1.052251e-02
1.405555e-02
9.555878e-03
4.565755e-03
1.520004e-02
7.732163e-03
1.511396e-02
7.148423e-03
1.586430e-03
-9.978034e-03
1.012988e-02
4.256467e-03
-3.066682e-02
2.713007e-03
-1.508059e-02
-1.551324e-02
1.866108e-02
1.331420e-02
1.853164e-02
2.734100e-03
-2.478109e-02
1.492778e-02
3.441370e-02
3.248171e-02
-1.624981e-02
-3.504198e-02
-2.099336e-02
-6.825494e-04
8.796657e-03
-2.705584e-02
1.741958e-02
2.870602e-02
1.080277e-02
-2.242598e-02
-2.520381e-02
-1.902564e-02
3.225180e-02
2.510768e-02
-1.947067e-02
3.909228e-02
3.228715e-02
-9.998612e-03
1.697453e-02
2.147597e-02
-1.373643e-02
9.932832e-03
6.828695e-03
2.641659e-04
1.538035e-02
1.900809e-02
2.174053e-03
-4.518246e-03
1.166316e-02
-1.627653e-02
-5.402693e-04
-9.331612e-03
1.042446e-03
-9.700723e-03
-1.287476e-02
7.516477e-04
-2.003745e-02
-1.291265e-02
3.990668e-03
2.353636e-02
1.215780e-02
1.096206e-02
5.048407e-03
-1.638077e-03
-7.290591e-03
1.723207e-02
1.008516e-02
5.191307e-03
1.661003e-02
1.681442e-02
-1.363728e-02
1.608329e-02
2.031401e-02
-1.282298e-02
7.250779e-04
1.521951e-03
-3.821785e-02
1.836156e-02
2.498214e-02
3.280121e-03
-4.551321e-03
-8.842500e-03
1.351360e-03
-1.281684e-02
3.926297e-02
6.986566e-03
-7.369400e-03
1.176251e-02
-2.054301e-02
3.138629e-02
2.547097e-02
8.388198e-03
-7.916354e-03
1.635005e-02
-2.562254e-02
1.085332e-02
1.544307e-02
1.738460e-02
3.199441e-02
4.165386e-02
2.235226e-02
-3.147039e-04
2.225496e-02
1.610824e-02
-1.519367e-02
-5.264497e-03
-1.662782e-02
1.460356e-03
1.454971e-02
1.052049e-03
-3.562680e-03
1.137857e-02
-6.365252e-04
7.913949e-03
4.169005e-02
1.042849e-02
6.364905e-03
3.670125e-02
6.450243e-03
-1.745471e-02
-1.433117e-03
-1.950700e-02
-5.165912e-02
-3.277186e-02
7.796263e-03
-2.671327e-02
-9.006719e-03
1.868102e-02
1.750371e-02
1.912188e-02
2.238505e-02
3.822051e-03
9.028398e-03
1.943333e-02
1.924573e-02
8.568522e-03
1.352261e-02
1.157854e-02
-1.247801e-03
-8.500474e-03
-9.015427e-03
9.346564e-03
-2.084437e-03
3.874257e-03
1.376864e-02
-2.268644e-04
-1.669502e-02
-1.828411e-02
-3.300223e-02
8.479902e-03
7.137280e-04
6.197691e-03
9.212674e-03
-5.621868e-03
1.391912e-02
-1.949989e-02
-3.637053e-02
-8.241902e-03
-5.016571e-03
2.663746e-02
1.319141e-02
4.333186e-03
2.483220e-02
1.881852e-02
-2.157588e-03
2.787965e-02
1.310004e-02
-1.278523e-03
1.112636e-02
-1.637469e-02
1.924917e-02
8.269070e-03
-1.293006e-02
-9.646319e-04
8.230393e-03
-1.856582e-02
-2.042759e-03
3.177269e-03
4.786977e-03
-1.585671e-03
6.750625e-03
5.318801e-03
-1.143112e-02
-8.748991e-03
-4.982199e-03
3.262249e-03
4.043305e-03
3.868397e-03
8.971859e-03
2.011018e-02
1.194871e-02
2.513571e-02
5.355749e-02
1.809185e-02
1.413272e-02
1.804323e-02
7.170892e-03
2.186408e-02
2.390942e-02
8.085858e-03
1.045061e-02
1.135527e-02
-1.045885e-03
-1.917651e-02
-1.397507e-02
-7.008149e-03
-1.775685e-02
-6.632216e-03
5.760759e-03
-6.894642e-03
-3.945778e-03
6.781369e-03
-1.056493e-02
-9.051158e-03
1.652907e-02
-2.784613e-03
-1.130811e-03
2.792674e-02
1.756403e-03
9.419906e-03
3.294574e-02
-1.220207e-02
4.465342e-03
-6.242643e-03
1.520765e-02
2.124966e-02
-7.115199e-03
-1.962670e-02
4.108130e-03
-2.364996e-02
6.409297e-03
2.557996e-02
1.067520e-02
-2.835048e-03
1.157338e-02
5.342682e-03
-1.422331e-02
5.905757e-03
-4.628484e-03
3.372290e-03
-3.946228e-02
4.436680e-02
1.954764e-02
1.565709e-02
-2.795590e-03
-4.632164e-03
-1.372092e-02
1.023121e-02
-1.129998e-02
1.072192e-02
-1.136516e-02
-3.439135e-03
-5.871605e-03
-9.006846e-03
1.904136e-02
1.162620e-02
-1.091285e-02
2.340832e-02
-6.757386e-03
1.185925e-02
-1.096102e-02
-1.634800e-02
-3.019270e-03
-1.726005e-02
-8.650303e-03
3.628599e-03
-9.383841e-03
-1.403444e-03
8.162450e-03
9.093760e-03
2.187005e-03
3.693095e-03
-6.174495e-03
-9.679086e-03
-8.543414e-03
2.451074e-02
-5.197042e-03
-1.352068e-02
-3.431064e-02
3.236757e-02
1.316430e-02
1.860803e-02
-2.195624e-03
2.166121e-02
1.387904e-02
-7.823647e-03
-8.609430e-03
3.759633e-03
-8.871728e-03
5.499284e-03
9.701464e-03
-1.419726e-02
-7.420777e-03
-3.028117e-02
-5.729579e-02
-1.666307e-03
2.773093e-02
-9.732695e-02
7.544445e-02
1.420714e-02
-2.925742e-02
-1.936531e-02
-1.507573e-02
1.183013e-02
-2.019137e-02
-2.890903e-02
-8.144446e-03
2.208468e-03
8.743532e-03
-1.315601e-02
-1.495784e-02
1.087896e-02
3.801679e-02
-3.938510e-03
-3.866801e-03
2.219259e-02
-2.147485e-02
1.556917e-02
1.416738e-02
2.243696e-02
-1.251527e-02
2.092555e-02
1.431831e-02
-4.051142e-03
2.578131e-03
1.619235e-02
7.990906e-04
3.021888e-03
1.720519e-02
-2.017069e-02
-1.505989e-02
2.429710e-02
-6.094483e-03
1.218853e-02
2.486547e-02
-1.438265e-02
8.002724e-03
2.440464e-02
-6.665137e-03
-1.872405e-03
2.348555e-02
-1.882853e-02
4.396996e-04
5.609544e-03
-8.415401e-03
1.420944e-02
1.988141e-02
-1.623379e-02
-1.659150e-02
2.911302e-02
5.802041e-03
-7.922370e-03
1.883490e-02
1.808152e-03
-5.359836e-05
-7.969359e-03
4.721115e-03
-4.230459e-03
1.339207e-02
-1.110098e-02
-7.865442e-03
2.161726e-02
-1.220233e-02
-4.874768e-03
6.737694e-03
-3.161736e-03
-4.553275e-02
1.933414e-02
-4.204052e-02
8.015256e-02
-7.306201e-02
-2.922939e-02
2.920355e-03
3.791835e-02
-1.117965e-02
1.903504e-02
1.250986e-02
-1.945123e-02
-4.760899e-02
9.905229e-03
1.711348e-02
4.504333e-03
-2.202196e-02
-2.612966e-03
5.213164e-03
-1.905132e-02
-2.359787e-02
-1.887941e-02
8.540545e-03
-1.433276e-02
4.741060e-03
1.492452e-02
-1.640223e-02
-2.677051e-02
-3.111783e-03
-3.110892e-02
-4.872304e-02
-3.047853e-02
1.208153e-03
-1.335881e-02
5.332790e-03
-2.300996e-02
-1.335659e-02
1.729527e-02
-3.381808e-02
9.205098e-04
2.886255e-02
-1.553077e-02
-9.711706e-03
-4.596277e-03
5.056883e-03
1.275061e-02
-3.129872e-02
6.307927e-03
2.614618e-03
-2.899845e-02
-1.933714e-02
1.830660e-03
2.814281e-03
-2.453961e-02
-7.515486e-02
-2.805035e-02
-6.247154e-02
-1.073806e-01
-3.336557e-02
-2.481827e-02
-6.669255e-02
-6.316355e-03
-1.270292e-02
-1.203955e-02
1.280573e-02
-2.183110e-03
3.042252e-03
3.203678e-03
5.077519e-03
-3.766775e-03
-2.231233e-02
2.092081e-02
-1.060968e-02
-5.526799e-03
2.541742e-02
1.186918e-02
1.525249e-03
1.101218e-02
1.243352e-02
1.518284e-02
-2.325641e-02
-2.925685e-03
3.154673e-02
-1.754084e-02
-3.407661e-02
-8.166214e-03
7.927336e-03
2.424427e-03
1.882485e-04
-1.786197e-02
-6.640382e-04
-9.899138e-03
-2.248748e-03
-1.360118e-02
1.277536e-02
-1.333114e-02
-1.493266e-02
2.590284e-03
7.337093e-03
-3.266191e-03
3.569583e-03
1.839086e-02
1.454059e-02
1.539075e-02
1.888287e-02
2.718952e-02
1.877543e-02
5.550358e-03
1.401582e-02
-1.551245e-02
2.338732e-02
-1.321739e-02
-3.052916e-02
-1.086905e-03
-1.267557e-02
-8.364798e-03
-1.524688e-02
1.676825e-02
4.163505e-02
-1.346820e-02
3.146697e-02
5.584930e-02
-1.750981e-02
4.264242e-03
6.017026e-03
6.552306e-03
-2.712545e-03
-1.623124e-02
-9.706882e-04
-7.381748e-03
-1.590502e-02
3.515939e-03
-3.148220e-03
2.634656e-03
-1.294626e-02
-5.732134e-04
-8.309539e-03
8.408067e-03
-5.187665e-03
-2.420671e-02
1.591915e-03
6.422659e-04
-7.176070e-03
-3.288411e-02
-2.764019e-02
-3.419347e-03
-3.299301e-02
-6.329106e-03
2.759930e-02
-9.201407e-03
-5.614041e-03
-1.091869e-02
-1.594228e-02
-2.956174e-02
-4.188058e-03
1.559893e-03
-7.469158e-03
-2.688591e-02
-6.758686e-03
7.070737e-04
4.705061e-03
