9.203936e-02
9.850110e-02
7.304261e-02
8.937711e-02
8.748590e-02
9.516601e-02
8.258215e-02
9.407590e-02
7.708605e-02
9.451401e-02
7.458560e-02
8.323804e-02
8.644442e-02
8.979242e-02
1.000253e-01
8.296420e-02
9.523460e-02
9.710781e-02
8.383641e-02
1.080897e-01
1.067883e-01
1.018011e-01
9.725133e-02
9.030329e-02
8.885458e-02
9.513637e-02
9.885794e-02
8.715723e-02
8.534226e-02
8.705536e-02
1.469319e-01
9.312210e-02
8.626030e-02
9.008129e-02
9.629273e-02
8.771508e-02
8.902366e-02
9.458612e-02
8.969006e-02
9.736890e-02
9.457095e-02
9.601519e-02
9.160070e-02
8.618747e-02
8.495593e-02
7.352838e-02
8.834655e-02
9.182853e-02
8.747528e-02
1.098600e-01
7.544943e-02
8.877692e-02
9.519565e-02
9.105234e-02
9.865450e-02
1.043282e-01
9.111691e-02
8.213038e-02
7.759978e-02
8.671422e-02
8.541925e-02
8.391622e-02
9.315000e-02
8.493201e-02
