-4.930472e-02
-3.600701e-02
-4.722041e-02
-3.458827e-02
-2.636025e-02
-4.836606e-02
2.281956e-03
-2.107893e-02
-4.599639e-02
-4.155197e-02
-1.421731e-02
-3.254291e-02
-3.537958e-02
1.009513e-02
-1.453035e-02
-3.429528e-02
-6.035608e-02
-3.188450e-02
-6.273481e-02
-3.246432e-02
-4.014127e-02
-4.353294e-02
-5.015277e-02
-1.610798e-02
-3.127276e-02
-3.854050e-02
-2.005318e-02
-3.217692e-02
-2.427172e-02
-6.283347e-02
-5.073158e-02
-2.123581e-02
-2.840653e-02
-3.536603e-02
-3.039450e-02
-1.347895e-02
-3.960278e-02
-1.141678e-02
-5.442661e-02
-3.461226e-02
-3.685624e-02
-4.505650e-02
-2.415523e-02
-1.928742e-02
-4.206388e-02
1.366552e-04
-3.453766e-02
-7.519442e-02
-4.685051e-02
-9.423640e-03
-6.185396e-02
-3.113712e-02
-4.745264e-02
6.939491e-03
-3.662598e-02
-2.274637e-02
-3.639937e-02
-4.476380e-02
-6.723916e-02
-4.137243e-02
-6.119369e-02
-4.431908e-02
-2.503574e-02
-2.261897e-02
