1.535903e-04
1.627579e-04
1.771839e-04
1.457888e-04
2.296746e-04
1.685981e-04
1.787949e-04
1.535864e-04
1.519723e-04
2.132732e-04
2.046083e-04
1.643676e-04
1.741371e-04
1.735615e-04
1.612249e-04
1.831993e-04
1.975931e-04
1.249955e-04
1.526232e-04
2.022133e-04
1.428101e-04
1.967624e-04
1.681193e-04
2.292330e-04
1.433236e-04
1.327438e-04
1.631296e-04
2.201885e-04
1.889296e-04
1.566995e-04
2.290644e-04
1.895121e-04
1.565559e-04
2.074371e-04
1.582748e-04
1.418682e-04
1.036546e-04
1.792472e-04
1.309519e-04
2.105468e-04
1.358646e-04
1.743780e-04
1.721508e-04
1.605941e-04
1.960296e-04
1.751460e-04
1.870519e-04
1.581232e-04
1.472768e-04
1.709869e-04
1.465405e-04
2.043731e-04
1.763409e-04
1.902010e-04
1.708384e-04
1.994156e-04
1.913259e-04
1.486966e-04
1.554808e-04
1.563851e-04
1.286960e-04
2.006614e-04
1.691023e-04
1.737825e-04
