2.779911e-03
1.992115e-03
1.953425e-03
1.975894e-03
1.931811e-03
1.777127e-03
2.354376e-03
2.848058e-03
1.847284e-03
1.651822e-03
1.813006e-03
2.180155e-03
2.070464e-03
2.293463e-03
1.915197e-03
2.166627e-03
2.461626e-03
1.858594e-03
2.033432e-03
2.320824e-03
2.248654e-03
1.403338e-03
2.151991e-03
2.371619e-03
2.077122e-03
1.995577e-03
1.863348e-03
2.654557e-03
2.047521e-03
1.998212e-03
2.308473e-03
1.997878e-03
2.371251e-03
2.672879e-03
2.102040e-03
2.140321e-03
2.528995e-03
2.452597e-03
1.691751e-03
2.265251e-03
2.283284e-03
1.771296e-03
2.049946e-03
2.617604e-03
2.429166e-03
2.302330e-03
2.318759e-03
1.846151e-03
1.967930e-03
2.195152e-03
2.015418e-03
1.980656e-03
2.118284e-03
2.144950e-03
1.810117e-03
2.317661e-03
2.501847e-03
1.869758e-03
2.221047e-03
2.238838e-03
1.611143e-03
2.140570e-03
2.009965e-03
2.348910e-03
