1.601184e+00
1.219601e+00
1.290895e+00
1.310895e+00
1.299984e+00
1.111140e+00
1.362692e+00
1.362776e+00
1.207522e+00
1.197466e+00
1.238748e+00
1.377392e+00
1.236444e+00
1.313570e+00
1.190659e+00
1.381441e+00
1.425938e+00
1.230044e+00
1.296795e+00
1.315919e+00
1.304285e+00
1.023435e+00
1.284082e+00
1.340318e+00
1.315180e+00
1.234895e+00
1.274209e+00
1.511199e+00
1.289813e+00
1.192059e+00
1.363518e+00
1.295108e+00
1.353441e+00
1.422014e+00
1.354442e+00
1.318758e+00
1.334695e+00
1.392625e+00
1.050189e+00
1.464100e+00
1.309221e+00
1.323339e+00
1.186873e+00
1.385709e+00
1.359705e+00
1.402591e+00
1.349491e+00
1.242466e+00
1.275484e+00
1.304915e+00
1.256816e+00
1.330019e+00
1.235156e+00
1.268291e+00
1.202678e+00
1.389005e+00
1.406592e+00
1.263234e+00
1.370878e+00
1.398374e+00
1.071776e+00
1.317052e+00
1.265546e+00
1.417540e+00
