1.114952e-03
1.713975e-03
2.562825e-03
1.864900e-03
1.418437e-03
1.086305e-03
1.444390e-03
3.237555e-03
2.460065e-03
1.620527e-03
8.790080e-04
2.389188e-03
1.395276e-03
2.248219e-03
1.402962e-03
1.800924e-03
2.276401e-03
2.081561e-03
1.121767e-03
1.180384e-03
3.610373e-03
2.342603e-03
2.258701e-03
1.051846e-03
3.289670e-03
1.303050e-03
1.344029e-03
1.029298e-03
1.912481e-03
2.431403e-03
2.091825e-03
2.180750e-03
1.472567e-03
2.017511e-03
3.271894e-03
2.031894e-03
2.821210e-03
1.764988e-03
2.491495e-03
6.090889e-04
1.213803e-03
1.801979e-03
1.328560e-03
1.664061e-03
2.892252e-03
2.219310e-03
1.134318e-03
8.384013e-04
3.716418e-03
2.918235e-03
1.943443e-03
7.388659e-04
2.746720e-03
1.954795e-03
2.705820e-03
1.280841e-03
8.494919e-04
7.948174e-04
2.002307e-03
9.293433e-04
2.124303e-03
7.698797e-04
2.399633e-03
2.243829e-03
