8.782823e-02
1.065600e-01
9.318613e-02
1.008141e-01
1.229199e-01
1.019567e-01
1.362296e-01
9.489263e-02
1.013811e-01
1.092173e-01
1.277941e-01
8.203908e-02
1.028708e-01
1.195751e-01
1.038269e-01
1.182108e-01
1.051248e-01
8.902599e-02
1.053071e-01
1.311591e-01
1.085676e-01
1.160558e-01
1.023030e-01
1.480193e-01
9.510092e-02
9.659192e-02
1.066931e-01
1.139806e-01
1.208535e-01
9.204938e-02
1.211505e-01
1.253348e-01
1.101296e-01
1.108221e-01
9.467359e-02
9.745571e-02
7.995463e-02
1.100777e-01
8.309244e-02
1.254292e-01
9.064072e-02
1.201515e-01
1.176794e-01
1.048115e-01
1.045370e-01
9.662133e-02
1.218087e-01
9.909488e-02
9.228155e-02
1.080614e-01
9.159638e-02
1.255504e-01
1.222653e-01
1.085589e-01
1.109603e-01
1.138967e-01
1.044730e-01
1.048905e-01
8.791143e-02
1.191477e-01
9.683827e-02
1.393023e-01
1.036730e-01
1.021040e-01
