-1.484486e-02
7.130798e-03
1.874184e-02
6.384223e-03
-2.873914e-02
-2.327543e-02
-3.749536e-02
-4.427819e-02
-2.612414e-02
-1.642675e-03
5.322303e-02
-6.183054e-03
-2.545002e-02
9.064184e-03
-1.649211e-02
-3.007202e-02
2.294412e-02
-5.196594e-03
-2.071176e-03
-1.371278e-02
-1.408202e-02
7.705087e-03
-1.479821e-02
-1.242829e-02
-1.400743e-02
-2.771827e-02
-2.204665e-02
-5.521106e-02
-2.439939e-02
-1.611420e-02
-3.092750e-02
-5.874024e-02
-4.083468e-02
-3.348601e-02
-1.458056e-02
-3.008728e-02
2.112536e-03
-1.484837e-02
-4.252625e-02
2.217595e-03
-7.805225e-02
-1.705006e-02
-6.957327e-03
-2.715133e-02
-3.448645e-02
1.093530e-02
5.946678e-03
-2.530068e-02
-2.782082e-02
-3.213471e-02
-4.255514e-03
6.574088e-03
-4.038482e-03
-4.573067e-02
-4.744942e-02
-3.864766e-02
1.724136e-02
-3.377580e-03
-2.380288e-02
-2.780131e-02
1.038402e-03
-4.795477e-02
-8.449913e-03
-2.398325e-03
