6.861224e-03
-1.729286e-02
-3.053075e-02
4.079396e-04
9.415333e-03
1.411609e-02
-2.842191e-03
3.782651e-02
3.853702e-02
-8.288788e-04
1.171031e-03
-2.615056e-03
4.318403e-03
5.402416e-03
2.082535e-03
-2.863585e-03
8.712534e-03
4.654406e-03
-1.644729e-02
8.352228e-03
-1.535753e-02
8.077495e-03
3.151003e-02
-4.814527e-03
-7.304227e-03
4.551219e-03
-8.946048e-03
-6.553294e-03
-2.735544e-03
-1.985356e-03
-8.830330e-03
-1.625060e-02
2.099269e-03
-1.192860e-02
-1.299483e-02
4.204283e-03
-1.176133e-02
-1.841836e-02
6.180884e-03
-1.664115e-02
-2.029403e-02
2.335060e-02
-4.510314e-03
-1.572488e-02
7.322257e-03
1.060782e-02
3.066156e-02
2.317374e-02
2.588786e-02
4.033827e-02
3.206927e-02
2.340563e-02
2.927633e-02
2.323074e-02
-1.747355e-02
-1.551779e-02
-1.542311e-02
-1.507946e-02
-1.254633e-02
-8.051380e-03
-1.553913e-02
-1.313162e-02
4.296192e-04
4.564834e-03
2.927850e-02
3.610423e-02
1.439964e-02
3.607202e-02
3.612897e-02
3.976054e-03
1.616218e-02
1.612901e-02
-3.509955e-03
-2.680334e-03
-7.818536e-03
-4.079119e-03
1.692636e-03
-3.879232e-03
-5.066082e-04
2.569912e-03
-8.816943e-04
-7.203839e-03
-5.818793e-03
-5.504955e-03
1.511757e-02
9.920685e-03
8.484768e-03
9.729881e-03
3.076906e-03
8.338826e-03
-2.960222e-03
8.919524e-03
1.626350e-02
8.000153e-03
1.248258e-02
8.830180e-03
-1.742032e-02
9.041577e-03
-3.422767e-03
-2.426965e-02
6.739384e-03
6.342859e-03
-4.004143e-03
3.190618e-02
1.615369e-02
-9.903872e-03
1.004477e-02
-3.716001e-03
1.940762e-03
2.372385e-02
1.613090e-02
1.231512e-02
4.077436e-02
3.408060e-02
1.006966e-02
2.596026e-02
1.073702e-02
1.496933e-02
1.661291e-02
1.661034e-02
1.662076e-02
1.600791e-02
1.009902e-02
-1.175768e-02
-4.813238e-03
-5.393874e-03
-1.511669e-02
-9.869895e-03
-3.736315e-03
-2.249947e-02
3.915470e-02
1.059132e-02
-2.966559e-02
2.489440e-02
-6.244978e-03
2.927351e-03
1.632132e-02
1.457336e-02
3.196125e-03
2.338374e-02
1.474893e-02
-3.192041e-02
-2.251540e-03
-1.901191e-03
-6.530744e-03
5.820799e-03
1.029664e-02
-1.665274e-02
-2.057622e-02
-1.699637e-02
-1.186119e-02
-3.401220e-02
-1.713106e-02
-1.392354e-03
-4.182750e-02
-1.328169e-02
-3.036506e-02
-2.512628e-02
2.066690e-03
-3.620025e-02
-3.697386e-02
-7.826604e-03
-1.225017e-03
-1.006784e-02
-9.489017e-03
5.192066e-03
-1.654819e-02
-3.809466e-03
1.940731e-02
9.959122e-03
8.775459e-03
6.820668e-03
-5.099951e-03
9.141151e-03
1.360165e-02
-6.465787e-03
1.307106e-02
1.598185e-02
1.499942e-02
-2.691113e-02
-1.115000e-03
1.675717e-03
-2.517295e-02
3.091565e-02
2.659970e-02
-1.127110e-02
1.021340e-02
2.704667e-02
2.815996e-02
6.481992e-03
8.476456e-03
1.216758e-02
1.299825e-02
4.545813e-03
4.627768e-03
2.154176e-02
-4.482540e-03
1.404996e-03
-1.609304e-02
-1.383206e-02
-5.957933e-03
-3.244150e-02
8.095223e-02
-4.885927e-03
7.347493e-03
1.267370e-02
-1.268099e-02
1.056563e-02
5.566491e-03
-1.756508e-05
2.713138e-02
1.791790e-02
5.362664e-03
2.761195e-02
2.142784e-02
1.071694e-02
4.597289e-03
1.108266e-02
1.607506e-02
9.187133e-03
9.263379e-03
1.232598e-02
1.364401e-02
5.427035e-03
-1.890976e-03
1.006345e-02
-1.457629e-02
1.779331e-02
-1.683541e-02
7.072584e-03
1.403007e-02
-1.411136e-02
1.249503e-02
1.956653e-02
5.732493e-03
-3.295409e-02
4.067467e-03
8.606151e-04
-3.606223e-02
-1.799931e-03
1.970049e-02
2.365529e-02
7.921842e-03
1.794028e-02
-1.178233e-02
5.753146e-04
2.535911e-03
-4.161945e-02
-1.784660e-02
2.406128e-02
4.262041e-03
1.807534e-02
-1.922395e-02
-3.721610e-03
1.719057e-02
-9.625529e-03
3.277456e-03
1.242957e-02
1.585047e-03
9.879480e-03
1.680017e-03
5.700190e-03
-1.109467e-02
-7.218128e-05
-4.508343e-03
5.614303e-03
4.294625e-03
1.220783e-02
-8.145708e-03
7.533356e-03
1.467423e-02
1.504540e-02
3.577889e-02
1.023576e-02
-1.207203e-01
-4.643969e-03
2.506900e-02
-4.120684e-03
-9.356644e-03
3.044809e-02
-4.655454e-03
3.039117e-02
-2.811617e-02
2.676036e-02
1.852445e-02
-7.218635e-03
3.386693e-03
1.392306e-02
-4.187895e-03
-1.659121e-03
4.153307e-03
-1.645232e-03
4.392054e-03
7.890305e-04
-5.916726e-03
-7.726318e-03
-1.100995e-02
6.027880e-03
-1.038117e-02
-2.991442e-03
4.410717e-03
9.625813e-03
1.870347e-03
1.908459e-03
6.296157e-03
-3.143077e-04
-2.756490e-02
-1.256491e-02
-2.352201e-02
1.031371e-02
4.791270e-03
-5.715718e-03
1.107543e-02
-2.786265e-03
-1.136627e-02
1.602901e-02
1.926630e-02
-1.810214e-02
-1.144505e-03
-9.894608e-03
9.414442e-03
-1.146837e-02
-1.079604e-02
1.400049e-02
-1.361135e-02
1.106331e-02
1.105105e-02
-1.986335e-02
4.794599e-03
1.586598e-02
-1.097446e-02
1.267038e-03
1.571953e-02
-3.289811e-03
3.788477e-02
1.017910e-02
4.281446e-03
2.991218e-02
2.194802e-02
-3.430619e-02
-1.597935e-02
9.502765e-03
2.509749e-02
5.376744e-02
4.034110e-02
1.387502e-02
7.057734e-02
2.321399e-02
2.247913e-02
6.054850e-02
3.022081e-03
1.804154e-02
2.223482e-02
1.622381e-02
1.482596e-02
1.159387e-02
4.741506e-03
5.198494e-03
-1.010820e-03
-5.948552e-03
1.368797e-02
2.128821e-02
2.071109e-02
1.930898e-02
2.840775e-02
2.267262e-02
2.642338e-02
2.434689e-02
1.266636e-02
9.591730e-03
-2.952032e-03
1.836852e-03
1.229104e-02
8.398061e-03
9.216674e-03
-7.640714e-03
1.177839e-02
-5.521924e-03
-1.090281e-02
2.118908e-02
8.085502e-03
5.142416e-03
-2.409771e-02
1.463372e-03
1.942614e-02
1.169979e-02
-9.448811e-03
1.339095e-02
1.603060e-02
1.483984e-02
-7.205992e-03
-8.712819e-03
4.080102e-03
-3.371948e-02
-3.732687e-02
-1.871612e-03
-1.964248e-02
-5.778936e-02
-4.713602e-02
2.207077e-02
-9.004476e-04
-1.195995e-02
5.548471e-02
5.769852e-02
2.020734e-02
-2.617828e-02
-2.372816e-02
-3.274563e-02
2.244687e-03
4.120051e-03
-5.524203e-03
1.347114e-02
4.680702e-03
2.216670e-04
-1.307806e-02
1.198484e-02
4.489530e-03
1.868540e-02
-1.593135e-02
1.539274e-02
-8.564010e-03
2.401060e-02
2.203029e-03
-2.471500e-02
-2.940505e-02
-2.119442e-02
1.090700e-03
2.261180e-02
-1.122060e-03
1.049407e-02
2.230821e-02
-8.030443e-03
-2.921034e-02
-4.690037e-02
-2.808212e-02
-3.343139e-03
-8.574560e-03
3.180011e-03
2.887521e-03
1.836412e-02
-4.024242e-03
-2.584934e-02
-1.121825e-02
-7.701732e-03
-2.345760e-02
-4.502083e-02
-1.562731e-02
-2.294567e-03
-1.153464e-02
-5.422876e-03
6.203342e-03
3.603739e-03
3.161945e-03
1.766504e-02
2.145137e-02
-1.471709e-02
1.463190e-02
1.405963e-02
1.385032e-02
1.370797e-02
9.943212e-03
1.150656e-02
1.400700e-02
6.726500e-03
-6.329568e-03
3.824272e-03
7.303428e-03
8.343314e-03
1.055914e-02
-3.416107e-03
-1.624599e-03
-1.547692e-02
1.847549e-03
9.486893e-03
-1.455168e-02
1.016641e-02
-7.489414e-03
-1.598721e-02
7.860123e-03
-3.103214e-03
-3.281472e-02
-1.534230e-02
-7.862189e-03
-6.986121e-03
8.650663e-03
8.371002e-03
1.638209e-02
3.723101e-02
-1.195647e-02
-5.850683e-03
-4.020225e-02
3.431896e-03
2.788628e-02
2.497990e-02
6.036747e-02
9.576255e-03
1.625332e-02
2.466163e-02
1.810782e-02
2.382280e-02
2.524420e-02
1.272805e-04
3.680650e-03
4.274849e-03
-1.002554e-02
-5.928607e-03
4.952831e-04
-2.315029e-02
-6.769454e-03
-9.853545e-03
-1.222413e-02
2.569313e-03
2.119115e-03
-1.283318e-03
2.593290e-02
2.826428e-04
-1.826604e-02
-7.592929e-03
-8.254780e-03
-7.576880e-03
-1.018479e-02
-8.534235e-03
7.937366e-03
-1.150858e-02
1.280163e-02
-7.452432e-03
2.181416e-02
4.265289e-03
3.210644e-03
-5.215470e-03
-1.221274e-02
-1.129610e-02
4.765810e-03
1.426285e-02
2.255489e-02
3.034178e-02
4.179903e-03
-1.696951e-02
-1.902019e-02
-4.113436e-02
-1.046908e-02
-8.162731e-03
-1.332534e-02
-5.655808e-03
2.198312e-03
-1.072389e-03
4.295252e-03
2.269845e-03
-3.561633e-03
9.124169e-04
-9.678404e-03
8.838678e-04
-6.888783e-03
-1.977802e-02
-2.638461e-03
1.038090e-02
-3.265528e-03
-1.130964e-02
1.085450e-02
-8.982678e-02
4.740471e-02
-2.182442e-02
1.179134e-01
-1.615902e-02
-7.545504e-03
-6.364765e-02
-4.461266e-02
-3.611720e-03
7.385486e-03
-3.341063e-02
5.295233e-03
-3.735700e-02
-5.501885e-03
8.140604e-03
-1.074695e-02
1.017557e-02
-2.767666e-03
-2.720135e-03
-1.212265e-02
-8.696884e-03
-1.489919e-02
-1.613406e-02
-1.729216e-02
-5.128369e-03
-9.913291e-03
1.148750e-02
2.707360e-03
5.597601e-03
-2.745732e-03
-1.201974e-02
-1.255379e-02
6.141674e-03
4.233073e-04
-2.618233e-03
-3.331915e-02
8.307211e-03
-3.560628e-03
1.219712e-02
6.069946e-02
3.343168e-02
-2.100889e-02
8.290841e-03
-5.668101e-03
-7.802357e-03
-2.837313e-02
-1.926926e-02
-7.624835e-03
-3.934022e-02
-1.278270e-02
5.234170e-03
-2.093267e-03
6.805524e-03
8.194362e-03
1.186208e-02
-4.625392e-03
-8.404016e-03
2.767131e-03
-7.982370e-03
-1.469001e-02
1.170644e-02
-9.844831e-03
-5.640625e-03
-3.371014e-03
1.579504e-02
9.013729e-04
-1.315120e-02
-6.863556e-03
1.199308e-02
-6.246126e-04
-3.695200e-03
-1.233628e-02
2.011441e-02
1.110615e-03
1.423384e-02
1.524657e-02
1.845755e-02
4.188970e-03
8.364464e-04
2.152573e-02
2.865558e-03
-6.717722e-03
-1.153964e-02
6.656466e-04
-5.685387e-03
-9.721017e-03
2.240791e-03
-3.454394e-03
-6.710147e-03
1.306292e-02
2.171333e-03
5.864773e-03
-1.831126e-03
-1.424763e-05
1.597445e-03
-6.038889e-04
-9.498044e-04
1.106945e-03
-5.634336e-03
6.442333e-03
-2.762680e-03
-1.554968e-02
-7.403453e-03
-2.033694e-02
-1.716851e-03
-7.883147e-03
-1.866763e-02
2.763894e-02
-3.099346e-02
6.581147e-03
-1.192505e-03
-4.725452e-02
-1.786540e-02
2.519154e-02
2.666909e-02
5.483103e-03
-1.500472e-02
-2.028659e-02
-7.851584e-03
1.686951e-03
5.953028e-03
1.749393e-02
1.601849e-02
1.745472e-02
3.065999e-02
1.217307e-02
1.516725e-02
2.861261e-03
1.020281e-02
1.310751e-02
1.232535e-02
-1.660346e-02
-1.992902e-02
-1.959362e-02
-6.691303e-03
-5.062778e-03
-1.867256e-02
9.891530e-03
-1.228905e-02
-2.432855e-02
2.157700e-02
1.204543e-02
9.617218e-03
1.666745e-02
-3.030181e-03
4.444696e-03
4.872209e-03
1.901240e-02
-2.432141e-02
-1.445096e-02
1.637357e-02
-3.671947e-02
1.463483e-02
1.479843e-02
4.366009e-03
1.862299e-02
1.762743e-02
7.033452e-03
1.753199e-02
2.824169e-02
3.363059e-02
1.093891e-02
6.916306e-03
-8.597270e-03
3.843898e-03
1.996912e-03
-1.231529e-02
3.068341e-02
2.646676e-02
4.568743e-03
1.074867e-02
7.895771e-03
2.259065e-03
1.669155e-02
8.059834e-03
1.409740e-02
-3.647557e-03
-1.165341e-02
-4.745522e-03
-4.530450e-02
-2.417461e-02
-3.559542e-02
-3.973766e-03
9.461725e-03
-3.613018e-03
-2.774212e-02
-1.814060e-02
-2.294513e-02
-4.107957e-03
-1.611716e-02
4.059041e-02
-1.057171e-02
-2.138880e-02
2.256203e-02
-4.640666e-03
-3.369949e-03
-3.822144e-03
-6.265756e-03
-1.998522e-03
-5.706559e-03
7.993059e-03
2.224434e-02
9.779379e-03
-3.132644e-03
1.941157e-02
7.391963e-03
-2.715955e-02
-2.682647e-02
-3.861957e-02
1.556505e-02
2.749254e-02
-4.043510e-03
2.788034e-03
3.136102e-02
7.334358e-03
-5.414777e-03
-1.339298e-02
-2.017583e-02
8.725683e-03
-3.796040e-05
-2.280461e-02
2.069954e-03
1.255990e-02
-5.002083e-03
-3.320998e-03
-6.231270e-03
-6.147115e-03
4.267897e-03
-1.480469e-03
-5.589854e-03
1.077563e-02
5.984365e-03
5.000637e-03
-3.478905e-04
-6.586043e-03
3.714405e-03
-5.287027e-03
-4.144202e-03
2.334486e-03
4.334960e-03
6.103383e-03
-2.060939e-03
-4.377972e-03
1.265529e-02
1.439634e-02
-1.412015e-02
-2.927404e-03
5.566689e-03
-2.520364e-02
-1.841903e-02
-4.389499e-03
1.773760e-02
-3.134679e-02
1.751322e-02
3.775528e-03
-1.752423e-02
-1.355150e-03
3.414995e-02
4.922984e-02
4.598788e-03
-3.218567e-03
8.520513e-03
-1.353919e-02
1.352807e-02
2.069070e-02
-1.104261e-02
-2.725647e-02
-1.495810e-02
-3.425723e-02
1.169831e-02
9.573895e-03
-5.852298e-03
1.037522e-02
8.052127e-03
-7.937513e-04
2.062222e-02
1.637297e-02
-1.352598e-03
-3.038458e-03
-2.264903e-02
7.890945e-03
6.280513e-03
-2.362155e-02
3.317209e-03
1.773004e-02
-5.992878e-03
-5.819939e-03
-2.467981e-02
-7.448539e-04
-3.610195e-02
2.640259e-02
3.507255e-02
1.504521e-02
9.065498e-03
2.129505e-02
-2.697019e-02
2.328259e-03
9.898793e-03
3.815121e-03
-5.529380e-03
-6.502697e-03
-2.123239e-03
-1.230128e-02
-2.536084e-03
-1.056058e-02
2.601281e-03
-1.887253e-02
-2.592266e-02
1.197363e-02
2.365485e-02
-8.313282e-03
-5.670566e-04
2.091628e-02
2.280348e-03
-3.035422e-02
-3.229903e-02
-9.386663e-03
-3.174410e-02
-5.926910e-02
-2.948006e-02
-9.198288e-03
-2.759682e-02
7.875361e-03
-5.185795e-03
-5.046689e-04
2.924269e-03
-8.659541e-03
7.663399e-03
-1.060075e-02
-1.025175e-03
7.059903e-03
-5.884881e-03
2.583973e-02
1.037149e-02
-1.590476e-03
2.588629e-02
-4.629161e-03
-4.687693e-03
1.039286e-02
-2.485347e-02
6.193640e-03
-1.706172e-02
2.947018e-02
1.776452e-02
-3.965336e-02
-1.571522e-03
2.486332e-02
-6.130889e-03
-1.682064e-02
-1.463786e-02
6.523863e-03
3.709772e-04
-7.090989e-03
2.364522e-02
1.258955e-02
-4.257346e-03
9.532181e-03
5.433430e-03
-1.688702e-02
-1.306684e-02
-2.024044e-02
3.056286e-02
1.240031e-02
-4.688962e-02
1.346637e-02
2.175863e-02
1.046204e-03
-1.138438e-02
1.368469e-02
2.444563e-02
5.841453e-03
1.709731e-02
3.446521e-02
1.155481e-02
-9.869690e-04
9.303541e-03
6.020772e-05
-6.941507e-03
-5.366305e-03
-2.360300e-03
1.235484e-03
-8.963716e-04
-3.149508e-03
2.058592e-02
4.850417e-03
-1.539860e-03
-9.107591e-03
4.580760e-03
-2.528860e-03
8.163789e-03
-1.127556e-02
-8.206427e-03
2.520676e-02
4.523974e-03
2.304932e-03
4.309583e-03
-1.001047e-02
-3.429769e-03
-1.582179e-03
3.005889e-03
-5.328055e-03
1.216970e-02
2.048302e-03
3.349598e-04
8.328125e-03
7.186833e-03
-3.799330e-02
6.834139e-03
2.001032e-02
-2.399310e-02
-1.651625e-02
-3.069691e-02
-4.405930e-02
-2.280717e-02
3.822675e-03
-3.108745e-03
-1.742662e-02
9.230583e-03
1.391279e-02
-2.609624e-03
1.053051e-02
1.943127e-02
-1.265965e-02
-1.119356e-02
1.642037e-02
-5.862263e-03
8.349326e-03
6.631483e-03
-1.567065e-02
5.854714e-03
-1.726315e-03
7.628511e-03
8.108069e-03
-3.235954e-02
-6.071994e-02
1.023383e-01
-2.422202e-02
-4.193988e-02
-4.294245e-02
-2.130801e-02
1.311905e-02
-1.316657e-02
-3.479626e-03
7.459652e-03
-4.154960e-02
-3.376165e-02
-1.263608e-02
-2.071642e-02
-3.113714e-02
-2.384790e-02
-8.520858e-03
2.087416e-02
8.951982e-03
1.431414e-02
-1.066088e-02
1.255043e-02
1.686621e-02
2.934492e-03
-1.044970e-02
-2.041865e-02
-5.915637e-03
-3.190241e-02
-4.616916e-02
-5.053239e-03
-2.412916e-02
-3.738476e-02
-1.166712e-03
-5.488598e-03
-2.269978e-03
1.979394e-02
-2.039733e-02
-1.205243e-02
9.117771e-03
2.626761e-03
-1.016722e-02
2.737437e-02
3.800696e-03
3.374089e-03
-7.046606e-03
1.962166e-03
3.189427e-03
2.817008e-03
-1.330307e-02
8.237952e-03
1.006983e-02
-2.122528e-02
-1.477786e-02
1.166923e-02
-1.573459e-02
-6.169585e-03
2.488184e-02
7.355656e-03
-2.661533e-02
-1.413333e-02
2.192622e-03
3.003520e-03
2.976436e-03
-2.161875e-02
6.386599e-03
4.806481e-02
-1.478218e-02
4.910279e-03
3.452578e-02
2.712210e-02
-2.752846e-02
1.577974e-02
-2.005180e-02
-4.405493e-02
5.241839e-02
-8.274274e-03
2.587603e-02
1.653375e-02
1.051256e-02
3.445807e-02
2.680093e-02
8.510150e-03
2.039335e-02
8.056791e-03
-1.115241e-02
-7.028192e-03
-4.902952e-03
7.243308e-04
7.187784e-03
-5.344591e-03
-2.574427e-03
3.110190e-03
-3.704168e-03
5.874845e-03
6.617852e-03
6.676902e-03
1.048779e-02
-4.842273e-03
-8.812902e-03
-7.906853e-03
-2.698761e-02
1.260481e-02
5.648925e-03
-8.312630e-03
1.141607e-02
-3.784081e-03
-7.656053e-03
9.284599e-04
-6.141094e-03
1.109907e-02
6.011563e-03
-2.631623e-03
5.628686e-03
-1.049243e-02
1.222217e-02
2.284222e-02
-2.716745e-02
2.659198e-02
5.884288e-03
-4.081180e-02
-1.922496e-02
-5.409889e-02
-2.726015e-02
-8.135665e-03
1.246922e-03
-4.448042e-03
2.159467e-02
1.410848e-02
-3.198397e-03
1.018481e-02
9.012364e-03
1.299918e-02
-8.368875e-03
-2.210334e-02
-9.734659e-03
-3.826755e-03
2.168432e-02
1.204125e-02
1.171933e-02
2.064862e-02
-8.906002e-03
-3.991140e-02
2.317861e-02
4.829662e-02
1.066410e-02
1.053928e-01
-4.497052e-02
2.739456e-02
-1.147367e-02
1.540774e-02
2.845904e-02
-1.672185e-02
-4.369634e-03
-2.176188e-02
-2.515086e-02
2.823343e-02
8.888307e-03
9.066102e-03
1.181904e-03
-1.044001e-02
1.119665e-02
4.480100e-03
-4.533469e-03
-1.659641e-02
-4.693102e-03
3.862060e-03
-1.538957e-02
-2.026493e-02
-6.642569e-04
-1.869180e-03
7.990910e-03
-7.572395e-03
-4.028711e-03
1.447821e-03
4.959096e-03
6.685256e-03
4.675544e-03
-9.718996e-03
-2.652078e-02
-2.063643e-02
-1.855420e-02
-1.233960e-02
-8.248109e-03
-1.516421e-02
1.770259e-04
6.879281e-03
-2.642865e-02
-1.513291e-02
2.006966e-02
-1.484378e-02
-3.030015e-02
1.470011e-03
7.498965e-03
1.920329e-02
1.683377e-02
4.208542e-03
1.473786e-02
-9.231498e-03
3.971034e-03
8.746691e-03
-1.801609e-02
-2.310185e-02
-1.090967e-02
-8.412562e-03
-1.228280e-02
-2.882417e-02
-9.622776e-03
-1.085022e-02
-3.965312e-02
-3.471209e-02
1.336539e-02
-7.557485e-03
-4.674793e-03
1.178469e-02
1.787439e-02
-5.616613e-03
3.217079e-03
1.133557e-02
-2.727373e-02
-1.663603e-02
-1.911590e-02
-5.728987e-02
-7.248459e-03
-1.049785e-02
-1.121784e-02
-7.332556e-03
-8.007569e-03
-6.112334e-03
4.516254e-03
6.099320e-03
7.441758e-03
7.674155e-03
1.040220e-02
1.574408e-02
-1.569132e-02
-1.283648e-02
-3.879420e-03
-3.711876e-02
-4.033699e-02
-2.896267e-02
-1.984397e-03
-5.291352e-03
4.522899e-03
-2.211335e-02
-2.569803e-02
-7.604012e-04
-2.520484e-02
-2.731722e-02
-1.409768e-02
-7.289808e-03
-5.323988e-02
3.951061e-03
-4.132515e-03
-4.821558e-02
-1.732012e-04
1.215075e-02
1.493626e-02
1.711888e-02
-8.356803e-03
-2.340118e-02
-7.624243e-03
-1.213993e-04
-1.433862e-02
-3.331931e-03
1.231104e-02
1.199593e-02
1.115031e-02
-1.115794e-02
1.510198e-02
-1.243557e-02
-5.693082e-03
1.771946e-02
2.078662e-02
-5.513565e-02
-3.519953e-02
-1.279734e-02
2.085424e-03
-2.116078e-02
2.410829e-03
-8.024717e-03
-2.429851e-02
-2.365654e-03
-9.778985e-04
-6.705347e-03
3.140239e-03
-2.941171e-04
-2.419230e-02
-3.204016e-04
8.067588e-03
-1.975737e-02
-2.971913e-02
-4.688764e-03
-2.513980e-02
-7.407545e-04
2.673406e-02
1.071491e-03
5.395414e-03
-6.100530e-03
9.512733e-03
8.339456e-04
-1.720895e-03
2.474160e-02
1.611178e-02
8.803531e-03
1.260744e-02
1.546538e-03
-8.064292e-05
-1.100013e-02
-1.850988e-02
-6.169943e-03
-2.211096e-02
-1.660261e-02
-2.055164e-02
-2.047653e-02
-2.360471e-03
-3.724607e-02
-6.861667e-03
1.670845e-02
-2.587523e-02
-1.928863e-02
4.725581e-03
-8.890343e-03
5.976883e-03
4.018186e-03
-9.114149e-03
-1.461180e-03
1.755598e-03
8.015223e-03
1.769768e-02
-8.111300e-03
2.099495e-03
-1.206864e-02
2.173252e-02
1.958693e-02
-2.910491e-03
3.122860e-02
1.390457e-02
1.501942e-02
7.502431e-03
-2.871464e-02
-2.365047e-02
-3.925873e-02
-8.639673e-03
-2.910855e-03
-3.650372e-02
-1.075880e-02
-5.086120e-03
-2.146939e-02
-3.479727e-03
-8.342257e-03
8.426148e-03
-3.365843e-02
6.729699e-03
5.723162e-02
-4.731002e-02
-1.220002e-02
4.731764e-02
4.239088e-03
-3.577571e-02
-4.410017e-02
-9.623915e-03
2.901695e-03
-1.190448e-04
-1.057883e-02
-4.636483e-02
-1.093022e-02
-1.363920e-02
-1.700480e-03
1.132825e-02
-5.937510e-03
-3.968211e-03
-1.466711e-03
2.638835e-03
2.665794e-03
-1.886991e-03
-5.683083e-03
-1.266849e-02
-1.869626e-02
-5.494920e-03
-6.694559e-03
-4.791480e-03
-2.009451e-02
-1.008428e-02
6.553530e-03
-1.603200e-02
-2.657648e-02
5.227229e-03
-3.940441e-02
-1.481755e-03
1.933623e-02
-1.579129e-02
6.340266e-03
3.624606e-02
-9.152757e-03
-2.180976e-02
-7.720423e-03
-5.730200e-04
-8.773290e-03
-2.834560e-03
-8.109134e-03
-1.337028e-03
-1.841765e-02
-2.023496e-03
-1.970225e-02
1.748782e-02
-1.747524e-02
-3.579945e-02
7.125317e-03
-1.232352e-02
-4.729448e-03
1.687750e-02
3.037777e-02
-4.822036e-03
-4.562290e-02
5.771775e-02
-2.507714e-04
-8.101718e-02
3.366737e-02
1.663656e-02
-4.171755e-02
-2.705089e-03
8.435608e-03
-6.768981e-03
-1.166002e-02
2.348397e-03
-1.607131e-03
-1.155451e-02
-1.733030e-02
-3.718708e-03
1.180342e-02
1.814581e-02
1.907286e-02
2.979805e-02
-5.771833e-02
-1.174363e-02
3.171387e-02
3.248454e-02
2.599397e-02
8.792594e-03
-3.520567e-03
3.301834e-03
-1.354462e-02
1.244854e-02
-6.398488e-03
3.735651e-02
1.001385e-02
-2.971867e-03
4.340546e-03
8.872820e-03
3.500215e-03
1.931968e-02
3.213646e-02
2.755734e-02
1.011407e-02
2.593978e-02
1.689283e-02
1.075772e-02
-4.761130e-04
5.441186e-03
-1.769508e-03
-4.828694e-03
-8.436771e-03
-1.466712e-02
-7.409639e-03
-1.911960e-02
-2.574806e-02
1.948307e-03
-1.507282e-02
7.775993e-03
6.097795e-03
1.280926e-04
3.237147e-02
1.921257e-02
1.379465e-02
1.220230e-02
2.309583e-03
1.235599e-02
-2.956359e-03
-4.976769e-03
1.204540e-02
-9.449980e-03
-1.526933e-02
-1.570034e-02
5.756735e-03
1.994900e-03
1.350776e-02
9.606293e-04
5.800204e-03
5.441866e-03
-6.283236e-03
1.396106e-02
1.507605e-03
-1.851674e-02
-8.199129e-03
-2.793846e-02
1.415058e-02
1.346692e-02
-1.130300e-02
9.895608e-03
3.695195e-03
-1.249535e-02
-1.381464e-02
-2.357367e-02
3.706060e-03
-9.488581e-03
-5.603085e-03
-2.496549e-03
-2.610378e-02
4.903756e-03
1.336059e-03
-2.273146e-03
3.211651e-03
7.927683e-04
-1.935016e-03
-1.014769e-02
-2.488470e-03
-3.326926e-03
-1.353360e-02
1.312952e-04
-9.180312e-03
-9.497902e-03
-7.687489e-03
-1.179806e-02
-3.821106e-03
-4.466288e-04
-6.432326e-03
5.958300e-04
-2.932206e-03
-7.476707e-03
2.336551e-03
8.181962e-04
-7.823864e-03
3.638776e-03
5.492391e-03
-1.597895e-02
-1.046497e-02
-1.328910e-02
8.242791e-03
8.187117e-03
6.440238e-04
-2.766805e-02
-1.987657e-03
-1.183406e-02
-1.988922e-02
-5.448680e-03
-2.385993e-02
4.652748e-03
2.119835e-02
9.091977e-04
9.811882e-03
1.593183e-02
4.713570e-03
-1.579197e-03
2.377718e-03
5.611578e-04
-8.503037e-03
2.611842e-03
-3.893090e-03
-2.026457e-02
-1.497138e-02
-5.939369e-03
-1.299938e-02
-5.994652e-03
-4.761560e-03
1.880328e-02
2.860474e-02
2.785110e-02
6.576282e-03
-9.730874e-04
4.613118e-03
-2.275981e-02
-2.559019e-02
-2.704124e-02
-2.090382e-02
3.763086e-02
-9.781995e-03
3.418908e-03
1.253881e-02
1.536482e-02
-4.658412e-03
1.059361e-02
-1.521189e-02
-3.425564e-03
1.257515e-02
-5.100446e-03
1.642478e-03
1.965199e-02
-7.909302e-04
-1.890834e-02
3.340103e-03
-9.200445e-03
2.479388e-03
5.498560e-03
-5.449918e-03
-4.174784e-02
-1.823353e-02
2.978274e-02
-2.739713e-02
8.040972e-04
3.010782e-02
1.242183e-03
-2.288343e-02
-9.143843e-03
1.961125e-03
-1.947282e-02
-4.603188e-02
1.137097e-02
1.115216e-02
6.704330e-03
-1.294882e-02
5.110996e-04
4.132134e-02
7.860404e-03
-5.026938e-04
2.910371e-02
2.167289e-03
-1.132732e-02
-1.921502e-03
-8.920358e-03
-3.017956e-03
1.506098e-02
5.727530e-03
1.012782e-02
1.855165e-02
2.347617e-02
4.894210e-03
1.740127e-03
-4.708993e-02
-6.599943e-02
-1.779263e-02
-4.298507e-03
-9.049715e-02
-3.820498e-02
1.318207e-02
-4.245138e-02
-1.929457e-02
9.415404e-03
1.531032e-04
9.640853e-03
1.622432e-02
1.208494e-02
8.782645e-03
-1.177341e-02
-5.183203e-03
1.310483e-02
-1.054719e-02
1.487497e-02
-1.798422e-02
1.944705e-02
2.434893e-02
-6.046819e-02
5.203999e-03
-1.805002e-02
-4.955331e-03
-6.192926e-03
1.092993e-02
2.713305e-02
-6.606546e-03
4.955932e-03
2.924910e-02
-1.108832e-02
-4.661941e-03
1.047772e-02
-2.001888e-03
4.544509e-03
9.322272e-04
-3.661693e-03
1.062515e-02
8.349325e-03
-1.024597e-02
1.492880e-02
1.810546e-02
1.032695e-02
6.648370e-03
-4.074971e-03
7.853333e-03
3.288252e-02
-2.020043e-02
-5.098912e-03
3.416707e-02
4.043374e-03
2.932122e-03
-9.244153e-03
1.048000e-02
9.035610e-03
-2.428842e-02
-8.952748e-03
5.847382e-04
4.607758e-03
-2.414337e-02
-1.461990e-02
9.435124e-04
5.857095e-02
-3.733063e-02
-5.331652e-03
5.143816e-02
-1.899300e-04
8.086958e-03
7.000952e-03
3.718032e-03
-9.256881e-03
2.712483e-02
-8.189937e-03
-1.153660e-02
1.984101e-02
1.051903e-02
-1.628996e-02
-1.288285e-02
3.535429e-03
8.072852e-03
-7.180993e-03
8.879683e-03
1.336935e-02
-9.493186e-03
-1.428497e-02
-4.265284e-04
-6.187905e-04
3.360040e-02
-1.042728e-02
5.335113e-03
-5.542462e-02
-1.049315e-01
1.102393e-01
1.358883e-03
-8.124065e-03
3.307748e-04
-2.142500e-03
2.972733e-03
1.518180e-02
1.933506e-03
5.948415e-03
-2.090013e-02
-3.500682e-03
-1.078440e-02
1.180581e-02
-1.288480e-02
-2.149645e-02
-2.528154e-02
-2.091201e-03
9.459028e-03
-6.608607e-03
-1.312431e-02
1.387041e-02
2.164371e-02
-2.927786e-02
-1.408772e-02
-2.169100e-02
-1.833484e-02
-8.800566e-03
-1.302841e-02
-9.918774e-03
-3.314792e-03
-8.461217e-03
-2.078768e-02
2.962619e-03
8.241720e-03
-1.007143e-02
1.293754e-02
1.153686e-02
-2.218390e-02
2.081144e-03
1.367696e-02
4.420933e-03
-3.918263e-03
9.384403e-03
-1.785635e-02
-1.894864e-02
1.624735e-02
3.917338e-03
-9.939232e-03
2.170732e-02
-3.881844e-02
-2.008370e-02
-1.537720e-03
-5.266596e-02
-3.357155e-02
3.276316e-03
-3.596005e-02
-3.580710e-02
-1.498343e-02
-2.022246e-02
-1.794375e-03
2.512792e-02
-3.140646e-02
-1.619783e-02
8.803260e-03
-1.555075e-02
-8.200267e-03
4.890672e-03
-1.994133e-02
-1.438314e-02
1.145520e-02
-2.378485e-02
-4.705339e-02
1.548227e-03
-3.744167e-03
-2.219700e-02
1.451168e-02
-2.786685e-03
1.306817e-02
1.536526e-02
-3.341166e-04
2.182107e-02
2.146791e-02
-1.207529e-02
6.534374e-03
1.157856e-02
4.999490e-03
-1.350206e-02
-1.570139e-02
-3.680365e-03
-3.376045e-03
-1.361068e-03
1.544166e-03
1.253525e-03
2.466838e-04
-5.668725e-03
-1.378792e-02
-1.160454e-02
9.733573e-03
1.765257e-03
-1.179839e-02
1.509558e-02
1.943980e-03
-9.185389e-03
3.878891e-02
-2.201745e-02
-4.898203e-03
1.551126e-03
-3.205200e-02
-2.208698e-04
3.952978e-03
-4.545927e-03
-1.140943e-02
-3.677055e-03
-1.380500e-03
-9.299123e-03
2.884689e-03
2.507741e-02
6.059921e-03
-1.512943e-02
-1.945268e-02
-1.101563e-02
-8.371130e-03
-3.492893e-03
-2.309904e-02
3.612068e-03
1.338827e-02
-8.075192e-03
-4.432980e-03
-1.516902e-02
-1.396299e-02
-4.476142e-03
-9.382296e-03
-2.187279e-02
-4.837743e-03
-9.209130e-03
-2.016401e-02
-8.240052e-03
-8.312602e-03
-1.930303e-02
-2.945369e-02
-1.205991e-02
-7.664266e-03
-2.939224e-02
8.591288e-02
2.452269e-02
-7.802083e-02
-2.253240e-03
-9.217236e-03
-1.327733e-02
-1.583267e-02
-2.753042e-02
1.585109e-03
-4.478713e-03
-1.742914e-02
-1.145757e-02
-1.834265e-02
-3.868881e-02
6.599359e-04
-9.229738e-04
-1.360363e-02
-1.306334e-02
8.561829e-03
1.252816e-03
-5.875426e-03
1.049682e-02
1.537809e-02
1.505521e-02
3.487184e-02
2.759073e-03
2.780912e-02
4.816214e-02
1.820827e-02
2.321897e-02
5.095030e-02
1.582747e-02
9.737595e-03
1.922827e-02
-6.473218e-03
6.366822e-03
9.699324e-03
2.511608e-03
-1.787065e-03
8.154912e-03
-1.051110e-04
-3.956682e-03
1.444397e-02
9.703213e-03
-1.342805e-02
8.276353e-03
4.835419e-03
-9.423855e-03
2.164959e-03
1.138198e-03
-3.521742e-03
9.349599e-03
-3.950658e-03
2.037300e-02
2.103444e-02
-8.837014e-03
4.171767e-02
2.608497e-02
-8.901592e-03
5.172847e-03
-6.506378e-03
-1.168060e-02
3.441562e-03
3.168868e-03
-5.418375e-03
4.364117e-03
2.293036e-03
-1.759290e-02
9.209902e-03
-1.399191e-02
-2.249975e-02
3.796028e-03
2.160050e-02
-7.560800e-03
-1.008813e-04
2.016734e-02
-2.724600e-02
1.027448e-03
-4.845366e-03
-3.298347e-03
5.967103e-03
-1.283998e-03
-1.888522e-03
6.005732e-03
4.910204e-04
1.042005e-04
4.565435e-03
5.669216e-03
-2.655624e-03
9.066958e-03
5.987770e-03
5.881637e-04
6.266063e-03
5.800517e-03
3.916406e-03
-1.497925e-02
-3.996446e-03
-8.198959e-03
2.623823e-03
6.812662e-03
5.534360e-03
-3.271319e-03
-2.130589e-03
-8.247942e-03
8.975155e-03
-1.616703e-03
-1.854876e-02
1.467102e-02
-3.056103e-03
-4.971497e-03
-2.298604e-03
-4.143788e-03
1.379925e-02
1.375034e-02
3.093273e-03
-2.114204e-02
7.170874e-03
-6.451922e-03
-2.399363e-02
2.354114e-02
1.318838e-02
1.422312e-04
-7.498858e-03
1.044454e-02
-7.005557e-04
-5.505879e-03
3.101802e-03
-5.459623e-03
1.239890e-03
4.636079e-03
-1.116630e-03
-8.155913e-03
3.952961e-03
2.024281e-02
3.069371e-03
1.141132e-02
1.464977e-02
-1.905776e-02
-6.210055e-03
-8.552123e-03
-3.507416e-02
1.319101e-02
-2.058720e-03
2.161393e-03
-1.013854e-02
-1.312445e-02
-4.786223e-03
-1.098879e-02
1.393705e-02
-7.125607e-03
-1.012229e-02
-1.886444e-02
1.100567e-02
1.459526e-02
1.304127e-02
-1.022367e-02
2.838291e-03
-1.326028e-02
-4.087245e-02
-4.767805e-02
-5.409401e-02
-1.156688e-01
-1.232603e-01
-1.017073e-01
-4.770880e-02
-5.328081e-02
-3.622265e-02
-3.867539e-03
2.865985e-03
-6.579005e-03
-2.484934e-02
-2.291666e-02
-2.040322e-02
-1.118138e-02
-2.245054e-02
-7.297260e-03
3.553800e-03
2.795922e-03
-2.927062e-03
-1.263282e-02
2.179954e-02
-7.492444e-03
-1.386036e-02
1.371643e-02
-2.123662e-02
-3.870843e-03
-4.432651e-03
3.479564e-04
-6.719510e-03
-1.184959e-02
-9.601791e-03
1.453341e-02
2.721187e-02
1.849790e-02
9.339238e-03
-3.296265e-03
-2.912002e-02
1.587870e-03
-7.040656e-03
-1.927472e-02
-2.538530e-02
7.107908e-03
1.407581e-02
-3.670741e-03
-1.188374e-03
-3.854622e-03
-1.128070e-03
1.194646e-02
6.905814e-03
-2.838072e-03
2.849965e-03
1.096441e-02
-1.433694e-02
2.836233e-02
-2.511230e-02
-1.335008e-02
-7.295914e-03
-3.183553e-02
5.086605e-03
-5.101601e-02
2.065664e-02
-4.321076e-03
9.014171e-04
2.691003e-03
1.359554e-02
1.744236e-02
1.195735e-02
6.759584e-03
3.451443e-03
3.757303e-04
-7.176226e-03
-1.016546e-02
-1.294090e-03
-1.304438e-02
-1.418988e-02
-1.006860e-02
-1.697659e-02
-9.678150e-03
-7.726550e-03
-2.371149e-02
8.156013e-03
1.354950e-02
-3.569364e-02
1.069371e-02
1.366945e-02
-3.971515e-02
-1.123555e-02
1.557909e-03
9.997692e-03
-1.260788e-02
7.812737e-03
-1.892388e-02
-2.819327e-02
-1.005503e-02
-1.300410e-02
1.299093e-02
-1.211507e-03
-3.192275e-02
-3.748208e-02
-6.517519e-03
3.798094e-03
7.242344e-03
8.809783e-03
5.800114e-02
7.036944e-02
1.623619e-02
5.637091e-05
-6.115774e-03
-9.798921e-03
3.195996e-03
7.786898e-03
-1.660551e-02
1.292099e-02
2.684651e-02
-3.857455e-03
1.451175e-02
2.245628e-02
1.031205e-03
3.102528e-03
5.193852e-03
-6.224320e-03
3.552428e-03
-3.206904e-03
5.853562e-03
-9.790953e-04
-3.932276e-02
2.267745e-03
-3.924672e-03
-4.011090e-02
8.904341e-03
1.527679e-02
8.409215e-02
-2.272847e-03
-1.264523e-03
1.189039e-02
7.403374e-03
-1.430470e-02
-5.786814e-03
-1.154471e-02
-1.414705e-02
-1.975668e-02
1.250459e-02
-1.694259e-02
-1.181189e-02
-5.198920e-03
4.341508e-04
1.064478e-02
7.401095e-03
-2.119751e-02
-2.193331e-02
-2.277218e-02
-1.816939e-02
-1.843376e-02
-1.594255e-02
9.642093e-03
6.625186e-03
1.151043e-02
4.697574e-02
3.844956e-02
3.997401e-02
-1.828454e-03
3.868583e-03
4.672675e-03
9.067946e-03
1.278488e-02
4.170654e-03
-2.708430e-03
-1.104104e-03
-1.554044e-03
-1.896541e-03
5.461584e-03
2.883616e-03
1.829841e-02
1.795878e-02
1.140921e-02
-1.721016e-03
-5.799883e-03
-2.135408e-02
3.398548e-03
3.032245e-03
1.116802e-02
1.279094e-03
1.668567e-03
1.280382e-02
-1.953392e-02
-1.963810e-02
-2.250609e-02
-7.490038e-05
4.012327e-03
1.088772e-03
1.080671e-02
1.114993e-02
2.061081e-02
-3.434948e-02
-2.850026e-02
-1.796442e-02
2.740993e-02
3.901925e-02
2.560624e-02
3.030538e-03
-4.832995e-03
4.301416e-03
-3.772728e-02
-3.878673e-02
-4.074810e-02
-1.122570e-02
-1.131143e-02
-8.241316e-03
6.431940e-04
5.485022e-03
8.889055e-03
-8.065938e-03
-6.292018e-03
-2.256140e-03
1.458070e-02
1.617658e-02
1.083158e-02
-6.517470e-03
-3.354761e-03
-4.778664e-04
-6.555598e-03
-7.425422e-03
-5.658462e-03
-4.107792e-03
-2.275804e-03
-4.261902e-03
-1.842741e-02
-2.120049e-02
-1.985866e-02
-5.147581e-03
-1.633355e-02
-2.134258e-02
-1.906958e-02
-5.538214e-03
-2.218186e-03
-1.037105e-02
-2.479550e-03
8.850717e-03
1.202670e-02
7.892723e-03
3.693108e-03
1.342465e-02
1.734467e-02
1.604108e-02
7.128047e-03
3.120498e-03
-5.468936e-03
-5.842374e-03
-7.165678e-03
-5.368317e-03
1.115428e-02
1.053949e-02
9.570316e-03
-7.170506e-04
4.358337e-04
2.362037e-03
-1.104121e-02
-1.463939e-02
-1.051534e-02
7.654824e-03
3.552368e-03
9.565936e-03
-5.834355e-03
-3.718133e-03
1.129979e-02
-1.457511e-03
6.075803e-03
1.185409e-02
1.968595e-02
-4.369166e-03
1.448489e-02
2.699525e-02
5.782275e-02
2.370879e-02
-2.207079e-02
-2.700055e-02
-3.637438e-02
-1.188852e-02
-6.022381e-03
-3.036783e-03
-9.566911e-03
-8.912063e-03
-6.944312e-03
6.947845e-03
-3.979031e-04
5.400029e-03
