-3.727974e-02
-2.528769e-02
-2.119979e-02
-2.606484e-02
-2.814340e-02
-5.692882e-02
-1.077788e-02
-2.981657e-02
-1.384992e-02
-5.318087e-02
-3.503445e-02
-3.116090e-02
-1.986570e-02
-2.734297e-02
-4.365582e-02
-2.163534e-02
-3.429518e-02
-2.500157e-02
-3.742181e-02
-8.744583e-03
-2.623644e-02
1.527028e-02
-1.883874e-02
-2.857679e-02
-3.232432e-03
1.367248e-04
-1.710859e-02
-4.782959e-02
-2.751208e-02
-2.546934e-02
-4.082303e-02
-3.777676e-02
-2.013282e-02
-2.930050e-02
-4.708333e-02
-3.304283e-02
-3.908623e-02
-3.389474e-02
-1.532024e-02
-3.270990e-02
-2.590213e-02
-4.678388e-02
-1.310959e-02
-2.143844e-02
-4.008443e-02
-3.448030e-02
-5.986114e-02
-2.309820e-02
-7.718530e-02
-2.708623e-02
-5.794476e-02
-1.040438e-02
-2.140046e-02
-7.060248e-02
-7.355033e-02
-3.596016e-02
-5.131052e-02
-1.743312e-02
-3.860391e-02
-2.460643e-02
-8.150490e-03
-2.332153e-02
-5.004725e-02
-2.175223e-02
