4.562725e-04
5.138631e-04
4.563250e-04
4.289779e-04
5.657826e-04
4.539022e-04
4.477769e-04
3.971500e-04
4.146482e-04
3.191130e-04
5.090092e-04
4.155792e-04
4.188556e-04
3.639629e-04
4.279061e-04
4.031612e-04
3.762341e-04
3.169341e-04
4.158241e-04
7.265374e-04
5.900723e-04
5.702585e-04
4.019840e-04
4.715080e-04
4.419161e-04
3.807794e-04
3.263730e-04
5.356619e-04
5.204586e-04
3.064736e-04
5.446300e-04
3.590612e-04
4.769949e-04
4.432765e-04
3.280614e-04
3.150578e-04
3.691774e-04
4.798486e-04
3.655489e-04
4.330802e-04
4.113233e-04
4.747098e-04
4.488446e-04
5.495322e-04
3.921107e-04
4.575723e-04
5.932823e-04
5.093214e-04
3.073283e-04
5.259942e-04
4.494754e-04
5.831301e-04
4.967544e-04
4.104181e-04
4.359990e-04
4.680893e-04
4.634144e-04
4.106779e-04
5.015344e-04
4.545884e-04
3.045882e-04
4.142091e-04
4.191083e-04
5.201074e-04
