3.367740e-03
-2.231259e-03
-1.005657e-02
-1.532677e-02
5.624317e-03
-1.984334e-02
-2.761651e-02
-7.333862e-03
-1.464770e-02
8.832637e-03
-2.183915e-02
-3.316750e-02
-3.068556e-02
-3.227047e-02
-2.027975e-02
-6.510044e-03
-3.639488e-02
-5.528684e-02
1.018324e-02
-7.938140e-03
6.346839e-03
2.022043e-02
-1.134764e-02
1.584220e-03
-1.987578e-02
-9.567455e-03
1.540210e-02
-2.079299e-02
1.104295e-02
6.674901e-03
1.133210e-02
-9.229129e-03
-7.023440e-02
-6.066803e-03
-1.952114e-02
1.846251e-02
1.264224e-02
2.444245e-02
1.110050e-02
3.659870e-03
7.161324e-03
-1.352874e-02
1.516788e-03
3.321121e-02
3.295157e-02
6.926967e-03
1.817707e-03
-1.382658e-02
-5.398539e-03
1.578067e-02
1.740474e-02
-5.373519e-02
1.141131e-02
5.237729e-02
-1.010253e-03
1.743367e-02
4.116752e-03
-1.637163e-02
1.275766e-02
7.456785e-03
-1.221412e-02
-2.390304e-02
1.181134e-02
4.554153e-02
