4.290260e-03
4.156228e-03
4.167150e-03
3.973869e-03
3.738435e-03
4.214698e-03
4.508618e-03
4.126912e-03
4.443055e-03
3.506394e-03
3.344116e-03
4.056447e-03
3.731216e-03
4.119223e-03
3.099633e-03
3.794130e-03
4.705343e-03
5.343814e-03
4.494018e-03
3.943179e-03
3.096469e-03
3.923766e-03
4.271765e-03
3.573719e-03
3.170256e-03
4.299500e-03
4.058669e-03
3.529325e-03
3.434660e-03
4.779667e-03
5.014542e-03
4.716748e-03
3.413035e-03
3.302847e-03
3.619398e-03
3.834285e-03
5.396754e-03
3.133443e-03
4.511952e-03
5.695663e-03
3.542547e-03
3.481638e-03
4.523337e-03
3.509356e-03
4.651016e-03
3.102872e-03
3.765601e-03
4.461687e-03
5.721173e-03
3.595203e-03
3.783806e-03
4.453222e-03
3.528335e-03
3.804405e-03
4.151284e-03
3.681070e-03
3.579354e-03
4.407695e-03
5.035867e-03
4.017388e-03
4.664962e-03
3.534405e-03
4.433665e-03
3.880844e-03
