9.423003e-02
9.615666e-02
9.793706e-02
9.109734e-02
9.209878e-02
1.061330e-01
1.090862e-01
1.242473e-01
8.563525e-02
1.009869e-01
7.736074e-02
9.383468e-02
8.787051e-02
8.718584e-02
1.027948e-01
9.839983e-02
7.960846e-02
9.609784e-02
1.109020e-01
8.783715e-02
1.032832e-01
9.067419e-02
7.730448e-02
9.644173e-02
1.171701e-01
8.386921e-02
8.611255e-02
1.019816e-01
1.049096e-01
8.525873e-02
8.994716e-02
1.000591e-01
1.149158e-01
1.190367e-01
9.113277e-02
1.022921e-01
8.651242e-02
1.028941e-01
9.054895e-02
8.814835e-02
7.166646e-02
6.570163e-02
1.059582e-01
8.218830e-02
1.001420e-01
1.186742e-01
9.428664e-02
8.956941e-02
1.079844e-01
1.004733e-01
8.825525e-02
8.410428e-02
9.536575e-02
1.066267e-01
1.082409e-01
9.369644e-02
8.895234e-02
9.958009e-02
1.072383e-01
1.042958e-01
9.152679e-02
1.041955e-01
9.000841e-02
9.326538e-02
