1.901281e-03
1.850722e-02
-4.582046e-02
-4.185624e-03
1.071931e-02
-2.457666e-02
1.877193e-02
-6.608104e-02
-2.281795e-02
2.786135e-02
2.771963e-02
-8.928962e-04
2.748783e-02
-3.070224e-02
-7.543660e-02
-1.011832e-02
-9.905756e-03
-2.399692e-02
-2.153504e-02
-8.988134e-03
-7.051283e-04
-3.397848e-02
-8.368882e-03
-5.888067e-03
-2.692534e-02
-5.548213e-02
1.334396e-02
3.546284e-02
4.377085e-03
-1.324915e-02
4.170984e-03
4.297012e-03
2.478389e-02
-2.581847e-02
-1.282428e-02
6.982427e-03
-1.662801e-02
-3.682842e-02
-2.858669e-02
-1.523112e-02
-4.126590e-02
2.948171e-02
-2.996192e-02
-3.415232e-02
1.440270e-02
-7.975685e-03
-1.617409e-02
1.465008e-02
-3.613324e-02
-4.558598e-02
-7.508759e-04
-3.687331e-02
-5.375900e-02
-2.225043e-02
-7.529215e-03
8.980591e-03
-3.383975e-02
2.921122e-03
-3.607623e-02
2.487440e-02
-2.383219e-02
3.616707e-02
1.570431e-03
-3.804525e-02
