-3.913390e-03
-2.231194e-03
-6.963483e-03
-2.714583e-03
-1.583025e-02
2.327797e-03
1.134367e-02
-4.258289e-03
-5.375330e-03
-9.152642e-03
-7.906005e-03
-3.366780e-03
2.415487e-03
-3.834054e-03
-4.104579e-03
2.593916e-03
2.511765e-04
-7.212312e-03
1.816154e-04
-1.148442e-02
-4.995211e-04
1.902294e-02
-4.922397e-03
7.222646e-03
5.717641e-04
-1.256710e-03
1.633150e-03
-2.778432e-03
1.011372e-03
-1.707285e-03
-7.675031e-03
-5.775325e-03
9.500785e-04
-1.745024e-03
-3.597161e-03
-6.207862e-03
3.731059e-03
-1.862018e-03
-8.056922e-03
1.691752e-03
-1.096970e-03
-6.467694e-03
8.269646e-03
-7.748057e-03
5.636775e-03
-1.225018e-02
-3.069387e-03
4.600104e-03
-2.547324e-03
1.679143e-03
-1.971300e-03
4.791718e-04
5.727097e-03
-1.526116e-03
-2.311407e-03
-5.389432e-03
4.208323e-03
1.589050e-03
-7.008410e-03
2.809552e-03
-1.573891e-03
8.412309e-05
-6.743805e-03
-3.815797e-04
