1.505521e-01
1.466644e-01
1.443853e-01
1.450202e-01
1.497063e-01
1.450707e-01
1.698088e-01
1.551910e-01
1.440716e-01
1.449573e-01
1.479474e-01
1.420867e-01
1.483248e-01
1.488994e-01
1.612706e-01
1.471636e-01
1.457198e-01
1.360046e-01
1.400259e-01
1.435560e-01
1.493146e-01
1.406775e-01
1.486687e-01
1.615197e-01
1.552801e-01
1.598866e-01
1.532741e-01
1.829279e-01
1.514663e-01
1.611536e-01
1.410683e-01
1.534609e-01
1.644539e-01
1.404484e-01
1.540561e-01
1.576155e-01
1.434898e-01
1.570732e-01
1.784419e-01
1.368304e-01
1.653885e-01
1.379558e-01
1.558478e-01
1.478111e-01
1.609622e-01
1.435025e-01
1.366725e-01
1.367668e-01
1.508876e-01
1.555690e-01
1.411990e-01
1.363429e-01
1.432266e-01
1.543761e-01
1.405639e-01
1.526143e-01
1.495658e-01
1.534731e-01
1.564323e-01
1.518323e-01
1.587866e-01
1.553267e-01
1.493636e-01
1.518275e-01
