2.957018e-03
-4.703058e-02
-5.043523e-02
-3.082961e-03
-9.818543e-03
5.893633e-03
2.615074e-02
-9.551901e-03
-1.920149e-02
-1.921159e-02
-5.521622e-03
-2.227183e-02
3.877368e-02
-1.438042e-02
1.080749e-02
7.880834e-03
-1.915163e-02
2.335505e-03
2.218609e-02
-1.479477e-02
-1.399143e-02
1.112826e-02
-1.429697e-03
3.779972e-03
-3.948501e-02
-2.738805e-02
-2.945821e-02
-1.137067e-02
2.383723e-02
-4.514727e-02
-3.158928e-02
-2.459657e-02
-3.099503e-02
-3.761208e-02
-4.396850e-02
-1.148830e-02
3.217137e-02
-2.933090e-02
4.776042e-03
-3.402495e-03
-1.459954e-02
-3.701835e-02
-8.313726e-03
-1.086942e-02
-3.745822e-02
-2.564225e-02
3.667989e-02
-5.946982e-03
-4.841683e-03
-3.311695e-02
-1.649190e-02
-7.263127e-03
1.504556e-02
1.160586e-02
3.719722e-03
5.353719e-02
-1.421690e-02
-1.457130e-02
-2.154347e-02
-2.580482e-02
-1.587843e-03
-3.827477e-02
-1.904626e-02
-3.805395e-02
