1.439501e-01
1.279739e-01
1.230402e-01
1.313426e-01
1.376955e-01
1.448109e-01
1.220615e-01
1.375353e-01
1.409795e-01
1.249148e-01
1.346516e-01
1.500363e-01
1.185107e-01
1.291767e-01
1.364968e-01
1.250079e-01
1.154706e-01
1.338173e-01
1.122698e-01
1.320506e-01
1.209183e-01
1.274519e-01
1.140506e-01
1.441668e-01
1.483967e-01
1.384730e-01
1.274856e-01
1.509036e-01
1.264167e-01
1.586357e-01
1.377989e-01
1.315508e-01
1.307459e-01
1.319016e-01
1.262240e-01
1.288061e-01
1.301739e-01
1.294544e-01
1.180428e-01
1.287345e-01
1.302804e-01
1.407483e-01
1.366561e-01
1.223644e-01
1.150273e-01
1.286250e-01
1.284381e-01
1.278634e-01
1.516480e-01
1.339661e-01
1.336552e-01
1.360139e-01
1.428843e-01
1.378129e-01
1.377414e-01
1.324562e-01
1.290953e-01
1.201238e-01
1.331753e-01
1.232665e-01
1.357280e-01
1.298272e-01
1.481965e-01
1.611481e-01
