-9.273483e-02
-1.150393e-01
-1.254904e-01
-6.057461e-02
-1.463949e-01
-1.613133e-01
-1.753884e-01
-3.475850e-01
-1.974333e-01
-2.148420e-01
-1.442535e-01
-1.436639e-01
-1.053994e-01
-1.724447e-01
-3.505355e-01
-1.398435e-01
-1.146162e-01
-1.012876e-01
-2.548312e-01
-2.030975e-01
-2.356592e-01
-3.037226e-01
-1.198817e-01
-2.038432e-01
-2.368472e-01
-2.850856e-01
-2.236751e-01
-7.704914e-02
-2.235231e-01
-1.936494e-01
-1.344255e-01
-1.326753e-01
-7.095261e-02
-2.228835e-01
-1.109319e-01
-2.546654e-01
-3.840876e-01
-2.820131e-01
-1.602158e-01
-1.442751e-01
-2.478908e-01
-1.445080e-01
-2.851998e-01
-4.185882e-01
-3.534905e-01
-1.468855e-01
-1.917135e-01
-1.215251e-01
-2.512715e-01
-3.437462e-01
-2.439584e-01
-1.920648e-01
-2.815184e-01
-3.119027e-01
-2.574978e-01
-2.095692e-01
-1.897697e-01
-2.206316e-01
-1.597970e-01
-2.978823e-01
-2.172541e-01
-1.521783e-01
-1.756116e-01
-4.728094e-01
