-1.194491e-02
1.136616e-02
4.041018e-03
-1.852817e-03
-7.627536e-03
8.085554e-03
-3.452476e-02
-4.570929e-02
-2.774858e-02
1.035017e-02
2.066415e-02
1.527400e-02
-8.290847e-03
-1.420886e-02
-2.201685e-02
-1.302014e-02
-1.550896e-02
-8.271809e-03
8.356418e-03
2.328241e-02
-1.233806e-02
1.971968e-02
3.388564e-02
5.104766e-03
-2.114776e-02
-6.886421e-03
8.605628e-03
8.317058e-04
-4.951297e-03
4.384798e-03
4.396999e-04
7.291821e-03
4.782120e-03
-9.286171e-03
-6.413932e-03
-9.192104e-03
-1.834839e-02
-4.829934e-03
1.406660e-02
-4.485222e-02
-6.380194e-03
7.674580e-03
2.214874e-02
5.530405e-02
2.838312e-02
3.163890e-02
4.578670e-02
3.613790e-02
3.457710e-02
5.316147e-02
4.241793e-02
-4.221393e-02
-1.776579e-02
-3.241036e-02
-1.799543e-02
-7.382667e-03
2.746050e-02
-2.109416e-03
-5.313865e-03
2.751951e-02
1.194243e-02
3.288617e-02
2.639490e-02
-1.143540e-02
-2.144401e-02
-1.688203e-02
-2.911668e-03
9.237815e-04
-1.001369e-02
1.644481e-03
2.411051e-02
1.588626e-02
-2.249421e-04
6.004722e-04
1.695259e-02
7.479414e-03
1.767036e-02
-2.667730e-03
4.235688e-03
6.487466e-03
-7.537300e-03
-1.602219e-02
2.088315e-03
6.687558e-04
-9.580543e-03
1.089578e-02
5.894599e-03
3.035875e-02
3.352261e-02
3.375829e-02
5.496161e-03
6.354171e-03
7.663504e-03
3.056672e-02
2.312919e-02
-1.328082e-02
2.069553e-02
2.531054e-02
-2.092758e-03
-5.005778e-03
9.593272e-03
-1.047222e-02
-1.137417e-02
5.973492e-03
-1.424195e-03
-5.168416e-03
1.193757e-02
1.295865e-02
-2.147170e-02
-1.062096e-02
1.457381e-02
5.308988e-03
-4.147921e-03
6.503436e-03
1.586981e-02
1.101674e-02
1.190870e-02
1.890567e-02
4.080056e-02
3.763317e-02
3.092188e-02
2.102755e-02
3.646857e-02
-1.456021e-02
-5.867689e-02
-2.121947e-02
-1.112878e-02
-1.390336e-02
1.275280e-02
1.695811e-02
1.424448e-02
7.916241e-03
2.560343e-02
3.887880e-02
1.027027e-02
1.606420e-02
1.478736e-02
-9.889112e-03
1.196521e-02
1.199765e-02
1.061248e-03
-1.422046e-02
-1.821242e-03
-1.336483e-02
1.411424e-03
1.052593e-02
9.953504e-03
-2.089059e-02
1.463484e-02
2.778549e-02
-3.487893e-02
2.194597e-02
2.012824e-02
1.243964e-02
2.911794e-03
2.846868e-03
1.411994e-02
2.769619e-03
9.712910e-03
8.909482e-03
7.101304e-04
5.052972e-04
-2.671644e-02
-2.284587e-02
-6.323754e-03
-2.110155e-02
-2.228206e-02
-6.952503e-03
-1.599405e-02
-1.426775e-02
-5.468777e-03
3.596781e-02
2.523753e-02
1.307748e-02
4.181639e-02
2.882740e-02
2.228436e-02
1.413347e-02
9.702487e-03
1.934584e-02
3.014184e-02
1.357323e-02
5.167606e-03
6.158706e-03
-1.498099e-02
-9.717493e-03
7.144341e-03
-1.114295e-02
-5.423173e-03
1.521225e-02
-9.619507e-03
2.285743e-02
5.829709e-03
-1.396897e-02
3.347373e-02
6.230658e-03
-2.532943e-03
5.492581e-02
-2.137160e-02
-2.417873e-02
-2.424250e-02
-3.909410e-02
-3.541747e-02
-3.707285e-02
-2.912486e-02
-3.072117e-02
-4.182366e-02
9.291641e-03
1.077806e-02
1.187179e-02
4.590550e-03
1.472921e-02
1.025918e-02
-3.153383e-04
2.239327e-02
1.488168e-02
-1.832560e-02
-2.724891e-02
-1.695295e-02
-2.581154e-02
-3.763022e-02
-3.960260e-02
-1.799809e-02
-3.317901e-02
-4.512220e-02
1.625937e-02
3.461778e-02
4.060660e-03
2.458125e-02
4.099006e-02
1.589142e-02
4.168640e-03
1.593687e-02
6.765524e-03
-8.055375e-03
-4.047011e-03
-3.187825e-03
-8.756951e-03
-1.051237e-02
-3.897136e-03
-1.082121e-02
-2.443177e-02
-1.077511e-02
1.444006e-02
7.751827e-03
-9.735904e-03
1.191696e-02
2.218268e-02
-1.970990e-02
-1.440997e-02
1.144887e-02
8.946223e-03
1.182530e-02
7.039852e-03
-5.802924e-03
2.291899e-03
6.334837e-03
-1.962343e-02
-1.507720e-02
-5.976342e-04
-1.282113e-02
1.339337e-02
1.748638e-02
1.826588e-02
-5.430092e-03
1.058270e-02
1.422388e-02
-2.855984e-02
-8.070858e-03
1.048639e-02
-1.983301e-02
-2.532105e-02
-1.273009e-02
-9.588748e-03
-1.948827e-02
-7.242954e-03
1.049058e-02
2.330666e-03
-1.482538e-02
3.965814e-03
-1.088134e-02
-1.971175e-02
6.225859e-03
3.559646e-03
3.608806e-03
1.243203e-02
-1.210888e-03
7.276693e-03
-1.449997e-03
-2.409191e-03
-5.107372e-04
-6.542553e-04
2.073714e-03
-3.743862e-04
-5.647843e-04
-1.427077e-03
1.927621e-03
-5.724032e-04
-2.952031e-03
-1.748143e-03
-1.202255e-03
-6.219261e-04
-2.035076e-03
2.049989e-03
-7.035807e-04
-1.677136e-03
-1.389363e-03
1.343197e-03
9.722344e-04
2.951357e-04
1.792077e-03
-3.492509e-04
-1.934721e-03
1.557191e-03
-1.908286e-03
-6.835975e-04
4.683978e-03
-2.874283e-05
1.899637e-03
-9.368745e-04
1.489159e-03
-1.727347e-03
-2.128159e-03
2.603352e-03
1.334489e-03
4.444990e-03
-4.779180e-04
1.309151e-03
8.865923e-04
1.029133e-03
8.513519e-04
1.044876e-03
-7.532723e-04
-1.698267e-03
1.238316e-02
-1.290382e-02
2.694963e-04
1.450205e-02
-1.137417e-02
-1.656933e-04
1.377860e-02
-1.174083e-02
-1.212732e-03
1.156854e-04
5.540142e-03
-4.252771e-03
3.237569e-04
-1.836921e-03
1.548344e-03
4.912292e-05
1.723481e-03
1.847225e-04
2.430480e-03
1.417673e-03
1.504337e-04
1.661721e-03
-2.368243e-03
-1.606657e-03
3.291184e-03
2.631852e-03
3.223088e-03
1.704925e-03
-1.487566e-03
-1.522652e-03
2.254458e-03
-6.488708e-04
4.459951e-04
1.039832e-03
1.964643e-03
3.296514e-04
-5.751834e-04
-1.387292e-03
-4.751680e-04
1.376553e-03
4.038757e-05
-1.444192e-03
-4.433275e-04
-2.011559e-03
-7.228350e-04
1.624814e-03
-2.362568e-03
-4.210732e-03
1.729476e-03
-5.430459e-04
-2.298133e-03
-2.178665e-03
6.596470e-04
-2.122222e-03
-1.779478e-03
-1.577504e-03
-9.217698e-04
-4.313870e-03
-3.285491e-04
-1.589170e-03
2.198206e-04
2.823097e-03
-2.353554e-03
1.442715e-03
-6.935563e-04
-7.000091e-04
3.487574e-03
-2.245086e-04
-6.930546e-04
6.041183e-04
-2.309277e-03
9.621634e-04
1.159681e-03
-9.884865e-04
1.128426e-03
-4.631139e-04
2.548808e-04
-3.756964e-04
-2.949827e-04
1.402506e-03
5.974945e-06
1.605641e-03
1.521801e-03
3.664912e-03
-1.816490e-04
1.302059e-03
-6.914198e-04
-1.790123e-04
1.160299e-03
-2.712633e-03
1.547137e-03
2.499643e-03
-1.220426e-03
1.619791e-03
-1.087267e-03
-2.663443e-03
2.782431e-03
-2.260451e-03
4.458468e-03
-9.671406e-04
-5.437113e-03
-1.718947e-03
-4.086548e-03
-9.479068e-03
3.011178e-03
1.207095e-03
-3.242319e-03
6.386439e-03
1.120803e-02
7.245374e-03
2.208426e-03
1.325844e-02
-7.402774e-04
-1.169188e-03
3.637285e-03
-8.402159e-03
-2.140605e-03
-2.111678e-03
-8.573572e-03
-9.593395e-03
-7.874436e-03
-1.701660e-02
-1.952555e-03
-6.744160e-03
-6.131992e-03
-5.463762e-03
-6.284502e-03
-4.898413e-03
1.793886e-03
-6.626516e-03
-1.831340e-03
1.010969e-03
-1.301473e-02
-1.579618e-02
1.267432e-02
9.122934e-03
1.333954e-03
1.122471e-02
3.105330e-03
-4.735342e-04
5.053061e-03
-3.561432e-03
-4.923135e-03
6.290807e-03
6.666409e-03
-4.426974e-03
1.468137e-02
1.552213e-02
5.138184e-03
6.038632e-03
8.598732e-03
-1.028619e-03
-2.508587e-03
4.518587e-04
-7.109420e-03
1.170395e-02
3.372742e-03
1.385775e-03
-1.802072e-04
-6.129582e-03
-1.003526e-02
9.310397e-04
-1.794327e-03
-4.787833e-03
-1.322514e-03
-3.320627e-03
-5.771283e-03
-2.403945e-03
-3.953847e-03
-1.137926e-04
5.429559e-03
-7.350776e-03
-1.086774e-03
2.403308e-03
-1.078628e-02
5.417526e-04
4.325222e-03
-1.354150e-02
-4.935624e-03
-3.749877e-03
-1.406187e-02
-1.384612e-02
-4.856953e-03
-6.833436e-03
-4.379125e-03
2.905028e-03
-1.439335e-03
-2.203008e-03
3.614598e-03
7.502251e-03
1.384994e-02
3.942250e-03
5.181267e-03
3.340408e-03
1.442903e-02
-2.300028e-03
7.382386e-04
3.188722e-03
7.752534e-03
4.356591e-03
1.659304e-03
1.260617e-03
1.919227e-03
1.717264e-03
1.891143e-03
5.438882e-04
1.836672e-02
1.112220e-03
-5.725311e-03
-1.747492e-04
-1.513988e-02
-2.077389e-02
5.839671e-03
-1.239046e-02
-6.498968e-03
6.187194e-03
-9.214637e-03
-2.593068e-02
1.242389e-02
-4.856712e-03
-1.057775e-02
1.138113e-02
3.222032e-04
-1.136472e-02
-2.208403e-03
-2.758543e-03
2.011233e-03
-7.185574e-03
-6.221187e-03
-7.653090e-03
-7.746520e-03
-8.086097e-03
-2.533249e-03
-1.010858e-02
-6.843701e-03
-1.490250e-02
-7.083800e-03
5.311279e-03
-6.491503e-03
-8.534998e-03
-1.126686e-04
-1.067833e-02
1.401670e-02
2.744478e-03
-2.325504e-02
6.378808e-02
2.722693e-02
-3.388390e-02
2.527246e-02
-5.957418e-03
-1.557257e-02
-1.145945e-02
7.101935e-03
4.449408e-02
-2.140083e-02
-4.960367e-02
3.946124e-02
-2.878927e-02
-1.686436e-02
3.786593e-03
3.158160e-02
3.399483e-02
3.211352e-03
4.415368e-02
-1.237005e-02
-5.534172e-02
2.775494e-02
-5.039705e-03
-3.788497e-02
2.929491e-02
-2.135095e-02
-1.878100e-03
-4.217369e-03
-2.789890e-03
-3.397898e-03
2.216526e-03
1.901235e-02
2.352968e-02
-2.619885e-03
-4.880821e-02
5.675594e-03
-1.209818e-02
5.572173e-03
2.411458e-02
9.317271e-03
1.429541e-02
1.540552e-02
2.886543e-02
1.912515e-02
-4.940655e-02
2.069827e-02
8.498549e-03
-4.813155e-02
-2.953205e-02
-2.798048e-02
-6.869274e-02
5.636761e-03
1.012591e-02
-8.496306e-03
3.923568e-03
-4.016227e-02
-1.658645e-02
-2.156927e-02
-3.393079e-02
-1.315880e-02
6.679289e-03
3.625600e-02
-2.862678e-02
2.382634e-02
1.820463e-02
-3.099991e-03
-1.660180e-02
2.140298e-02
2.168574e-02
-4.397449e-03
1.648792e-02
-1.189244e-02
-1.353279e-03
-2.324051e-02
-1.116003e-02
-4.535310e-03
-2.041355e-02
-1.627073e-02
7.193927e-03
-1.130137e-02
-2.486900e-02
1.399221e-02
1.659795e-02
1.194707e-02
-1.914267e-03
-5.213339e-03
5.921250e-02
-6.038514e-03
2.834619e-03
1.317645e-02
-2.722810e-02
-2.484487e-02
-9.582722e-03
-1.022156e-02
-1.022031e-02
-7.823081e-03
2.297791e-02
-3.383351e-02
3.659389e-03
2.108325e-02
3.181963e-02
-5.856047e-02
2.660487e-02
1.628344e-02
-5.762897e-02
1.360530e-02
-1.719412e-02
1.663804e-02
9.847297e-03
2.319194e-02
3.062098e-02
-5.353754e-03
-2.619039e-02
-4.948741e-03
1.894354e-02
-2.257501e-02
1.188970e-02
3.020648e-02
-1.907855e-03
-2.443707e-02
-1.129026e-02
-2.638172e-02
-2.640703e-03
-2.545842e-02
-5.148470e-03
1.567820e-02
-1.193096e-03
7.107833e-03
-1.407695e-02
1.829535e-02
-5.965598e-04
-2.793453e-02
1.732218e-02
-1.817862e-02
-2.103198e-02
-4.532577e-03
-1.194639e-01
2.216598e-02
-8.759781e-03
-1.797376e-02
4.424661e-02
7.808463e-03
1.526832e-02
8.005922e-03
1.496548e-02
2.199870e-02
2.156890e-02
2.765920e-03
3.362630e-03
4.384717e-03
6.584821e-03
7.619892e-03
8.561727e-03
6.770522e-03
1.369352e-03
6.598053e-03
-4.521754e-03
-1.306504e-03
2.862440e-03
-7.654386e-03
-7.365664e-03
-7.910757e-03
-5.136750e-03
8.006317e-04
-6.562583e-03
5.651236e-03
2.833036e-03
6.517150e-03
-1.618683e-03
-8.180733e-04
-1.212594e-02
-6.295443e-03
-3.324245e-03
-2.099995e-03
-7.961343e-04
-4.764910e-04
-1.215457e-02
2.418655e-03
-2.056163e-03
-5.622245e-03
4.989907e-03
2.737350e-03
-3.458278e-03
1.858916e-03
3.380771e-03
-5.193179e-03
-5.288196e-03
-2.261996e-02
8.858906e-03
-9.393116e-03
-2.570132e-02
4.949065e-03
-3.325285e-03
-1.464526e-02
1.314037e-02
9.654677e-03
3.846700e-03
-1.602187e-03
5.170517e-03
1.603554e-04
1.469045e-04
4.030974e-03
3.043725e-03
6.890255e-03
4.347198e-03
-6.330140e-03
7.610024e-03
2.752024e-03
-3.962758e-03
7.445988e-03
-3.987551e-03
-3.601245e-03
2.376275e-03
4.464139e-03
7.740443e-03
6.871996e-04
4.124951e-03
1.551810e-03
6.912548e-03
9.985943e-03
6.336521e-03
4.453986e-03
7.738747e-03
3.236696e-03
-1.349002e-03
6.874922e-03
1.102875e-02
5.147012e-03
6.294031e-03
3.741974e-05
5.593662e-03
6.959054e-03
2.064106e-03
3.694529e-03
5.933246e-03
1.414363e-02
8.461901e-03
6.664939e-03
1.201865e-02
8.986523e-03
3.413444e-03
-2.978455e-03
-3.374867e-03
-6.094442e-03
-5.315220e-03
9.174071e-04
-7.198920e-03
-9.101681e-03
-2.834674e-03
2.866702e-03
8.892536e-05
-6.024987e-03
-3.775816e-03
-3.392556e-03
-1.222581e-03
-1.483727e-03
-6.387602e-04
6.876835e-03
4.407068e-03
9.075996e-03
9.388821e-04
5.448886e-03
8.878878e-03
-3.837039e-03
2.684734e-03
-3.764297e-03
-3.070631e-03
-8.851682e-03
-1.288828e-02
-1.575073e-03
-1.296525e-02
-7.439371e-03
4.859103e-04
-8.719225e-03
-3.149383e-03
3.246810e-03
3.951728e-03
-3.359805e-03
-6.167729e-04
5.015031e-03
-1.710846e-03
1.530415e-03
-1.612574e-03
-5.071866e-03
-5.704976e-03
1.910768e-02
-3.860487e-02
2.172822e-02
-1.756863e-02
-3.103097e-02
-9.941164e-03
-2.498730e-03
6.681235e-04
6.030273e-03
3.141676e-02
1.849711e-02
-2.563600e-02
-1.822179e-02
5.161120e-02
-2.190375e-02
1.478835e-02
-1.679599e-02
-1.798902e-02
-2.967438e-04
3.784346e-03
1.469558e-02
-3.494869e-02
-6.575724e-04
7.017199e-02
-1.013477e-02
1.785017e-02
3.606120e-02
-8.556273e-03
-6.680120e-03
-2.596644e-02
-2.708457e-03
6.528880e-03
-8.247538e-04
2.885590e-02
8.226711e-03
-3.108253e-03
-2.708347e-02
4.650642e-03
-8.058722e-03
2.316318e-02
-2.006838e-02
-8.962005e-03
-3.218444e-02
-3.866144e-02
-4.125908e-03
7.212439e-03
-3.181689e-02
-4.288679e-03
-1.566978e-02
-4.414443e-02
-8.415261e-03
-1.832104e-02
-5.734501e-02
-1.531747e-02
1.453028e-02
-4.749848e-02
-2.025704e-02
-4.024209e-03
-2.795147e-02
-3.572130e-02
-4.945192e-03
-9.589611e-03
-2.698253e-02
1.622964e-02
-4.028201e-02
8.055469e-03
9.455699e-03
-1.187080e-02
4.026421e-03
2.382137e-02
-5.847374e-02
-8.122829e-03
-4.509663e-03
-4.948184e-03
-1.510150e-02
-5.913636e-03
2.445242e-02
-2.052203e-02
-2.189975e-02
5.519798e-04
3.909442e-03
-1.990464e-02
-1.813910e-02
-7.436671e-03
-8.281124e-04
3.594998e-04
-2.321319e-02
-1.432397e-02
1.147826e-03
-1.516811e-02
4.930344e-03
-6.052158e-03
-5.226120e-03
-8.688604e-03
9.696467e-03
-4.763126e-02
-6.183203e-03
-7.440906e-03
-7.018803e-03
-1.605358e-02
-6.574322e-03
5.079587e-03
2.096893e-02
-9.314735e-02
3.611591e-02
-7.052366e-03
-2.796948e-02
4.280669e-02
2.567889e-02
5.729529e-03
1.435448e-02
1.657506e-02
2.663456e-03
-4.291730e-03
-2.426221e-02
-7.875344e-03
-9.267309e-04
2.275011e-02
-1.260449e-04
3.770033e-03
-1.149695e-02
-2.022389e-03
-1.087080e-02
-1.506202e-02
4.402492e-02
-2.809579e-02
2.170530e-02
3.808478e-02
-1.342623e-02
-4.561878e-03
1.429424e-02
9.047451e-03
-1.230801e-02
-1.568409e-02
5.322307e-03
-1.979740e-02
1.175273e-02
3.927334e-03
-4.543013e-02
6.371924e-02
5.297969e-04
-1.612216e-02
3.462059e-03
2.874928e-03
-5.157194e-03
-8.009082e-03
-8.023437e-03
-2.320479e-03
2.559130e-02
-2.068771e-02
7.885390e-03
3.071696e-02
1.747098e-02
-4.068786e-03
-6.936725e-03
2.841883e-02
-1.986864e-02
-1.203074e-03
6.507783e-02
8.124597e-03
-1.115849e-02
1.741612e-02
-7.158166e-04
1.540759e-03
2.049930e-02
-1.170254e-02
-3.349186e-02
1.641175e-03
-1.408487e-03
-8.222476e-03
-4.392254e-03
-1.954084e-02
-1.591731e-02
-9.919376e-03
-1.135964e-02
-4.781849e-04
-3.112549e-02
-1.580030e-03
-3.389557e-02
-1.471848e-02
1.606252e-02
-1.106621e-02
1.071955e-03
3.472203e-02
-7.763717e-04
1.237008e-02
-2.614266e-03
-2.125008e-03
-1.621777e-02
-2.233556e-02
1.667667e-02
9.754228e-03
-3.562973e-02
-5.287483e-03
-2.106038e-02
3.397772e-02
3.686826e-02
8.278182e-03
-2.809445e-03
3.373337e-02
8.469961e-03
1.790181e-02
8.161900e-03
5.644387e-02
-3.177993e-03
5.433695e-02
1.885325e-02
7.854082e-03
2.319117e-02
2.076053e-02
9.488028e-03
3.580081e-02
1.287028e-02
2.405656e-02
1.947853e-02
-7.593884e-03
-2.068611e-02
1.172821e-02
1.728964e-02
5.125090e-03
5.094894e-02
2.955440e-02
2.712918e-02
2.429793e-02
1.347616e-02
2.195199e-02
5.221273e-03
-1.849122e-04
1.689177e-02
-1.414607e-02
-2.853237e-02
2.070449e-02
-2.919159e-02
-8.182288e-03
1.875010e-02
4.229278e-02
1.324036e-02
-3.009447e-02
4.752519e-02
1.848596e-02
2.607074e-02
1.652510e-02
-2.428871e-02
-2.474999e-02
-1.645719e-02
-4.429321e-03
3.567732e-02
2.473412e-02
-1.199770e-02
-1.056166e-02
-3.228218e-04
-4.328492e-02
2.570853e-02
4.431614e-02
3.331814e-02
5.070924e-02
6.729541e-02
4.292348e-02
-2.734037e-03
7.284505e-03
-1.412876e-02
5.438827e-03
-2.935592e-02
5.891183e-03
-2.334092e-02
-5.735148e-03
-3.056325e-02
-1.884012e-02
2.845315e-02
1.611401e-02
-6.368678e-03
3.705806e-02
1.550955e-02
3.103684e-02
6.078225e-02
1.769645e-02
8.154229e-03
-7.990271e-03
-9.268710e-03
1.206600e-03
5.007628e-04
-2.071561e-02
-2.197855e-02
-1.756838e-02
6.674989e-03
2.779996e-02
-1.808095e-02
2.054012e-02
1.049075e-03
1.138675e-02
1.077834e-02
1.901985e-02
-1.381824e-02
-6.184160e-03
1.862372e-02
9.307678e-03
-1.850490e-03
8.493898e-03
-3.743775e-03
-1.314572e-02
2.034391e-02
-1.868973e-03
-1.594427e-02
-9.982089e-04
2.258463e-02
-3.270487e-03
-5.287463e-03
-1.742413e-03
8.342500e-03
-6.353673e-03
-1.821385e-03
1.240749e-03
1.404369e-02
1.220704e-02
1.821977e-02
3.864555e-02
5.244066e-02
2.850535e-02
3.313468e-02
3.640369e-02
2.282713e-02
5.057053e-03
2.247121e-02
2.631947e-02
8.600490e-03
5.777829e-03
-2.049546e-02
-1.413762e-02
-3.556066e-02
-3.721073e-02
6.761323e-03
-2.626300e-02
-2.242052e-03
1.312429e-02
1.196740e-02
1.444926e-02
1.739746e-02
2.139071e-02
3.038676e-02
1.732990e-02
3.024799e-02
4.503367e-02
-1.040792e-03
-1.446733e-02
5.192135e-03
-9.368098e-03
2.749813e-03
1.542823e-03
-1.845815e-02
-4.464183e-03
7.961425e-03
-3.235715e-02
-2.685751e-02
-2.335433e-03
-1.360512e-02
-1.442832e-02
3.379311e-03
-1.037321e-03
-4.750206e-03
2.212673e-02
-2.268440e-02
-2.143718e-02
-1.511547e-02
-2.607569e-02
-4.866209e-03
-2.424855e-03
-5.407762e-03
-3.644596e-03
-4.512215e-04
1.228538e-02
1.159378e-02
-2.274926e-02
2.324586e-02
9.699366e-04
-1.077717e-02
-5.198498e-03
-4.798142e-03
-2.869554e-02
-5.613050e-03
-5.872396e-03
-2.678506e-05
-4.872665e-03
1.109659e-02
3.356431e-03
2.014516e-02
1.807206e-02
1.057713e-02
-1.147460e-02
-1.039449e-02
-8.025258e-04
-3.466373e-02
-2.433761e-02
-5.141593e-03
-1.034496e-02
-3.145937e-03
2.321453e-02
-7.968410e-05
1.042675e-02
3.474558e-02
-7.401693e-03
3.639964e-02
3.402784e-02
-4.094359e-03
8.530898e-03
1.597622e-02
-1.665341e-02
-1.198830e-02
-9.233181e-03
-6.591287e-03
-1.722130e-02
-1.250374e-03
1.521548e-02
1.164366e-02
1.672726e-02
1.791282e-02
1.682712e-02
1.288590e-02
1.598132e-02
4.202001e-03
8.424895e-03
1.306431e-02
1.792348e-02
2.234970e-02
-1.388968e-02
-1.688968e-03
3.175646e-03
9.381075e-03
-7.024610e-03
3.564609e-03
-5.898102e-03
-5.845712e-03
-1.073436e-02
-1.395964e-02
-2.284246e-03
-1.082603e-03
8.036550e-03
2.140481e-02
1.197040e-02
1.849452e-02
2.466947e-02
1.164299e-02
-4.452810e-03
-7.049201e-03
-6.478725e-03
1.300998e-02
2.417156e-02
7.644319e-03
1.046998e-02
1.535156e-02
8.496271e-03
-2.831408e-02
4.414613e-04
1.212886e-02
-2.069420e-02
9.037919e-03
2.113494e-02
-8.339119e-03
1.701712e-02
2.364697e-02
7.550440e-03
1.825223e-02
-3.605486e-03
1.740220e-02
1.778139e-02
-9.752158e-03
5.940795e-03
4.521831e-04
4.462942e-03
3.699979e-03
-9.302970e-03
-1.028632e-02
1.241470e-03
-4.145334e-03
-9.877929e-03
-7.086438e-03
-1.384396e-02
1.976138e-03
2.014229e-03
-3.731519e-03
5.637527e-03
-4.501270e-03
-1.168191e-02
-4.104438e-03
-2.191247e-02
-3.219432e-02
-2.179981e-02
-1.527409e-02
-1.184826e-03
9.500586e-03
-7.251798e-03
9.366172e-03
-7.687150e-03
6.543852e-03
4.525942e-03
-1.595026e-02
1.746526e-02
2.269285e-02
1.657586e-02
4.643900e-03
5.209224e-03
9.340351e-03
-1.223919e-02
-2.398725e-03
3.636772e-03
-9.722797e-03
8.971410e-03
-4.769168e-03
-7.670443e-03
-2.996375e-03
-1.385124e-02
-1.279159e-02
-1.232125e-02
-2.031503e-02
1.631115e-02
1.277632e-02
1.511757e-03
1.601077e-02
5.769166e-03
2.886934e-03
-3.229047e-03
-6.610535e-03
3.209970e-05
1.238463e-02
2.052867e-02
4.083589e-03
1.738204e-02
1.643102e-02
4.680893e-03
1.287667e-02
2.536980e-03
-2.992557e-03
2.456720e-03
9.142921e-03
-1.423933e-02
5.979883e-03
1.612729e-02
-1.458803e-02
1.411603e-02
2.552796e-02
-8.670954e-03
-1.210221e-02
-1.842806e-02
-9.322781e-03
-9.937136e-03
-2.564023e-02
-1.244292e-02
-1.863559e-02
-1.197982e-02
3.806986e-03
-1.849286e-02
-1.160721e-03
1.690986e-02
-4.281806e-02
-8.996381e-03
5.652399e-04
-3.099845e-02
-3.118735e-03
-4.194844e-04
6.793021e-03
4.246638e-03
6.865051e-03
2.380593e-02
2.471981e-02
1.125072e-02
5.649484e-03
9.721952e-03
3.420296e-03
-9.106359e-03
-1.164981e-03
-1.071754e-02
-4.224662e-03
3.648867e-02
1.527213e-02
1.125675e-02
2.522106e-02
1.987580e-02
-1.935630e-02
-2.661426e-03
2.311306e-02
-5.985651e-02
-1.520521e-02
7.238813e-03
-5.612914e-03
-1.041168e-03
-1.435373e-03
-6.780281e-03
-3.923041e-02
7.193688e-03
4.628307e-02
-1.807351e-02
5.716346e-03
1.353136e-02
1.733475e-02
8.910924e-03
2.367027e-03
-1.526362e-02
-6.858712e-03
2.858950e-03
1.034174e-02
2.466351e-02
-5.812244e-03
2.235189e-02
1.457093e-02
9.078391e-03
-1.599390e-04
-2.113198e-02
1.246038e-03
1.513062e-02
2.723268e-03
-1.127166e-02
1.638125e-02
-9.505598e-04
2.264576e-02
3.268337e-03
-6.659219e-03
1.582014e-02
1.218346e-02
3.351842e-03
-2.798922e-02
-4.782483e-02
1.691628e-02
-1.358008e-02
-4.861909e-03
3.391964e-03
-1.721855e-02
-6.660514e-03
7.847472e-03
-1.640989e-02
-1.000262e-02
1.039428e-02
-1.042964e-02
4.208134e-03
-4.672239e-04
8.070811e-04
-2.577465e-02
-1.059770e-02
2.716791e-03
-8.143307e-03
-1.425229e-02
-1.998513e-02
2.149025e-02
-1.642105e-02
3.468410e-03
2.406795e-02
-2.097153e-03
-9.029375e-03
2.490537e-03
-1.973060e-02
2.150113e-03
-1.356675e-03
1.226429e-02
-3.188369e-04
5.361991e-03
1.344668e-03
-1.698028e-02
6.745262e-03
1.739558e-02
-7.531458e-03
-1.017325e-02
-4.151341e-03
-2.993005e-02
-1.482673e-02
1.703114e-02
-1.058060e-02
-8.272071e-03
1.466948e-02
1.013211e-02
-1.465160e-02
-1.061331e-02
1.105072e-02
-5.136464e-03
3.274764e-02
2.083574e-02
1.017410e-02
3.915716e-04
-2.875617e-03
-9.757117e-03
-1.026580e-02
-5.295096e-02
2.612531e-02
1.053078e-02
-1.621514e-02
6.095984e-03
-2.257411e-03
1.445529e-02
8.922798e-03
1.705196e-02
-1.231122e-02
1.895271e-02
1.250405e-02
-2.557650e-03
-3.997188e-03
-5.806725e-03
-2.625022e-02
-2.460938e-02
1.351868e-02
-3.454601e-02
-1.742877e-02
-9.555685e-03
1.740709e-02
-4.412680e-03
-1.237805e-02
6.544457e-03
-7.980766e-03
3.602931e-03
-1.159971e-02
-1.289278e-02
-3.443363e-03
-2.190310e-02
-2.569488e-02
-1.130620e-02
-1.432583e-03
-1.171986e-02
1.548685e-02
5.615591e-02
-1.125066e-02
6.155976e-03
1.576221e-02
-1.201204e-02
1.073276e-02
7.376929e-03
3.001100e-03
-1.393491e-02
-2.897584e-03
6.820563e-03
-2.856336e-03
2.877139e-03
1.833271e-02
8.069724e-03
-1.515698e-02
-1.766532e-02
-3.159845e-03
6.179071e-03
-7.022296e-03
6.349689e-03
-1.520716e-03
1.114200e-02
1.883953e-02
-5.642916e-03
-2.554944e-03
3.055168e-03
-8.330845e-03
-4.600830e-03
7.544025e-04
-1.217731e-02
6.087769e-03
1.414327e-02
1.480421e-03
-1.908450e-03
1.956106e-03
6.612262e-03
6.930882e-03
2.094873e-02
6.304621e-03
4.214667e-03
2.800635e-03
1.093550e-02
1.123744e-02
2.130972e-03
-3.518654e-03
-7.602305e-03
1.307892e-03
-1.762421e-04
-7.865977e-03
-3.505333e-03
-3.481921e-02
-1.846242e-02
2.560956e-03
-7.335603e-03
1.551736e-02
3.771945e-02
-4.353141e-03
1.782484e-02
4.453408e-02
-4.133550e-03
8.761350e-04
8.872018e-03
9.883616e-03
4.782920e-03
1.972145e-02
2.061808e-02
4.993118e-03
1.125501e-02
-9.035628e-03
8.558808e-03
1.596582e-02
-6.025875e-03
9.008015e-03
8.178071e-03
3.177393e-03
1.127878e-02
1.832990e-02
-5.973362e-03
-1.851840e-02
-5.657557e-03
1.260412e-03
-1.678088e-02
-8.792327e-03
7.817863e-03
-4.018807e-03
1.090936e-03
2.546515e-02
2.103537e-02
2.396354e-02
1.415562e-02
9.370044e-03
-1.451359e-03
1.231505e-02
-1.635983e-03
-1.985878e-02
-4.596635e-03
1.018007e-02
1.831643e-02
-1.280325e-02
-1.947933e-03
1.289594e-02
-1.756554e-02
-5.928645e-03
8.649736e-03
-1.332036e-02
-6.037203e-03
-7.933585e-03
-2.067479e-02
-3.558649e-05
-1.749133e-02
-3.606632e-03
1.177599e-02
-6.734867e-04
1.304963e-03
-8.744918e-03
-3.086403e-02
-6.061285e-04
-1.192393e-02
-1.474816e-02
1.092512e-02
8.736495e-03
1.666667e-03
1.798479e-03
2.832321e-05
-1.418802e-02
9.522259e-03
9.264945e-03
2.804935e-03
9.195036e-04
-4.796189e-03
6.042440e-04
3.478070e-04
-2.620696e-03
1.608056e-03
-5.345737e-03
-1.171395e-03
-7.299717e-04
2.472796e-03
9.860619e-03
1.512440e-02
-8.631246e-03
-4.318202e-03
-8.063275e-03
1.090102e-02
1.788266e-02
1.073223e-04
1.412422e-02
6.180962e-03
-9.242963e-03
1.211958e-03
1.228276e-02
3.177610e-03
8.640260e-03
1.835758e-02
8.349841e-03
1.765088e-03
1.178168e-02
1.135368e-03
3.861299e-03
8.689135e-04
1.538789e-03
3.257137e-03
5.250330e-03
7.915895e-03
-1.004192e-02
-1.031142e-03
-2.756299e-03
-1.289585e-02
-9.707402e-03
-3.839360e-03
-1.722247e-02
-1.254764e-02
-1.088504e-02
-8.188112e-03
-9.854776e-03
-1.215414e-03
-1.946899e-03
1.282850e-02
3.680689e-03
3.012771e-03
1.208323e-02
9.296785e-03
4.111318e-03
4.478084e-03
5.859180e-03
2.931400e-03
-1.461164e-03
-8.428264e-03
1.248255e-02
8.399339e-03
1.203850e-02
5.205287e-03
1.646969e-02
6.226750e-03
1.954160e-03
-8.835487e-03
4.441363e-03
-1.641751e-03
-9.813596e-03
3.922283e-03
9.452349e-03
4.253215e-03
1.774796e-02
-9.235624e-03
1.529783e-03
4.434124e-03
3.083105e-04
3.351186e-03
1.631671e-02
9.943854e-03
8.581844e-03
5.906695e-03
-6.160696e-03
-4.302309e-03
-5.382118e-03
-6.919100e-03
-1.172992e-02
-2.088438e-03
-6.436783e-03
-6.740778e-03
-1.409630e-04
4.737284e-04
9.754326e-03
4.205587e-03
-9.953832e-04
4.613230e-04
2.956987e-03
1.150726e-02
-2.241914e-04
6.521749e-03
-9.104928e-04
8.579890e-03
-8.788867e-03
6.757293e-03
8.433487e-03
-4.445240e-03
9.511489e-03
1.473669e-02
8.968717e-03
-6.805962e-03
-3.368119e-03
-5.286468e-03
-6.008952e-03
-1.215907e-03
-4.485863e-03
1.917943e-03
1.602956e-03
-4.832631e-03
9.984908e-04
3.639076e-04
-6.752308e-03
-1.464900e-03
-5.440751e-03
-3.975795e-03
7.870636e-04
4.045763e-03
-2.378371e-04
3.293541e-03
2.912067e-03
-5.019106e-03
-6.179882e-03
-4.248474e-03
-1.086693e-03
-7.781924e-04
-1.039895e-02
2.279911e-03
3.668128e-04
8.417847e-03
6.821562e-03
8.516903e-03
1.668539e-02
1.178475e-02
6.116901e-03
6.664558e-04
2.831966e-03
-4.572773e-03
2.647476e-03
6.092113e-03
-8.606031e-03
-1.320283e-02
-7.308543e-03
4.806322e-03
3.291319e-03
5.386900e-03
8.020332e-04
-3.792475e-04
-4.170837e-03
-4.682641e-03
-2.618638e-06
-4.534379e-03
-1.209351e-02
-3.605575e-03
-2.532395e-03
4.000309e-03
-1.441965e-03
-1.738472e-03
-2.301086e-03
-2.141850e-02
-2.503251e-02
9.854222e-03
-1.764536e-02
-1.971835e-02
3.297352e-03
1.387517e-02
2.845760e-03
-2.421727e-03
1.088740e-02
1.221258e-02
3.559755e-03
1.386359e-02
6.965034e-03
1.868793e-02
1.546020e-02
2.019120e-02
7.283470e-04
-5.173740e-03
7.823203e-03
-3.262687e-04
-1.097792e-02
1.460991e-03
3.095291e-04
1.478410e-02
4.835612e-03
1.380298e-02
2.273005e-02
3.399896e-04
1.688435e-02
1.369725e-02
-1.503615e-02
9.080619e-03
-1.294504e-02
3.344845e-03
1.125080e-02
9.724077e-04
7.343195e-03
2.636885e-03
1.957298e-03
2.938283e-03
-2.991017e-03
-2.520131e-02
-1.462902e-03
-1.040691e-02
-3.605757e-02
-7.929183e-03
1.664969e-02
-4.478899e-03
2.037146e-02
4.641653e-03
-3.862540e-03
-1.485474e-02
1.499291e-02
3.935934e-03
-8.046903e-04
1.520840e-03
2.845876e-03
4.465801e-03
1.668500e-02
-1.760968e-03
-1.557070e-02
1.012637e-02
-5.625817e-03
-1.044856e-02
1.244393e-02
1.134849e-02
-7.472908e-03
5.099821e-03
-8.572638e-03
-1.030005e-02
-8.467503e-03
-2.276780e-02
-1.354740e-02
-1.474803e-02
-1.574970e-02
-2.126516e-03
-1.270618e-02
-1.564138e-02
-6.845766e-03
-3.528354e-04
9.065675e-03
1.940444e-02
6.247777e-03
2.346134e-02
2.414357e-02
8.610306e-03
3.679879e-03
5.455646e-03
1.554128e-02
7.456357e-03
2.100410e-02
-5.571821e-03
-6.725470e-03
-1.090720e-02
3.599337e-03
-6.352481e-03
6.011563e-03
-7.720082e-03
-1.127441e-02
7.829888e-03
-6.784749e-03
-1.195291e-02
6.492250e-03
4.770901e-03
-1.452069e-02
-2.336760e-02
1.758732e-03
-1.834867e-02
-2.976821e-02
5.853712e-03
-4.580778e-03
-8.712348e-03
4.850623e-03
-1.513125e-02
-6.350280e-03
1.160990e-02
-3.631137e-03
1.384310e-04
2.299826e-02
4.597206e-03
2.384712e-03
-4.007474e-03
1.262014e-04
1.176863e-02
1.178381e-03
1.238328e-02
1.792074e-02
-2.692334e-03
-2.915615e-03
8.409922e-03
2.235655e-03
9.477516e-03
1.317684e-02
-8.792017e-03
7.905701e-03
1.511359e-02
-2.059760e-02
-5.065957e-04
2.671703e-02
7.492595e-04
4.585068e-02
-1.163027e-02
1.165942e-02
5.132482e-03
4.557279e-02
-3.474823e-02
-4.135039e-02
-2.444267e-04
-1.646086e-02
-4.508939e-04
2.737393e-02
3.369176e-02
1.962986e-03
-1.154913e-02
3.352342e-02
3.901153e-02
1.742116e-02
1.227510e-02
2.419424e-03
-2.588344e-02
2.933908e-02
6.013498e-03
-3.717371e-02
3.780462e-03
-1.043467e-02
8.499092e-03
-9.451812e-03
-8.749749e-03
-1.050632e-02
-3.486407e-02
-6.072885e-02
-1.318767e-02
-3.600469e-02
-2.690334e-02
3.382565e-03
-7.468193e-03
-1.519117e-02
-2.466031e-03
-5.037205e-02
4.676600e-02
-4.095690e-03
1.776716e-02
8.384771e-02
6.219045e-03
-1.382690e-02
-1.879615e-02
-6.902971e-03
3.325358e-02
2.057574e-02
2.076817e-02
-2.370826e-02
-7.130653e-03
-3.026354e-02
-1.794968e-02
-2.576933e-02
3.300987e-03
-2.062684e-02
-1.794906e-02
-7.190463e-04
-5.308538e-04
1.100918e-03
-3.307964e-02
-2.467384e-02
-2.847997e-02
-6.838975e-03
2.402549e-02
2.562550e-02
2.138966e-02
2.746590e-02
5.278796e-02
9.661297e-03
-7.359732e-03
-1.577125e-02
-2.529475e-03
6.255157e-03
1.054356e-02
-1.130491e-03
4.983409e-02
2.347667e-02
-7.601405e-03
1.320375e-02
1.780684e-02
1.393711e-02
-9.394898e-03
-5.657899e-04
2.772436e-02
-1.914409e-02
-1.300088e-02
9.131139e-03
-6.299314e-02
-6.097817e-03
-3.364062e-03
2.776361e-02
2.743032e-02
-3.766400e-03
7.068457e-02
3.817450e-02
1.373851e-02
-1.250544e-02
-2.284983e-02
3.202071e-02
-1.850609e-02
7.010739e-03
-2.018320e-02
-2.375683e-02
-9.756919e-03
6.802449e-03
-3.455078e-03
3.258583e-02
3.166846e-02
2.295055e-02
1.205067e-02
3.540255e-02
2.558240e-02
4.372662e-03
2.622249e-02
2.243300e-02
2.008724e-02
1.374239e-03
1.452461e-02
-1.034712e-02
1.960114e-02
-5.917619e-03
-8.610913e-02
-9.096952e-03
-5.257156e-02
-4.971774e-02
1.966237e-02
-3.050654e-02
-5.231324e-02
-3.485437e-03
-1.385385e-02
5.112602e-03
-2.596704e-02
-2.260642e-02
-2.248815e-03
-1.417841e-02
-8.808701e-04
2.158246e-03
4.221667e-02
-1.521604e-02
4.790755e-02
9.928260e-03
1.802501e-02
4.145166e-03
9.447345e-03
-3.928235e-03
-3.115997e-02
-1.473499e-02
2.891231e-03
-1.568460e-02
-3.271976e-03
1.707542e-02
-1.163086e-02
-2.124476e-02
1.367433e-02
-1.406689e-02
-1.408523e-02
2.387674e-02
1.181639e-03
1.267123e-02
2.929104e-02
-7.463260e-04
-7.249299e-03
1.150359e-02
-5.243360e-03
1.144476e-02
-4.119963e-03
-6.944339e-03
-1.851853e-03
-1.403163e-02
-1.893785e-02
-4.048179e-03
-6.268987e-03
-2.700211e-03
-4.778804e-03
1.468735e-02
1.826264e-02
-9.129075e-03
1.373026e-03
1.269351e-02
1.892681e-02
1.108277e-02
9.115771e-03
-1.960098e-03
8.897216e-03
7.530934e-03
-1.054982e-02
-3.314028e-03
-1.932279e-04
8.154183e-03
-1.757608e-02
-1.693129e-02
-5.504709e-03
6.291158e-03
8.671867e-03
1.307505e-02
1.069189e-02
1.527161e-03
4.179714e-03
-6.086143e-03
-2.331087e-03
3.330932e-03
2.299107e-02
2.313154e-02
1.422437e-02
2.539285e-03
-2.046722e-02
3.453495e-03
1.253903e-02
-1.128935e-02
2.345378e-03
1.232604e-02
-1.415972e-02
-3.453513e-03
9.728514e-03
1.730413e-02
-5.058881e-03
3.637554e-02
3.583734e-02
3.389346e-03
7.203305e-04
3.729764e-02
-6.146771e-03
-1.495870e-02
7.825558e-03
2.748303e-02
5.335068e-03
2.189138e-02
2.896084e-02
1.750873e-02
1.696528e-02
1.251362e-02
1.692863e-02
6.715365e-03
-1.421529e-03
3.114878e-02
2.716823e-02
1.315960e-03
-7.824853e-03
6.019759e-03
-7.844307e-03
1.894777e-03
-9.482351e-03
4.129583e-03
2.767961e-03
-2.127697e-02
2.101395e-02
-2.045897e-03
-1.372797e-02
1.994005e-02
-7.866635e-03
-2.981703e-03
-6.566700e-03
1.924968e-03
-1.006212e-03
-1.510633e-02
-1.193778e-02
-7.073438e-03
-1.473550e-02
1.770579e-02
2.016107e-02
1.827130e-02
6.104796e-03
-1.413785e-02
7.978152e-03
1.784186e-02
1.283678e-02
6.561701e-03
5.089143e-03
-1.576458e-03
-1.813589e-02
2.851663e-02
2.693327e-02
2.291154e-03
2.463411e-02
1.305483e-02
1.063865e-02
4.690079e-03
-5.228404e-03
1.625707e-02
-2.277098e-03
-1.260799e-02
-1.435362e-03
1.256412e-04
-2.083808e-02
-4.779944e-03
