1.444489e-01
1.093964e-01
1.186198e-01
1.146885e-01
1.112737e-01
1.159860e-01
1.098180e-01
1.247842e-01
1.469125e-01
1.404629e-01
1.263353e-01
1.192474e-01
1.228031e-01
1.157239e-01
1.140183e-01
1.285363e-01
1.301925e-01
1.299647e-01
1.293932e-01
1.180236e-01
8.847611e-02
1.111874e-01
1.070138e-01
1.068135e-01
1.199297e-01
9.900343e-02
1.177182e-01
1.132307e-01
1.181616e-01
1.509018e-01
1.197683e-01
1.186525e-01
1.356391e-01
1.240671e-01
1.255601e-01
1.259410e-01
1.386036e-01
1.200102e-01
1.229266e-01
1.083242e-01
1.175706e-01
1.207788e-01
1.133908e-01
1.267298e-01
1.228095e-01
9.292002e-02
1.301819e-01
1.097798e-01
1.159617e-01
1.294145e-01
1.164637e-01
1.218837e-01
1.207335e-01
1.073392e-01
1.346707e-01
1.257035e-01
1.259111e-01
1.141236e-01
1.169387e-01
1.266651e-01
1.164746e-01
1.238217e-01
1.433417e-01
1.239336e-01
