6.113702e-03
-4.148924e-02
-9.335067e-03
1.719857e-02
1.416671e-04
1.524704e-05
-1.293191e-02
-7.483228e-03
-3.237093e-03
-1.094550e-02
-9.402541e-03
5.220445e-05
-6.621125e-03
-8.828755e-03
2.297758e-03
1.106835e-02
5.203495e-03
-1.006238e-02
2.824076e-03
5.854142e-03
9.996319e-04
-9.229705e-05
2.476797e-03
-2.481081e-03
-7.252009e-03
5.533023e-03
2.078801e-03
-1.100890e-02
2.139453e-04
2.157313e-02
-3.418187e-02
-1.982890e-02
1.728848e-02
8.487908e-03
-1.833785e-02
5.495762e-03
9.317512e-03
1.473860e-04
-8.199993e-03
1.806674e-02
1.123852e-02
-6.095451e-03
2.180248e-02
7.554209e-03
-1.479972e-02
-5.677797e-03
-4.164971e-03
2.218477e-02
2.599302e-03
-1.488039e-02
-1.412853e-02
2.075466e-02
6.017238e-03
-1.935281e-02
1.040618e-02
1.182281e-02
1.173563e-02
-1.006685e-02
2.809029e-02
-1.261246e-02
-2.013300e-02
-2.777381e-02
4.432339e-03
1.678761e-02
1.514910e-03
-4.958228e-02
2.129907e-02
3.716430e-02
-1.114762e-02
-4.693441e-02
3.018621e-02
-6.835371e-03
-7.505680e-03
5.937167e-03
-6.616305e-03
3.628872e-02
2.317952e-03
-2.569313e-02
1.618960e-02
1.566601e-02
-1.214040e-02
-8.297476e-03
-4.573835e-03
-2.571650e-03
-1.747344e-02
4.688198e-03
3.262504e-04
-5.001668e-03
4.725398e-03
-4.433887e-03
7.826095e-03
-1.208632e-02
2.380217e-02
-8.325798e-03
-3.061313e-02
1.867702e-02
1.434701e-02
-1.514711e-02
-7.943614e-03
-2.279934e-02
-8.557766e-03
-2.654090e-03
-1.060941e-02
-8.808482e-03
-2.284029e-02
1.950951e-02
2.225000e-02
6.188937e-03
-1.918235e-02
5.208805e-03
1.745010e-04
-4.628999e-03
9.888346e-03
2.108728e-02
-2.436139e-04
3.346679e-04
1.088362e-02
9.272846e-03
1.206724e-02
2.820345e-02
-1.888271e-04
-1.079064e-02
7.217082e-03
1.386819e-03
-3.137993e-02
-1.152461e-02
-1.123833e-02
-2.783507e-03
5.322774e-02
-4.714998e-03
-7.424077e-02
1.570062e-02
4.586674e-02
4.570964e-02
-2.108204e-02
1.473847e-02
-1.207308e-03
-1.171516e-02
-1.497586e-02
-1.923127e-03
7.828674e-03
-4.060001e-04
6.068179e-03
1.358926e-02
-2.331896e-02
-7.845067e-03
2.472981e-03
-7.617055e-04
-2.201140e-02
1.048962e-02
3.453188e-03
-1.695351e-02
8.346180e-03
1.588796e-03
-3.718186e-03
-4.776067e-03
-1.259447e-02
-1.421593e-02
-1.692947e-02
-1.099246e-02
-1.496145e-02
-6.512485e-03
-1.511507e-02
-5.129778e-02
-1.161487e-02
-2.732879e-02
-7.706285e-03
3.362092e-02
-1.307224e-02
1.504678e-02
2.766854e-02
5.440600e-02
5.514638e-02
-1.737580e-02
6.089605e-02
-3.315436e-02
-7.687214e-02
-1.236762e-02
-4.226708e-02
1.183665e-03
6.546677e-04
-6.309865e-03
5.088174e-03
4.627466e-03
-7.117377e-03
-1.001070e-02
-4.703287e-03
-2.687427e-03
-4.250826e-03
-1.238028e-02
-4.766196e-02
-2.232155e-02
-2.669319e-02
-2.039350e-02
2.512681e-02
1.388033e-02
2.138600e-02
3.448977e-02
9.444509e-03
-6.699590e-03
-1.624458e-02
3.959320e-03
2.346961e-03
8.441009e-03
1.533702e-02
-1.457078e-02
5.653526e-03
8.569500e-03
4.665502e-03
-1.500509e-02
-6.034953e-03
-1.948925e-03
1.658026e-02
-1.178483e-03
5.627257e-03
2.036960e-02
-2.789038e-02
-7.946029e-03
-1.339776e-02
-9.590857e-03
-2.149228e-02
-1.827361e-02
-1.183077e-02
-2.413078e-02
-3.014054e-02
-1.884196e-02
-1.225425e-02
1.382073e-04
-2.152003e-02
-9.388129e-03
5.565667e-03
-9.546158e-03
8.117049e-04
3.381049e-03
2.123067e-02
6.380680e-02
1.435625e-02
4.986157e-02
-3.042736e-02
-7.381424e-02
-8.081064e-03
-6.330007e-02
-1.378672e-02
-9.838503e-03
1.304679e-02
2.700014e-02
-7.618952e-03
8.432125e-03
6.078477e-03
-5.531290e-04
-2.445007e-03
-2.496125e-02
1.770735e-02
1.202127e-02
-3.841483e-03
1.282565e-02
-1.041198e-02
-3.143073e-02
-2.462635e-02
-2.839049e-02
-2.046657e-02
-1.291659e-02
3.929180e-02
1.145007e-02
3.272345e-02
9.254528e-03
-4.177881e-02
-6.772457e-03
-5.031229e-02
-4.412851e-02
-6.594993e-04
-7.147378e-03
-1.659228e-02
-2.955297e-02
-1.070225e-02
1.038436e-02
9.697760e-03
1.067189e-02
1.682287e-02
9.837818e-04
-2.922656e-02
-3.215556e-02
-3.167955e-03
-1.924928e-02
-7.185832e-03
2.235766e-02
-5.288464e-03
-5.245309e-03
3.354840e-02
7.644253e-02
1.907710e-02
-3.340757e-02
-2.974123e-02
1.160463e-02
-4.829856e-02
-3.448122e-02
6.814372e-03
1.592451e-02
3.556258e-03
3.708910e-03
-9.597756e-03
-2.449586e-02
-1.187164e-03
-7.033643e-05
1.735991e-03
2.928121e-02
-1.214956e-02
-1.846679e-02
4.469449e-03
-9.151957e-03
-8.988927e-03
4.904395e-03
2.497302e-02
2.189170e-02
1.939640e-02
1.053251e-02
1.203928e-02
2.106889e-02
4.246691e-04
-2.130844e-02
-9.464549e-03
8.464977e-03
-1.180004e-03
-1.262257e-02
6.436143e-03
3.057770e-02
8.756016e-03
-5.794720e-03
-2.437037e-02
-1.427135e-02
-1.724327e-02
5.454186e-03
2.218475e-03
9.624307e-03
5.715378e-03
-7.801425e-03
-7.096948e-03
-6.731605e-03
-1.876814e-02
-1.483195e-02
-4.084202e-03
-1.438411e-03
-2.510326e-03
-2.540963e-02
-1.176406e-02
2.356298e-03
5.286440e-02
1.099543e-02
1.782371e-03
-4.185610e-02
3.527369e-03
-1.651067e-02
-5.376187e-02
-1.952217e-02
2.854039e-02
4.841067e-02
-1.433237e-02
4.690141e-03
3.940036e-03
1.153235e-02
-2.243049e-02
-4.952334e-02
-5.079315e-02
-5.358052e-02
-2.606004e-02
-2.788131e-02
-3.145396e-03
3.865962e-02
-1.727791e-02
-2.524556e-03
9.298949e-03
9.821007e-03
-2.279682e-02
1.403797e-02
1.034885e-02
-2.010988e-02
-8.590668e-03
9.198430e-03
1.263945e-02
-8.898481e-03
-1.865792e-02
-1.572180e-02
-9.547862e-03
1.610207e-02
1.473895e-02
2.600291e-02
9.345894e-03
-2.305716e-02
-2.914165e-02
-1.380038e-02
-4.564392e-03
-1.404365e-02
-9.920713e-04
4.258381e-02
2.962247e-02
1.840480e-02
-2.730175e-02
-2.442547e-02
-1.699260e-02
-8.062568e-03
-4.212345e-03
-6.227760e-03
2.363914e-02
1.469107e-02
3.670726e-03
5.794347e-03
2.133878e-02
1.310417e-03
1.091918e-03
3.125374e-03
-4.140864e-03
-2.598234e-02
-2.908856e-02
-6.955191e-03
1.699482e-03
2.416268e-02
-1.061844e-02
-3.192550e-03
-1.152411e-01
2.361328e-03
3.215970e-02
5.831810e-02
1.942230e-02
2.544174e-02
-2.622867e-03
-3.270810e-04
-1.846998e-03
1.881822e-02
9.519209e-03
-2.986160e-03
-3.701691e-02
-9.439386e-03
3.111876e-03
-5.855402e-03
1.959610e-03
3.068282e-03
-3.466017e-04
-1.766355e-02
5.602072e-03
6.901549e-03
-1.949061e-02
9.611016e-04
-2.351554e-03
2.692447e-03
3.432853e-03
-7.009920e-03
-9.224936e-03
4.598529e-03
-2.142161e-03
-4.156603e-03
-8.204383e-03
9.631105e-03
2.663165e-02
-2.091622e-02
-2.021150e-02
2.245869e-02
-1.863416e-02
-4.118598e-02
-1.492596e-02
-1.494084e-02
-1.614523e-02
-2.682253e-02
2.554791e-02
6.753102e-03
-6.120712e-02
1.471534e-02
2.698926e-02
-4.003523e-02
1.168650e-02
3.918089e-03
-1.944037e-02
4.459785e-02
1.323205e-02
3.720628e-04
2.025892e-02
2.082449e-02
4.875096e-03
-2.272650e-03
1.194780e-02
9.987208e-03
-9.180917e-03
1.218284e-02
2.046192e-02
-1.904459e-02
-1.950646e-02
-1.163722e-02
-9.186210e-03
6.112002e-03
2.410959e-02
-1.472398e-02
-3.859694e-04
2.385209e-02
-6.426563e-03
-3.470476e-02
-6.545682e-03
7.050971e-03
1.106467e-03
-1.397449e-02
4.615445e-03
-1.304552e-03
-1.023057e-02
-1.115841e-02
1.169328e-02
7.208471e-03
-1.234684e-02
-4.842496e-03
-1.005840e-02
1.707384e-02
3.891849e-04
-5.165823e-03
1.394151e-02
1.367302e-02
1.409735e-02
-9.346525e-03
-2.889202e-03
-1.989570e-03
-8.165772e-03
1.184122e-03
5.225998e-03
-1.351123e-02
-1.213159e-02
-1.618762e-03
2.694755e-02
4.070920e-02
-2.500371e-02
4.581357e-03
3.659692e-02
-4.254987e-02
-3.049956e-02
4.947662e-02
-1.189790e-02
6.012542e-03
-7.055844e-03
-2.434182e-02
7.288586e-03
3.003385e-03
-2.101068e-02
1.534496e-03
1.104481e-02
-1.437925e-02
-1.951873e-02
-6.727487e-03
1.086021e-02
-1.057106e-02
-1.856039e-02
1.812573e-03
4.000164e-03
-5.135118e-03
8.699976e-03
-2.084925e-03
-2.422341e-02
-9.282091e-03
1.757330e-03
-4.865693e-03
-4.291229e-03
-1.084901e-02
-5.694183e-03
3.712875e-04
1.389661e-03
4.730936e-03
-1.432050e-02
-1.333153e-02
-4.085318e-03
-1.737079e-02
-2.208966e-02
5.789880e-03
-1.737072e-02
6.781593e-03
-1.565006e-03
-9.922765e-03
-1.390645e-02
-1.928294e-02
1.163790e-02
4.332102e-03
-2.934791e-02
-8.023381e-05
-3.495325e-02
-6.231675e-02
-4.494977e-02
-6.528704e-02
-1.086466e-01
-7.411565e-02
-1.449746e-02
-6.871497e-02
-4.852419e-02
2.379057e-03
-3.264538e-03
1.389328e-02
-3.822279e-02
-4.187136e-02
-8.954336e-03
8.258902e-03
6.563261e-03
4.020986e-02
-4.921210e-03
-2.644038e-02
-1.479128e-02
1.525665e-03
1.173550e-02
-2.812173e-03
6.818139e-03
2.907423e-02
2.905548e-03
5.557769e-03
1.797410e-02
-9.104309e-03
-1.798457e-02
-9.080308e-03
-1.323771e-02
1.033184e-02
3.494043e-03
1.516885e-02
2.350762e-02
-1.970005e-02
-2.273508e-02
1.139338e-02
-3.263476e-02
-1.183094e-02
-1.452154e-02
7.471472e-03
-3.022980e-03
1.737592e-02
6.432565e-03
1.006152e-03
1.260793e-02
9.360027e-03
6.766130e-03
-2.098080e-03
-1.330419e-02
-1.143197e-02
-3.636611e-02
4.994870e-03
-4.903597e-03
-3.352032e-05
-5.414702e-03
2.162760e-02
2.073343e-02
-1.213254e-02
-2.606978e-03
-7.496391e-04
1.249663e-02
-1.088413e-02
-1.647797e-02
3.280775e-02
-1.669643e-02
-3.094294e-02
-2.026797e-02
-6.309716e-02
-4.317078e-02
-4.188503e-02
-3.155025e-02
-2.249558e-02
-2.668483e-02
-3.341999e-02
-1.804138e-02
9.672198e-03
-8.193949e-03
-4.592871e-03
2.018455e-02
1.861284e-02
-1.159390e-02
1.495366e-02
7.304901e-03
-2.131655e-02
-3.558811e-03
-2.186713e-02
1.015509e-02
2.480582e-02
4.133659e-02
2.288752e-03
2.466788e-02
2.596807e-02
-2.468574e-03
8.524786e-03
6.431690e-05
-3.806498e-02
-5.552968e-02
-4.241137e-02
6.400261e-03
-2.725433e-03
-6.647810e-03
5.338849e-02
5.800463e-02
3.532518e-02
-2.210254e-03
1.454498e-02
1.049484e-02
-1.719170e-02
-5.944727e-03
-2.467254e-03
1.175563e-03
7.458615e-03
1.589946e-02
1.501513e-02
3.083798e-02
3.863031e-03
-1.590058e-02
-8.904581e-03
-9.920761e-03
-2.283066e-02
-3.298518e-02
-2.604620e-02
2.787911e-02
3.238118e-03
5.826668e-04
-1.258656e-02
-6.647023e-04
-2.222285e-03
9.008781e-03
3.876669e-02
2.049837e-02
8.565365e-03
2.672889e-02
2.076704e-03
-2.893599e-02
-2.795907e-02
-2.027271e-02
-3.581115e-02
-3.910670e-02
-2.529196e-02
3.409277e-02
-3.293527e-03
1.310276e-03
1.778379e-02
-1.096323e-03
-1.235337e-02
-1.140481e-04
-9.142340e-03
-8.550246e-03
4.819347e-03
8.964985e-03
6.263539e-03
-8.977181e-03
7.636020e-03
-1.611229e-03
-6.267041e-03
4.353144e-03
-1.173345e-02
-3.166527e-02
-1.914061e-02
4.127641e-02
-2.178030e-02
-1.768128e-02
3.696495e-02
-2.732644e-02
-1.695068e-02
3.253559e-02
2.615455e-02
-1.263954e-02
-4.892666e-02
2.356978e-02
-3.888784e-03
-1.992528e-02
1.821201e-02
-1.389794e-02
-1.595025e-02
1.879633e-03
-2.629765e-02
1.774520e-02
-5.204218e-03
3.353141e-03
2.165451e-02
1.191823e-02
3.422218e-03
-2.158800e-02
-1.783239e-02
-6.356463e-03
1.758942e-02
-2.511512e-02
-8.744485e-03
1.209672e-02
-1.180289e-02
-8.682570e-05
8.896329e-03
1.114202e-02
-1.056762e-02
-2.954106e-02
1.373842e-02
-3.742082e-02
-4.294991e-03
7.221282e-03
-2.895830e-02
1.329269e-03
2.173934e-04
-1.098110e-02
1.923958e-02
1.048635e-03
-6.222158e-03
5.612924e-03
1.637409e-02
-1.125628e-02
-1.122712e-02
-9.304849e-04
-1.394198e-02
2.039364e-04
-7.402460e-03
-1.593049e-02
1.056766e-02
-1.663148e-02
-1.894848e-02
1.220232e-02
6.352983e-03
-7.014166e-03
1.898368e-02
7.730890e-03
-1.884317e-02
-6.451448e-04
1.807105e-02
-5.936885e-03
1.888063e-03
2.570602e-02
4.785102e-02
-6.321529e-02
2.443336e-02
2.971585e-02
-8.103385e-02
2.067840e-02
2.256342e-02
-4.038755e-02
1.007938e-02
-1.559796e-02
-4.379548e-03
6.121940e-03
-1.445760e-02
1.814642e-03
1.167349e-02
-7.467477e-03
2.059134e-02
4.774222e-03
-1.380820e-02
-6.327573e-03
1.681603e-04
-1.558716e-02
1.080467e-03
-7.009614e-03
-8.860873e-03
1.095702e-02
3.517698e-02
1.189696e-03
-4.837131e-02
2.925032e-02
4.771357e-03
-2.276223e-02
3.012176e-02
-1.161446e-04
-1.583206e-02
-1.022172e-02
-1.266589e-02
1.692294e-02
-1.705963e-02
1.900445e-02
2.129544e-02
-1.687160e-02
1.689065e-02
8.250480e-03
-1.543437e-02
-7.571582e-03
4.859049e-03
-4.279717e-03
-2.018756e-02
-3.088481e-03
-5.101944e-03
-1.790185e-02
-2.403796e-02
-8.669683e-03
-4.135818e-02
1.149562e-02
-1.790492e-02
-1.110675e-04
1.388724e-02
-5.165834e-03
3.455521e-03
1.385531e-02
-1.373234e-02
-9.968214e-03
-4.919859e-03
-2.880355e-02
6.471444e-03
1.082829e-02
-1.430318e-02
1.000820e-02
7.794894e-03
-8.728194e-03
3.277228e-03
2.227923e-02
-6.920804e-03
-5.386603e-04
6.114111e-03
-4.365754e-03
-7.762764e-03
7.742914e-04
6.042772e-03
-5.163338e-03
-1.460061e-02
1.863025e-04
9.680880e-03
3.759418e-03
-4.160582e-03
2.220869e-02
-4.530136e-03
-2.607014e-02
-1.035602e-02
-1.445614e-02
-5.691407e-02
3.819271e-02
1.763593e-04
2.805550e-04
1.943408e-02
2.175116e-03
-9.289531e-03
7.611848e-04
3.681635e-04
-7.944477e-03
-1.105181e-02
-3.064369e-03
-7.338241e-03
-1.511508e-02
-9.946738e-03
8.504819e-03
-1.578509e-02
-7.280488e-03
3.556588e-02
-5.741621e-02
1.436373e-02
-5.356905e-03
-1.783523e-02
-2.469687e-02
5.055654e-04
2.885500e-02
-3.629294e-02
7.790870e-03
2.209583e-02
-6.311866e-03
3.456460e-03
-6.727840e-03
-9.708803e-03
-5.559248e-02
-3.037418e-02
-3.340709e-02
-2.356375e-02
-4.579307e-04
-2.618338e-02
-1.518242e-02
-1.878408e-02
-1.049450e-02
1.705120e-02
2.760502e-02
4.279232e-05
3.317947e-02
2.240263e-02
8.533889e-03
2.337070e-02
1.074850e-02
6.324197e-03
-1.141108e-02
5.883191e-05
5.144679e-03
2.368426e-02
1.543019e-02
-2.530951e-02
-4.434185e-03
7.008979e-03
-1.375369e-02
-1.470203e-02
1.578873e-02
1.653851e-02
-3.162678e-03
1.842321e-02
4.621043e-03
1.781245e-03
1.361550e-02
3.212750e-04
-2.044200e-02
-1.939256e-02
-8.841393e-04
-2.065505e-02
-1.345228e-02
4.536482e-03
-1.377092e-02
5.539803e-03
8.366545e-03
1.251201e-03
-2.403544e-03
-7.233821e-03
1.068677e-02
6.298359e-03
-4.942437e-03
-5.449883e-03
4.923969e-05
-1.268569e-02
5.754059e-03
-2.661910e-02
1.144656e-02
-3.263888e-02
4.987933e-02
-1.011420e-02
-4.413637e-03
-1.408574e-02
-8.061843e-03
2.469203e-02
1.773748e-02
8.616420e-03
2.196692e-02
-1.971010e-02
-1.376348e-03
-8.595174e-03
-2.237478e-02
3.874156e-03
-1.217367e-02
-1.397953e-02
-3.551625e-03
-1.082406e-03
-2.318476e-02
-1.965157e-02
1.780198e-02
1.739124e-02
3.722557e-03
6.081947e-03
-1.633638e-02
8.111162e-04
1.520769e-02
8.214976e-03
1.161461e-02
2.879355e-03
-7.559635e-03
4.298927e-03
1.622045e-02
-4.395900e-03
-7.921884e-03
3.003869e-02
4.838415e-03
-4.121630e-03
1.308437e-02
-1.291985e-03
-4.869370e-03
-5.616052e-03
-3.101467e-03
-3.313304e-03
3.572949e-03
-2.589575e-03
1.848240e-03
-2.046366e-03
-4.524661e-04
4.605235e-03
3.411199e-02
-1.147838e-02
-1.493267e-02
4.299177e-02
2.697227e-02
-1.350711e-02
1.529900e-02
-5.608163e-03
-3.436901e-02
-3.647046e-03
3.853914e-03
-1.100051e-02
6.210230e-03
1.898896e-02
8.303574e-03
-7.148141e-03
-1.050930e-02
-1.184510e-02
-3.124385e-02
-3.945492e-03
5.769155e-03
-5.961267e-02
-6.642330e-03
-4.563774e-03
-1.622693e-02
-3.355279e-02
1.604130e-02
3.335262e-02
8.990601e-03
-9.953644e-03
-4.557707e-03
7.820217e-04
2.355486e-02
-6.033544e-03
-1.742767e-02
1.130776e-03
-1.510754e-02
-2.984262e-02
-1.248557e-02
-2.380792e-02
-5.455345e-02
-3.968884e-02
-1.200601e-02
-1.495751e-02
-3.564534e-03
1.943533e-02
1.782079e-02
1.952126e-02
2.400715e-02
2.275721e-02
2.871522e-02
2.459820e-02
1.467889e-02
1.539156e-02
2.339107e-03
8.052174e-03
1.869812e-02
-8.497387e-03
-9.400623e-03
1.792544e-02
-3.787501e-03
-2.228274e-03
2.558117e-02
2.658670e-02
-6.322128e-03
-6.007464e-03
1.941554e-02
-1.588998e-02
-1.746391e-02
-2.256315e-03
-2.584086e-02
-2.477066e-02
1.081455e-02
-1.622742e-02
8.126738e-04
5.185103e-03
-2.107379e-02
-5.170553e-03
-2.047930e-03
-1.373676e-02
5.701461e-04
-1.743911e-02
5.018756e-04
4.932404e-03
-3.220644e-03
1.086543e-02
1.875744e-02
-1.717780e-02
8.167166e-03
2.715448e-02
-1.009185e-03
-1.810004e-02
9.821597e-03
2.304249e-02
-2.368126e-02
-1.084036e-02
-1.382572e-02
9.719798e-04
-2.258565e-02
-3.655846e-02
-3.079998e-02
-2.119979e-02
-3.074027e-02
-1.491981e-02
-4.080661e-03
-2.745966e-02
-2.780299e-02
-2.793881e-02
-2.899510e-02
-6.218259e-02
-5.258567e-02
1.563015e-02
4.462235e-02
1.904042e-02
-1.244037e-02
3.770773e-03
3.325517e-04
-8.027569e-03
-2.499727e-02
-1.731870e-02
1.484116e-02
2.277649e-02
2.606669e-02
-8.495901e-03
-3.978343e-03
2.218932e-03
2.983443e-03
1.462024e-03
-3.790133e-04
-1.694496e-03
-2.159374e-02
-1.168756e-02
1.681178e-02
1.262328e-02
2.568367e-02
-4.605230e-03
-7.522798e-03
1.963158e-04
-9.804266e-03
3.883105e-03
1.267922e-03
-4.196023e-03
8.877982e-03
1.184368e-02
-8.220106e-03
-9.764085e-03
6.950780e-04
-7.290756e-03
2.117823e-02
1.630664e-02
9.947932e-03
3.445553e-02
3.105901e-02
3.088204e-02
2.004310e-02
1.113127e-03
-4.361379e-03
-1.795277e-02
-1.761385e-02
-1.033424e-02
-1.798199e-02
-8.130522e-03
5.425370e-04
2.284574e-02
1.468449e-02
1.218822e-02
-7.244913e-03
-1.915154e-02
2.763843e-02
1.704033e-02
2.756676e-02
-9.998078e-04
5.356799e-02
2.123154e-02
-1.544514e-02
-3.487267e-02
-2.333106e-02
-2.733034e-02
-3.093666e-03
-3.528334e-02
-3.906545e-02
-1.655054e-02
1.099265e-02
2.067558e-02
4.636725e-02
-1.146470e-02
-4.358944e-02
-5.221571e-02
-5.559184e-02
-2.958814e-03
7.029272e-03
6.985049e-04
-1.963410e-02
-1.784902e-02
-1.366838e-02
-1.412891e-02
3.405981e-03
7.340539e-03
3.240998e-02
5.146745e-03
3.196028e-02
6.728289e-03
1.955421e-02
-5.394444e-03
2.896776e-02
1.815723e-02
-1.630080e-02
5.856081e-03
1.634687e-02
2.213248e-02
-2.579329e-03
-1.367961e-02
-1.634141e-02
2.633924e-04
-1.030473e-02
-2.572672e-02
-6.250070e-03
-1.147958e-02
2.283723e-04
-1.323034e-03
-1.048931e-03
-5.799139e-03
1.265550e-02
2.220813e-02
1.157932e-02
-9.590637e-04
-1.003695e-02
-1.907601e-02
-8.952185e-03
-1.667850e-02
-2.107236e-02
1.488284e-02
2.530871e-02
1.952877e-02
3.039164e-02
-5.226950e-02
-1.871021e-02
-8.706256e-03
7.245803e-02
6.841555e-02
2.184157e-02
-1.868101e-02
-8.193611e-03
-1.982562e-03
6.393501e-03
-3.243076e-02
-2.894659e-02
-1.959509e-02
-2.279088e-02
-7.561380e-05
1.585042e-02
3.838090e-02
2.874701e-02
5.020516e-03
1.801884e-04
1.419842e-02
-5.404005e-03
1.144744e-03
1.565064e-02
1.648080e-03
-1.976720e-02
-8.098168e-04
-7.824288e-03
-1.074362e-03
8.115439e-03
2.624650e-03
1.248909e-02
-1.356814e-02
-8.529330e-03
9.569344e-03
-3.574222e-02
-2.953107e-02
1.308088e-02
-1.400503e-02
8.280005e-04
2.970821e-02
-6.825957e-03
1.892504e-02
6.428310e-03
3.407444e-02
6.507537e-03
-2.701783e-02
9.125820e-03
-3.606991e-02
-7.502886e-03
-1.516239e-02
-4.284046e-02
1.749749e-02
2.754111e-02
1.492232e-02
1.522033e-02
2.029352e-03
2.327889e-03
-1.596009e-03
-1.319573e-02
-2.147629e-02
-4.374136e-02
3.291020e-02
2.482053e-02
-5.772343e-03
1.000475e-02
-1.095848e-02
-1.841528e-02
-1.497238e-02
-3.010453e-02
-2.397171e-02
8.929800e-06
-1.294527e-03
4.202198e-03
-2.417283e-03
1.211348e-02
-7.275082e-03
-2.949337e-02
1.830803e-02
-1.389138e-02
8.451132e-03
-1.506992e-02
-1.000456e-02
1.025474e-02
1.620782e-02
3.363767e-02
2.409737e-02
1.232594e-02
1.335787e-02
-1.789610e-02
-3.997330e-02
1.383885e-02
-5.928407e-02
-3.259481e-02
-3.223344e-03
-5.247310e-03
2.930188e-03
2.790817e-02
-3.260338e-02
-1.730318e-02
-5.867251e-03
2.918992e-03
1.708969e-02
8.904400e-03
1.633092e-03
3.184180e-03
-1.234432e-02
8.536706e-03
3.004043e-03
-1.115319e-02
1.022550e-02
-5.250408e-02
-1.848766e-02
1.991304e-02
-5.116347e-02
2.957571e-02
5.822502e-03
-2.190967e-03
3.606970e-03
-1.166742e-02
-8.527723e-03
1.412179e-02
-2.024725e-02
-1.433860e-02
4.050198e-03
-1.344963e-02
-1.519165e-02
1.333494e-03
-1.847260e-02
1.789941e-04
1.292520e-02
-5.881196e-03
2.667499e-02
1.331604e-02
1.900865e-02
2.670522e-02
-9.862095e-03
1.756578e-02
4.976808e-03
-6.258088e-03
-2.231726e-03
-3.211110e-02
-6.869258e-03
2.098460e-02
4.929340e-02
3.623809e-02
2.461275e-02
2.373160e-03
-2.784456e-02
-1.710393e-02
-1.904994e-02
-2.817835e-02
-4.285609e-02
-2.719739e-02
-1.890287e-02
2.977549e-03
2.256239e-02
9.966404e-03
-1.042427e-02
1.288944e-02
-6.862201e-04
-7.249325e-03
1.043318e-03
4.837720e-03
-5.389886e-03
1.032550e-03
-9.657311e-03
-1.111677e-05
-9.639699e-03
-5.278022e-04
-6.009461e-03
7.463159e-03
1.971591e-02
-1.999813e-02
3.943941e-03
2.277122e-02
-1.383359e-02
1.550114e-03
2.427633e-03
2.287035e-02
-1.220280e-03
-1.919170e-02
2.545480e-02
5.449806e-03
-9.638578e-03
9.789057e-03
5.291454e-03
4.350018e-03
5.288435e-04
1.651947e-02
2.856169e-02
-2.133705e-02
1.665076e-02
3.480637e-02
-1.451420e-02
1.043605e-02
3.817381e-02
-6.812118e-03
-1.055834e-02
-1.349977e-02
-2.713277e-02
-4.391921e-03
2.979107e-02
-9.663087e-03
-3.927540e-04
-8.964350e-03
1.767199e-02
-1.169767e-02
-2.859729e-02
1.603031e-02
-7.304802e-03
-2.567300e-02
1.226473e-02
-5.921601e-03
-2.839562e-02
8.421354e-03
-1.664926e-02
-2.424501e-02
6.479941e-02
-2.084008e-02
-9.866052e-02
2.100753e-02
1.209250e-02
-7.680801e-02
1.626828e-03
-1.589700e-02
4.051266e-03
-9.775558e-03
-4.305186e-02
3.459517e-02
-5.179535e-04
-2.201377e-02
5.266357e-04
-2.540823e-02
1.278448e-02
2.927110e-02
-1.265124e-02
1.844793e-02
-1.401370e-02
-1.872208e-02
-9.574508e-03
3.429032e-02
4.456485e-02
2.847916e-03
2.374375e-02
4.413140e-02
5.615351e-03
1.632608e-02
4.501914e-02
1.461799e-02
1.114333e-02
-2.852369e-02
-2.788202e-03
2.604814e-02
-3.382901e-02
6.077941e-03
3.498219e-02
-8.646386e-03
-8.508751e-03
1.270614e-02
-2.424240e-02
-6.556738e-03
1.262294e-02
-2.516635e-02
-8.199130e-03
1.919394e-02
-2.135891e-02
2.186537e-03
3.743580e-02
-2.155421e-02
-1.102638e-02
1.550708e-02
-2.089113e-02
-2.935842e-03
1.616620e-02
-1.892099e-02
1.840647e-03
1.201397e-02
-2.118997e-02
-1.205556e-02
1.258910e-02
-1.161226e-02
-2.949390e-03
5.181018e-03
-1.743673e-02
-1.043927e-02
-1.690666e-02
1.307678e-03
-3.153469e-03
-8.292079e-03
-1.009086e-02
1.112993e-03
1.937947e-02
7.637303e-03
-9.485947e-03
2.281897e-02
-2.371700e-02
-3.449621e-03
-6.041192e-03
-4.943533e-03
-8.588081e-04
-1.575174e-02
-4.071804e-04
4.454309e-03
-2.063514e-02
9.064491e-03
-5.880448e-03
-8.956399e-03
-4.031202e-03
2.756297e-02
-3.394471e-02
-2.179088e-02
7.985248e-03
-6.768663e-03
-1.201212e-02
3.491247e-03
-2.983537e-02
-2.918894e-03
3.089640e-02
-3.167060e-02
2.010687e-02
2.572331e-02
-1.847072e-02
-2.503485e-04
5.173493e-03
-1.316519e-02
7.095912e-03
9.369795e-03
-1.787378e-02
1.263281e-02
1.640085e-02
-1.640702e-02
-3.807401e-02
-2.565698e-02
2.303644e-02
-2.008612e-02
-1.118499e-02
1.569287e-02
-1.571111e-02
-1.838974e-03
3.057050e-02
-2.783512e-02
2.436046e-03
5.491320e-02
-5.814371e-02
7.445945e-02
8.155636e-03
-1.653408e-02
5.950963e-02
-7.259501e-03
-5.800069e-03
-4.759473e-03
-1.176568e-02
3.565359e-03
4.353957e-03
-4.614227e-03
5.261163e-03
-1.895027e-03
-1.429778e-02
-2.745682e-02
-2.162997e-02
1.586736e-03
3.932393e-02
-1.157560e-01
6.325662e-02
9.755997e-03
-8.492538e-02
8.317352e-02
1.195547e-02
1.860680e-02
-2.753990e-02
5.742257e-03
-6.981304e-03
-3.707312e-02
3.530573e-02
-1.493781e-02
-1.832839e-02
-7.223167e-03
-1.583139e-02
-3.313019e-02
1.485633e-02
3.884905e-03
-1.276518e-02
1.184976e-02
-1.145595e-02
-3.472122e-02
2.629423e-02
2.136080e-02
2.099823e-02
3.397914e-02
-4.249586e-03
6.498662e-03
4.290177e-02
-5.362415e-03
2.138378e-02
1.094587e-02
8.196157e-03
1.241889e-02
1.547149e-02
5.228328e-03
-1.112852e-02
2.334846e-02
-2.823944e-02
1.703237e-02
1.832041e-02
1.331152e-02
-1.148348e-02
1.423446e-02
6.882843e-04
-2.122680e-02
1.788455e-02
2.845754e-03
-8.838120e-03
6.165730e-03
8.279332e-03
3.196465e-03
-4.753919e-03
-1.219274e-03
5.214731e-03
-7.757536e-03
-4.672798e-03
1.838796e-03
-1.256797e-02
-3.668217e-02
1.890479e-02
2.131525e-02
-1.047850e-02
4.145795e-02
-9.630189e-04
-2.802044e-02
3.096491e-02
1.904958e-02
-1.733531e-02
8.624201e-03
-2.978859e-02
5.444940e-02
-3.108781e-02
-1.463994e-03
8.077681e-02
-5.115363e-02
-5.472934e-03
1.821524e-03
-7.834049e-03
6.399634e-03
-2.236928e-03
3.707874e-03
-6.909539e-03
-2.008295e-02
-6.054081e-03
-1.219875e-02
-5.309574e-03
2.130726e-02
-5.036112e-03
-1.848970e-02
3.324709e-03
-7.213152e-03
-1.946214e-02
-5.950809e-03
2.856180e-03
-3.317445e-03
1.392152e-03
-8.731357e-03
-1.395003e-02
-1.574751e-03
-6.927029e-03
-9.745663e-03
-1.531813e-03
3.523458e-03
-2.263557e-02
-1.721913e-02
8.477185e-03
-3.924150e-02
-6.275205e-02
3.736093e-02
4.640871e-02
2.153733e-02
3.902340e-02
3.920557e-02
-4.404933e-02
-3.008298e-02
4.727853e-02
8.870590e-02
-5.372797e-02
-8.536644e-02
-6.054792e-03
-1.253984e-03
1.133330e-02
-1.105906e-02
-1.139121e-02
1.106432e-02
1.732946e-02
-2.003637e-02
-2.597275e-02
1.481054e-02
-1.543320e-02
-1.743394e-03
2.391524e-02
-1.509037e-02
-2.555715e-02
-3.483678e-02
1.136507e-02
1.370472e-02
-3.995022e-03
-7.696435e-04
-9.390325e-03
2.302624e-03
3.553446e-03
5.147845e-03
1.517403e-03
1.556952e-02
2.153279e-02
2.783539e-02
-2.604495e-02
3.952273e-03
-2.595833e-03
-2.717099e-02
-3.821863e-02
-1.539202e-02
-7.456187e-03
1.764212e-03
-8.411687e-03
-2.169511e-02
-1.035170e-02
-8.194026e-03
-1.013175e-02
-2.113363e-02
-1.887033e-02
-1.693315e-02
-8.461190e-03
7.777357e-03
-1.231922e-02
-3.079323e-02
-2.136076e-02
1.898001e-03
-1.919965e-02
-3.509553e-02
1.899311e-02
1.097276e-02
-2.471153e-02
6.762670e-03
5.758128e-02
-5.302304e-03
-3.415416e-02
1.062260e-02
8.503775e-02
2.964551e-03
-1.006406e-01
-4.953411e-02
6.207372e-03
-1.863589e-03
-1.789788e-02
-7.995254e-03
-4.463112e-03
-2.150122e-02
-7.615284e-03
1.139850e-02
1.375903e-02
4.064319e-03
2.326048e-02
3.694706e-03
-1.860939e-02
2.065362e-03
1.365158e-02
-1.415357e-02
-3.554151e-02
-2.746470e-02
3.729884e-03
2.553843e-02
-2.804465e-02
-2.644980e-02
2.668435e-02
3.682034e-02
-4.325063e-02
-4.819628e-02
-1.262729e-02
6.323121e-03
1.941686e-02
1.221278e-03
7.232230e-03
-2.093786e-02
7.635492e-03
2.141944e-02
2.305245e-03
4.847211e-03
-3.357036e-03
-2.919789e-02
-1.262576e-03
2.878669e-03
-1.279040e-02
-2.844797e-02
-5.871229e-03
-1.180795e-02
-2.213814e-02
-4.733817e-02
-5.421728e-02
-2.166200e-02
-1.138835e-02
-3.592868e-02
-2.337192e-02
3.643027e-02
2.240878e-02
1.197006e-02
9.836358e-03
2.036838e-02
1.397359e-02
2.123215e-02
2.770283e-02
1.503749e-02
2.468061e-02
1.980952e-02
2.154454e-02
2.413595e-02
1.135390e-02
-9.842903e-03
3.128982e-03
1.135431e-02
1.478333e-03
-1.966409e-02
4.354586e-04
1.271360e-02
-1.575784e-03
-3.804142e-03
1.390903e-02
-7.070511e-03
2.436813e-03
1.442359e-02
4.665294e-03
-8.818746e-03
-1.669719e-02
2.150014e-02
8.811515e-04
3.644754e-02
2.632244e-02
2.824639e-02
7.237743e-03
6.385867e-03
-9.319491e-03
-8.332753e-03
1.076049e-02
1.126911e-02
-3.318257e-03
-4.077311e-03
5.079792e-03
6.875419e-03
-1.838762e-02
-4.288768e-03
7.017910e-03
-1.312864e-02
4.752522e-02
-1.767207e-03
1.361961e-02
-1.040085e-02
2.309557e-02
3.394580e-02
-2.130775e-03
-3.645135e-03
-1.490121e-02
1.287223e-02
-2.831025e-02
-3.819345e-02
-1.076456e-02
3.495063e-04
-4.701003e-02
-3.685224e-02
-3.510239e-02
-4.595816e-02
-1.487468e-02
3.223965e-03
2.276960e-03
5.974952e-03
-2.129687e-02
2.469772e-03
-2.819063e-03
2.986205e-02
5.171711e-04
2.595527e-02
1.430542e-02
-3.236087e-03
1.569889e-02
8.731954e-04
7.260441e-03
2.058176e-02
1.115809e-02
4.079768e-02
1.694015e-02
2.313108e-02
1.408359e-03
1.868053e-03
-2.824868e-03
2.383960e-02
1.174584e-02
-5.999905e-03
-9.749167e-03
-1.328651e-02
-2.599365e-03
-9.727463e-04
-7.780425e-03
-1.178122e-02
6.724803e-03
1.425941e-02
1.722594e-02
-1.836020e-02
-2.567923e-04
1.363796e-02
-2.099052e-02
-6.235427e-03
1.346253e-02
-1.055157e-02
-7.590219e-03
7.016927e-03
1.520648e-02
1.176710e-02
7.353433e-03
4.197633e-03
-3.718792e-05
5.230383e-04
-3.558587e-03
-1.125838e-02
-2.124779e-02
-1.977604e-02
-3.961624e-02
1.457562e-02
1.297174e-02
1.014455e-02
-6.591810e-02
-9.995174e-03
-1.264529e-02
1.395701e-03
-9.807402e-03
-3.967177e-04
-1.573795e-02
-8.746881e-03
-2.232794e-02
-1.219362e-02
3.797656e-03
-8.130115e-03
-1.095474e-02
1.833446e-02
1.925236e-02
2.696204e-03
3.327787e-02
5.668368e-03
2.605540e-03
3.528938e-03
-3.253400e-02
-4.999363e-02
1.779535e-02
1.541837e-02
-9.773015e-03
-2.685936e-03
-1.341267e-02
-1.375565e-02
-1.871132e-02
1.239873e-02
2.741879e-02
1.401872e-02
-5.389970e-03
9.272779e-03
-1.131322e-02
-1.962228e-02
3.426043e-03
-1.108874e-03
-9.034066e-04
1.314534e-02
-2.959851e-02
-4.583440e-03
2.156758e-02
3.755122e-03
-3.048161e-04
7.904876e-03
1.818186e-02
-9.181486e-03
5.968323e-03
4.168339e-02
2.288496e-02
-2.367023e-02
4.695004e-02
-4.005630e-02
-3.081932e-02
-2.664938e-03
-2.744354e-02
-2.419244e-03
-3.261658e-03
-5.909055e-03
-1.171172e-02
-1.478511e-02
-1.265320e-02
-3.833137e-03
-6.560695e-03
1.106924e-02
3.056401e-02
-3.603813e-02
-1.893609e-02
1.779275e-02
-1.581863e-02
4.790751e-02
-1.773814e-02
3.191736e-02
1.037152e-02
-3.639667e-02
1.674683e-02
-1.662152e-02
2.754284e-02
-2.416257e-02
1.145035e-02
2.317314e-02
-2.096947e-02
3.633850e-02
-4.273497e-05
-5.264251e-03
-5.082214e-02
-2.157699e-02
-3.151101e-02
-1.185404e-02
1.099814e-02
-9.666694e-03
1.046365e-02
-3.578514e-02
9.928787e-03
1.422117e-02
2.891132e-02
-1.412937e-02
2.867789e-04
3.558235e-03
-3.298092e-02
-1.584958e-02
6.111292e-03
-1.021335e-02
-2.149817e-02
8.809118e-03
-2.408277e-02
8.023630e-03
3.384555e-02
3.548632e-03
2.237167e-02
-1.942174e-03
-9.046373e-03
-3.186155e-03
1.723730e-02
-1.886633e-02
-3.932717e-03
1.259886e-02
4.182377e-03
1.952038e-02
1.594917e-02
1.223968e-02
-1.156599e-03
-1.204841e-03
-7.121975e-03
-1.156461e-03
2.556440e-04
1.079335e-03
4.209762e-04
-1.152599e-02
-2.154414e-02
5.735362e-04
-7.069065e-03
-1.736569e-03
1.648913e-02
-9.427743e-04
-5.289607e-03
8.756323e-03
-3.726515e-03
6.141877e-02
4.013662e-02
-6.320743e-02
3.729990e-02
-7.090134e-02
-1.110592e-02
-5.379500e-02
1.155403e-02
8.160564e-02
2.821339e-02
-5.905439e-03
6.580987e-03
5.636591e-03
-4.566136e-03
-1.165310e-02
-2.399326e-02
-6.218732e-03
9.376456e-03
-1.438725e-02
-8.793576e-03
9.138819e-03
-1.138492e-02
-1.339720e-02
3.296642e-02
-4.199120e-02
-2.774663e-02
2.458359e-02
1.412715e-02
1.174280e-02
3.239308e-02
4.170277e-02
1.583494e-02
3.285512e-02
3.032633e-02
2.018671e-02
1.766738e-02
3.143342e-03
-1.178651e-02
1.579849e-02
-4.213505e-03
-2.892470e-02
5.163474e-03
2.131374e-02
-1.271897e-02
-5.056228e-03
3.061158e-03
-1.042909e-02
-1.565727e-02
4.263091e-03
-2.394560e-04
-1.893706e-02
6.190461e-03
1.292201e-02
1.082823e-02
1.075630e-02
-1.998493e-02
-1.249070e-02
5.035653e-02
-2.885228e-02
-4.356519e-02
3.420298e-02
2.024136e-02
-2.798248e-02
-1.179691e-02
-1.296610e-02
7.820779e-03
9.908479e-03
-6.319586e-03
-1.623234e-04
2.290395e-02
-8.343512e-03
-7.704332e-03
1.491903e-03
2.549767e-03
-4.223822e-02
-4.839444e-03
7.827036e-02
-5.811943e-02
-6.755847e-02
3.464152e-02
1.602508e-02
-2.282714e-03
-5.211528e-02
4.888110e-03
5.168080e-02
-1.024446e-02
-6.029014e-02
2.105029e-02
2.074854e-02
-9.785756e-03
-2.343820e-02
1.075884e-02
-3.067526e-03
-3.357298e-02
-3.433832e-02
2.486950e-02
-5.660448e-03
-2.977202e-02
-5.855948e-03
3.790497e-02
1.015082e-02
2.978001e-02
2.246241e-02
4.894326e-03
1.397872e-02
1.236603e-02
-6.380888e-03
2.579416e-03
2.971960e-02
3.474855e-02
-6.523789e-03
-3.930902e-02
2.278732e-02
2.854059e-02
-2.604891e-03
-1.244751e-02
-1.849219e-03
-7.940566e-03
-5.956885e-03
1.487885e-02
-6.218617e-03
-1.534170e-02
1.214664e-02
1.421777e-02
-1.748496e-02
5.912511e-03
-1.359385e-02
8.746769e-03
3.584567e-02
-2.094955e-02
-6.887171e-03
9.637234e-03
-4.399581e-03
-1.382510e-03
3.213234e-03
5.894496e-03
2.397916e-03
-1.376961e-02
8.926774e-03
1.248123e-02
-1.547647e-02
-1.045602e-02
3.178199e-03
-2.181771e-03
-3.230134e-02
2.207480e-02
1.440062e-02
-1.882603e-02
-5.880826e-02
7.424391e-02
4.422393e-02
-4.511154e-02
-3.992482e-03
8.353525e-03
-6.478725e-03
8.224655e-03
-9.256301e-03
-2.931400e-03
8.070199e-03
-1.707498e-02
-2.744550e-02
-3.866712e-03
