3.738957e-03
2.749234e-03
2.890651e-03
3.443865e-03
3.187518e-03
2.897549e-03
2.796616e-03
2.759316e-03
2.806810e-03
3.334419e-03
2.525049e-03
3.485491e-03
2.620382e-03
2.705416e-03
3.155902e-03
3.397043e-03
3.399289e-03
2.000005e-03
3.165879e-03
2.581551e-03
2.840151e-03
2.493545e-03
3.195046e-03
3.118081e-03
2.860407e-03
2.844051e-03
3.087400e-03
4.022657e-03
3.071045e-03
2.463280e-03
3.606930e-03
3.246620e-03
2.930151e-03
3.191537e-03
3.468222e-03
3.636291e-03
3.696654e-03
3.148954e-03
2.435603e-03
3.706400e-03
3.039068e-03
3.170021e-03
2.857031e-03
3.248863e-03
3.199470e-03
2.823842e-03
3.063414e-03
2.853494e-03
3.734761e-03
3.146826e-03
3.600430e-03
2.898542e-03
3.083441e-03
4.609920e-03
3.757484e-03
3.782802e-03
3.801305e-03
2.578462e-03
3.490994e-03
3.979404e-03
2.235491e-03
2.604620e-03
3.398812e-03
3.806552e-03
