-2.510649e-02
-3.816757e-03
-1.460382e-02
-2.558148e-03
-1.427869e-02
-5.106106e-02
-3.072573e-02
-1.700612e-02
-1.178416e-02
-4.586242e-02
-2.595680e-02
-1.970235e-02
8.485874e-03
9.127581e-04
-1.405095e-02
-1.987291e-03
-8.090417e-03
2.553869e-02
-1.563508e-02
2.120406e-02
5.944474e-03
-9.730118e-03
-3.475302e-02
-5.757039e-02
-6.913984e-02
-1.459483e-02
-1.786128e-02
-4.268073e-02
-1.391526e-02
-1.761995e-03
-4.278323e-02
-4.881335e-02
-3.266501e-03
-1.072143e-04
-1.495602e-02
-1.021669e-02
-2.571946e-02
2.168610e-02
-2.958665e-02
1.513582e-02
-9.668536e-03
-3.900856e-02
2.916950e-03
-4.509182e-02
5.254093e-03
2.458543e-02
-3.595061e-03
-7.652782e-03
-3.162891e-02
-4.082384e-03
7.427252e-03
-4.952493e-02
-8.319084e-03
-2.306303e-02
-2.204542e-02
-1.350276e-02
-1.845696e-02
2.149838e-02
-1.582897e-02
-3.929273e-02
-2.613668e-02
1.286289e-03
-1.961383e-02
-5.907238e-02
