5.742126e-02
5.379775e-02
6.615613e-02
6.102952e-02
4.071257e-02
4.227836e-02
5.374197e-02
9.277972e-02
8.912773e-02
4.029359e-02
3.958524e-02
6.901099e-02
6.206436e-02
7.015689e-02
5.903240e-02
5.060726e-02
6.630695e-02
7.602365e-02
5.269178e-02
4.432157e-02
9.345485e-02
8.581594e-02
6.328372e-02
2.774694e-02
9.157507e-02
5.481648e-02
5.224357e-02
3.255942e-02
7.170935e-02
7.970999e-02
5.329246e-02
6.396709e-02
5.814725e-02
6.452931e-02
7.727899e-02
6.450335e-02
9.111455e-02
5.438303e-02
7.777706e-02
2.615782e-02
4.562480e-02
5.521647e-02
5.702953e-02
7.417448e-02
7.111029e-02
7.459997e-02
3.335903e-02
2.471505e-02
7.656685e-02
8.668463e-02
6.288230e-02
3.979320e-02
8.981382e-02
5.818673e-02
6.392995e-02
4.793849e-02
4.650207e-02
3.103669e-02
6.569102e-02
3.166923e-02
6.771753e-02
3.491479e-02
6.497269e-02
6.620041e-02
