-5.259521e-02
-9.653352e-03
8.802832e-03
5.412230e-02
1.035819e-02
1.554121e-02
1.162511e-02
2.521360e-02
-2.278248e-02
1.450639e-02
-5.406225e-02
-1.829367e-02
-5.073589e-02
1.634629e-02
1.558921e-02
-2.509153e-02
-3.269182e-02
3.718118e-02
2.937084e-02
2.416370e-02
-4.154062e-02
4.445204e-02
-5.371353e-02
-6.124352e-02
-1.266784e-02
-6.873835e-02
2.195318e-03
-7.380432e-03
-2.365240e-02
-7.943218e-03
-1.224927e-02
-3.692806e-02
-3.070504e-02
-3.815744e-02
-3.896195e-02
-6.728928e-03
5.316399e-02
-6.739812e-02
-1.278988e-01
-9.361122e-03
8.085773e-02
-2.059150e-02
3.924407e-02
9.293097e-03
-4.429438e-02
1.856535e-02
-1.709426e-02
-5.705682e-02
2.022316e-02
-3.640873e-02
-1.723089e-02
-4.696177e-02
-4.038294e-02
-4.185212e-02
-1.942327e-02
-5.688767e-03
1.466188e-02
-4.568057e-02
-2.465770e-02
2.568008e-02
-3.218391e-02
7.974703e-04
6.306048e-02
-2.744150e-02
4.487336e-02
5.126860e-03
4.534468e-03
-1.176374e-01
-5.638151e-02
-2.858810e-02
1.626779e-02
2.435072e-02
-2.418312e-02
-5.426571e-02
-8.411158e-02
-1.296845e-01
-8.704144e-02
-6.710128e-02
-6.338226e-02
3.047688e-02
-3.082684e-02
8.496399e-03
-1.840511e-02
-1.064543e-01
5.605042e-02
2.729649e-02
-1.071345e-01
3.491163e-02
4.784707e-02
-4.387546e-02
-2.999949e-02
-2.822149e-02
7.689585e-04
-2.220283e-02
-6.933732e-03
3.202676e-02
-3.746446e-02
-1.784340e-02
-1.449762e-02
2.034185e-02
-6.558040e-02
1.764475e-02
-2.276279e-02
1.116638e-01
-6.414692e-03
5.396114e-03
-8.882210e-02
-6.282733e-02
-8.682294e-02
-3.274208e-02
-2.334118e-02
4.669989e-02
-1.051871e-02
-3.938876e-03
1.927916e-02
-1.587070e-02
2.725779e-02
-9.409738e-02
-1.832971e-02
5.775090e-02
-4.808437e-02
-3.910895e-02
2.888133e-02
-2.888273e-02
-4.067894e-02
-6.324558e-02
-7.211738e-02
1.720384e-02
1.883785e-02
-1.499472e-02
-1.823759e-04
-1.488880e-02
-1.261171e-01
-4.247504e-02
4.379185e-03
-7.262519e-02
-4.099125e-02
-1.966138e-02
1.819909e-02
3.483702e-03
-1.850398e-02
1.733321e-02
-1.564952e-03
1.648010e-02
-6.298283e-02
2.466094e-02
-1.512294e-02
2.455858e-02
4.655414e-02
4.440430e-02
3.809017e-02
3.841634e-02
1.742478e-02
2.198033e-02
1.156143e-02
-2.271134e-02
1.295613e-02
1.843704e-02
1.111298e-03
8.024001e-03
-3.390553e-02
6.752343e-03
-3.855835e-02
5.930862e-02
-8.340067e-02
9.129798e-02
2.163444e-01
5.118123e-02
-4.115730e-03
3.287372e-02
2.391855e-03
5.798877e-03
2.735845e-03
1.352931e-03
-1.112172e-02
-3.569085e-02
-1.761887e-02
6.036321e-03
-2.328890e-02
1.668029e-02
-2.449476e-02
-1.786161e-02
-1.624057e-02
3.738279e-02
-1.371498e-02
4.436163e-04
3.541652e-02
5.694360e-03
-3.547105e-02
1.080396e-02
3.280620e-02
2.330672e-03
6.028428e-03
-1.981097e-02
-3.623923e-02
-4.263797e-02
-9.721776e-03
-3.102544e-03
-5.440483e-02
-4.019915e-02
-9.660345e-03
-4.345937e-02
-1.972280e-02
2.682795e-03
-3.037842e-02
7.425350e-03
3.007613e-02
-1.876412e-02
-4.083558e-02
-3.316483e-02
1.870544e-03
8.729269e-02
-5.641942e-02
1.349754e-02
2.567710e-02
8.914916e-03
-2.342753e-02
-3.817737e-02
-6.321904e-02
1.356969e-02
-5.509211e-02
-8.609594e-02
-4.596796e-02
4.032499e-02
-3.933885e-02
-3.942972e-02
-6.696534e-02
-1.006918e-02
-3.513116e-02
-7.371096e-02
-4.022747e-02
1.113273e-02
8.294431e-03
1.154814e-02
-2.107850e-02
5.823344e-03
1.474328e-02
-3.549103e-02
-1.257935e-02
1.065721e-03
-4.227966e-02
-5.811055e-02
-3.667776e-02
2.733355e-03
-5.070629e-02
-3.903371e-02
-4.168541e-02
-4.545362e-02
3.273615e-02
-2.845780e-02
8.230879e-03
-4.378070e-02
-1.011024e-01
-7.250819e-02
-1.226605e-01
4.848650e-02
1.272885e-01
-4.746258e-02
-2.942888e-02
5.993620e-02
-1.788067e-02
8.830883e-03
-4.550501e-02
-7.521412e-03
-3.546491e-03
-4.305631e-02
-4.145314e-03
-3.791850e-02
-9.279927e-03
-9.079242e-03
-3.433103e-02
6.658918e-03
-3.987673e-02
-2.565972e-02
5.918534e-02
5.346631e-02
-2.767824e-02
1.411820e-02
6.479029e-03
-6.675454e-03
1.236131e-02
8.598680e-03
5.993510e-02
8.027441e-02
4.882521e-02
2.396821e-02
2.304614e-02
8.763110e-03
3.441643e-03
-1.921660e-02
-3.462519e-02
-9.846655e-02
-7.602102e-02
-5.066539e-03
5.587999e-03
-3.557010e-02
1.429845e-02
-2.117660e-02
-1.727154e-02
-9.268217e-03
-6.699141e-03
4.904759e-02
-4.780620e-03
7.197752e-03
3.239219e-03
-4.810390e-02
1.405302e-02
6.099412e-02
3.138468e-02
-6.684522e-02
7.439537e-02
1.037561e-01
-4.164665e-02
4.050476e-02
-1.139615e-02
2.390374e-02
1.893824e-02
5.140934e-02
-2.357968e-02
-1.133545e-02
3.030377e-02
-2.197314e-02
-2.968563e-02
-1.228409e-03
-9.255427e-02
-9.762077e-03
4.877934e-02
2.973214e-02
6.522421e-02
7.351250e-02
-3.401794e-02
9.973142e-04
4.226469e-02
-7.834727e-02
-8.015259e-03
-1.496899e-02
-1.475693e-02
5.954993e-03
2.841626e-02
4.555454e-02
-2.013195e-02
-5.177889e-02
-1.804471e-02
-2.247199e-02
-1.094487e-02
-1.881992e-02
-3.451587e-02
-2.191051e-02
2.170357e-02
-1.485714e-03
-8.005486e-03
-1.793908e-02
-2.347190e-02
1.023736e-02
-4.729186e-02
4.546645e-02
1.218510e-02
-3.973761e-02
9.870356e-04
-3.199664e-02
-2.837704e-02
-4.989494e-02
-8.097765e-02
1.457481e-03
-2.185220e-02
-1.834433e-02
-6.473728e-02
-6.758657e-02
-3.154982e-02
2.386585e-02
3.802067e-03
-2.115570e-03
-5.719725e-03
-1.441144e-02
2.130943e-02
-9.842910e-03
-2.171150e-02
2.003422e-02
-1.247121e-02
-6.260047e-03
-1.279422e-03
2.240804e-03
-1.436465e-02
-2.695370e-02
-5.644287e-03
-2.588273e-02
-4.462026e-02
-1.255420e-01
-2.532632e-02
-4.303165e-03
7.241168e-02
-3.997083e-02
-1.418449e-01
-6.186413e-02
-3.846599e-02
-4.425530e-03
-1.864167e-02
1.946986e-02
-2.773672e-02
-4.900956e-03
6.416760e-02
3.761042e-02
-1.989342e-02
5.300510e-02
4.877245e-02
3.058111e-02
5.858591e-02
-3.913209e-02
3.378976e-02
4.666373e-02
-2.262736e-02
-2.813628e-02
-2.762099e-05
-2.942529e-02
-1.274424e-02
2.493294e-02
-4.868395e-02
-8.730596e-02
-1.032201e-01
-7.442497e-02
1.627575e-02
3.431810e-02
4.614392e-02
-4.895806e-03
1.316603e-02
-1.028757e-02
-1.190967e-02
3.862675e-02
2.890564e-02
1.204773e-03
2.989837e-02
-2.402078e-02
1.624157e-02
-9.123290e-02
-1.365368e-01
-9.755460e-02
-1.330872e-01
4.151826e-03
-1.209853e-02
-4.479982e-02
-2.028845e-02
3.709039e-02
-4.387357e-02
-6.177106e-02
1.243620e-03
-8.027216e-03
-2.442398e-03
-2.461539e-02
-7.139466e-03
-2.296676e-02
-6.944606e-02
2.221743e-02
4.236802e-03
-1.663999e-02
9.995770e-02
2.533765e-02
-3.943300e-02
4.743524e-02
2.695139e-02
-2.025863e-02
-4.250429e-02
-4.583718e-02
-3.213264e-02
-7.454145e-02
-5.770182e-02
-1.987002e-02
-3.762700e-02
-4.248774e-03
-1.169362e-02
-8.673396e-02
-4.247295e-02
-6.937710e-02
-7.419818e-02
-3.393210e-02
2.962179e-03
7.962618e-02
3.083334e-03
6.839050e-03
-7.495022e-03
3.978807e-02
-7.127292e-02
-7.596801e-02
-4.084192e-02
-2.354453e-02
-1.404878e-02
-5.990321e-02
3.677319e-02
2.521444e-02
1.227604e-02
2.248613e-03
-3.121732e-02
-5.110931e-02
-6.664277e-03
-2.595280e-02
-1.986153e-02
6.756597e-02
-1.183345e-02
1.756160e-02
-4.929042e-02
-4.109943e-02
-7.383610e-03
2.573410e-02
1.213434e-03
-6.163199e-03
2.432351e-03
1.879996e-02
-3.751445e-02
-5.711440e-03
-3.552329e-02
-1.406533e-02
1.614613e-02
3.519443e-03
-3.132418e-02
-8.449733e-02
-2.620021e-02
-5.029320e-02
-4.181986e-02
-7.464611e-03
-3.101831e-02
3.545665e-02
6.640454e-02
6.603844e-02
-1.015920e-02
-4.020516e-02
-5.437032e-02
4.732429e-03
-3.045844e-02
-3.992424e-02
-2.045889e-02
-5.325180e-02
-9.684228e-02
-5.077071e-02
-1.983662e-02
2.125801e-02
3.775937e-02
7.196091e-02
-9.733491e-02
5.608201e-02
6.564498e-03
-7.775028e-02
-4.991791e-02
-4.096977e-02
-2.139918e-02
-4.925577e-02
4.719450e-02
-3.501663e-02
-4.179965e-02
3.782628e-03
-1.074498e-01
-8.723208e-02
-2.418906e-02
4.396709e-02
3.740081e-04
1.288424e-02
3.607947e-02
1.241582e-02
-4.333090e-02
-5.032064e-02
2.118118e-02
6.844921e-02
1.923177e-02
-7.379434e-02
1.955118e-02
5.456224e-03
-1.422353e-02
1.514364e-02
-2.514050e-02
-2.139985e-02
-3.145607e-02
-1.487230e-02
6.306461e-03
-1.149118e-02
-3.243891e-02
-2.575131e-02
-4.016457e-02
-2.198126e-02
1.226014e-02
-1.872695e-02
-1.471873e-03
3.704853e-02
-3.050157e-03
-5.388913e-02
1.457911e-02
1.229529e-02
-1.764186e-02
1.689831e-02
5.023453e-02
1.875764e-02
3.697260e-02
2.811885e-02
-5.347257e-03
6.444691e-03
-7.998656e-02
-7.134078e-02
-4.552525e-02
2.246493e-02
2.281279e-02
-1.748655e-03
-4.592479e-02
2.985475e-02
1.284488e-02
-5.258879e-02
-4.832753e-03
6.683592e-03
-3.136058e-02
-9.851225e-02
8.344673e-02
2.488886e-02
-6.110963e-02
7.260704e-02
2.190791e-02
-6.268528e-02
7.957755e-03
-1.135072e-03
1.002707e-03
6.871855e-02
3.094597e-02
-1.464752e-02
1.085446e-02
-1.011582e-02
-1.000225e-01
1.973534e-02
-2.776981e-02
-2.337372e-02
2.880275e-02
4.359391e-02
-4.257504e-02
-6.046148e-03
8.799184e-03
-2.464669e-02
3.900353e-02
1.645003e-02
-4.336631e-02
4.151224e-02
5.064217e-02
-7.696592e-03
-7.034569e-03
1.379648e-02
-1.602166e-02
-2.117635e-02
-5.156084e-02
-6.129256e-02
-1.617081e-02
-3.544129e-02
-9.050362e-02
7.196018e-02
-3.729757e-02
-4.974699e-02
1.713357e-02
-5.412745e-03
1.896539e-02
2.218382e-02
1.009942e-02
2.423202e-03
5.025244e-02
-3.612321e-02
-2.055304e-02
-3.896456e-02
-4.645831e-02
4.990860e-02
-5.477579e-02
-3.560893e-02
4.200741e-02
-3.124901e-02
-1.745212e-02
3.802929e-02
-4.831875e-02
-1.552935e-02
-7.009545e-03
-1.411002e-02
5.900410e-03
1.434729e-02
-1.237735e-02
-1.485613e-04
3.416124e-03
-5.241364e-02
2.589830e-02
1.640170e-02
-3.781587e-02
2.015949e-02
5.966883e-02
-1.272711e-01
-5.678803e-02
-7.259416e-02
-1.438288e-02
4.186715e-03
-5.762357e-02
-5.723353e-02
-4.504372e-02
-2.598882e-02
3.275834e-02
-5.386020e-02
2.927162e-02
-2.315202e-02
-9.141372e-02
-6.665827e-02
-1.782358e-02
-7.219799e-02
-7.657474e-02
4.140347e-02
3.386494e-02
-4.821390e-02
-2.818338e-02
-2.455864e-02
-6.235354e-02
1.594165e-02
7.139166e-02
2.160581e-02
-9.456334e-03
8.377047e-02
3.587478e-02
3.036817e-02
3.477874e-03
-3.762727e-02
8.802659e-03
-2.995596e-02
-3.412179e-02
5.349223e-02
-3.058726e-03
-1.317142e-02
1.421016e-02
-2.597898e-02
-7.395850e-03
-5.403786e-02
2.435385e-02
2.296036e-02
1.634433e-02
1.152695e-02
5.637572e-02
1.158895e-02
4.700506e-02
-6.009889e-02
-1.502340e-02
1.889540e-02
-8.658673e-03
-1.669009e-02
4.143457e-03
-5.662633e-02
2.071951e-02
2.214612e-02
3.142958e-02
4.816569e-02
-4.837625e-02
-1.877208e-02
-1.642899e-02
-5.129543e-02
1.172089e-02
2.018942e-02
1.321748e-02
1.874250e-02
-3.907963e-03
-2.746154e-03
8.710567e-03
4.790630e-02
1.741077e-02
3.298659e-02
-3.641255e-02
6.128856e-04
3.836386e-02
-4.998539e-02
-1.024660e-01
7.180071e-02
-1.404717e-01
-1.415507e-02
3.313670e-02
2.141215e-02
-3.908713e-03
-8.683194e-03
-1.080943e-02
7.719418e-02
1.332118e-02
-5.412472e-02
-8.419510e-02
-1.740637e-02
5.311383e-02
3.302151e-02
-1.193340e-03
5.357679e-02
3.482596e-02
-7.966281e-03
2.878191e-02
1.238717e-03
-3.896550e-02
-7.131258e-02
-7.852956e-02
-4.338821e-02
-7.033198e-02
1.002205e-01
-6.233299e-02
-5.815809e-02
-9.642332e-02
-9.508167e-02
1.130785e-03
5.658720e-02
-1.206848e-02
-2.109957e-02
6.515603e-02
-6.197876e-02
-3.292960e-02
1.891315e-02
-1.871921e-02
-2.352288e-02
3.213044e-02
1.278884e-01
-6.685973e-02
-3.523461e-02
9.007414e-02
-6.888734e-02
-2.654356e-02
3.902365e-02
1.129425e-03
8.158638e-03
-2.415043e-02
8.184348e-03
9.103260e-03
-1.302733e-02
-5.007602e-03
6.918588e-03
2.311004e-02
2.611194e-02
8.973688e-02
4.537845e-02
5.650597e-02
-2.334041e-01
8.721186e-03
1.519855e-02
4.673926e-02
-9.135438e-03
-3.003530e-03
-2.195986e-02
4.376516e-02
-5.681907e-02
6.460265e-03
-2.823359e-02
-3.073837e-02
-4.443463e-02
1.466015e-02
1.338732e-02
-2.165678e-02
-2.726510e-03
1.077315e-02
-3.378725e-02
-1.883574e-02
-4.101723e-03
1.105428e-02
-2.958546e-02
9.080025e-03
5.924058e-03
-9.240948e-02
-5.852716e-02
8.091971e-02
-3.713968e-02
-7.510834e-03
-4.531336e-02
-4.854801e-02
4.066592e-02
4.369640e-02
2.791873e-02
-1.084935e-02
-3.995936e-02
-3.470080e-02
4.032893e-02
2.096415e-02
-1.881116e-02
-3.351556e-02
1.269047e-02
6.470192e-03
-1.951746e-02
1.876939e-02
-4.061912e-02
4.956098e-02
9.860237e-03
7.075522e-03
-2.588582e-02
-1.039387e-03
1.263556e-02
3.059556e-02
-2.231912e-03
-7.378144e-03
-2.116483e-02
2.355658e-02
2.037521e-02
-6.425390e-03
7.717489e-02
2.628672e-02
-1.019191e-01
7.758204e-02
-2.204923e-02
5.933926e-02
2.227168e-01
1.340831e-01
-2.650231e-02
1.854491e-02
7.541548e-03
-2.435985e-02
8.712213e-03
-1.204288e-03
-6.775529e-03
6.180843e-03
-8.600672e-03
1.989257e-03
4.422689e-02
-1.942434e-02
-1.376567e-02
2.553697e-02
-7.244778e-03
-1.721103e-02
-5.701476e-02
3.511949e-02
-4.172171e-03
3.095843e-02
2.735361e-02
1.712751e-03
2.298494e-02
-5.467097e-04
1.796394e-02
1.901814e-02
1.661783e-02
2.785864e-02
1.363538e-02
4.091252e-02
3.072890e-02
2.733725e-02
4.299551e-02
2.833010e-02
2.744775e-02
2.578206e-02
3.329602e-02
5.183803e-02
-6.092176e-03
2.353613e-02
-2.775070e-03
2.285120e-02
-2.465840e-02
2.183718e-02
-4.899310e-04
-3.786641e-02
4.528046e-02
-4.697391e-02
-3.419188e-02
6.692495e-02
-2.482012e-02
7.521008e-02
8.967282e-03
-1.965054e-02
2.138135e-02
-1.890388e-02
1.712454e-02
2.432195e-02
-1.105610e-02
-7.350826e-03
1.991600e-02
-6.192809e-03
-3.985367e-03
2.819786e-02
2.429132e-02
3.341594e-02
2.169726e-02
1.388922e-02
1.267583e-02
1.715638e-02
1.581675e-02
3.336598e-02
-4.231362e-02
1.963355e-02
-2.816024e-02
-3.112256e-02
1.201414e-01
-3.033031e-02
3.819123e-02
-5.711264e-03
-1.607979e-04
-4.107836e-03
3.162069e-02
-1.015769e-02
-6.816862e-02
1.502689e-02
-2.897743e-02
1.599402e-02
1.085673e-01
5.806300e-02
-1.728190e-02
1.247242e-02
-1.786196e-03
-2.146603e-02
3.492606e-02
2.506725e-02
-3.588345e-02
3.116718e-02
2.462596e-02
-2.972864e-02
-8.988850e-03
-2.380649e-02
2.304816e-02
-1.487960e-02
-4.806242e-02
-3.545030e-02
1.760956e-02
2.578176e-02
7.955274e-03
4.185610e-02
4.479311e-02
-5.461677e-02
-1.950921e-03
-1.190984e-02
5.010453e-02
1.109294e-01
6.669203e-02
-3.060273e-02
2.024554e-02
2.464171e-02
-1.725149e-02
5.949053e-02
2.753261e-02
1.320914e-02
1.911674e-02
-2.351092e-02
-6.196943e-02
-7.481471e-02
-2.845538e-02
-4.199424e-02
-1.198188e-02
-1.715778e-02
-2.139569e-02
-1.085096e-02
2.512302e-02
3.015531e-02
6.889021e-02
3.159755e-02
-2.403893e-02
1.464242e-02
-2.093876e-02
-3.257829e-02
3.434798e-02
-3.084225e-03
-6.200384e-02
-6.183652e-02
-6.413150e-02
-1.111983e-01
-1.143194e-01
-6.901864e-02
-4.884312e-02
-6.426115e-02
-4.055679e-02
-2.516508e-02
1.137512e-02
6.972337e-02
-1.056590e-01
-4.764041e-02
7.329436e-02
-2.746518e-02
-6.980428e-02
-2.690863e-02
-9.691499e-03
-5.293569e-02
-8.762521e-02
-1.695411e-02
1.287836e-03
-3.159508e-02
-5.866784e-03
-3.165079e-02
-4.190025e-02
-3.410391e-02
-4.803851e-02
-3.721024e-02
-5.389063e-02
-6.675557e-02
-4.169101e-02
2.754837e-02
2.545897e-02
4.510821e-02
-5.121374e-02
-2.215421e-02
4.542314e-02
-8.753594e-02
-4.496475e-02
-1.671759e-03
-4.267716e-02
1.032750e-02
5.980881e-02
-2.927045e-02
7.048020e-03
4.389578e-04
2.621921e-02
1.949079e-02
-1.496405e-02
1.022116e-02
-1.442950e-02
-1.299325e-02
8.773638e-02
8.396528e-02
-2.358941e-02
1.824027e-02
4.323362e-02
-9.247900e-03
-1.102797e-01
-1.037398e-01
-6.948853e-02
-6.246461e-03
-2.554077e-02
-2.355608e-02
3.095257e-02
2.984087e-02
9.113858e-03
2.187991e-02
2.094492e-02
-1.890485e-02
-1.027708e-02
-6.679638e-02
-3.539332e-02
7.269670e-02
5.226501e-02
-3.941126e-02
-3.719747e-02
1.063713e-02
-6.164903e-02
3.557883e-04
6.013386e-03
-2.046550e-02
-9.368038e-03
-4.489930e-02
-7.936042e-02
3.026563e-03
-2.558999e-02
-1.936674e-02
1.005233e-02
7.381463e-02
4.817738e-02
2.118967e-03
5.863281e-02
1.931462e-03
-5.635647e-02
-5.225042e-02
-7.924062e-02
2.154482e-03
-1.960553e-02
-9.439041e-02
-5.915499e-02
1.457309e-02
-7.507187e-02
1.793586e-02
-2.839847e-02
-3.731434e-02
7.533468e-03
2.634163e-03
3.044158e-02
-3.292301e-02
-3.590240e-02
-2.304410e-02
-4.323385e-03
9.379262e-03
9.275461e-03
-5.796368e-02
-3.425825e-02
-5.886579e-02
-1.601302e-01
-1.104034e-01
-1.259160e-01
-1.088042e-01
-3.242676e-02
-1.148150e-01
-2.613187e-02
-8.980874e-04
4.740399e-02
-2.387095e-02
-1.925189e-02
-5.819607e-03
-3.176932e-02
-6.824340e-04
-1.875743e-02
-2.393563e-02
1.527292e-02
-3.839937e-02
-2.613767e-02
6.537716e-02
2.865539e-02
-6.307155e-02
-4.138455e-02
-4.399059e-03
-2.151121e-02
-4.749207e-02
-5.306819e-02
3.136168e-03
-2.088348e-02
-3.583607e-02
2.118417e-02
5.358512e-03
-2.231751e-02
-2.458008e-02
7.301128e-03
-6.808441e-02
6.162548e-02
9.367321e-02
-2.102070e-02
-4.018100e-02
7.628930e-03
-3.838796e-02
-1.671379e-02
3.689578e-02
5.799352e-02
-5.362330e-02
-7.076392e-02
1.068229e-02
-1.332831e-02
-2.554644e-02
-3.752702e-02
2.319883e-02
6.923567e-03
-3.844514e-03
1.464758e-02
-1.288112e-02
-3.627607e-02
4.126300e-02
8.921731e-03
-3.432902e-02
1.723981e-03
2.846463e-02
-3.858177e-02
-4.854545e-02
2.971733e-02
-1.743258e-02
-1.774436e-02
-4.267218e-02
-7.429691e-02
-2.889417e-03
-1.972725e-02
-3.935279e-03
5.721461e-03
3.073589e-02
2.190273e-02
-6.912627e-02
1.281659e-02
-5.422555e-02
5.962783e-02
4.432855e-02
-1.476985e-02
7.122925e-03
4.141443e-03
-5.433333e-02
-1.343718e-02
-1.591505e-02
-8.454361e-02
2.717168e-02
-2.915747e-05
-3.706990e-02
6.809669e-02
2.085258e-02
-2.863112e-02
3.751878e-02
5.673937e-03
-2.240371e-02
2.383027e-02
6.975645e-03
-1.893409e-02
4.399239e-02
2.927544e-02
-5.342359e-02
-8.096282e-02
4.499120e-02
-2.224169e-02
-7.146858e-03
2.666841e-02
-3.902287e-02
-8.017781e-02
-2.593297e-02
-2.544735e-02
-3.040838e-02
3.162588e-02
7.071672e-02
-3.622553e-03
-1.095740e-02
-2.896900e-02
2.097785e-03
-1.028229e-02
-6.632169e-02
-3.414889e-02
3.059056e-03
-8.600976e-02
-4.687754e-02
-4.697532e-02
-6.803349e-02
-8.081452e-02
-6.548349e-02
-2.467888e-02
-4.228737e-02
-2.760621e-02
-1.257600e-02
-2.361812e-02
3.098278e-03
2.211112e-03
-3.100595e-02
1.520166e-03
-2.279731e-02
-2.510655e-02
2.958554e-02
2.238101e-02
-1.584165e-02
2.471379e-02
-3.397616e-02
6.198318e-02
7.266287e-02
-1.200003e-02
-4.705416e-02
-3.066553e-03
-5.882611e-02
-5.264964e-02
-6.739924e-03
-3.394468e-02
7.581177e-03
3.223736e-02
-4.336374e-02
-2.862563e-02
-3.452460e-02
-1.025760e-01
-5.590893e-02
1.338539e-03
-1.246394e-02
-4.556626e-03
1.188050e-01
6.687476e-02
-1.824966e-02
-2.093732e-02
-2.643383e-02
-3.096944e-02
2.707501e-02
-1.785361e-02
-1.220281e-02
2.826845e-02
-1.988827e-04
3.902405e-03
2.115896e-02
6.123807e-03
-4.750271e-02
2.808519e-02
-6.004576e-03
-7.737059e-02
8.207266e-02
2.380429e-02
-2.320045e-02
8.303039e-03
-4.648857e-02
-5.612940e-02
-3.371672e-02
-3.189894e-02
-1.394137e-02
2.465980e-02
4.100419e-02
-4.298445e-02
-1.658345e-02
-6.355367e-02
2.719159e-03
1.020911e-02
-9.728551e-03
2.297606e-02
5.340461e-02
2.856644e-02
5.281940e-02
9.319530e-02
7.726341e-02
-1.012572e-02
1.194749e-02
-1.363490e-02
1.443344e-02
-1.089089e-02
-3.360076e-02
-2.581508e-02
-1.241494e-02
6.836887e-03
-1.101638e-01
-7.217679e-03
-9.681479e-02
-1.038553e-01
2.837874e-03
-3.458516e-02
-1.128238e-01
-2.912628e-02
-6.947560e-02
6.902920e-03
1.940453e-02
1.272730e-02
1.550566e-02
4.455416e-02
2.971066e-02
1.309911e-03
4.787053e-02
7.520787e-03
2.445927e-02
8.829584e-02
8.162989e-02
2.158601e-02
9.925993e-02
9.890146e-02
-5.253140e-02
-2.838567e-02
-5.484815e-02
-4.661990e-02
-4.641021e-02
-4.348306e-02
-7.359797e-02
1.432680e-01
7.889105e-02
-1.282835e-03
3.304740e-02
-1.736838e-02
-4.519033e-02
-5.376683e-02
-9.230021e-02
-4.513476e-02
2.245894e-03
-5.179064e-02
-7.407644e-02
-9.496476e-03
-7.656389e-02
-8.001549e-03
3.117667e-02
7.637357e-04
-2.598346e-02
7.010163e-02
2.107439e-02
-9.461515e-02
4.222136e-02
-7.573150e-03
-1.858339e-02
-4.986210e-02
-4.235966e-02
1.655393e-02
-2.658534e-02
-1.126774e-02
-1.433568e-02
-2.677277e-02
-2.446902e-02
-1.571681e-02
2.130602e-02
7.916428e-03
2.218314e-02
9.380366e-02
3.013159e-02
-4.851251e-02
-1.980017e-02
-5.317273e-02
3.904581e-02
1.368489e-02
2.274168e-02
2.437709e-02
-1.872470e-02
-2.591751e-02
-4.230265e-02
-2.963796e-02
-3.461259e-03
8.006225e-03
1.612595e-02
-7.248577e-03
1.607826e-02
1.827349e-02
-2.276936e-02
-9.060883e-03
3.182280e-02
-3.604843e-02
3.765588e-02
8.079651e-02
-6.272179e-02
6.563778e-02
1.023049e-01
-9.772795e-02
-1.657416e-02
4.349454e-02
-3.781225e-02
-2.705414e-02
-1.400512e-02
3.731502e-02
-1.479342e-04
1.807708e-02
5.668590e-02
1.304950e-04
1.780944e-02
1.935969e-02
2.082231e-02
3.981702e-02
-6.839243e-02
-1.749269e-02
1.936866e-02
-6.784169e-02
4.933852e-02
5.689547e-02
-4.275629e-03
8.895759e-03
1.067819e-02
7.218215e-03
-1.470053e-02
1.094742e-02
2.033815e-02
-2.389169e-02
-2.050574e-02
-9.856110e-04
8.087367e-03
1.802227e-02
2.255625e-02
5.820129e-02
6.356076e-02
4.056183e-02
5.099176e-02
5.668408e-02
2.396600e-02
-1.921502e-03
2.176204e-03
5.098079e-02
-3.693463e-02
-5.865859e-02
3.855220e-03
6.211757e-06
1.747360e-02
3.201264e-02
2.284657e-02
2.988751e-02
6.955927e-02
2.558010e-02
2.488289e-02
6.109571e-02
2.358511e-02
-2.319792e-02
2.183225e-02
-6.968518e-02
-9.450658e-02
-9.701509e-02
-2.726389e-02
-5.183510e-02
-7.008177e-02
4.223987e-02
3.100557e-03
-1.834859e-02
5.927416e-02
6.242737e-02
1.533633e-02
2.827407e-02
3.475943e-02
-4.970383e-03
-3.970567e-02
-3.370842e-02
-3.511863e-02
6.022349e-03
6.684263e-02
-3.752402e-02
3.366155e-02
2.355870e-02
-7.641225e-02
-1.002482e-02
-5.720203e-02
-4.641712e-02
-3.974333e-02
-5.014711e-02
1.961351e-02
-1.920805e-02
-2.732655e-02
1.206568e-03
-4.427183e-02
-4.130093e-02
-2.665256e-02
-9.851582e-03
4.055236e-02
-5.727338e-02
2.157837e-02
9.977359e-02
-1.385885e-03
-1.730994e-02
3.616825e-02
6.272139e-03
2.366579e-02
6.040249e-03
4.978545e-03
5.404503e-02
7.544977e-04
-1.017134e-02
-4.173966e-02
-4.792550e-03
1.858733e-02
5.683963e-03
2.816342e-03
1.186621e-02
2.153646e-02
1.722833e-02
-6.283187e-03
-2.747469e-02
2.455170e-03
-2.510452e-03
-4.892957e-03
5.126089e-02
-1.617327e-02
-2.300535e-02
-2.072548e-02
-3.953907e-02
-6.971909e-02
2.556412e-02
-3.207691e-02
-8.995005e-02
-5.483602e-02
-8.873452e-02
5.389581e-03
-3.778837e-02
2.693672e-02
-1.687382e-02
-5.589857e-02
2.716161e-03
-2.723291e-02
-1.531824e-02
6.530509e-03
-8.015719e-02
-4.392723e-02
-3.111970e-02
1.710500e-02
5.316718e-02
-2.811435e-03
4.127319e-02
3.740311e-02
-2.895326e-02
2.809888e-02
1.232390e-02
-3.441214e-02
-4.333847e-03
-3.676505e-02
-2.175539e-02
9.521551e-02
1.020645e-01
-9.515194e-02
6.674093e-02
-1.697714e-02
-3.402898e-02
-1.703064e-01
-5.833746e-02
-8.692209e-02
2.987821e-03
9.734114e-03
-4.001747e-02
-5.904356e-02
-3.382057e-02
-6.524061e-02
-3.246979e-02
-1.758706e-02
-1.386128e-02
-1.312903e-02
2.235951e-03
2.498371e-02
-4.605452e-02
-1.754334e-02
7.977902e-03
-3.894790e-02
-1.973017e-02
3.582672e-03
1.342593e-02
4.696745e-04
-2.209201e-02
-1.274357e-01
3.988812e-02
-1.395645e-01
-7.994299e-02
-3.431963e-02
-8.035835e-04
-5.289941e-02
2.959010e-02
-8.297850e-02
-8.765314e-04
-2.008981e-02
-6.102606e-02
-2.919438e-02
-1.198690e-02
-4.200745e-02
8.724336e-02
2.103278e-02
-9.733169e-03
7.635780e-02
6.315130e-03
6.643968e-03
-5.749880e-02
-4.864299e-02
-6.706751e-02
-4.207430e-02
-2.317159e-02
5.697191e-03
-2.508542e-02
-1.310571e-02
-3.949624e-03
7.322812e-03
2.096351e-02
4.465478e-02
-1.043759e-01
4.323780e-02
-1.440046e-02
1.672461e-02
-1.165252e-01
9.449425e-02
-1.018113e-02
-1.605829e-02
-4.395017e-02
-1.487457e-02
-2.066320e-02
2.696035e-03
-1.971978e-02
2.815471e-02
-3.144824e-02
-1.108184e-02
6.786273e-02
4.809942e-03
-4.215756e-02
-1.778929e-01
-7.441074e-02
2.597148e-02
-4.178995e-02
2.866248e-02
5.920371e-02
9.174814e-02
7.097873e-02
-9.668306e-02
2.220633e-02
4.762895e-02
-9.477834e-02
5.164783e-02
-4.346256e-03
-2.770552e-02
3.412215e-02
-3.730524e-02
-6.669279e-03
-1.974580e-02
-8.127579e-03
-5.065999e-03
-2.687117e-02
3.772815e-03
4.024774e-02
2.899018e-02
3.234136e-02
-6.715483e-02
3.052816e-03
-2.514437e-02
-1.659087e-02
1.172189e-02
-3.963058e-02
-5.120999e-02
3.396299e-02
-1.288484e-01
-1.412209e-02
-1.937999e-02
-4.170744e-02
-1.263919e-02
-6.015875e-03
2.704233e-02
-4.669230e-02
-3.811754e-02
-2.096042e-02
6.357083e-02
1.302647e-01
8.492944e-02
-4.668566e-03
6.613938e-02
3.402357e-02
-9.459104e-02
-9.542635e-02
-1.907468e-02
1.690282e-02
2.333586e-02
6.219782e-03
1.692656e-02
3.425653e-02
-3.910604e-03
-1.031528e-02
2.472574e-02
1.495183e-02
-9.950171e-03
-1.067299e-02
-5.617000e-02
1.306134e-02
7.336719e-02
-3.522778e-02
1.822040e-02
5.680879e-03
-5.251189e-02
-2.771394e-02
-2.268803e-02
1.197551e-02
-5.976345e-03
-5.326572e-02
-2.695818e-02
-5.113358e-02
-2.675336e-02
-9.497530e-04
-1.719654e-02
-2.357263e-02
-3.722967e-02
-1.856345e-02
-2.467615e-02
-3.115425e-02
1.093053e-02
1.940903e-02
3.388467e-02
1.196484e-02
-8.137896e-02
2.444009e-02
-4.911711e-02
-7.154590e-02
-8.833139e-02
-1.621098e-02
-5.275786e-02
-4.991623e-02
-1.779829e-02
7.420364e-03
-4.550493e-02
-4.742036e-02
1.972361e-02
1.910253e-02
-6.148171e-02
3.532831e-02
2.247961e-02
5.070468e-02
2.259669e-02
-9.727466e-03
3.544967e-02
1.923184e-02
-5.293254e-02
1.366331e-02
2.864073e-02
-2.942965e-02
-1.201941e-02
-4.916676e-03
2.067097e-03
2.841756e-02
4.167547e-02
4.712705e-02
1.677384e-02
2.772193e-02
2.461963e-03
-1.594532e-02
-4.691778e-02
-3.024644e-02
-4.297210e-02
1.190359e-01
-2.688988e-02
-9.886737e-02
-1.005041e-04
-7.560200e-02
9.228143e-03
-9.358542e-05
-4.304795e-02
2.374487e-02
3.604253e-02
-1.427389e-02
-2.049489e-02
-6.287289e-02
-5.978497e-02
5.994165e-03
-1.951683e-02
8.844836e-03
3.678500e-02
4.098120e-02
-5.432881e-02
9.123422e-03
9.642223e-02
-4.171985e-02
1.340457e-02
5.554815e-03
-2.921576e-02
2.404941e-02
-9.012874e-03
3.267853e-02
7.474340e-03
3.383521e-03
3.403256e-02
1.100233e-02
3.770715e-02
5.830885e-04
5.188888e-02
8.113811e-02
3.046820e-03
-2.852973e-02
-7.643289e-03
-3.618114e-02
-2.829721e-02
-4.896857e-03
7.240885e-02
-2.780720e-02
-2.647731e-02
5.138170e-02
5.542405e-02
-2.210332e-02
-6.225707e-02
-3.033495e-02
-5.051138e-02
-6.028845e-03
3.309406e-02
-2.350290e-02
4.770124e-02
-1.267732e-02
-1.383879e-01
-5.149401e-02
1.526714e-02
1.809178e-02
1.473103e-02
-1.970665e-03
6.726071e-03
-7.775469e-03
-8.659242e-03
-7.469988e-02
-2.462057e-02
-2.535887e-02
1.640891e-03
-1.192097e-02
4.375032e-03
-9.292100e-03
8.009550e-03
1.883010e-02
-4.238958e-02
1.352757e-02
-5.678082e-02
-7.628147e-02
9.102838e-03
-1.267449e-02
-1.952122e-02
1.405341e-02
-1.737171e-02
2.881162e-02
-1.554826e-02
-4.696700e-03
-1.759720e-02
-5.042796e-02
-1.070367e-01
-1.181157e-01
-6.970257e-02
-5.689915e-02
-6.929400e-02
-5.919379e-02
-3.870500e-02
-3.461709e-02
-3.350446e-02
-5.358591e-02
-7.280569e-02
-5.406743e-02
-6.124966e-03
-3.538071e-02
-5.179616e-02
-3.511051e-02
-2.205935e-02
-2.158203e-03
-2.589848e-02
8.282900e-02
-3.725677e-02
-2.160371e-02
-1.316345e-01
-1.830511e-02
1.904735e-02
-2.065547e-02
-7.003840e-02
4.969088e-02
-1.793871e-02
-1.404775e-02
1.011354e-02
-5.248265e-03
4.457697e-02
-6.581932e-02
-9.626104e-02
-2.702790e-02
-5.397799e-02
-3.655745e-02
2.267389e-02
-7.254551e-04
4.987020e-02
4.691601e-02
5.950293e-03
-1.965442e-02
-2.552720e-02
3.706909e-02
3.668441e-02
-5.468782e-03
7.130861e-02
8.675464e-02
5.243817e-02
-3.555436e-02
-1.474209e-01
-5.276848e-02
9.202365e-02
-5.350739e-02
4.558280e-03
1.987106e-02
5.145702e-02
-1.322105e-03
-2.756453e-02
7.686527e-03
-2.855755e-02
2.820466e-02
6.749725e-02
-9.756039e-03
-3.111815e-02
-2.289518e-02
-7.478756e-03
-1.876114e-04
-4.557287e-02
1.901440e-03
-1.886993e-02
-2.499807e-02
1.706231e-02
-4.984832e-02
2.763173e-02
1.038858e-02
-2.868678e-02
-7.096681e-04
6.548607e-02
-5.775309e-02
6.664694e-03
5.013423e-02
2.653534e-02
-3.738455e-02
-8.852121e-02
-5.879052e-03
-5.492644e-03
-3.375378e-02
3.068471e-02
1.369992e-02
-2.129243e-02
3.002477e-02
9.171077e-03
-2.625094e-03
-3.862502e-03
-7.700210e-03
-1.183466e-02
-1.665558e-02
4.814457e-03
-6.633788e-02
3.049582e-02
-1.898052e-02
-4.540467e-02
-6.256514e-02
-2.693553e-02
-1.164115e-02
-2.982072e-02
-2.910712e-03
-7.422350e-03
-3.448382e-02
8.882739e-04
-3.970812e-02
-7.276619e-03
-1.301444e-02
-4.561235e-03
-3.668110e-02
-1.110610e-01
-4.949578e-02
4.244252e-02
-4.760799e-03
2.697856e-02
-1.268691e-04
-1.876904e-02
2.891620e-03
-1.052709e-02
-2.078328e-02
-8.613658e-03
-2.348543e-02
-2.570490e-02
8.802096e-03
-7.432657e-02
-1.025641e-02
2.906135e-02
-5.422382e-02
1.199584e-01
-1.527488e-02
3.345519e-02
-3.941238e-02
-2.895650e-02
3.934998e-02
6.859271e-03
4.997117e-02
7.531878e-03
-6.929855e-03
3.106173e-02
8.246302e-03
-8.433023e-04
1.452484e-02
-1.372911e-02
-2.692230e-03
-2.971439e-02
-3.093810e-02
-2.676968e-02
-3.517150e-03
7.526577e-03
2.170761e-03
1.483916e-02
3.074299e-03
-9.791196e-03
-8.997363e-03
-1.611865e-02
-2.282201e-01
6.590036e-03
-6.890717e-03
-2.340375e-03
-5.085298e-02
-3.081281e-02
-4.339227e-02
-8.618551e-02
-8.565867e-02
-2.471267e-02
-6.574745e-02
-5.226747e-03
-4.429511e-02
2.039143e-02
-4.914382e-02
5.678635e-04
-2.196325e-02
-1.215097e-01
-1.962701e-02
-9.627962e-03
-3.153707e-02
-1.720867e-02
4.094076e-02
-3.477459e-02
-3.554719e-02
-1.607795e-02
5.321991e-03
6.947740e-03
-8.220640e-03
-7.557215e-02
-4.915011e-02
-1.064126e-01
-2.396982e-02
-1.080285e-01
5.178869e-03
-1.413414e-01
7.292531e-02
-1.846368e-01
-4.897723e-02
-1.128488e-01
-4.139739e-02
-5.702668e-02
-2.870207e-02
-4.032667e-02
-5.281480e-02
-1.815554e-01
-5.924207e-03
2.484748e-02
-4.061506e-02
3.541286e-02
4.095354e-02
3.901445e-02
-7.499434e-02
1.098035e-02
4.749258e-02
-6.002622e-02
-9.992458e-03
-1.412601e-02
-3.009626e-02
-1.343558e-02
-1.064610e-02
-1.612239e-03
-2.388500e-02
-4.504163e-02
1.266946e-03
-4.917160e-02
-1.115073e-02
-1.607305e-02
4.917818e-02
3.621209e-02
-4.276527e-03
2.058602e-02
2.193823e-02
-4.736612e-02
2.463256e-02
2.859150e-02
-8.142281e-03
9.172500e-03
-2.113692e-02
-1.653642e-01
-1.999103e-02
-4.216748e-02
-4.530292e-03
-3.905475e-04
5.447575e-02
5.317811e-02
-3.657571e-02
2.433985e-02
-4.900954e-02
-2.522130e-02
4.671645e-02
-2.612642e-02
-3.204779e-02
-1.625569e-02
-8.436704e-02
-3.022102e-02
-1.146985e-01
-1.668940e-02
3.767841e-02
8.740086e-02
2.764117e-03
3.915648e-02
1.285059e-01
5.867125e-03
2.442655e-02
1.485670e-02
5.572630e-03
-3.221790e-03
5.161992e-04
-6.896010e-03
-2.911409e-02
-4.413984e-03
-2.302129e-02
3.515337e-02
-4.222918e-03
-9.713268e-03
4.134909e-02
-3.001069e-02
-4.025694e-02
1.791144e-02
-2.669462e-02
-2.786460e-03
-4.219049e-02
-1.868284e-03
-5.249735e-02
-5.321121e-02
-3.562573e-02
-3.699438e-02
-5.758768e-02
-5.104632e-02
-8.069859e-02
1.451560e-03
9.067160e-03
-2.978138e-03
2.480830e-02
4.029693e-02
2.839750e-02
-1.716206e-02
-8.798215e-03
-1.490157e-03
-7.407171e-02
-5.952414e-02
-1.045964e-01
-2.402712e-02
3.930796e-02
3.990414e-03
-4.204290e-02
-5.511018e-04
-4.105842e-02
-1.155450e-02
-3.777477e-02
4.328064e-03
1.928935e-02
-4.399813e-02
1.025109e-02
-2.745552e-02
-4.332775e-03
-5.759168e-02
9.183407e-03
1.099966e-02
1.698160e-04
5.945940e-04
-4.034682e-02
-1.360086e-02
6.535704e-02
-4.407069e-02
2.011165e-02
-4.260647e-02
-4.169549e-03
-8.198469e-03
-5.377111e-02
-3.294948e-02
-3.405905e-02
-8.753654e-02
-6.195199e-02
-5.982572e-02
-5.718869e-02
-1.302878e-02
-2.945995e-02
2.743158e-02
7.082262e-02
-1.722712e-02
-5.389729e-05
-8.236203e-02
-2.581670e-02
1.994318e-02
-1.178085e-01
1.620496e-02
-2.065542e-02
-8.253792e-02
-3.045495e-02
-1.947346e-02
-4.067483e-02
-1.953995e-02
-5.737467e-02
4.676802e-02
-5.193711e-02
-7.023457e-04
1.220118e-02
1.087836e-02
9.089765e-04
-1.002942e-01
1.004419e-02
-3.319027e-02
-3.318040e-02
-3.506491e-02
-4.635208e-02
1.388881e-02
2.252433e-02
-4.927140e-02
1.378652e-02
-7.571294e-02
2.789575e-02
-1.567932e-03
-6.117630e-03
5.934443e-02
3.557830e-02
1.082083e-02
4.828898e-02
4.350385e-02
1.510678e-02
