-4.509073e-02
1.790278e-02
6.110465e-03
-2.974873e-02
-1.815438e-02
-3.355809e-02
8.440671e-03
-3.929751e-02
3.678597e-02
2.291095e-02
-1.576670e-02
-3.998768e-02
-7.041289e-02
2.852060e-02
-1.403569e-02
2.427253e-02
-5.123253e-02
-2.170712e-02
-2.994947e-02
3.466063e-02
-7.954286e-03
-1.013643e-02
5.420394e-02
1.800956e-02
-2.462133e-03
-1.163434e-02
4.091252e-02
-3.936942e-03
5.588545e-03
-2.812311e-02
2.291995e-02
-2.330236e-03
2.242403e-02
3.014424e-02
-1.243294e-02
-3.881637e-02
1.305259e-02
-4.491264e-03
1.612915e-02
1.104496e-02
-4.205205e-02
-2.574959e-02
7.101263e-03
-1.647167e-02
-2.515004e-02
-4.116038e-03
4.425065e-02
5.769658e-03
-3.395142e-02
1.488180e-03
-3.053895e-02
-6.286417e-02
-2.544424e-02
6.134192e-03
3.491757e-02
8.177727e-02
3.962850e-02
-6.552197e-02
-3.676607e-02
-2.014356e-02
-5.053141e-02
-6.406680e-03
1.361309e-02
4.375580e-02
