7.524418e-02
6.809046e-03
-1.227850e-02
-1.287263e-01
1.957348e-02
9.890491e-02
1.810140e-04
1.473279e-02
1.837621e-03
-9.382772e-02
-4.663995e-02
7.620884e-02
-2.779206e-01
-1.918711e-02
1.979480e-01
-2.851968e-02
4.206328e-02
8.922357e-02
1.547820e-02
-3.357755e-02
-1.479852e-03
-2.621340e-01
-4.050129e-02
1.438677e-01
-1.392100e-02
3.755054e-02
4.985946e-02
1.019864e-01
2.743281e-01
-5.585102e-02
2.800693e-02
1.502016e-01
-2.758782e-03
-5.283572e-02
-3.273495e-01
-4.926354e-02
-8.435058e-02
-3.656250e-03
1.316561e-03
-6.541470e-02
-4.861997e-02
-2.476302e-03
1.360597e-01
-1.150629e-01
5.224243e-02
-1.804846e-01
-8.235861e-02
-4.863996e-02
-8.798313e-02
6.196001e-02
-1.762253e-03
1.780955e-01
9.450217e-02
1.015306e-01
1.146118e-01
-3.099634e-03
3.806286e-02
3.645848e-02
-1.413294e-01
-5.322220e-03
4.984671e-02
-1.851398e-02
7.953262e-02
1.443943e-02
-8.365947e-02
3.333121e-02
-9.724298e-02
-2.796801e-01
-9.912850e-02
-4.267077e-03
-9.757958e-02
1.145891e-02
2.674351e-02
-2.493857e-02
6.208563e-02
-3.634917e-02
-2.111134e-01
-4.153159e-02
4.663093e-03
-9.591941e-02
-1.875276e-02
-1.986527e-02
-1.094363e-01
1.271704e-02
-1.924103e-02
-2.005257e-01
-1.108984e-01
8.775345e-02
-1.150486e-01
-5.047042e-02
4.271746e-02
5.208914e-03
7.400360e-02
6.390852e-03
-6.343535e-02
1.473703e-02
2.612331e-02
-9.622004e-02
2.439934e-03
8.634583e-02
6.517459e-02
6.882697e-02
7.599694e-02
8.229131e-02
1.156766e-01
2.668168e-02
-1.933062e-02
8.230549e-02
1.019675e-01
-8.290596e-02
1.188626e-01
3.258306e-02
-1.171431e-01
-2.796243e-01
2.181683e-02
-1.526338e-01
-8.828858e-02
1.042884e-03
-5.179213e-03
-2.607346e-03
1.498784e-01
2.874554e-01
-6.191716e-02
7.589129e-02
1.419428e-01
7.595947e-02
-8.063734e-02
-1.609777e-01
-1.019841e-02
-1.469340e-01
1.480474e-01
1.162432e-01
-1.950739e-01
-9.456401e-03
1.131758e-01
5.758720e-02
1.420976e-01
3.497942e-02
2.877556e-02
-1.562293e-02
1.028779e-02
-1.629885e-02
-1.907140e-01
-7.527874e-02
2.892719e-02
1.422785e-01
3.260057e-02
-4.418495e-02
-1.633044e-02
1.240051e-02
-8.338100e-03
-1.190843e-01
-1.187848e-02
-1.498302e-02
1.145038e-01
-8.277609e-03
-8.557302e-02
-1.903815e-02
1.166112e-02
-1.209767e-04
-7.403468e-02
4.386123e-02
7.206908e-02
9.777394e-02
5.866209e-02
5.372084e-03
3.005000e-02
1.659549e-02
-2.956551e-02
-4.632115e-02
-7.483341e-02
-1.813332e-03
3.051800e-02
4.450038e-02
-5.221206e-02
-1.818042e-02
1.451225e-02
-5.455383e-02
-7.300793e-02
-7.426450e-02
1.405755e-02
7.559205e-02
3.291492e-02
5.086527e-02
1.200638e-01
7.251570e-02
1.194161e-02
3.164915e-02
-1.370680e-02
5.301475e-02
1.306193e-01
-5.719712e-02
2.661248e-01
-4.268882e-01
6.228399e-02
9.733527e-03
1.082202e-01
-9.944373e-02
-3.165533e-02
7.870749e-02
-4.258839e-02
9.258614e-02
-4.275078e-01
1.262636e-01
3.314901e-02
1.756114e-01
4.434822e-02
-7.913978e-02
2.118767e-01
2.271683e-02
-4.304001e-02
-3.121192e-01
1.593889e-01
-5.226450e-02
1.575348e-02
5.324808e-02
-1.164849e-02
-5.322398e-02
3.174403e-02
2.484176e-01
2.083012e-03
-1.872388e-01
6.512213e-02
1.737144e-02
1.908629e-02
3.121947e-02
-2.005967e-03
4.746871e-02
1.424466e-01
-6.673576e-02
-2.502485e-01
-3.792768e-02
-7.509898e-02
-4.676681e-02
-1.973590e-02
2.896603e-02
5.720889e-02
1.135726e-01
3.893100e-02
-1.544623e-01
-2.049200e-02
2.093765e-02
1.222085e-02
-5.039904e-02
-1.212897e-01
-2.941036e-02
-1.344768e-01
-1.139726e-01
-6.765189e-02
-1.586438e-02
-3.707510e-02
-1.420355e-02
4.244877e-02
1.319555e-01
8.566494e-02
4.616812e-02
2.562539e-01
1.405123e-01
1.892484e-02
1.608590e-01
8.094633e-02
7.986809e-02
6.103882e-03
2.149925e-02
-9.589375e-02
-5.006992e-02
-7.675264e-02
-6.609123e-02
-1.005002e-01
-1.727630e-01
4.426934e-02
4.798679e-02
4.649110e-02
-4.241098e-02
-6.798334e-02
-2.854097e-02
-5.372188e-02
-9.089594e-02
-7.281376e-02
4.876032e-02
4.981722e-02
5.354232e-02
-3.789832e-02
-7.262286e-02
-3.637171e-02
-9.105089e-03
-5.667870e-02
-4.776240e-02
3.313184e-02
4.033908e-02
7.338236e-02
-3.347912e-02
-5.904236e-02
2.536442e-03
-3.761858e-02
-7.544781e-02
-3.192772e-02
-1.060105e-01
-1.168218e-01
7.043132e-02
-2.739878e-01
4.826278e-01
6.235598e-02
-1.112574e-01
-7.231610e-02
1.190947e-01
1.273189e-01
-2.858966e-02
1.980807e-02
3.372708e-03
2.904897e-01
-1.414641e-01
7.361245e-02
-2.349487e-01
-4.158669e-02
1.702632e-02
-1.509297e-01
-6.526113e-02
-8.289865e-03
2.994445e-01
-2.427902e-01
7.095459e-02
2.367965e-02
-6.584200e-02
-1.860573e-02
-2.066948e-01
2.691305e-02
-4.541606e-02
-2.877626e-01
2.355864e-02
3.701994e-02
1.359257e-01
6.087837e-02
1.231812e-01
-6.936888e-02
2.041242e-02
3.179873e-02
-1.843137e-01
2.378162e-02
-1.677913e-02
1.094229e-01
1.288603e-02
1.149693e-01
-8.184538e-02
-2.735703e-02
4.007252e-02
-2.221033e-01
-1.977870e-02
4.080852e-02
6.609438e-02
-2.325994e-04
-7.972139e-02
-9.854383e-02
-1.684605e-01
7.945301e-02
2.575986e-01
-6.133979e-02
9.432258e-02
2.650762e-01
-5.697783e-02
-6.780364e-03
2.484797e-03
5.690587e-02
-1.061068e-01
2.148785e-02
4.385646e-02
-7.831396e-02
-1.764667e-02
6.267996e-02
1.181956e-01
1.025064e-01
1.038693e-01
-5.957036e-02
-4.691821e-02
3.600912e-03
-1.676354e-01
-1.787634e-01
-7.826071e-02
3.873849e-03
6.057437e-02
-3.272068e-02
-2.922022e-01
-1.424044e-02
3.362269e-01
-2.286003e-02
5.909326e-02
4.852320e-02
5.798526e-02
6.626397e-03
-1.606730e-02
-1.990728e-01
-2.346738e-01
7.241233e-02
9.675106e-02
-9.846837e-02
-1.259445e-01
1.094935e-01
6.333858e-02
-1.222601e-01
1.230279e-01
1.743217e-02
8.183609e-02
1.479664e-01
-2.748210e-02
-8.526894e-02
-1.349148e-02
3.403245e-02
3.136613e-02
7.321770e-02
1.288140e-01
1.066715e-01
-6.772787e-03
1.893609e-02
-1.164336e-02
-3.004413e-02
2.791111e-03
9.717396e-03
6.240349e-02
1.009971e-01
7.676060e-02
1.356049e-03
1.925373e-02
-9.522055e-03
-7.211930e-02
-1.681671e-02
1.222574e-02
-5.251268e-02
-4.809198e-04
-1.402045e-02
-4.547343e-02
-1.459371e-02
-3.394529e-02
