7.010321e-01
6.325656e-01
5.011852e-01
1.007807e+00
7.305577e-01
6.220861e-01
1.096681e+00
8.658502e-01
7.250375e-01
6.480025e-01
6.270105e-01
1.008955e+00
8.747159e-01
7.038609e-01
4.966502e-01
1.092420e+00
8.315994e-01
1.111725e+00
1.058195e+00
1.123365e+00
8.480735e-01
7.690297e-01
9.912925e-01
1.022878e+00
7.982851e-01
7.793785e-01
5.281499e-01
6.687990e-01
8.220489e-01
6.656271e-01
1.068957e+00
7.382100e-01
7.759135e-01
8.689101e-01
7.583042e-01
7.012642e-01
6.506962e-01
9.316162e-01
6.183997e-01
1.319786e+00
7.638257e-01
4.796242e-01
8.666686e-01
7.814613e-01
5.926127e-01
7.022504e-01
8.240879e-01
9.135050e-01
8.069678e-01
9.927995e-01
1.106653e+00
1.230582e+00
9.818797e-01
9.017709e-01
1.621252e+00
7.557341e-01
6.069792e-01
7.815347e-01
8.623733e-01
7.179406e-01
8.494260e-01
5.867653e-01
6.199043e-01
8.375908e-01
