1.217517e-02
1.294279e-02
1.639585e-02
9.918156e-03
8.145015e-03
1.129852e-02
1.207990e-02
8.630230e-03
9.192221e-03
1.145801e-02
1.098648e-02
1.190148e-02
1.088173e-02
1.091511e-02
1.289717e-02
1.085682e-02
1.388177e-02
1.025344e-02
1.141456e-02
1.218944e-02
8.978529e-03
9.555458e-03
1.656580e-02
1.056445e-02
7.877133e-03
8.884284e-03
9.117985e-03
1.061545e-02
1.001719e-02
9.081098e-03
9.565053e-03
9.064751e-03
1.216011e-02
7.331381e-03
6.289629e-03
1.602393e-02
9.021592e-03
1.075467e-02
9.426516e-03
1.033951e-02
9.896258e-03
9.380607e-03
1.037660e-02
9.767037e-03
8.967023e-03
1.099417e-02
9.372012e-03
9.543480e-03
1.111155e-02
1.673764e-02
1.848403e-02
1.224353e-02
9.448317e-03
7.727363e-03
1.271872e-02
1.731486e-02
1.289225e-02
1.334949e-02
1.175144e-02
1.225962e-02
1.127708e-02
1.192795e-02
8.778205e-03
8.282267e-03
