2.386413e+00
1.433336e+00
1.736173e+00
2.131271e+00
1.389619e+00
1.630940e+00
1.823546e+00
1.650065e+00
2.116795e+00
1.362790e+00
2.200505e+00
1.495466e+00
1.688613e+00
1.930992e+00
1.469013e+00
2.416691e+00
1.540720e+00
2.217999e+00
1.699714e+00
2.053347e+00
2.231885e+00
1.400386e+00
1.657631e+00
1.469555e+00
1.712315e+00
2.688614e+00
1.735699e+00
1.647480e+00
1.867392e+00
1.545193e+00
1.849523e+00
1.222747e+00
1.835708e+00
1.668843e+00
1.523124e+00
2.066960e+00
1.578487e+00
1.210861e+00
2.465603e+00
2.040644e+00
2.114721e+00
1.665158e+00
1.462126e+00
1.962584e+00
2.034259e+00
1.856773e+00
1.448068e+00
1.690938e+00
1.907258e+00
1.843893e+00
1.792076e+00
1.670841e+00
1.707839e+00
1.611316e+00
2.124363e+00
1.929115e+00
2.009998e+00
1.812665e+00
1.707027e+00
2.420013e+00
1.307856e+00
1.655947e+00
1.679751e+00
1.592205e+00
