1.364452e-01
1.163489e-01
1.183380e-01
1.114184e-01
1.173010e-01
1.277838e-01
1.259719e-01
1.269522e-01
1.167034e-01
1.270104e-01
1.223036e-01
1.302878e-01
1.247394e-01
1.343604e-01
1.296607e-01
1.337340e-01
1.381467e-01
1.200486e-01
1.326632e-01
1.263192e-01
1.331780e-01
1.178482e-01
1.294004e-01
1.218679e-01
1.309817e-01
1.196555e-01
1.268223e-01
1.298443e-01
1.389748e-01
1.197884e-01
1.247286e-01
1.370182e-01
1.218531e-01
1.196483e-01
1.220963e-01
1.361162e-01
1.261015e-01
1.397816e-01
1.271901e-01
1.311747e-01
1.128149e-01
1.369888e-01
1.289791e-01
1.268553e-01
1.300747e-01
1.413431e-01
1.286330e-01
1.206592e-01
1.342243e-01
1.301451e-01
1.324859e-01
1.244769e-01
1.196320e-01
1.202503e-01
1.342174e-01
1.260642e-01
1.168050e-01
1.285731e-01
1.379748e-01
1.227126e-01
1.153893e-01
1.343458e-01
1.145392e-01
1.308692e-01
