2.223667e-03
3.781055e-03
2.077764e-03
3.101549e-03
2.091739e-03
2.947735e-03
2.969299e-03
2.682311e-03
2.867969e-03
3.225174e-03
2.281287e-03
2.458889e-03
2.470296e-03
2.153488e-03
1.915968e-03
1.878766e-03
6.104090e-03
2.229033e-03
2.221722e-03
2.993430e-03
3.038643e-03
2.409315e-03
2.503113e-03
3.882590e-03
2.184267e-03
2.849868e-03
2.562161e-03
2.238041e-03
2.484742e-03
2.914428e-03
2.203263e-03
2.224477e-03
2.275684e-03
1.643763e-03
2.136776e-03
2.200928e-03
2.276824e-03
2.969231e-03
3.273415e-03
3.064317e-03
2.227251e-03
2.601509e-03
2.368887e-03
2.281096e-03
2.033158e-03
2.683744e-03
2.199612e-03
2.662875e-03
2.829347e-03
3.026105e-03
2.455966e-03
1.993570e-03
2.259660e-03
2.317242e-03
2.552908e-03
2.718785e-03
2.943739e-03
3.261041e-03
3.966063e-03
2.318489e-03
2.463765e-03
1.956418e-03
2.333011e-03
2.922465e-03
