1.172356e-01
1.308603e-01
1.133162e-01
1.436897e-01
1.196489e-01
1.470207e-01
1.430281e-01
1.452860e-01
1.473508e-01
1.188268e-01
1.313526e-01
1.287072e-01
1.454188e-01
1.246247e-01
1.253072e-01
1.092956e-01
9.866291e-02
1.116249e-01
1.264121e-01
1.238321e-01
1.333038e-01
1.164478e-01
1.438107e-01
1.596511e-01
1.202907e-01
1.245213e-01
1.345540e-01
1.258844e-01
1.381095e-01
1.148925e-01
1.220923e-01
1.337140e-01
1.136585e-01
1.020937e-01
7.188226e-02
1.093191e-01
1.189774e-01
1.482613e-01
1.378775e-01
1.369496e-01
1.469167e-01
1.222283e-01
1.154172e-01
1.193389e-01
1.071463e-01
1.270634e-01
1.241104e-01
1.432919e-01
1.276913e-01
1.247169e-01
1.197725e-01
1.207688e-01
1.252608e-01
1.160498e-01
1.178812e-01
1.301750e-01
1.440561e-01
1.608968e-01
1.549444e-01
1.166337e-01
1.372854e-01
1.067024e-01
1.276431e-01
1.478449e-01
