7.735897e-03
-5.787643e-03
-6.213084e-03
-2.313693e-02
-5.510280e-03
-4.489345e-03
-2.530458e-02
-1.492207e-02
7.374786e-03
-1.726091e-02
-7.757672e-04
-1.130751e-03
-1.424229e-02
7.155658e-03
-2.083054e-02
-1.760367e-02
1.573350e-02
1.632448e-02
-3.164642e-02
-7.182821e-03
3.700347e-03
-3.246715e-02
2.487404e-02
1.073118e-02
-9.063046e-03
-3.353108e-02
-3.583640e-02
-1.265669e-02
-2.652874e-02
-5.789497e-04
-2.740167e-02
-1.968032e-02
-4.650900e-02
-2.338365e-03
-2.454465e-02
1.071874e-02
-1.444563e-02
-9.474696e-03
-1.541142e-02
-2.334062e-02
-2.511672e-02
-1.310745e-02
-3.715603e-02
-3.301999e-02
1.375885e-04
-8.921901e-03
-1.923847e-03
-3.616282e-02
-3.620665e-02
-2.409685e-02
-1.879314e-02
-1.927740e-02
-4.845072e-03
1.170727e-03
-2.395038e-02
-9.122594e-03
-2.089742e-02
1.587042e-02
-8.113693e-03
-1.907855e-02
-2.028747e-02
1.171749e-03
-4.223275e-03
-4.156329e-02
