-4.515452e-01
-2.410581e-01
-3.683267e-01
-3.955992e-01
-4.847987e-01
-4.772537e-01
-3.995881e-01
-7.288854e-01
-3.976623e-01
-2.672330e-01
-5.501434e-01
-2.891508e-01
-3.194077e-01
-5.038246e-01
-5.126179e-01
-5.833830e-01
-5.728312e-01
-4.961636e-01
-1.963976e-01
-3.878498e-01
-2.048736e-01
-3.981456e-01
-3.877951e-01
-5.488186e-01
-1.997975e-01
-1.612663e-01
-2.861592e-01
-2.561067e-01
-3.211675e-01
-3.212435e-01
-2.853408e-01
-3.967562e-01
-2.043339e-01
-2.331605e-01
-4.230448e-01
-2.055934e-01
-1.893559e-01
-5.301148e-01
-1.031595e-01
-1.244876e-01
-2.154250e-01
-3.427056e-01
-3.695734e-01
-3.745827e-01
-4.662991e-01
-4.679866e-01
-5.219361e-01
-3.822322e-01
-5.975229e-01
-5.188393e-01
-4.501208e-01
-4.145649e-01
-2.731552e-01
-2.973045e-01
-5.348927e-01
-5.922949e-01
-3.354063e-01
-4.470859e-01
-2.282825e-01
-3.032811e-01
-5.696220e-01
-3.469325e-01
-3.608100e-01
-5.918733e-01
