7.332920e-03
-3.451128e-02
-2.443665e-02
-1.917255e-02
-3.321249e-02
-3.922306e-02
-3.289642e-02
-2.174016e-02
-3.086561e-02
-3.723220e-02
-1.763565e-02
-3.755786e-02
-1.784643e-02
-3.136104e-02
-1.243273e-02
-2.060888e-02
-4.718529e-02
-2.759457e-02
-1.269529e-02
-2.101058e-02
-2.224413e-02
-3.679012e-02
-8.740625e-03
-3.963270e-02
-1.768672e-02
-3.747876e-02
-2.289479e-02
-5.886208e-03
-3.772065e-02
-5.284937e-02
-2.095282e-02
-1.521606e-02
-2.839125e-02
-4.812765e-03
-1.685168e-02
6.381461e-03
-1.269172e-02
-4.367392e-03
-2.270963e-02
-4.669208e-02
-2.550957e-02
-2.151871e-02
-7.998956e-03
-9.287788e-03
-2.783634e-02
-3.275259e-02
-6.242762e-03
-2.301407e-02
-3.780887e-02
-3.020290e-02
-2.711631e-02
-1.116524e-02
-3.055753e-02
-2.699634e-02
-4.505029e-02
-2.356419e-02
-2.983663e-02
-3.332720e-02
-2.943742e-02
-2.073090e-03
-1.745009e-02
-6.472507e-03
-2.546273e-02
-5.007117e-02
