9.424539e-04
8.254639e-04
6.111037e-04
7.628382e-04
1.076090e-03
7.250465e-04
8.184202e-04
8.439465e-04
8.807677e-04
7.395212e-04
7.816385e-04
1.133821e-03
5.772584e-04
9.408906e-04
4.875827e-04
5.214833e-04
6.250182e-04
5.760310e-04
3.830070e-04
1.117290e-03
6.711126e-04
9.694643e-04
6.580729e-04
6.288086e-04
6.099797e-04
7.658858e-04
4.897908e-04
5.736222e-04
8.357162e-04
7.662625e-04
4.148727e-04
4.248987e-04
4.219263e-04
4.244231e-04
5.801396e-04
4.971382e-04
5.122505e-04
4.482852e-04
5.414740e-04
6.046772e-04
6.810161e-04
7.642570e-04
5.329028e-04
6.259420e-04
6.226425e-04
6.919729e-04
8.979263e-04
6.847422e-04
8.622098e-04
1.199501e-03
7.459430e-04
7.365958e-04
7.024395e-04
5.750143e-04
1.375096e-03
1.037926e-03
9.203203e-04
8.069696e-04
5.795993e-04
4.513089e-04
9.569208e-04
4.632504e-04
1.177728e-03
1.156086e-03
