4.726040e-03
4.358472e-03
5.551088e-03
6.115051e-03
5.011366e-03
4.685192e-03
5.763296e-03
5.641305e-03
4.800967e-03
7.580986e-03
4.848623e-03
6.493303e-03
5.620456e-03
4.533216e-03
5.369248e-03
5.766550e-03
5.452516e-03
5.782574e-03
5.976940e-03
5.877266e-03
5.377661e-03
4.929854e-03
5.314784e-03
6.095170e-03
4.865838e-03
8.758752e-03
4.722518e-03
4.929964e-03
4.698097e-03
3.761714e-03
4.941502e-03
4.608932e-03
6.572347e-03
4.921328e-03
5.877695e-03
4.399414e-03
5.090432e-03
4.089855e-03
5.990654e-03
5.694448e-03
5.488115e-03
4.313848e-03
8.820787e-03
6.854203e-03
5.000747e-03
4.829682e-03
4.834103e-03
5.516557e-03
6.112444e-03
4.782713e-03
6.775196e-03
4.762597e-03
5.524779e-03
5.166007e-03
4.790774e-03
4.933442e-03
5.846208e-03
5.051446e-03
6.152312e-03
4.371899e-03
4.499097e-03
5.057429e-03
5.198043e-03
6.542175e-03
