2.125348e-02
1.181936e-02
1.071134e-02
1.302168e-02
3.762143e-02
1.433014e-02
2.149814e-02
1.429010e-02
1.980473e-02
1.634302e-02
2.214879e-02
7.971469e-03
1.112861e-02
1.466414e-02
-7.892521e-03
5.857373e-03
2.070928e-03
3.598322e-03
2.032229e-02
1.301369e-02
2.047717e-02
2.351465e-02
1.577466e-02
5.493623e-03
-1.163358e-03
-3.370474e-03
1.077502e-02
1.182432e-02
1.981518e-02
4.362858e-03
1.887488e-02
8.309117e-03
6.575052e-03
1.189980e-02
8.870766e-03
1.321274e-02
-1.306721e-02
5.272034e-03
-1.659321e-02
2.185830e-02
-3.071949e-02
1.463689e-02
1.981659e-02
1.564806e-02
4.158549e-03
8.973789e-03
1.977448e-02
1.202784e-02
1.914779e-02
1.458559e-02
-5.794887e-03
9.050657e-03
-6.905439e-03
6.218370e-03
2.402121e-02
-1.417242e-03
2.037184e-02
2.343856e-02
2.105196e-02
1.314526e-02
1.195840e-02
1.475617e-02
1.414099e-02
2.061035e-02
