3.205520e-01
2.444009e-01
3.070455e-01
2.818153e-01
2.871484e-01
3.220504e-01
2.890450e-01
3.855528e-01
3.032053e-01
2.530641e-01
3.280731e-01
2.447051e-01
2.828152e-01
3.241184e-01
3.425673e-01
3.675864e-01
3.525003e-01
3.742783e-01
-2.484574e-01
3.175938e-01
-2.575312e-01
3.303090e-01
3.314976e-01
3.588001e-01
2.893956e-01
2.329912e-01
2.854884e-01
2.781044e-01
3.003515e-01
3.282578e-01
2.927892e-01
3.478970e-01
2.744547e-01
2.758821e-01
3.419222e-01
2.604580e-01
2.565620e-01
3.644759e-01
1.918410e-01
-2.066685e-01
-2.604062e-01
3.063777e-01
3.260294e-01
3.536933e-01
3.593652e-01
3.470286e-01
3.627841e-01
3.015529e-01
3.558768e-01
3.248283e-01
3.349718e-01
3.032430e-01
2.601601e-01
2.755808e-01
3.180320e-01
3.626001e-01
3.033554e-01
3.335740e-01
2.483896e-01
2.731126e-01
3.260777e-01
2.589596e-01
2.749754e-01
3.603796e-01
