1.839327e-01
1.470134e-01
1.459754e-01
1.250803e-01
1.405812e-01
1.374198e-01
1.591216e-01
1.388294e-01
1.764063e-01
1.462334e-01
1.527331e-01
1.867899e-01
1.275675e-01
1.658307e-01
-1.225531e-01
1.183957e-01
1.437965e-01
1.229458e-01
1.276492e-01
1.963051e-01
1.385481e-01
1.783761e-01
1.585125e-01
1.489117e-01
-1.648671e-01
1.828155e-01
1.267551e-01
1.630908e-01
1.912954e-01
1.695404e-01
1.515058e-01
1.264712e-01
1.459916e-01
1.062484e-01
1.388991e-01
1.618847e-01
1.490392e-01
1.253896e-01
-1.596904e-01
1.657550e-01
-1.308879e-01
1.611747e-01
1.241365e-01
1.553357e-01
1.417486e-01
1.663844e-01
1.630294e-01
1.246635e-01
1.515172e-01
1.951037e-01
1.715249e-01
1.423794e-01
-1.450412e-01
1.318955e-01
1.691175e-01
1.444927e-01
1.715339e-01
1.344174e-01
1.406265e-01
1.207263e-01
1.393947e-01
1.390242e-01
1.646986e-01
1.658440e-01
