4.574534e-10
1.001979e-09
1.338426e-09
3.220049e-10
6.825712e-10
1.034536e-09
2.134023e-10
9.361222e-10
9.577730e-10
1.759948e-02
2.188168e-02
-4.708196e-03
-1.901435e-02
2.361367e-02
3.917405e-02
-6.266329e-02
-1.537965e-02
-1.071069e-03
6.361663e-03
1.648104e-02
3.949144e-03
2.563625e-02
4.012387e-02
2.740231e-02
-2.208158e-03
1.385664e-02
8.611829e-03
-1.493341e-03
-3.630453e-02
-1.416932e-02
-1.595093e-02
-1.305735e-02
2.770021e-03
-1.664832e-02
-1.762138e-03
-1.254180e-03
3.131803e-02
5.763344e-02
5.713989e-02
1.546309e-02
4.594211e-02
5.727491e-02
-2.443356e-02
-8.869467e-03
1.165025e-02
8.883575e-03
-3.699537e-02
-1.729592e-02
9.268508e-03
-2.554392e-02
-3.957250e-02
-2.525450e-02
-2.297250e-02
-5.074792e-02
-2.246316e-02
-1.799819e-02
-2.114725e-02
-1.268491e-02
4.429176e-03
-8.345827e-03
-1.944581e-02
3.484580e-03
-2.323408e-02
-9.545592e-03
1.048199e-02
2.205629e-02
5.261431e-03
2.671510e-02
-1.771414e-02
-2.991015e-02
1.065359e-02
-3.425212e-02
6.142634e-03
5.376427e-03
-2.706143e-02
8.224487e-03
2.670352e-02
-4.274798e-03
-2.191343e-02
-1.516140e-02
-2.069947e-02
1.600949e-03
3.164262e-02
5.933845e-02
1.808491e-02
2.655575e-02
4.467292e-02
-1.627037e-02
1.055483e-03
1.691801e-02
-9.208324e-04
-5.736646e-03
1.369690e-02
8.649178e-03
-4.850063e-03
9.824143e-06
1.644568e-02
5.544231e-03
-9.280086e-03
-9.505752e-03
3.788121e-02
1.326890e-02
-6.490977e-02
-4.302748e-03
2.926113e-02
-1.692820e-02
-1.232839e-02
-1.388357e-03
5.662417e-03
-5.430528e-03
-1.899862e-02
1.563249e-02
-2.055902e-03
1.510774e-02
1.644895e-02
2.272136e-02
8.401169e-03
1.264157e-02
8.887776e-04
-1.380855e-02
7.366619e-03
-7.913562e-03
2.160033e-02
1.181979e-02
1.215360e-02
3.376790e-02
2.391685e-03
6.556794e-03
2.361332e-02
-4.220137e-02
-2.984880e-02
2.766445e-02
-1.924187e-02
-2.008332e-02
1.825651e-02
1.228101e-02
5.721251e-02
2.941013e-02
-1.093874e-02
6.384837e-02
5.089889e-02
2.468586e-03
2.877094e-02
4.639360e-02
1.234141e-09
9.878387e-10
1.055312e-09
6.549721e-10
5.307266e-10
5.739503e-10
8.436362e-10
7.701075e-10
7.929962e-10
2.296683e-02
1.003745e-02
1.675385e-02
1.818919e-02
2.472595e-02
1.217559e-02
-5.915181e-04
-6.912483e-04
6.704836e-03
1.495155e-02
3.472325e-03
-1.151083e-02
2.341850e-02
7.406396e-03
-9.645665e-03
2.093974e-02
6.324500e-03
-7.038461e-03
9.449309e-03
1.481318e-02
2.699492e-03
2.647687e-04
2.325729e-02
2.886479e-02
-2.194987e-03
1.290348e-02
2.982906e-04
1.197331e-02
-5.698993e-03
-4.593325e-02
2.107399e-02
6.071629e-03
-1.937510e-02
-1.279279e-02
-2.256423e-02
-2.780875e-02
-1.010260e-02
-9.060966e-05
2.229055e-02
-5.113492e-03
7.377623e-03
2.237207e-03
1.971577e-03
-2.097857e-02
-3.043344e-02
1.147376e-02
5.239379e-03
8.824061e-04
1.427363e-02
4.263998e-02
2.301393e-02
9.805072e-03
6.539487e-02
4.293487e-02
1.861635e-03
-2.264086e-03
-2.238372e-04
6.280967e-03
1.301463e-02
2.362496e-02
2.457217e-02
1.509920e-02
2.559636e-02
-1.490764e-03
-1.162973e-02
-1.396733e-02
-9.529231e-03
-3.425675e-03
2.013205e-05
1.855879e-02
3.127240e-02
3.404901e-02
-7.221831e-03
2.962948e-04
7.059688e-06
-2.169349e-02
-1.871986e-02
-1.818305e-03
-1.805663e-02
-2.242295e-02
-1.004372e-02
-1.686682e-02
4.164174e-03
-6.710399e-03
-2.105201e-02
9.748894e-03
2.443584e-02
-2.806395e-02
1.402680e-03
2.602712e-02
2.842868e-02
2.141767e-02
-7.277856e-03
2.862521e-02
5.293864e-02
3.260562e-02
-3.242270e-03
4.058275e-02
3.261100e-02
2.564928e-02
8.397078e-03
-8.069694e-03
2.570922e-03
-1.619605e-02
-1.416903e-02
-7.944839e-03
4.780998e-03
-2.549755e-02
2.591982e-02
-2.499491e-02
-4.243641e-02
2.271776e-02
-1.135175e-02
-6.813619e-02
2.247356e-02
8.629162e-03
4.811928e-03
-4.141361e-03
1.907815e-02
1.679057e-02
-5.329031e-02
3.021433e-03
3.637169e-02
-7.980262e-02
-1.163486e-02
2.496864e-02
4.982765e-02
1.015060e-02
-7.566640e-04
4.315378e-02
1.608209e-02
-2.689256e-03
1.732932e-02
1.117848e-02
1.310220e-02
6.572569e-10
-9.168562e-11
-3.263672e-10
3.474311e-10
2.085807e-10
4.520937e-11
3.295879e-10
3.907396e-10
4.859481e-10
2.064409e-02
-5.368246e-03
9.380301e-03
3.418838e-03
2.139987e-02
-3.051687e-02
-1.387921e-02
-9.008324e-03
-2.408640e-02
3.151623e-02
-6.068677e-03
-1.611928e-02
1.323233e-02
-2.313215e-02
-1.325824e-02
1.117870e-02
-2.190707e-03
6.281430e-03
-8.840200e-03
-1.638398e-02
2.361150e-02
-2.609993e-02
5.406122e-03
4.477376e-02
-4.725934e-03
7.246612e-03
3.779821e-02
1.704488e-02
3.035793e-02
1.948654e-02
1.738873e-02
8.733009e-03
6.329956e-03
2.797120e-03
4.311297e-03
-4.847428e-03
-8.442999e-03
4.267496e-03
1.242228e-02
-1.324414e-02
-2.009222e-02
-9.254408e-03
9.354196e-03
7.096423e-03
-1.109541e-02
6.229788e-04
4.201661e-02
2.618787e-02
-1.343668e-02
4.296708e-02
2.437678e-02
-2.421397e-02
-2.119060e-05
-5.884248e-03
-1.681853e-02
6.686223e-03
-3.682170e-02
-1.156672e-02
4.958622e-02
-5.579960e-02
3.971091e-03
-2.181805e-02
-3.676081e-02
3.209586e-02
-7.579213e-04
-2.013304e-02
2.476683e-02
-2.387623e-02
-6.273832e-02
-6.559741e-02
-9.714897e-02
-5.232794e-02
2.523698e-02
-1.527859e-02
-1.614113e-02
1.794850e-02
-1.505492e-02
-2.786344e-02
3.012182e-02
-8.699457e-03
-1.706652e-02
9.092713e-03
-3.754964e-03
-1.859098e-02
-2.328237e-02
-1.969508e-02
-2.005604e-02
-3.008812e-02
-2.290286e-02
-1.580677e-02
1.671553e-02
1.735379e-03
-1.014936e-02
3.202519e-03
-5.456866e-03
-1.767195e-02
4.149075e-03
-8.488197e-03
-2.312763e-02
-1.761131e-02
-6.184619e-02
-2.223750e-02
-8.649713e-03
-2.670379e-02
3.872578e-02
1.459686e-02
1.581656e-02
1.939767e-02
3.500324e-03
3.781190e-02
1.096497e-02
4.864359e-02
2.937662e-02
2.878065e-03
3.135753e-02
4.498002e-02
2.447009e-02
-5.880124e-02
5.915768e-02
7.877112e-02
-2.539901e-02
7.392313e-02
7.983004e-02
6.781084e-03
1.667474e-02
1.978483e-02
1.789803e-02
-4.801600e-03
-8.502531e-03
2.757433e-02
9.498246e-03
-2.497361e-02
2.922885e-02
2.019590e-02
-5.701928e-03
-5.865719e-10
-1.813919e-10
1.317638e-09
-4.976918e-10
-3.867973e-10
9.594454e-10
5.870972e-10
2.847268e-10
1.486699e-09
-2.721378e-02
6.554175e-04
3.495318e-04
-1.023827e-02
-4.227657e-03
-2.396300e-02
-1.839989e-03
-2.173470e-02
1.602247e-03
-4.890456e-02
2.734140e-02
2.624242e-02
-7.399588e-02
1.267284e-02
-2.838650e-03
-5.366756e-02
1.668725e-02
-1.471673e-02
-1.230946e-02
8.409004e-02
-2.491719e-02
5.005403e-02
7.381540e-02
-2.161441e-03
1.419606e-03
2.463342e-02
2.869069e-02
3.849241e-03
1.673072e-02
6.035826e-03
-1.559426e-02
2.314744e-03
-4.377699e-03
-7.715866e-03
8.238711e-03
-2.223459e-02
2.718385e-02
-3.028859e-02
-3.684574e-03
-7.277528e-03
-1.050468e-02
-2.658457e-02
-1.867282e-02
-2.012483e-02
1.148371e-02
-1.271670e-02
-1.826926e-02
3.040497e-02
6.922130e-02
-1.351362e-01
5.074368e-02
1.305382e-02
-2.049988e-02
3.056124e-02
3.848813e-02
-5.317307e-03
-4.565214e-02
8.601413e-02
-1.993196e-01
5.082051e-02
1.409675e-02
-8.197766e-02
-3.404876e-02
-7.140523e-03
2.139704e-02
2.640224e-02
-1.820317e-02
-4.224675e-03
-7.231627e-03
-5.947695e-02
-9.089519e-03
-2.128551e-02
-2.246624e-02
5.682926e-03
-2.354055e-02
-1.106384e-02
2.599101e-02
3.948648e-03
-1.655669e-02
1.275515e-02
-4.653675e-03
1.620979e-02
2.476554e-02
2.194849e-03
2.218579e-03
3.757077e-02
2.849806e-03
-6.812763e-03
-2.152366e-03
3.071295e-02
3.008256e-02
1.486291e-02
2.766016e-02
2.153196e-02
5.682297e-02
-9.608910e-03
7.292699e-03
2.008248e-02
-1.074485e-03
1.561103e-02
-2.993611e-02
1.326958e-02
-1.845704e-02
3.787319e-02
-2.129518e-02
3.013539e-02
-3.777234e-02
-5.141800e-03
-7.405472e-02
9.049449e-02
1.347738e-02
2.330057e-02
5.207153e-03
2.643818e-02
6.096593e-03
-3.008907e-02
1.947249e-03
3.214285e-02
-3.257412e-02
-7.184875e-02
6.661297e-02
4.043920e-02
-6.724785e-02
5.586563e-02
1.334233e-02
-3.464947e-02
7.891252e-04
2.352417e-02
1.294690e-02
1.733891e-02
1.902140e-03
1.076840e-02
2.357185e-02
-3.092231e-02
-4.757758e-03
-1.757088e-10
-2.252199e-10
7.599815e-11
-3.089078e-10
3.858170e-11
3.034435e-10
-1.374176e-10
1.714733e-10
5.318865e-10
-2.829962e-03
2.367118e-02
-1.542647e-05
2.425402e-02
4.689696e-02
1.402691e-02
2.941130e-02
2.006683e-02
-1.899870e-02
2.474899e-02
8.245765e-03
1.165031e-02
2.033162e-02
1.056144e-02
1.450431e-02
-4.727566e-03
-1.884243e-03
3.332299e-03
1.416242e-02
-1.890759e-03
-1.033553e-02
-9.224207e-03
-1.052991e-02
-1.189438e-02
1.633744e-03
1.230473e-02
-4.949967e-03
5.447654e-03
1.609241e-02
3.124014e-02
2.543528e-02
2.563166e-02
2.852225e-02
3.838992e-02
2.747316e-02
1.031085e-02
-2.988767e-02
-1.392183e-02
6.866023e-03
-5.966217e-03
-8.681032e-03
1.299781e-02
-2.202234e-02
-2.163532e-02
-1.514130e-02
-2.725714e-02
-7.795032e-03
-1.278465e-02
-9.711794e-03
-9.144427e-03
-3.197682e-03
-1.642961e-02
-1.190013e-03
1.124762e-02
-8.432916e-03
-8.823977e-04
-2.510083e-05
2.051649e-02
2.199169e-02
-2.670494e-03
-3.495423e-03
1.710172e-02
-9.762725e-03
-7.855735e-03
-3.069649e-04
-2.210416e-02
1.491356e-02
1.130948e-02
7.115082e-03
-5.114890e-04
1.025596e-02
1.359545e-02
3.788233e-03
-8.954474e-05
-7.995186e-03
-3.785358e-03
-1.735995e-02
-2.036989e-02
1.852156e-02
-1.457760e-02
-2.770983e-02
-3.443645e-03
-4.117553e-03
1.081673e-02
1.206714e-02
1.382076e-02
1.723988e-02
-2.043301e-02
-1.892915e-02
-1.233604e-02
-1.991230e-02
-6.013309e-03
-2.063088e-02
-3.118089e-02
-1.716672e-02
3.337960e-03
-3.812406e-02
-2.108319e-02
2.126578e-02
-3.709453e-03
-1.585691e-02
-1.385467e-02
-1.000166e-02
-1.120740e-02
-8.172836e-03
-2.004961e-02
1.687978e-03
7.793001e-03
-1.339430e-02
-4.671952e-02
-4.332058e-02
-2.804643e-02
-2.543586e-02
-8.385602e-03
-1.042090e-02
3.011740e-03
1.826195e-02
9.612706e-03
-1.027154e-02
-1.186373e-02
-2.324920e-03
-1.654313e-02
-2.082493e-02
3.163964e-03
-2.102516e-03
-5.734297e-03
-2.778047e-02
3.059362e-02
4.622200e-02
3.660268e-02
5.011531e-02
4.341645e-02
3.484740e-02
5.251766e-02
6.263096e-02
-1.252788e-09
-4.989654e-10
-3.228005e-10
-7.319604e-10
6.760425e-11
3.214360e-10
-1.856108e-09
-1.084569e-09
-7.794676e-10
2.086018e-02
1.862276e-02
1.057626e-02
1.251223e-02
1.778989e-02
9.503066e-03
1.471443e-02
2.206389e-02
1.321471e-02
-9.041911e-03
5.216903e-04
-2.331396e-02
-7.942223e-02
-6.181841e-02
-5.373092e-02
-7.216035e-02
-4.022334e-02
-2.450053e-02
6.460626e-03
9.124320e-03
1.103782e-02
-6.934667e-03
7.285770e-03
1.927097e-02
-9.751154e-04
1.312322e-02
5.426394e-03
-2.104115e-02
5.164124e-03
2.797722e-02
1.314254e-02
4.815372e-02
3.964044e-02
3.391040e-02
6.141403e-02
5.666649e-02
-3.906676e-02
-7.859690e-03
1.240936e-02
7.278406e-03
2.346764e-02
1.008557e-02
-1.491840e-03
1.445266e-02
-2.222512e-02
9.699904e-03
2.407265e-02
3.989516e-02
-9.059709e-03
7.918413e-03
1.325751e-02
-1.964384e-03
-2.702466e-03
-7.276689e-03
-3.276172e-03
-1.953667e-02
1.973421e-03
1.795364e-02
-1.074683e-02
-1.047322e-03
2.073646e-02
1.879393e-02
2.747856e-02
3.312154e-03
2.881543e-02
1.716843e-02
2.646191e-02
1.606487e-02
-9.153742e-03
-2.169698e-02
-8.394792e-03
-2.206382e-02
-1.241780e-02
3.795612e-03
-3.546245e-03
-2.610352e-02
-1.560827e-02
-2.005265e-02
-3.842273e-02
-3.575225e-02
-4.598865e-02
4.477237e-02
2.433872e-02
6.599365e-03
7.729144e-02
7.425447e-02
1.210501e-02
5.450727e-02
5.151198e-02
5.678170e-03
1.675968e-02
2.337326e-02
-4.251676e-04
1.517618e-02
3.878983e-02
1.271915e-02
-2.103462e-02
3.686229e-03
-1.155887e-02
-1.733310e-02
6.904959e-03
3.901784e-03
-7.410503e-03
3.622438e-03
6.210430e-03
-1.961052e-02
-2.030993e-02
-8.138738e-03
1.748491e-02
2.663093e-02
3.019654e-03
6.409590e-03
2.930260e-02
6.038431e-03
-9.646739e-03
-5.044803e-03
-1.569515e-02
-3.881594e-03
4.100364e-02
4.089831e-02
1.448997e-03
4.320594e-02
3.138506e-02
-9.089486e-03
2.246023e-02
3.043874e-02
1.221974e-03
-8.356664e-03
-4.176492e-02
2.654818e-02
3.402032e-02
-6.232614e-03
8.283957e-03
2.622619e-02
1.645284e-02
4.172716e-10
2.376802e-10
-2.768732e-10
-7.324294e-11
-4.671540e-10
-1.418300e-09
4.010264e-10
-2.946265e-10
-1.326813e-09
-4.434570e-02
-3.629754e-02
-2.102424e-02
-7.551684e-03
-1.221771e-02
-7.104883e-02
-5.181174e-02
-3.080250e-02
-3.597307e-02
3.186813e-03
2.004419e-02
-9.589523e-03
9.140793e-03
1.025396e-02
-9.501982e-03
1.076111e-02
3.952055e-03
-3.209752e-02
1.486332e-03
3.799271e-02
-2.332922e-02
-3.973967e-02
-1.458281e-02
2.550159e-02
1.607110e-02
1.184008e-02
-2.241924e-02
1.829629e-02
-1.308350e-02
-9.925194e-03
-2.115606e-04
-9.621744e-03
-1.877536e-02
-6.067420e-03
-1.643491e-02
-1.967732e-02
1.640072e-02
4.089277e-02
-9.255762e-03
5.061571e-03
3.133705e-04
4.406185e-03
1.264716e-02
4.354315e-02
7.408230e-03
-3.759424e-02
5.973914e-02
5.185112e-02
-3.667265e-02
-1.076142e-01
1.679616e-02
4.479276e-02
-1.350673e-02
-5.716439e-02
1.431807e-02
8.219774e-02
-3.931667e-02
-6.386571e-02
8.267649e-03
8.425755e-02
1.375790e-02
-5.674193e-02
-1.719050e-03
-3.770141e-02
4.172169e-02
3.820473e-03
-5.368093e-02
-6.393120e-02
2.573881e-02
3.196511e-02
-5.274492e-02
-4.893606e-02
-1.334055e-02
-2.136585e-02
-2.275170e-02
-1.840037e-02
-9.797709e-04
1.417720e-02
-7.676805e-03
-1.769786e-03
-1.068435e-02
4.188463e-02
1.693386e-02
4.614905e-03
3.026071e-03
3.948046e-02
2.926157e-02
-2.709557e-03
2.999510e-03
3.094445e-02
1.692866e-02
3.398567e-04
-1.238314e-02
3.962793e-02
3.170536e-02
1.497741e-02
-1.917993e-02
1.030010e-02
2.820431e-03
-6.130478e-03
-1.242100e-01
1.586814e-02
7.629739e-02
1.964897e-02
-8.155555e-02
-8.161020e-02
6.165408e-02
3.377825e-02
7.288751e-02
7.653095e-02
-6.577519e-02
-9.087556e-02
7.187597e-02
6.604034e-02
-6.538409e-03
-5.184691e-02
1.295943e-02
-2.578239e-02
5.637264e-03
1.625004e-02
-5.435828e-03
-2.520573e-02
-1.754769e-02
-3.462926e-03
-1.075909e-02
-1.056079e-02
-7.706079e-03
-2.498470e-02
-3.128417e-02
2.179072e-03
2.239977e-02
-1.184181e-02
-1.081928e-02
2.197142e-02
2.159788e-03
1.657185e-09
1.253211e-09
9.394721e-10
5.980215e-10
2.804342e-10
1.537409e-10
4.824262e-10
2.900839e-10
2.938924e-10
2.309394e-02
1.842292e-02
1.522262e-02
1.315851e-02
-9.565083e-03
2.950982e-03
1.098738e-02
3.509311e-02
4.796844e-02
-1.140247e-02
-4.205422e-03
2.533118e-03
-5.164560e-03
-3.840926e-04
3.243817e-03
5.156817e-03
7.188201e-03
1.444659e-02
2.684196e-03
-5.300066e-04
-1.813533e-02
-1.285171e-03
-8.063744e-03
-2.300533e-02
-1.289015e-02
-1.447458e-02
-1.351964e-02
-3.331190e-03
2.646312e-02
-1.060244e-02
6.232154e-03
1.342306e-02
-2.299498e-02
-3.761019e-02
-2.233531e-02
-4.369544e-02
-2.841091e-02
-8.361647e-03
-2.616956e-03
-1.956067e-02
1.618680e-02
2.399811e-02
1.809261e-02
2.844600e-02
3.877787e-02
1.363398e-02
5.602298e-03
-1.128971e-02
-1.365905e-03
-1.355098e-02
-4.302457e-03
9.016503e-03
3.840066e-03
8.706760e-04
1.603366e-02
2.748567e-03
2.235813e-02
1.869624e-02
-1.545957e-02
7.873282e-03
1.402886e-03
-1.440467e-02
1.381450e-02
2.077835e-02
3.798055e-02
4.778593e-02
1.211962e-02
4.719559e-03
2.159356e-02
5.283431e-03
-1.111754e-02
-9.017388e-03
9.640063e-03
-2.409131e-02
-2.480714e-02
-2.242419e-02
-7.509840e-02
-6.297532e-02
-1.858915e-02
-4.997678e-02
-3.296468e-02
-4.539990e-03
5.305415e-03
1.235078e-02
-8.456059e-03
4.268238e-03
7.141781e-03
-1.803733e-02
-1.239464e-03
-3.595842e-03
-1.043558e-02
-1.521796e-02
-1.023766e-02
7.771351e-03
-1.647235e-03
-5.933442e-03
-1.157513e-02
-2.143548e-02
-2.042614e-02
1.229267e-03
-5.216233e-03
-1.751570e-02
-1.495864e-02
-3.747393e-03
-1.265504e-02
-1.610200e-02
2.851109e-03
-9.213241e-04
-1.329742e-02
7.603152e-03
2.355606e-02
-2.264856e-02
-7.989882e-03
9.755095e-03
-2.330044e-02
-3.032333e-04
1.112964e-02
1.315907e-03
-4.037721e-03
-9.784752e-03
-2.741301e-03
2.643127e-03
-1.551843e-02
-9.124767e-03
-6.024432e-03
-2.051126e-02
-2.329372e-02
-1.309731e-02
-2.121355e-03
6.168814e-03
2.164943e-02
1.857452e-02
-1.522225e-02
-3.690465e-03
-6.096841e-03
1.681839e-09
2.368887e-10
-7.142425e-10
1.145508e-09
1.188420e-10
-2.796719e-10
1.518050e-09
4.276615e-10
4.164511e-10
-2.665419e-03
1.446390e-02
-1.375852e-02
-2.659122e-02
1.393655e-02
3.411215e-03
-4.012851e-02
8.725007e-03
1.060949e-02
-1.367631e-02
-1.745471e-02
-1.225767e-02
-4.657575e-02
-5.791393e-02
-6.046361e-02
4.347006e-02
5.281033e-02
4.838030e-02
-4.326858e-02
3.535524e-02
5.121937e-03
-3.429546e-03
-3.723307e-03
8.800493e-04
4.295970e-02
1.095351e-02
-3.618292e-02
1.326138e-02
-1.450852e-02
-2.986770e-02
4.164635e-02
1.615203e-02
-7.448111e-03
-1.860341e-02
-2.789040e-03
1.562382e-02
-3.406158e-02
3.311868e-02
2.861007e-02
1.002998e-02
3.362704e-02
1.668524e-02
2.894030e-02
2.620640e-02
-2.328245e-03
-8.143354e-03
1.502577e-03
4.398420e-03
4.294242e-03
-2.855174e-02
1.171055e-02
6.029097e-03
-2.756942e-03
-3.531921e-02
2.981173e-03
-9.347280e-03
-1.390136e-02
4.589365e-03
-4.160593e-02
2.819671e-02
4.450074e-03
2.491380e-02
-1.866985e-02
1.222635e-02
5.016731e-03
5.025155e-02
4.061742e-02
5.743311e-02
6.804857e-02
-8.736259e-02
-1.158142e-01
-7.558829e-02
-3.793988e-03
-1.077396e-03
3.311154e-02
-4.805652e-02
-3.976233e-02
-3.849265e-02
-2.241445e-03
1.848771e-02
8.916411e-04
-9.185903e-03
-1.611540e-02
-5.764597e-04
2.155350e-02
1.357440e-02
3.542722e-02
1.638082e-03
-2.299520e-02
3.446729e-03
-7.026762e-03
-9.272553e-03
-6.416084e-04
3.895318e-03
-2.297463e-02
-2.254650e-02
5.562338e-04
-1.387229e-02
-3.025288e-02
4.176883e-02
4.762591e-02
5.617170e-02
-5.073548e-02
-1.896514e-01
-8.622521e-02
3.759007e-02
1.099550e-01
9.289627e-02
-7.676136e-02
-7.281508e-02
-5.748428e-02
7.780740e-02
1.654609e-01
1.030368e-01
1.378198e-02
3.497427e-04
1.921825e-02
1.052115e-02
-1.369898e-02
-1.227420e-02
1.291528e-02
-4.884756e-03
-1.996619e-02
2.090179e-02
3.166871e-02
2.302543e-03
6.323627e-02
4.135690e-02
-2.246115e-02
2.092120e-02
4.753264e-02
-3.216447e-03
-1.926343e-02
3.967643e-02
4.523340e-03
-3.352285e-10
-8.058338e-10
-1.897744e-10
-7.510585e-10
-1.397345e-09
-1.121857e-09
-3.254666e-10
-1.180962e-09
-1.383056e-09
1.265095e-02
-2.931841e-02
-3.097057e-02
-3.360713e-02
-5.978458e-02
-3.458400e-02
-3.505178e-02
-3.608555e-02
-2.418163e-02
-5.122448e-03
-1.170591e-02
-1.391277e-02
-5.061527e-03
-1.957623e-02
-2.380172e-02
-2.593613e-03
-1.700607e-02
-2.848488e-02
-1.395414e-02
-1.210905e-02
-1.530707e-02
-3.471881e-03
-2.453389e-03
8.993526e-03
1.479765e-02
3.412284e-02
3.231839e-02
1.386468e-02
3.521329e-02
2.561590e-02
2.254565e-02
4.241666e-02
2.532202e-02
1.220548e-02
2.330549e-02
9.891253e-03
2.273316e-02
-1.182056e-02
-6.422298e-03
2.377039e-03
-4.850790e-02
-7.120735e-02
-1.136044e-02
-2.406767e-02
-6.857438e-02
1.098793e-03
-1.355812e-02
-9.014165e-03
5.282682e-03
-2.115137e-02
-3.202822e-02
1.337891e-02
-1.378949e-02
-1.498846e-02
3.575055e-03
-2.123050e-02
-1.440658e-02
-1.066174e-02
-8.628430e-03
-1.057885e-02
-6.007365e-03
-3.798689e-03
1.750617e-02
-2.432197e-02
-2.826830e-02
-3.362409e-02
-2.530372e-02
-3.671694e-02
-3.642560e-02
1.120715e-03
-3.939853e-03
-2.092504e-03
-2.267488e-02
-3.686664e-02
-1.877118e-02
-5.104524e-02
-6.329727e-02
-4.943485e-02
-5.276711e-02
-7.092685e-02
-6.110947e-02
-1.823549e-03
-2.551189e-02
-1.188384e-02
-2.071742e-02
-3.305942e-02
-1.906980e-02
-2.744161e-02
-3.307820e-02
-4.961258e-03
-1.523863e-02
-1.896788e-02
-4.239012e-02
-1.862081e-02
1.514381e-02
2.758370e-03
3.359511e-04
1.150208e-02
1.164801e-02
-6.277479e-03
1.444633e-02
1.017877e-02
-1.584175e-02
-9.196042e-03
6.872819e-03
-4.557308e-04
2.548045e-04
2.922229e-03
1.445808e-02
-4.576827e-03
-1.110201e-02
-2.026565e-03
-1.324380e-02
-4.121460e-03
-3.585237e-02
3.780308e-03
1.374559e-02
1.540918e-02
7.815342e-03
-9.568723e-03
2.018287e-03
2.952157e-03
-7.218052e-03
-3.386323e-05
-4.727385e-03
-7.939252e-03
-2.083042e-03
4.362908e-03
-4.540265e-03
6.178138e-03
-1.161827e-03
-2.261000e-02
-3.065848e-02
-4.271769e-02
-3.205277e-02
1.410355e-09
6.226595e-10
-1.017039e-10
3.904636e-10
-4.544477e-10
-1.376703e-09
1.001177e-09
-1.653977e-10
-8.958410e-10
1.063720e-02
1.296294e-03
-4.526300e-03
1.634508e-02
-8.495959e-03
-1.616586e-02
2.906918e-02
-1.867127e-02
1.919591e-02
3.234399e-02
-2.543706e-03
-2.301522e-02
2.344709e-02
-7.838088e-03
-3.844674e-02
4.748325e-02
5.500527e-03
-2.015847e-02
4.355086e-03
5.225059e-02
9.923005e-03
-1.876386e-02
5.326261e-02
-1.365180e-02
-5.719497e-03
-9.950626e-03
-1.938499e-03
-1.330533e-02
5.306054e-03
9.240857e-03
2.824447e-02
2.929156e-02
1.392602e-02
-2.391424e-04
1.285053e-02
-1.551568e-03
-3.857372e-04
-1.901808e-02
4.253253e-04
2.180616e-03
-1.043790e-04
1.754611e-02
-3.130602e-02
-7.249312e-03
3.883909e-02
3.216958e-03
-3.959383e-02
1.525621e-02
-6.091986e-02
-2.268617e-01
5.926106e-02
-2.462371e-02
-7.967763e-02
1.237383e-02
-2.579491e-03
-1.111054e-02
-2.565472e-02
5.759986e-05
-3.040366e-02
6.202251e-02
1.042437e-02
-8.149899e-03
1.388587e-02
-1.179430e-03
-8.705474e-03
1.860004e-02
6.308948e-03
-2.263226e-02
3.552344e-02
3.669887e-02
-5.197510e-03
-2.254193e-02
2.538832e-02
2.387896e-03
-6.605085e-02
3.667520e-03
1.936195e-02
-5.137572e-02
-1.554589e-02
5.407768e-03
-2.291008e-02
-1.526737e-02
9.432903e-03
1.299038e-02
-6.545854e-03
-8.763024e-03
-5.714448e-03
7.862993e-03
8.004215e-03
9.130464e-03
-1.089376e-02
3.568612e-03
3.682387e-02
2.416197e-03
6.927080e-03
2.502149e-02
-1.311289e-03
1.065434e-02
1.514900e-02
-3.918135e-03
-3.879917e-02
2.328255e-03
1.165652e-02
5.075263e-02
-5.898209e-02
-6.302598e-03
2.176396e-03
-2.793558e-03
3.154396e-02
1.281907e-02
-4.332724e-02
1.359958e-02
-3.491237e-02
2.906130e-02
-1.298503e-02
-2.443645e-02
5.034617e-02
3.420465e-02
-5.284287e-02
-2.044346e-02
1.064180e-03
-1.387804e-01
-9.555878e-02
-2.955353e-02
-5.883128e-02
-2.331293e-02
-7.041963e-03
-4.616868e-03
1.756921e-02
9.103635e-04
-1.452507e-02
-6.162128e-03
1.771660e-03
-3.795014e-03
-3.006889e-04
1.585615e-09
1.743693e-09
1.827375e-09
6.992247e-10
9.089358e-10
1.144065e-09
7.472131e-10
9.356023e-10
9.539118e-10
1.339734e-02
-1.491415e-02
-2.067903e-02
-1.584423e-02
-1.832997e-02
2.645840e-02
-8.554415e-03
1.001694e-03
2.241509e-02
5.371389e-03
3.844639e-03
-6.472664e-03
-1.694494e-02
-3.996035e-03
2.994106e-03
-1.105694e-02
6.616413e-03
4.700381e-03
-7.716257e-03
4.198092e-03
2.080414e-02
-3.345584e-02
-5.793054e-03
2.018990e-03
2.201058e-03
1.138426e-02
2.468215e-02
-4.790704e-02
8.950483e-03
1.413239e-02
-1.677279e-02
2.852987e-02
2.005797e-02
-1.775960e-02
2.617903e-02
1.336000e-02
-4.280264e-03
-2.547646e-02
-2.327058e-02
-1.814112e-02
-3.388015e-02
-8.457259e-03
-2.530695e-02
-2.161398e-02
5.675639e-03
-2.146310e-02
-1.340608e-02
-2.804695e-02
-2.195511e-02
-2.758714e-02
-1.563401e-03
-1.944228e-02
4.304584e-02
2.539124e-02
-1.364348e-02
9.527060e-03
6.481041e-03
1.101492e-02
3.952331e-02
2.054966e-02
-1.961534e-02
-2.674802e-03
-9.671135e-03
-2.817904e-02
-3.347300e-03
1.643218e-02
3.705988e-02
1.827839e-02
-8.033107e-03
1.196799e-02
-2.322745e-02
-2.592867e-02
1.392421e-02
-8.823289e-03
-2.463711e-02
-1.705519e-02
-1.101096e-02
-8.623919e-03
-5.417468e-03
-2.656919e-03
-1.429251e-02
-7.374615e-03
1.056680e-03
6.691781e-04
-1.730211e-02
-8.957440e-03
-5.800029e-03
-1.086548e-02
-4.152656e-03
-5.402281e-03
-4.715497e-02
-5.859152e-02
-3.208322e-02
-6.520712e-02
-2.268509e-02
1.704588e-02
-3.560833e-02
1.860546e-02
2.158114e-02
-5.541170e-03
6.690718e-03
-7.257151e-03
2.772283e-03
-9.422764e-03
7.237040e-03
-3.033185e-02
-1.339035e-03
1.348511e-02
-1.004712e-02
-5.471522e-02
-1.476138e-02
-4.386642e-02
-5.763507e-02
2.126821e-02
-4.588814e-02
-1.067860e-03
5.274390e-02
-3.916746e-02
-5.725397e-02
-2.371834e-02
-5.187227e-02
-2.922779e-02
1.290797e-02
-9.467557e-03
3.125005e-02
7.164747e-02
-1.134368e-02
3.714456e-02
-2.757210e-03
4.195940e-02
2.989236e-02
-4.149371e-02
2.862021e-02
-1.945208e-02
-5.061476e-02
9.646400e-10
5.970930e-10
8.619287e-10
5.555050e-10
1.968014e-10
4.498857e-10
5.706262e-10
1.784856e-10
5.014527e-10
-1.970945e-02
-8.037894e-03
8.462282e-03
-2.454440e-02
-1.965754e-02
1.349996e-03
-1.822718e-02
1.186716e-03
1.551563e-02
-1.178180e-02
-1.494436e-02
5.899624e-03
1.885045e-02
-5.940408e-03
1.635628e-02
-2.959211e-03
-1.685319e-03
9.858560e-03
-2.020400e-02
3.988815e-04
9.632284e-03
1.507639e-02
1.216469e-03
7.839399e-03
1.734737e-02
-2.003812e-03
1.908144e-02
-1.340586e-03
-1.046228e-02
-9.991827e-03
8.654062e-03
-6.426404e-04
-9.453582e-04
1.906075e-02
3.985215e-03
3.239655e-05
5.963628e-03
-1.280704e-02
-1.072847e-02
-1.564336e-02
-2.155903e-02
-1.812548e-02
-5.302383e-03
-7.891704e-03
-7.056354e-03
-1.002582e-02
-4.002203e-04
-1.532173e-02
4.320845e-02
-1.218203e-03
-3.062892e-02
1.421125e-02
1.155950e-02
-8.390973e-03
-3.566591e-02
2.238943e-02
-2.722397e-03
-4.835657e-02
1.356049e-02
3.105903e-02
-3.407747e-02
1.603993e-02
2.275634e-02
-6.373518e-02
-5.774208e-02
-3.928823e-02
1.731065e-02
3.199815e-02
3.209055e-02
-1.958868e-02
1.655366e-02
-9.129713e-03
8.830676e-03
-1.221446e-02
1.367488e-04
1.411426e-02
-7.802468e-03
-1.679968e-03
3.882071e-02
2.623087e-02
2.304688e-02
-2.791937e-04
1.191870e-02
1.110516e-02
2.549540e-03
1.150783e-02
1.543481e-02
-4.064646e-03
2.368734e-03
9.235653e-03
-6.563209e-03
2.798079e-02
1.829994e-02
-1.064405e-02
1.239208e-02
9.924787e-03
5.340257e-03
2.304877e-02
1.515792e-02
5.111221e-03
8.586971e-03
-1.205404e-02
1.955287e-02
4.843072e-04
1.571262e-02
1.876522e-03
8.380256e-03
5.194982e-03
-1.544670e-02
4.521367e-02
-6.883853e-03
-9.692695e-03
1.244092e-02
-2.601665e-03
4.441737e-04
-3.034166e-02
-8.997535e-03
-1.514988e-02
2.620128e-02
-1.517388e-03
-5.223822e-03
2.411786e-02
-5.580675e-03
4.585438e-03
2.375842e-02
1.007361e-02
4.430870e-03
-4.998284e-04
8.227932e-04
3.017156e-03
-1.320705e-03
4.084602e-03
1.005860e-02
8.167795e-03
-5.018105e-03
1.894828e-09
1.865357e-09
1.986793e-09
1.977629e-09
2.102259e-09
1.983334e-09
2.175601e-09
2.147530e-09
2.174455e-09
-1.698652e-02
-1.275343e-02
-3.765920e-02
6.383012e-03
1.192567e-03
-1.766452e-02
-2.168426e-03
1.744711e-03
-1.217789e-03
-3.096037e-02
-1.902360e-03
-2.186647e-02
7.689163e-03
4.039538e-02
1.834135e-02
1.834624e-02
4.816845e-02
1.946042e-02
2.764556e-02
-1.333864e-03
1.237204e-03
4.680492e-02
2.336641e-02
4.674615e-03
1.347559e-02
1.153353e-02
-5.067238e-04
6.605857e-03
-1.855219e-02
-3.343089e-02
-4.016250e-03
-2.899319e-02
-2.821359e-02
-1.019962e-02
-2.002073e-02
-1.655533e-02
8.786350e-03
9.601648e-03
-6.295218e-03
1.842427e-02
1.461522e-02
1.676217e-02
2.449098e-02
4.919290e-03
7.223660e-03
-3.353292e-02
2.786738e-02
-4.984379e-03
-4.140022e-03
4.539382e-02
-3.582353e-02
-1.472336e-02
3.114190e-02
-3.746488e-02
4.407512e-03
4.114408e-02
-1.849001e-02
-1.265723e-02
2.754786e-02
-3.262215e-02
-2.166397e-02
-1.062080e-02
-4.328132e-02
-1.396650e-02
-5.212341e-03
-3.246157e-02
1.543018e-02
2.594924e-02
4.241146e-03
-1.712867e-02
5.221476e-03
-9.701274e-03
-3.687150e-02
-3.317275e-03
-1.746163e-02
2.202014e-02
5.263888e-02
4.439241e-02
1.981238e-02
3.603296e-02
2.067314e-02
-2.707152e-03
1.726115e-02
3.419328e-02
3.891072e-03
2.461892e-02
3.173444e-02
-8.593587e-03
-5.683867e-04
-4.644595e-04
1.994845e-02
1.880184e-02
-1.867644e-02
1.498916e-02
1.241412e-02
-2.413478e-02
1.169822e-02
1.135525e-02
2.849944e-03
9.747070e-03
1.824046e-02
-3.172648e-03
3.991034e-03
-2.467906e-02
7.050422e-03
-2.345179e-02
-3.561482e-02
-2.128527e-02
-3.373994e-02
-1.506331e-02
-9.311622e-03
-5.766721e-04
2.121123e-02
1.453625e-02
4.921839e-02
3.094853e-02
3.475685e-04
-3.984366e-03
5.884340e-03
-2.469358e-02
1.149674e-02
1.773050e-02
-3.907464e-02
2.996622e-02
3.325989e-02
-1.846593e-02
1.562031e-02
1.448902e-02
1.405437e-02
2.314096e-03
1.496559e-02
1.419646e-02
7.808091e-03
2.039256e-02
2.432961e-02
2.506297e-09
1.514083e-09
1.623023e-09
1.123702e-09
-6.327270e-12
4.372537e-10
-4.477897e-10
-1.569872e-09
-9.083981e-10
3.577104e-03
-3.477841e-03
5.780380e-03
-3.424532e-02
-3.691159e-02
-1.661543e-02
-4.991656e-03
-3.395679e-02
-2.299463e-02
1.327770e-02
1.573778e-02
1.173497e-02
-5.425650e-03
-9.108897e-03
-3.182323e-03
-8.674958e-04
-1.912703e-02
-2.670544e-02
1.901420e-02
6.635110e-03
-6.272824e-03
1.954601e-02
1.152766e-02
-7.810660e-03
7.866752e-03
-1.502450e-02
1.984625e-02
1.894139e-02
2.231309e-02
-1.102196e-02
2.730032e-02
3.144934e-02
2.732266e-02
-3.042961e-04
1.182196e-02
-1.646269e-02
6.773273e-03
4.143573e-02
1.307015e-02
-6.550124e-03
5.265518e-02
5.365049e-03
4.119867e-04
3.711998e-02
-1.233573e-03
-2.817114e-03
-3.953141e-02
-3.912904e-02
-2.424337e-03
-2.397347e-03
-1.172835e-02
-9.465990e-03
7.019774e-02
3.842480e-02
-1.415391e-02
-4.741343e-02
-6.301127e-03
3.265502e-03
-1.386956e-02
-2.186240e-02
-3.823977e-03
4.089252e-02
-2.632015e-02
-7.116525e-03
1.496954e-02
1.913700e-02
4.544555e-02
7.996394e-02
2.181087e-02
6.078133e-02
9.149659e-02
2.069693e-02
4.998272e-03
2.120994e-03
1.665935e-02
-2.084597e-02
-3.356940e-02
-1.682416e-02
-9.208445e-03
-2.012115e-02
-1.037233e-02
3.235532e-02
2.276383e-02
1.941156e-03
-8.323638e-03
8.517117e-04
-1.779985e-02
-3.673114e-02
5.726540e-03
1.646947e-02
-1.071580e-03
2.799589e-02
-4.892427e-03
-2.648363e-02
8.577020e-03
5.122077e-03
-4.648483e-02
-1.129031e-02
-1.479968e-03
3.560559e-02
6.779095e-02
3.400883e-02
-8.765408e-04
1.362232e-02
1.247576e-02
-1.477733e-02
-5.616523e-02
-3.017616e-02
-2.942114e-02
-6.767686e-02
-4.115621e-02
-6.031046e-02
-1.580366e-01
-8.616062e-02
-2.333777e-02
-2.555440e-02
-5.848172e-02
8.721135e-03
5.800858e-03
-5.091494e-02
1.423919e-02
2.795187e-02
2.082170e-02
-5.038760e-02
2.473524e-02
4.045855e-02
3.323204e-02
3.655400e-02
1.471974e-02
2.066373e-02
7.313761e-03
-1.367844e-02
-1.071443e-02
-1.332336e-02
-2.539210e-02
5.210094e-10
-1.455508e-10
-1.511556e-10
2.385236e-10
5.462882e-11
4.824701e-10
1.046679e-10
4.620970e-10
1.076214e-09
-1.555654e-02
1.701533e-03
2.847367e-02
5.379055e-02
5.673901e-02
3.523411e-02
1.207658e-03
2.249250e-02
4.355711e-02
-1.236740e-02
-2.331164e-03
-6.692476e-03
-3.657996e-02
-4.908557e-03
6.676552e-03
-3.067206e-02
1.348055e-02
3.468026e-02
-2.755381e-02
-5.242143e-02
6.521852e-02
-4.603186e-02
4.754237e-02
4.439378e-02
8.182574e-02
3.045388e-03
-1.000442e-01
1.225300e-02
2.144662e-02
5.723482e-03
4.875594e-03
2.951969e-02
1.600572e-02
9.152682e-03
3.793395e-03
-7.939554e-03
-2.487681e-02
1.783000e-04
9.065038e-03
-2.987706e-02
-3.840000e-02
-1.737856e-02
-2.129110e-02
-1.591523e-02
2.257223e-02
-2.873026e-02
3.061122e-02
7.455075e-02
2.488653e-02
5.342900e-02
-9.578145e-02
1.823232e-02
-9.114485e-02
-7.951360e-03
-2.453454e-02
5.595620e-02
-3.513767e-03
6.853461e-02
-5.974295e-02
-7.135821e-02
-1.597417e-02
-6.747743e-02
9.852158e-02
3.552941e-02
1.537242e-02
-4.143248e-02
-2.170174e-03
-3.386424e-02
-5.853746e-03
-4.991448e-02
-1.734323e-02
3.865838e-02
-1.448045e-02
-2.126111e-02
-4.830968e-02
9.435898e-03
-1.781081e-02
-2.924360e-02
-3.202696e-02
-2.055101e-02
8.447355e-03
-6.815054e-03
-2.267172e-03
-2.304568e-02
-1.830186e-03
9.745705e-03
-2.107797e-02
-1.377967e-02
-2.326162e-02
-1.605021e-02
-1.884664e-02
-3.102632e-02
-3.648372e-03
-1.978536e-02
-2.028217e-02
-7.458241e-03
-5.174939e-03
-2.038722e-02
-3.412101e-02
3.687849e-02
-5.718667e-02
-2.209391e-02
-8.582701e-02
-2.577583e-02
9.637541e-02
2.671267e-02
9.530341e-02
-9.201886e-02
-3.130405e-02
4.049816e-02
3.684107e-02
3.728979e-02
3.718117e-02
-9.073508e-02
2.809441e-02
-5.661040e-02
1.907361e-02
-3.316569e-02
-2.267385e-03
1.274995e-04
2.045829e-03
3.142533e-02
-1.579472e-02
1.037847e-02
-8.957925e-03
-2.027878e-02
-3.896039e-03
1.667148e-02
-1.596319e-02
4.648273e-03
3.717168e-02
-9.705836e-03
1.488303e-02
2.733040e-02
-2.931282e-02
