1.012169e-02
7.886210e-03
7.334259e-03
1.625341e-03
9.097309e-03
2.282037e-03
-1.405877e-02
-6.366383e-03
-1.534284e-02
1.394354e-02
1.074786e-02
2.260298e-02
-2.055455e-02
-1.142837e-02
-1.568858e-02
-3.035890e-02
5.632398e-03
1.361938e-02
1.038097e-02
1.297073e-02
8.667269e-03
1.748843e-02
2.586931e-04
-2.190291e-02
-1.449827e-02
-1.336896e-03
7.435068e-04
-1.991049e-02
-3.436417e-02
-2.811623e-02
2.107047e-02
-1.184925e-02
1.451832e-02
-5.529943e-03
1.314985e-02
-1.074547e-02
2.611311e-02
2.120597e-02
1.039304e-02
8.616492e-04
1.155212e-03
1.754291e-03
2.240436e-03
2.749643e-03
1.513993e-03
2.549958e-02
-8.053270e-04
-4.240639e-02
1.060931e-02
-2.342080e-03
-3.845045e-02
2.815119e-02
1.623826e-02
-1.989302e-02
-1.118725e-02
2.103549e-03
1.926762e-02
-2.948525e-03
1.122870e-02
6.601650e-03
1.640366e-02
4.786829e-03
-9.751897e-03
-2.525458e-02
-9.949195e-03
-6.653779e-03
6.536344e-03
2.615190e-02
1.696185e-02
3.865177e-04
2.037212e-03
-3.632148e-03
2.484263e-03
1.400138e-02
-2.146650e-02
6.267324e-02
1.115983e-02
4.649467e-02
-4.481538e-03
2.977059e-02
-4.012503e-03
-1.512013e-02
3.253181e-03
3.086644e-03
-8.857855e-03
2.393281e-03
-4.684091e-03
2.573037e-02
2.602965e-02
2.319628e-02
-5.203475e-03
-4.744739e-03
1.780201e-02
-1.590906e-02
-5.274732e-03
2.755370e-02
1.317150e-02
1.215108e-03
-1.296087e-02
-2.867264e-03
2.305869e-03
-1.319841e-02
-1.261242e-02
2.143312e-03
-8.875207e-03
-3.829550e-03
6.697904e-03
-2.767457e-03
-3.948684e-03
-1.059278e-02
-7.376208e-03
8.959798e-02
8.698831e-02
9.023724e-02
-2.399861e-02
-2.513053e-02
-2.308722e-02
-8.575751e-03
-1.853507e-02
-1.416512e-02
2.050800e-02
8.059124e-03
2.079176e-02
-1.653631e-03
-1.034638e-02
1.492523e-02
-1.258728e-02
-1.785765e-05
-3.271900e-02
3.460306e-02
4.912366e-02
3.288148e-02
-9.414935e-03
1.263364e-04
-1.565068e-02
-2.423648e-02
9.504790e-03
-2.397307e-02
1.082044e-02
-2.453293e-03
-2.290633e-02
-3.040707e-02
-2.274862e-02
-1.654057e-02
6.428884e-03
-3.117999e-02
-3.338937e-02
-6.213679e-03
2.731566e-02
-1.057515e-02
-2.847686e-03
3.545803e-02
-8.742759e-03
-2.661965e-02
7.705820e-03
-1.802978e-02
-7.706460e-03
1.514528e-02
-2.181303e-03
-9.019638e-03
1.842799e-02
1.371471e-02
1.023938e-02
-3.982538e-02
1.504738e-02
1.887764e-02
-1.442192e-02
-7.164591e-03
-8.966280e-03
3.239687e-03
-1.543531e-02
-2.243171e-02
5.616830e-02
-1.098720e-02
2.372864e-03
9.633000e-03
-2.297783e-02
5.384152e-02
-1.166567e-01
2.353990e-02
4.219903e-03
-6.358601e-03
-5.207459e-03
2.198069e-03
-1.113954e-02
-3.684732e-03
5.662496e-03
1.213335e-02
1.913423e-02
-1.185565e-02
-3.401098e-03
6.998113e-04
-1.076415e-03
-1.531835e-02
-6.274860e-03
6.636766e-03
-1.875051e-02
-2.228470e-02
-4.097531e-02
-7.463361e-02
-1.445361e-02
-4.819793e-02
-4.360030e-02
-2.723145e-02
-2.121905e-02
-4.897386e-02
-4.427494e-02
-2.635393e-03
3.168158e-02
-3.598012e-03
-3.029842e-03
-2.483604e-03
2.600676e-03
-3.662837e-03
-3.747069e-03
3.657348e-03
-2.473287e-02
-6.757102e-04
-1.993440e-02
-3.611423e-02
-8.714504e-02
-6.049871e-03
-4.817971e-02
-4.657718e-02
1.147732e-02
4.390588e-03
2.623386e-02
4.804138e-03
-2.678270e-02
3.126604e-03
-1.221866e-02
-1.694075e-02
9.482297e-04
-7.165069e-03
-6.316053e-02
5.149611e-02
-1.903723e-03
-5.467144e-03
-6.704920e-03
-1.284150e-02
9.060166e-02
-1.563281e-02
6.174086e-03
7.225452e-04
2.025293e-02
7.722233e-03
1.973953e-02
1.595715e-02
-8.472989e-03
1.585470e-02
1.294062e-03
9.312496e-03
-1.098107e-02
-5.780059e-02
7.694446e-03
2.350529e-04
-4.764609e-02
1.125406e-02
-1.162013e-04
-2.590940e-02
1.320590e-03
1.127444e-02
8.064397e-03
-2.523898e-03
-2.452541e-02
-8.521975e-04
-1.755456e-02
-2.643944e-02
1.428792e-02
-2.132949e-02
1.065912e-02
2.614425e-02
1.866064e-04
-7.755692e-02
8.342781e-03
-3.569467e-02
-5.167340e-02
-1.990384e-02
2.851955e-02
-5.056462e-02
-3.779892e-02
7.632343e-04
2.093969e-02
-5.216554e-03
-2.032883e-03
4.980385e-03
-5.851706e-03
1.015382e-02
-1.686249e-02
-2.713303e-02
5.272843e-03
9.804451e-03
1.779975e-02
2.476122e-02
-2.486078e-02
-2.662104e-02
9.860275e-03
-2.502113e-02
-6.291265e-03
-3.796191e-02
1.922987e-02
1.408619e-02
-1.650768e-02
4.480643e-02
8.436328e-03
8.778696e-03
-3.637340e-02
-5.349477e-02
-1.139793e-02
-3.011725e-02
-3.366638e-02
-1.374004e-03
1.004369e-02
2.106924e-02
2.264094e-02
-2.199789e-02
2.177195e-02
-1.684346e-02
-2.449143e-02
4.181520e-02
-2.223611e-02
3.822000e-03
-7.826931e-03
8.702812e-02
-4.622300e-03
-1.441225e-02
-1.147591e-02
1.460016e-03
-4.475001e-03
-5.113495e-03
2.556057e-02
1.886328e-02
7.784914e-03
-5.082174e-04
-1.120968e-02
-2.813679e-02
-9.868912e-03
-1.705479e-02
-2.600150e-02
1.338003e-02
3.097029e-03
5.791927e-03
-4.747739e-03
-3.612022e-02
-3.982789e-02
1.847774e-02
7.553374e-03
-7.232495e-03
4.713894e-03
7.670833e-03
-2.443507e-02
1.601017e-02
-8.030974e-04
-2.675924e-02
-7.072905e-04
-1.013803e-02
-1.412817e-02
-7.363249e-03
-1.414194e-02
-7.775901e-03
-1.769460e-02
1.600317e-02
-2.630709e-02
-3.624701e-02
-4.433931e-02
-5.011060e-02
-4.912709e-03
7.078708e-03
-7.231207e-02
1.616234e-02
1.582426e-02
1.099017e-02
1.430220e-04
4.207970e-03
4.602052e-03
-5.885299e-03
2.741129e-03
-2.181988e-03
2.976221e-03
3.147017e-02
1.145988e-02
-5.857287e-03
3.230517e-03
8.838752e-03
4.515065e-02
-4.683395e-02
-2.506072e-02
7.687637e-03
1.676192e-03
1.238897e-02
-7.573078e-04
-3.028880e-03
2.379625e-03
2.162142e-03
1.337857e-02
1.359279e-02
3.617907e-03
-1.796927e-03
-7.908046e-03
3.235264e-03
4.309324e-04
-4.754006e-03
-2.186585e-03
-5.467872e-04
-1.383302e-02
2.376727e-02
3.004611e-02
1.976946e-02
-2.070220e-02
-6.912952e-03
1.386125e-03
-3.862917e-02
-1.683922e-02
2.836288e-03
-4.288044e-03
-1.181483e-03
-2.103480e-03
-1.211112e-02
-1.194363e-02
-5.591995e-02
3.503536e-02
-6.474106e-03
-3.044563e-02
-4.952230e-02
-7.415388e-02
-3.791334e-02
-1.991234e-02
-4.149933e-02
-4.157930e-02
-2.093958e-02
-4.420163e-02
1.669575e-02
-2.098705e-02
-1.235194e-02
1.697873e-02
3.723898e-03
4.839071e-03
1.147807e-02
-6.958953e-03
-1.156199e-02
-1.597498e-03
-2.149436e-02
-6.099478e-03
4.489345e-03
2.845763e-03
-3.224805e-03
3.699372e-02
-3.025161e-02
-6.001402e-02
-2.976904e-02
-2.975394e-02
-2.387092e-02
-2.379811e-02
-6.256022e-02
-4.855014e-02
4.339962e-03
-6.117561e-02
-3.884431e-02
-1.788213e-02
-1.861862e-02
-3.153357e-02
-1.785179e-02
2.846655e-02
-7.691552e-04
-1.082640e-01
8.977082e-04
-6.595673e-02
-1.188227e-02
9.995006e-03
1.856163e-02
1.891957e-02
2.984199e-03
4.844232e-03
9.811418e-04
-1.340384e-02
-1.383591e-02
-1.920491e-02
-6.971729e-03
2.190845e-03
-9.695219e-03
-2.224613e-02
-8.929444e-03
-3.469754e-03
-4.912043e-02
-1.334909e-02
4.179713e-04
-3.391707e-02
-1.174591e-02
-1.308203e-02
-2.576501e-02
-1.291294e-02
-1.397957e-02
-1.118472e-02
-3.201374e-02
-2.439634e-02
-9.215242e-03
-6.113009e-03
-1.208933e-02
9.673340e-04
5.945888e-03
7.997330e-03
-1.444822e-02
-1.993585e-02
-2.331879e-02
-4.299233e-02
-1.416984e-02
3.497546e-02
-4.015747e-02
-3.940044e-03
5.293349e-02
-1.056981e-02
-2.960314e-02
-2.386850e-03
1.160556e-02
-7.081213e-03
-4.029442e-02
4.186601e-02
-3.903195e-03
-3.468363e-02
1.429171e-02
-4.958517e-03
-2.069491e-02
-5.076538e-02
-3.106796e-02
-1.413864e-02
1.755515e-02
1.028465e-01
-1.402834e-02
-2.300246e-03
-7.110910e-02
-2.920912e-03
-9.028392e-04
1.828302e-02
-2.128696e-02
6.854449e-03
1.357977e-02
-2.515299e-02
1.146927e-02
-1.103746e-04
4.216127e-03
7.913340e-03
-3.265015e-02
-2.096323e-02
-4.841005e-03
-3.075277e-02
-8.325485e-03
2.046164e-02
-1.229896e-02
9.558286e-03
8.181470e-03
-2.068505e-02
-4.731337e-02
4.867065e-02
-6.311927e-04
-4.544875e-02
2.971224e-02
9.800204e-04
-4.434380e-02
-9.827396e-03
2.716401e-03
4.072431e-02
-3.309939e-02
-5.381699e-02
-2.360940e-02
1.914763e-02
-3.248657e-02
-9.505773e-03
-3.861816e-02
-4.020254e-02
4.264844e-03
-2.945753e-02
-4.398095e-02
-3.981819e-02
1.842635e-04
-1.006096e-02
-4.144073e-02
-2.138791e-02
-5.521554e-04
-1.935000e-03
-2.244762e-02
4.073697e-03
1.439535e-02
-1.692717e-02
-9.490594e-03
1.122103e-02
1.552220e-02
1.200056e-02
-9.638694e-04
-6.743348e-03
2.270106e-02
1.385391e-02
4.999086e-03
2.859795e-02
-1.641855e-02
-3.004153e-03
-2.639955e-02
-2.585416e-02
1.287317e-02
2.269535e-03
1.394872e-02
-5.729589e-03
-2.856884e-02
1.846074e-02
-5.740882e-02
1.696968e-02
7.615144e-02
2.762334e-02
-1.029324e-01
8.470175e-02
2.742197e-02
-8.517829e-03
-2.502330e-02
-3.078355e-02
-2.053100e-02
-1.413444e-02
-2.349076e-02
-3.149930e-02
-2.733831e-02
-2.784244e-03
-1.904191e-02
-3.665613e-02
-1.546689e-02
-1.339261e-02
1.133559e-02
1.446765e-02
-1.519557e-02
-1.467762e-02
4.382058e-02
2.492752e-03
-1.682519e-03
2.187888e-02
1.737027e-02
3.078953e-02
9.893666e-02
-1.058218e-02
2.725599e-02
-6.164695e-03
1.889591e-02
5.013353e-02
-4.203298e-03
-3.667434e-03
-9.388489e-03
7.437301e-03
1.361801e-02
2.861936e-03
-8.352887e-03
-7.565333e-03
2.097719e-02
-1.531310e-03
-1.640648e-02
-3.530574e-02
-1.202355e-02
4.052104e-02
1.333828e-02
-2.688006e-02
-4.395116e-02
8.457339e-03
9.831115e-03
2.466246e-02
1.894442e-02
-1.491519e-02
-7.037049e-04
-2.522470e-03
1.973039e-03
-6.968160e-03
2.701045e-03
-3.207298e-02
-4.576973e-02
-9.376159e-03
2.787483e-02
-2.200230e-02
3.765936e-03
1.691801e-02
3.974096e-02
-3.321978e-02
-4.523718e-03
-8.832079e-03
-8.162081e-04
-1.401256e-02
-1.964591e-02
-3.643210e-03
-1.707298e-03
-1.053969e-02
5.502603e-03
2.348530e-02
-7.779298e-03
-8.963189e-03
1.139477e-02
-7.145651e-03
-9.209620e-03
5.187895e-03
-5.742024e-03
-6.061431e-03
-5.755932e-03
2.965181e-02
5.981128e-03
6.565038e-03
1.756512e-03
-3.350036e-02
1.448131e-02
-8.700469e-03
-2.445161e-03
1.743096e-02
2.194765e-02
8.081530e-03
-4.250688e-02
-8.777873e-03
2.525346e-02
-5.604944e-04
3.180594e-02
-2.138893e-02
-3.172329e-02
7.999916e-03
1.843213e-02
-1.885778e-03
-5.437655e-03
-9.041247e-03
-7.433949e-03
-2.239129e-02
-1.133620e-02
-3.228011e-03
9.699977e-03
5.144630e-03
1.012917e-03
9.784558e-03
1.229144e-02
-3.376047e-02
2.804880e-03
4.952397e-03
-2.579258e-02
4.592600e-03
1.995053e-02
-2.115994e-02
2.033202e-03
-7.007407e-03
-1.392551e-02
9.413467e-03
-1.521764e-02
-3.024278e-02
3.004732e-02
-7.471300e-03
-2.294432e-02
1.664075e-02
8.012196e-03
-7.439883e-03
8.199397e-03
-7.699796e-03
1.923491e-02
-3.673501e-02
3.504729e-02
-3.451031e-02
-1.461836e-02
6.387801e-03
2.121576e-02
1.003479e-01
5.497328e-02
-1.022370e-02
-1.933327e-02
-1.967045e-02
6.620646e-03
-6.678120e-03
-6.836520e-03
1.038776e-02
-2.606538e-04
9.349333e-04
1.410940e-02
1.873199e-02
-1.064223e-02
-1.234717e-02
-6.783604e-03
-2.532572e-02
-2.394465e-02
-8.462369e-03
-2.314453e-02
-5.006411e-02
-1.354969e-02
-8.392870e-03
-1.196898e-02
-4.133690e-02
-2.357757e-02
-4.166174e-02
-3.180574e-02
-2.662409e-02
1.958553e-02
1.265506e-02
1.677107e-02
-6.765834e-03
2.810668e-03
-1.885332e-02
-1.824970e-02
1.427123e-03
-2.043328e-02
-5.264639e-02
-2.756106e-02
6.973209e-03
-6.799952e-03
-1.556137e-02
-3.114396e-02
-2.115483e-02
-2.752731e-02
1.707759e-02
-4.636985e-04
8.682489e-03
1.380072e-02
-5.328456e-03
-7.525608e-03
1.242779e-02
-2.822738e-02
-2.615188e-02
3.346021e-03
3.781214e-02
6.231667e-03
-3.341486e-02
-1.921023e-02
2.126856e-02
-3.277600e-02
-2.636182e-02
3.130838e-02
9.692349e-03
9.299320e-03
-2.825321e-03
1.395126e-02
-3.372611e-03
6.510657e-03
4.205906e-03
1.651705e-03
1.160563e-02
1.399023e-02
9.559323e-05
1.911535e-02
-1.405283e-02
-3.776032e-02
-3.009216e-02
-5.482617e-02
-4.016162e-03
2.750990e-03
-1.879383e-02
-3.002133e-02
-2.993934e-02
-5.247021e-02
-1.095353e-02
5.040335e-03
-2.721316e-02
3.087769e-02
5.901848e-02
2.256043e-02
-3.614207e-02
-5.774859e-02
-5.900068e-02
-6.944170e-02
-8.516945e-02
-8.771322e-02
-3.807209e-02
-2.195193e-02
-2.312267e-02
2.756387e-02
-2.146261e-02
-2.971793e-02
-1.420069e-03
-1.299742e-02
1.513012e-03
1.915087e-02
1.147450e-02
-2.582955e-02
-9.961526e-04
-1.234682e-02
1.016379e-02
3.273295e-02
1.243688e-02
-9.285040e-03
2.964129e-04
2.683230e-03
-3.454279e-03
2.462885e-03
3.209875e-03
-2.049616e-02
-1.261693e-03
-4.296341e-03
-6.824862e-03
-1.649271e-03
-1.977470e-02
4.223254e-03
-1.429465e-02
1.288481e-02
-1.487775e-03
-9.273623e-03
-7.175812e-03
5.747774e-03
2.067167e-02
-4.386259e-04
-3.913040e-02
-3.177035e-02
-2.197844e-02
-3.277958e-02
-4.129533e-02
4.212730e-02
-8.237546e-02
-4.953625e-02
-4.178100e-02
-8.045711e-04
1.469304e-02
-5.633118e-03
-2.618240e-03
5.648448e-03
-7.416692e-03
-3.090877e-03
-7.413051e-03
-9.260068e-03
9.026689e-03
-5.189819e-03
-3.925116e-03
1.613649e-02
5.976331e-03
-3.667814e-03
-2.008290e-02
-1.108925e-02
-3.803082e-03
-9.080333e-03
-3.115759e-02
-5.135481e-02
-1.053812e-02
-6.829575e-03
2.720697e-02
-7.047289e-02
-6.278683e-02
-3.878946e-02
-4.131861e-02
-1.025867e-03
3.761454e-03
6.199092e-03
-2.717117e-02
-1.071097e-02
1.250328e-02
-1.009053e-02
-3.894541e-03
8.158053e-03
2.030820e-02
-2.703315e-03
5.779114e-03
2.942963e-03
-1.220125e-02
4.006010e-02
-1.463417e-02
-2.602789e-02
-2.109728e-03
-2.997060e-02
-2.532947e-02
-5.694705e-03
8.216674e-03
-2.804657e-03
1.378592e-02
-2.862057e-03
-8.774280e-03
-1.475155e-03
2.799349e-02
-9.143474e-03
-9.253395e-03
-2.910631e-02
1.186113e-01
3.412883e-02
-3.894440e-02
-4.074537e-02
2.464351e-02
3.220762e-02
1.290122e-02
-5.388694e-03
1.249267e-03
2.473010e-03
-2.262906e-02
5.939993e-03
-2.709458e-02
-3.152225e-03
-2.979908e-02
-1.103973e-02
-4.540820e-02
-4.864731e-02
-3.167077e-02
-5.485907e-02
-1.390399e-03
1.275846e-02
-2.767476e-02
1.875657e-03
-1.791839e-02
7.724578e-03
2.436089e-02
1.296453e-02
1.011375e-02
-2.906991e-02
-6.270578e-03
7.722164e-03
3.156798e-03
-4.470640e-02
-2.877858e-02
6.878947e-03
2.234227e-02
-9.079301e-03
9.069480e-03
-2.679040e-03
2.555987e-02
-3.833243e-03
1.165581e-02
1.214310e-02
-1.327069e-02
-2.008060e-02
-2.563389e-02
4.549163e-02
2.583424e-02
-6.240436e-03
-1.140852e-02
-1.679554e-02
1.043686e-02
-6.721181e-03
1.444616e-02
1.953176e-02
-6.581206e-03
4.414805e-03
-1.453372e-02
-9.222267e-03
1.249035e-02
-5.157027e-03
1.122682e-02
4.562804e-03
1.469812e-03
-1.262292e-03
-9.766361e-03
-8.881798e-03
-1.519568e-02
-1.960940e-02
-8.158758e-03
7.969106e-03
-2.468079e-02
-4.269885e-02
-4.082683e-03
-6.388942e-03
-8.290076e-03
-2.857139e-02
-9.640146e-03
-3.300854e-02
-4.208882e-02
7.143949e-02
-5.162188e-02
2.919194e-02
-4.587869e-02
-6.877385e-02
2.346875e-02
1.261072e-03
-5.929086e-03
7.803777e-03
-1.151717e-02
3.086414e-03
-3.524884e-03
-8.861610e-03
6.828033e-03
1.010349e-02
1.633062e-02
7.208548e-03
-1.907321e-02
-1.745388e-02
-2.101875e-02
-1.518102e-02
-1.111002e-02
-4.361091e-03
4.324280e-02
-3.003239e-03
1.147875e-03
-5.013113e-03
4.476207e-04
-1.290352e-02
2.229697e-02
-7.490027e-03
-1.775661e-03
1.348525e-02
-3.305664e-03
-8.612111e-03
-2.231954e-03
-8.271135e-03
-5.413102e-03
-2.753496e-03
-1.446524e-02
-2.428054e-02
-6.165383e-03
4.947102e-03
6.269588e-03
-8.856580e-03
8.389518e-03
-1.241816e-02
2.640604e-03
-1.003604e-02
5.510981e-03
1.038355e-02
6.738347e-03
-1.621376e-02
5.514189e-03
8.184367e-03
-9.795034e-03
-5.572036e-03
7.899340e-03
-1.542995e-02
-3.238950e-02
-2.369296e-02
-1.777471e-02
-8.202028e-02
-7.043115e-03
1.402327e-02
3.124564e-02
-1.659302e-02
1.475562e-02
-4.831738e-03
-1.523674e-02
2.790247e-03
8.338434e-03
2.935739e-03
1.281245e-02
-3.261851e-03
-6.120537e-03
1.323828e-03
-3.716797e-02
-3.052427e-02
-1.926352e-02
-5.528081e-02
-3.933981e-02
-3.665967e-02
-2.727211e-02
-6.629742e-03
-5.681865e-03
-1.225535e-02
-7.070857e-04
2.057182e-02
8.672752e-03
9.345436e-03
2.854459e-02
7.369110e-03
-1.578216e-02
-1.751314e-02
8.762737e-03
-2.149041e-02
-6.543390e-03
7.993182e-03
3.212025e-02
-1.511017e-03
-2.453713e-02
-2.264153e-03
5.408540e-03
-5.087671e-02
-8.189860e-02
-3.150798e-02
-3.973335e-02
-4.110567e-02
-2.152548e-02
-3.226718e-02
-2.274536e-02
-5.530696e-02
2.792884e-02
-2.418835e-02
-2.516455e-02
2.859147e-02
-8.012990e-03
-4.000174e-03
1.028740e-02
-3.565736e-02
-8.921962e-03
-8.909225e-03
-2.951734e-02
1.593860e-02
4.243770e-02
-7.503917e-04
1.234157e-02
-2.803137e-02
-4.714634e-03
-1.137880e-02
-7.436833e-03
-4.892260e-02
-2.093362e-02
4.920697e-02
-4.946227e-02
-6.394509e-02
1.840846e-02
-4.402144e-02
-6.117773e-02
-2.485598e-02
-4.429481e-02
-2.303632e-02
-1.161861e-01
1.669723e-02
2.488223e-02
-2.235666e-02
-8.895018e-02
4.928837e-03
4.226157e-03
-1.722162e-03
-1.377845e-02
-4.624252e-03
-9.730665e-03
-3.236192e-03
-4.148524e-02
-1.451905e-02
-2.725958e-03
7.374692e-03
1.425448e-02
2.235118e-02
-1.545659e-03
-1.699341e-02
-1.056710e-02
7.820698e-03
-8.883239e-03
-3.769011e-02
-9.863103e-04
1.329261e-03
-1.902501e-02
-5.850621e-02
-4.502481e-02
-3.978983e-02
-3.447724e-02
-3.719975e-02
-2.056631e-02
1.849149e-02
-1.006432e-02
7.055047e-03
-4.163007e-04
-3.190519e-02
3.936780e-03
-1.861428e-02
-2.143667e-02
-2.812756e-04
-1.661085e-02
-1.021564e-02
-4.499559e-04
6.910859e-03
-4.691510e-02
2.652877e-02
3.472845e-03
-4.894981e-02
1.773483e-02
-2.383460e-02
-7.374581e-03
2.308121e-04
-8.321079e-03
1.038156e-02
3.055876e-02
-7.758953e-03
-1.684643e-02
5.078814e-03
-4.300120e-02
-5.155117e-02
1.395285e-02
-1.039227e-01
-1.339914e-01
-2.229644e-02
-4.193013e-02
-3.160682e-02
-2.127891e-02
9.609981e-03
-9.905209e-03
-8.972975e-03
9.497877e-03
-1.099789e-02
-1.607491e-02
9.638672e-03
-2.912053e-02
6.264559e-04
-1.754729e-02
-2.596509e-02
2.519017e-02
-9.806498e-03
-5.178810e-02
8.842064e-04
7.468419e-04
-3.598253e-02
2.116385e-02
-4.276241e-02
-2.215789e-02
1.049488e-02
-3.362844e-02
1.439305e-02
7.480747e-02
-1.504787e-02
-1.136785e-02
1.801852e-02
3.368861e-02
-4.542468e-02
-4.151122e-02
-2.480127e-02
-4.665651e-02
-3.047993e-02
-1.516233e-02
-6.411081e-03
3.729957e-02
-1.663591e-02
6.619326e-04
-2.678384e-02
-2.208646e-02
-1.582315e-02
-5.889484e-04
-1.430992e-02
-1.389208e-02
-2.239682e-02
1.044547e-02
2.593636e-04
-1.595590e-02
9.254700e-04
1.456411e-03
-1.031727e-02
-4.041290e-03
-1.318715e-02
-2.075517e-02
-8.583122e-03
3.315315e-03
-1.608486e-02
-1.616007e-02
-1.060530e-02
-1.533189e-02
1.556418e-03
-1.029874e-02
3.494241e-03
-1.225349e-02
-2.337714e-03
-6.180269e-04
-5.116527e-03
8.913212e-03
-1.105668e-02
-6.649028e-03
1.037984e-02
-2.743741e-02
-3.055226e-02
2.766521e-03
-2.156193e-02
-9.620463e-03
4.276523e-02
4.344321e-03
-3.130700e-03
5.200403e-02
3.289983e-02
3.790434e-03
7.858690e-03
-1.943561e-02
9.109553e-03
7.130062e-03
-1.794054e-02
1.996841e-02
9.969065e-03
-1.005558e-02
9.341748e-04
-8.914479e-03
-1.254341e-02
6.822367e-03
-2.790288e-04
-6.775509e-03
2.276494e-02
8.092816e-03
-1.208547e-02
1.977173e-02
-4.673547e-02
-1.921162e-02
1.799206e-02
3.300158e-02
2.590180e-02
1.766696e-02
1.726827e-02
1.209573e-02
2.516032e-04
-1.366640e-02
-4.484072e-02
7.948608e-03
-9.611033e-03
-3.099796e-02
4.951755e-03
3.847241e-04
-2.944870e-03
3.738092e-03
9.615249e-03
-1.291262e-02
-1.225987e-02
-7.608457e-03
-1.304342e-02
-1.130028e-02
5.544217e-03
-2.222701e-02
2.290644e-02
-2.285989e-03
-1.980643e-02
1.612838e-02
-2.181805e-03
-2.796453e-02
2.108574e-02
1.004487e-02
-2.347589e-02
1.739491e-02
6.748954e-02
-1.640997e-02
2.217050e-02
3.508161e-02
-1.326528e-03
2.026703e-02
3.158702e-02
-3.841253e-03
-5.689030e-03
-1.583815e-03
-4.643945e-03
-6.399834e-05
-1.249104e-02
-1.272242e-02
-2.800480e-03
-1.054770e-02
-3.764704e-03
-5.598426e-04
-5.191925e-03
3.723750e-02
2.582268e-04
-5.288755e-03
3.040375e-02
-7.507170e-04
-1.186174e-02
2.731549e-02
7.607680e-03
1.279528e-02
-1.576223e-02
-3.452349e-03
1.700490e-02
-8.431816e-03
2.991351e-04
1.767375e-02
-6.925736e-03
-5.478399e-03
1.888646e-03
-5.177608e-02
-2.698821e-03
6.269637e-03
-9.690081e-03
1.396244e-02
1.302507e-02
-1.486073e-02
-1.732145e-03
-8.441627e-03
-1.767376e-02
-9.336247e-03
-1.215094e-02
-1.143941e-02
-1.519987e-02
-6.430918e-03
-2.867127e-02
-2.923831e-03
-1.473333e-02
-1.439882e-02
2.584452e-02
2.808842e-02
1.959110e-02
1.305712e-02
2.655651e-02
2.631441e-03
2.303537e-02
1.606992e-02
-1.288280e-04
-7.058579e-03
1.007288e-02
-9.629047e-03
-7.749903e-03
2.038082e-02
-9.305564e-03
-3.172681e-03
2.956501e-02
-2.504513e-02
-2.287727e-03
1.914246e-02
-1.165043e-02
-2.434019e-02
1.174194e-02
-4.984547e-03
1.732307e-02
2.768874e-02
2.562215e-02
9.101182e-03
2.195853e-02
2.555943e-02
9.322095e-03
4.146290e-03
3.071810e-03
2.036714e-02
2.849992e-03
2.360038e-03
5.521219e-03
-1.102822e-02
-1.297918e-02
5.924567e-03
-1.243837e-02
-1.080169e-02
-2.662467e-03
-1.010375e-02
-2.726466e-02
1.095819e-02
1.659272e-02
3.348483e-03
1.123648e-02
1.324215e-02
1.182442e-03
-2.853312e-02
2.116915e-03
-8.854524e-03
6.012869e-03
3.300206e-03
-5.333401e-03
-4.175195e-03
-7.719340e-03
-1.743520e-02
1.222029e-02
1.012170e-02
1.892008e-02
2.315252e-03
-2.710453e-03
2.565210e-03
-1.258235e-02
-1.051914e-02
-1.237095e-03
-4.988615e-03
-2.522414e-02
-1.460922e-02
6.980149e-03
-1.953391e-02
1.245763e-02
-9.486143e-03
-1.427776e-02
2.339839e-03
-1.250667e-02
-2.415287e-02
-1.393379e-02
-5.513697e-03
-1.390218e-02
-8.358883e-03
-2.130469e-03
-8.405302e-03
-2.749037e-03
-3.442994e-04
8.651186e-04
-1.858358e-02
1.862844e-02
9.366845e-03
6.879278e-03
1.249889e-02
-6.386938e-03
-1.682895e-02
-8.731551e-03
-1.261941e-02
1.058924e-02
-5.158762e-03
1.536882e-02
2.806070e-02
1.346301e-02
2.709430e-02
2.091239e-02
1.779314e-02
1.049747e-01
-9.892725e-03
1.847778e-02
1.071253e-01
-1.026330e-02
5.682525e-03
9.729067e-02
-2.614555e-02
5.076743e-03
8.045571e-03
-5.330106e-04
-9.117905e-04
5.514346e-03
7.304378e-04
-1.898086e-02
-8.903601e-03
-2.291563e-02
-1.527118e-02
-9.310010e-03
-2.223760e-02
-2.543316e-02
1.611562e-02
-4.074993e-04
-4.160665e-03
3.882677e-02
1.686397e-02
-2.489663e-02
3.493080e-03
-1.179274e-02
6.904687e-03
7.038424e-04
-3.037248e-02
-2.538582e-02
-1.253380e-02
-1.488325e-02
-4.155178e-02
-2.656046e-03
5.902053e-02
-3.916339e-02
-3.753499e-02
6.051645e-02
-3.819976e-02
-5.215593e-02
4.253284e-02
1.033584e-03
-1.420657e-02
1.791757e-02
1.124721e-03
-1.966028e-02
1.369040e-02
2.345795e-03
-1.233799e-02
1.437665e-02
3.267324e-03
-5.702273e-03
-2.273377e-02
4.991597e-03
2.515429e-03
-1.724437e-02
7.616383e-03
9.600415e-03
-1.435935e-02
-4.381380e-03
-4.228040e-02
-1.338022e-02
1.106798e-02
-2.300548e-02
4.471258e-02
1.581526e-02
-1.309671e-02
4.410575e-02
1.298821e-02
5.964511e-04
-2.492175e-02
2.581472e-02
1.979086e-02
-3.124072e-02
4.083368e-02
2.137318e-02
-2.960638e-02
1.267332e-02
-3.591745e-02
-1.607149e-02
3.576136e-02
-3.186331e-02
-1.680403e-02
4.137379e-02
-1.069375e-02
-4.444350e-03
1.105260e-02
1.785538e-02
1.519098e-02
7.622752e-03
2.898795e-02
-5.114213e-03
-1.069304e-02
2.469712e-02
-1.360648e-03
1.077708e-02
-1.997405e-02
-5.043637e-02
3.370629e-02
-4.569526e-04
-4.697745e-02
3.192403e-02
9.880753e-03
-4.400650e-02
1.979003e-02
-3.316561e-03
3.991456e-02
-1.643401e-03
-1.804756e-02
1.936674e-02
-1.462009e-02
-2.402716e-02
-2.807074e-03
-3.789216e-02
-3.358403e-03
5.115962e-02
-5.100069e-02
-1.891099e-02
5.030114e-02
-4.405238e-02
-6.212506e-03
5.743576e-02
-2.956460e-02
-2.375389e-02
1.003544e-02
-4.665480e-03
7.196721e-03
-6.909056e-03
-2.074356e-03
2.499243e-02
-2.469565e-02
7.495034e-03
-1.183439e-02
1.285599e-02
-5.193722e-03
2.060147e-03
3.007953e-02
-2.135942e-02
1.760765e-03
3.304970e-02
1.703519e-02
-2.747044e-03
5.881008e-03
1.047317e-02
-1.487555e-02
-6.988517e-03
1.685908e-02
-1.131172e-02
-1.080651e-02
1.133326e-03
-1.333973e-03
-7.690017e-03
-1.112832e-02
-1.350533e-02
-1.882902e-02
7.044241e-03
1.198603e-03
-1.967748e-02
2.488855e-02
-1.836595e-03
3.004980e-02
8.572292e-04
-1.549250e-02
-3.011975e-03
5.225230e-03
8.409502e-03
1.118889e-02
1.780792e-02
-6.303273e-03
1.819961e-02
5.287257e-03
-1.284912e-02
-1.682932e-03
-9.677537e-03
6.577270e-03
-2.686506e-02
-4.452348e-03
1.913025e-02
-5.130765e-03
-2.712900e-04
-4.946573e-03
7.944820e-03
-5.152991e-03
8.785603e-03
7.354233e-03
-2.853694e-03
2.808539e-03
1.918086e-02
-9.685997e-03
5.213898e-03
1.104723e-02
-9.380928e-03
-1.560319e-02
-2.163567e-02
-1.479786e-04
-1.472163e-02
4.391555e-03
-1.341803e-02
9.405323e-03
-6.409210e-04
6.506149e-03
-2.045254e-02
-8.070024e-04
-1.581590e-02
2.076686e-02
-1.754888e-02
2.142816e-02
-2.576768e-02
2.891232e-02
-7.008590e-03
5.580180e-02
-1.758057e-02
4.421695e-03
2.529539e-03
5.543071e-03
-1.055942e-02
-6.343720e-03
-1.037686e-02
4.442332e-03
-7.371896e-03
-7.727515e-03
4.363393e-03
1.129712e-02
1.180685e-02
-1.222043e-02
-1.254045e-02
8.762979e-03
-4.320816e-03
-2.207133e-03
5.349428e-04
-5.666299e-02
1.111918e-02
-1.529112e-02
-1.407566e-02
-7.053477e-02
1.816310e-02
-2.790066e-02
-3.714007e-03
5.818577e-03
1.667729e-02
7.700828e-03
2.128315e-02
-2.780280e-03
1.544698e-02
-1.258691e-03
-2.202788e-02
-2.151404e-02
-6.280658e-03
-3.222493e-03
-1.074426e-01
1.394243e-02
-8.757296e-03
1.737388e-01
1.320612e-02
1.119169e-02
-6.762395e-02
8.963774e-03
-3.767103e-03
1.334047e-02
-9.140436e-03
6.700244e-03
1.982579e-02
3.690451e-03
-1.958541e-02
-8.590505e-03
-1.418695e-02
-3.940078e-03
-1.656192e-02
7.049963e-03
2.974756e-02
-4.338567e-02
-3.737573e-03
6.264844e-03
7.918317e-04
1.036598e-02
1.164369e-02
1.134116e-02
7.561120e-04
1.098956e-02
-8.842716e-03
-2.969371e-03
-5.565321e-03
1.359853e-03
-1.030690e-02
-5.337075e-05
-1.378518e-02
5.943305e-03
-1.362142e-02
-1.354078e-02
-4.114458e-03
6.756572e-03
-9.691168e-03
1.212929e-02
1.417231e-02
7.472134e-03
1.448620e-03
5.737722e-04
-9.941366e-03
-9.189335e-03
3.991459e-03
2.890461e-04
-1.186722e-02
4.399796e-03
2.773117e-02
7.148819e-03
5.520353e-03
-3.707616e-02
6.109648e-03
-3.588225e-02
-2.840891e-02
-2.591195e-03
1.464958e-02
7.869199e-03
-2.470683e-02
8.180473e-03
-4.783520e-02
4.482016e-02
-1.789962e-02
4.795759e-03
-1.905509e-02
-2.078729e-02
-2.117858e-02
-9.137157e-03
-4.607844e-02
1.615027e-02
1.972990e-02
4.669730e-02
1.405390e-02
-2.157507e-02
5.235147e-02
2.145028e-02
-6.377843e-03
2.139281e-02
-6.192870e-03
-2.889260e-02
-2.312016e-02
5.424974e-03
-8.476438e-03
-4.214182e-02
-2.953363e-02
-1.349923e-02
3.190625e-02
8.860989e-03
6.569993e-03
1.119153e-02
-1.585030e-02
-2.680539e-02
-1.549132e-02
-2.399209e-02
2.612013e-02
-1.173939e-02
8.688075e-02
1.733976e-02
-1.193633e-02
-1.505119e-02
-7.502671e-03
-5.918137e-03
-7.147937e-03
1.166111e-02
9.591676e-03
-1.604490e-03
1.183769e-03
6.009033e-03
9.218279e-03
9.160214e-03
-1.471125e-02
-1.836457e-02
-1.377786e-02
-2.340059e-03
1.252475e-02
-2.993053e-03
1.484461e-02
1.068184e-02
-9.106895e-03
-7.197663e-03
7.528412e-02
1.391705e-02
4.219784e-02
-1.029371e-03
-9.441184e-03
4.028773e-02
9.607888e-03
-3.382714e-02
4.769837e-02
-1.682832e-05
-1.755599e-02
3.310341e-02
-3.195946e-02
-1.432533e-02
-3.458833e-02
-2.910949e-02
1.175204e-02
2.266727e-02
2.045049e-02
-4.133542e-02
9.240768e-02
-3.000787e-03
-3.660226e-02
-1.252665e-02
-2.336228e-02
-4.931699e-02
-4.249404e-02
-1.850163e-02
-7.172072e-03
-3.666137e-02
1.793546e-05
2.722341e-02
1.358992e-02
1.534845e-02
-3.804939e-03
1.041014e-02
8.039088e-03
1.418851e-02
-1.631543e-02
-3.701162e-02
-1.189340e-02
-2.201243e-02
1.339417e-02
-1.116629e-03
-2.215078e-02
-9.595395e-03
-2.450740e-03
-1.717948e-03
4.050930e-02
2.474492e-02
3.538112e-02
4.168403e-02
2.051706e-02
-1.225618e-02
1.060419e-02
-6.446032e-03
-1.691937e-02
1.177738e-03
-1.696857e-02
-5.014792e-03
1.856291e-02
5.265194e-03
-3.277175e-02
-9.907186e-03
3.721641e-03
-4.079917e-02
-5.301507e-03
5.271783e-03
6.559473e-03
1.424589e-02
-2.147195e-02
4.078439e-02
2.539924e-02
7.243746e-03
3.711200e-03
-3.788184e-02
-2.473993e-02
-1.972470e-02
-3.379157e-02
1.833571e-02
1.371466e-02
1.666041e-03
-4.409780e-02
-8.426614e-03
4.554085e-02
-3.315774e-02
-1.701142e-02
-1.700004e-02
9.883532e-04
-3.301476e-02
5.165841e-03
-2.079472e-02
4.450781e-02
1.035853e-01
3.286560e-02
-1.261106e-04
2.627936e-02
-2.712669e-02
5.158672e-02
8.282875e-02
3.381654e-02
6.801133e-02
1.002276e-01
2.900524e-02
8.111666e-03
5.489563e-02
-2.411951e-02
-2.955572e-02
1.131410e-02
3.156540e-03
-8.238940e-03
1.926669e-02
2.889605e-02
1.493107e-02
2.045599e-02
2.985395e-02
4.198775e-02
-1.052652e-02
2.519106e-02
-2.443725e-02
-3.181587e-03
-2.310886e-02
-1.334770e-02
1.447213e-02
-5.975156e-04
-5.632532e-03
-3.142019e-03
-2.242008e-02
4.512978e-03
6.967591e-03
-1.097841e-02
2.842015e-03
1.041234e-02
5.053021e-03
1.565559e-02
4.148037e-03
8.244788e-03
-6.641656e-05
-1.354143e-02
-3.553253e-03
-2.044305e-03
-1.348149e-02
-7.745141e-03
-2.421176e-02
-1.856649e-02
-1.171269e-02
1.971986e-04
1.808229e-04
-2.539895e-02
-1.751923e-02
5.939161e-03
-2.508310e-02
1.430577e-02
-1.878338e-04
-2.068127e-02
3.357920e-03
-5.036127e-03
-2.315660e-02
-2.118073e-03
-2.385374e-03
-1.014318e-02
-1.611337e-02
-2.760008e-03
-1.158329e-02
-3.474755e-03
2.117290e-02
1.700071e-02
1.137998e-02
7.252289e-03
1.973601e-02
-1.304682e-02
-6.360908e-03
-1.443773e-02
-1.561635e-02
-3.523076e-03
-2.093943e-02
-4.069109e-02
-4.962239e-02
-5.782520e-02
2.376111e-02
-2.658818e-02
7.895747e-03
-2.060687e-03
1.294308e-03
2.571423e-03
-2.053718e-02
1.293637e-02
1.293314e-02
-3.910115e-03
1.074498e-02
2.858158e-03
2.001350e-02
1.992294e-02
-3.920225e-03
-3.432883e-03
-8.997967e-03
-1.705405e-02
1.415233e-02
3.376428e-02
1.522944e-02
2.736245e-02
3.844851e-02
2.198258e-02
8.399160e-03
8.444037e-03
1.913742e-03
-2.595414e-02
-9.441276e-03
-2.591779e-02
7.362575e-03
9.050713e-03
-5.840986e-03
3.462606e-02
2.334972e-02
1.161906e-02
2.068424e-03
-1.307496e-02
1.714128e-02
-9.065399e-03
-1.299344e-02
-9.477792e-03
-5.960568e-04
3.411254e-03
4.149955e-03
-1.676707e-02
-1.908959e-02
-3.206558e-02
-3.115464e-02
1.108331e-03
-3.287280e-02
-1.488287e-02
-3.974018e-03
-1.706281e-02
6.904219e-03
-7.770187e-03
-5.827106e-03
6.205017e-03
-6.236899e-04
-1.926035e-02
3.929424e-02
9.461437e-03
-1.292019e-02
-2.897481e-02
-2.010948e-02
-1.905085e-02
6.787216e-03
-7.891408e-03
-1.946159e-02
1.635714e-02
1.970362e-02
1.498099e-02
1.730056e-02
1.743072e-02
2.022409e-02
-8.581935e-03
-2.317869e-02
-1.441551e-02
-3.636501e-02
-1.522738e-02
4.426647e-03
1.812433e-02
-3.099378e-02
-5.858419e-03
-1.718148e-03
6.881277e-02
-6.914087e-03
-7.395815e-03
-4.393924e-02
1.400377e-02
4.308823e-03
6.197651e-03
2.278611e-03
1.224017e-02
1.912911e-02
6.738291e-03
1.085518e-02
4.778035e-03
-1.328107e-02
5.096164e-03
-4.668820e-04
-1.329599e-02
1.402903e-02
3.920055e-02
9.733856e-03
-2.212948e-02
-8.643655e-03
-1.330667e-02
6.537798e-02
1.842514e-02
-1.426809e-02
1.840586e-02
5.094203e-02
5.406999e-02
1.634581e-03
-2.000806e-02
-3.074978e-02
-2.753062e-02
-2.824791e-02
-4.275341e-02
1.923539e-02
3.696747e-03
9.008345e-03
1.450781e-02
9.370429e-03
1.692178e-02
3.368047e-03
5.445560e-02
1.227281e-02
-5.920753e-02
-1.054286e-02
-5.027696e-02
2.362520e-02
2.921428e-02
-1.722827e-03
-1.675569e-02
-2.413489e-02
-1.693225e-02
6.077586e-03
-1.245408e-02
-8.786338e-03
2.172792e-02
1.686261e-02
9.669594e-03
1.130125e-02
1.920504e-02
-2.132750e-02
-5.992227e-02
2.694809e-03
1.161678e-02
1.139369e-02
-1.713759e-02
-2.709047e-02
-3.877883e-03
-2.162633e-02
-2.342592e-02
-1.857088e-02
-2.181363e-02
-3.732986e-03
2.698559e-03
2.345627e-03
-6.137342e-03
-1.810638e-02
-2.177246e-02
-1.540505e-02
4.244262e-02
4.450076e-02
4.124263e-02
-3.527856e-02
-3.885938e-02
-4.774386e-02
1.568558e-02
3.542624e-02
1.091735e-02
-1.330158e-03
1.604430e-02
-8.104248e-03
-1.633072e-02
-8.417237e-03
-2.164281e-02
-5.639285e-02
-3.479974e-02
-4.592101e-02
2.910168e-02
1.470004e-02
7.249152e-03
1.810924e-02
4.981187e-02
1.065675e-02
-3.146819e-02
3.815985e-04
6.756920e-02
5.504104e-02
1.698098e-02
2.006908e-03
-2.049622e-02
-7.034686e-03
-3.203177e-02
