-1.127358e-01
-6.380621e-02
-7.854339e-02
-7.752968e-02
-7.073412e-02
-8.198490e-02
-4.851499e-02
-1.124552e-01
-9.013101e-02
-4.836793e-02
-1.486475e-02
-1.295656e-10
-8.855685e-02
-6.922381e-02
-6.269960e-02
-7.937124e-02
-8.943731e-02
-5.469532e-02
-4.447424e-02
-1.053139e-01
-2.701232e-02
-1.301297e-01
-1.492569e-01
-9.131906e-02
-1.095085e-01
-1.430150e-01
-9.633242e-02
-1.527150e-01
-8.661028e-02
-1.104325e-01
-1.538663e-01
-5.320605e-02
-1.862615e-01
-6.208662e-02
-9.518919e-02
-1.284650e-01
-1.106038e-01
-1.667054e-01
-8.610988e-02
-9.606853e-02
-3.164987e-02
-6.618342e-02
-2.632919e-02
-6.994161e-02
-8.799376e-02
-8.419669e-02
-1.047322e-01
5.135114e-02
-8.724241e-02
-1.446482e-01
-7.357623e-02
-1.222326e-01
-4.729932e-02
-1.405793e-01
-3.164523e-02
-7.342646e-02
-5.742284e-02
-1.139453e-01
-2.326393e-02
-8.458698e-02
-7.257777e-02
-1.551122e-01
-4.771497e-02
-1.146739e-01
