-1.134342e-02
5.036830e-02
-2.489021e-02
2.597965e-02
9.247871e-02
8.573934e-03
-1.491451e-03
7.677385e-02
-2.007638e-03
1.612186e-02
1.217131e-02
2.532790e-02
5.405955e-02
5.845689e-02
5.219286e-02
3.157323e-02
4.758164e-02
4.236730e-02
2.072463e-11
2.535109e-11
1.157398e-10
1.227537e-10
-5.034994e-11
1.807790e-11
-1.107826e-11
4.885892e-11
-4.378683e-12
1.882469e-02
3.470658e-02
3.777169e-02
-1.680910e-02
-1.462047e-02
-4.143154e-03
-2.519467e-02
-2.617135e-02
-1.042275e-02
1.839310e-11
-3.709230e-11
2.302338e-11
-5.262808e-13
-1.411895e-11
5.402060e-11
-4.495343e-12
-2.155142e-12
-3.274309e-11
1.494121e-02
4.232760e-02
2.023468e-02
-5.869363e-03
1.278371e-02
-1.345748e-02
-3.870498e-02
-2.253732e-02
-4.319452e-02
3.652815e-11
5.976749e-12
-2.508446e-11
-4.067841e-11
-1.129479e-10
-1.329068e-11
-4.525133e-11
2.462104e-11
-4.457902e-11
3.413895e-02
2.322398e-02
1.986053e-02
8.076835e-03
-2.448943e-03
-6.037761e-03
1.042568e-02
-2.751161e-03
-3.514168e-03
5.920510e-11
-5.190984e-11
-5.008107e-11
4.579532e-11
-3.213709e-11
3.262050e-11
1.034988e-10
1.740343e-11
-2.914491e-11
-9.756898e-12
-1.817319e-11
4.274385e-12
-1.407693e-11
7.565719e-11
-6.600841e-11
-9.895420e-12
-5.429083e-11
1.020452e-11
-9.560728e-03
1.476665e-02
5.381133e-03
-1.340552e-02
1.105585e-02
2.973639e-03
-7.876918e-03
-1.144526e-03
-9.817893e-03
1.557029e-08
6.832436e-09
7.024110e-09
1.860885e-09
-9.417003e-09
-2.794353e-09
1.174288e-09
-6.800422e-09
-2.533232e-09
1.268144e-02
-3.458644e-03
4.583145e-03
1.899673e-02
-7.959612e-03
3.728248e-03
1.618681e-02
1.015960e-02
1.263844e-02
2.683801e-03
5.344378e-03
2.642779e-02
-1.384643e-02
-8.484486e-03
9.738791e-03
-7.739338e-03
-4.459092e-03
1.192036e-02
1.934555e-11
-8.593504e-11
4.205149e-11
-4.606334e-11
7.210726e-11
2.437186e-12
3.741708e-11
-1.036617e-10
-4.867786e-11
1.608844e-10
2.197917e-10
1.767191e-10
1.434556e-10
8.119681e-11
1.760720e-10
5.444146e-11
4.745105e-11
1.645828e-11
-2.728881e-03
4.455913e-02
4.839478e-02
-6.583947e-02
-5.631381e-02
-7.349489e-03
-5.585803e-02
-1.068145e-01
-2.583082e-02
1.422005e-02
-7.166390e-03
7.387090e-03
3.296120e-02
3.490509e-02
-2.520161e-02
-2.169775e-02
-2.444234e-02
-5.201424e-02
-6.023311e-11
9.042172e-12
-5.144711e-11
-2.019068e-11
-5.716778e-11
-1.441029e-10
-1.094567e-10
-2.044007e-11
-9.720500e-11
-1.139944e-02
5.670549e-02
-2.398953e-02
2.258562e-03
2.005167e-02
-3.450204e-03
4.207741e-02
-8.986620e-02
3.158197e-02
-5.120401e-12
3.783561e-11
-1.823888e-11
-2.428045e-11
1.136502e-10
3.514669e-11
-8.279166e-11
-7.504498e-11
-9.453587e-11
4.194801e-03
3.146993e-02
2.137644e-02
-7.583723e-03
-4.322815e-03
5.846477e-03
-2.856155e-02
-2.647723e-02
-9.141787e-03
-7.214899e-11
-4.409819e-11
-5.921320e-11
-7.708332e-11
-1.608554e-10
-1.052788e-10
-9.950167e-11
-2.535856e-11
-9.345021e-11
1.591698e-02
-2.688383e-02
-4.683425e-02
3.180043e-02
1.412581e-02
-1.788563e-02
1.858790e-02
4.841881e-02
6.509237e-03
9.181977e-11
-3.036361e-11
-5.852298e-13
6.066606e-11
-4.589815e-11
6.322692e-12
5.213518e-11
-2.340620e-11
-4.345756e-11
-8.546054e-13
9.551438e-11
3.286811e-11
6.016740e-12
-2.126759e-11
2.468580e-11
-1.078033e-11
-1.260541e-10
-9.460443e-11
-1.212237e-02
5.556358e-02
-1.582700e-02
-3.358659e-03
1.542763e-02
-9.642437e-03
2.626792e-02
-1.485014e-02
4.910686e-04
-9.175873e-09
1.473027e-08
1.000705e-08
3.292909e-08
5.739417e-08
4.664778e-08
1.623681e-08
3.378646e-08
3.325538e-08
9.480665e-03
-1.804829e-02
5.910781e-02
1.361517e-02
-4.083083e-03
1.935927e-02
-5.700013e-03
5.759071e-03
-5.446896e-02
-2.219947e-02
-1.586217e-02
-3.174312e-02
-3.001858e-02
-5.060732e-02
-4.181527e-02
-3.410489e-03
-3.800112e-02
-1.501913e-03
-2.336584e-11
-1.281904e-10
-1.051408e-10
-1.944954e-10
-2.029856e-10
-1.077540e-10
-1.387302e-10
-5.650466e-11
-1.543509e-10
-3.102661e-10
-3.911216e-10
-2.859312e-10
-3.521066e-10
-4.602523e-10
-4.824236e-10
-4.247222e-10
-4.979763e-10
-4.655317e-10
4.961332e-02
7.742891e-02
4.813420e-02
5.449093e-02
2.099880e-02
-4.473438e-02
5.699796e-03
-1.000326e-02
-7.838595e-02
-3.112830e-03
-1.843429e-02
-2.348487e-02
-3.647738e-03
-2.691810e-02
-2.322739e-02
4.304993e-03
-2.856540e-03
7.955741e-03
1.412660e-10
6.399293e-11
4.306948e-11
5.491080e-11
7.021725e-11
-2.905026e-11
1.553534e-10
1.164802e-10
1.165583e-10
-7.572539e-03
2.648143e-02
3.168993e-02
-2.625236e-02
1.797193e-02
8.908155e-03
-4.433431e-02
-2.377578e-02
-3.898215e-02
7.336554e-11
-6.034144e-11
1.055163e-10
-3.181758e-11
7.728817e-11
-2.791398e-11
7.208674e-12
1.740928e-11
9.137762e-12
6.574661e-02
2.563688e-02
-1.591534e-02
5.573568e-02
-3.156667e-02
-8.009800e-02
8.009338e-02
-8.227159e-05
-4.437882e-02
3.323759e-11
5.943888e-11
5.577718e-11
7.292359e-11
-2.008516e-12
-8.753805e-11
1.703905e-11
-1.048306e-11
-3.000632e-11
-3.369291e-02
-1.317485e-02
-4.173141e-03
-3.754043e-02
-1.081511e-03
2.504399e-02
-5.852244e-02
-7.992948e-03
2.859356e-02
-5.538942e-11
5.988014e-12
-6.929920e-11
-6.464179e-11
-2.378151e-11
-8.573858e-11
-4.314162e-11
5.262750e-11
2.128300e-11
1.112339e-10
-1.273638e-11
9.515759e-12
9.492995e-12
-4.381540e-11
6.660696e-11
4.628295e-11
8.519790e-11
7.196155e-11
1.426512e-02
-3.982900e-03
1.823473e-03
-3.321110e-02
4.532919e-03
2.746420e-02
-6.147514e-02
-5.779265e-03
2.605528e-02
1.260382e-08
-4.225587e-09
-1.715879e-08
9.278693e-09
-7.943548e-09
-1.877089e-08
2.640448e-08
8.863490e-09
1.010370e-08
-4.519724e-03
2.045473e-02
9.047639e-03
-4.523026e-03
-1.637365e-02
-5.357865e-03
9.184434e-03
-4.716491e-03
-1.955497e-02
2.476977e-02
2.570536e-02
2.303819e-02
2.448960e-02
3.926560e-02
9.265784e-03
1.096969e-02
3.172318e-02
-5.745583e-04
4.945799e-11
1.087377e-11
-4.236897e-12
1.113734e-10
1.031082e-10
3.519367e-13
6.531509e-11
1.471094e-10
-5.077786e-11
-3.848219e-11
-1.532607e-10
-1.030943e-10
-7.737273e-11
-1.170255e-10
-2.407940e-10
-1.726519e-10
-1.741227e-10
-2.260114e-10
-6.384523e-02
-3.455530e-02
5.770511e-02
-7.288224e-02
-3.385182e-02
4.171601e-02
-1.785287e-02
-2.160775e-02
2.520085e-02
-7.075975e-03
-1.538169e-02
-1.480461e-02
-2.921914e-03
-8.246830e-03
-2.756591e-03
-1.325191e-02
-5.267299e-03
5.234792e-03
1.275631e-10
2.148539e-10
1.265098e-10
4.074614e-11
1.154869e-10
6.194605e-11
9.859330e-11
8.241986e-11
7.263498e-11
8.277839e-04
2.745265e-02
-1.870616e-02
1.901578e-02
8.698122e-02
-2.493607e-02
-1.625972e-03
3.017212e-02
-1.404570e-02
-4.146043e-11
-2.334707e-11
-3.952377e-11
1.257306e-10
-3.280591e-11
4.171720e-11
-4.183908e-12
3.220737e-11
2.423938e-11
1.180220e-04
1.404596e-02
2.507902e-02
-9.171979e-03
1.743179e-02
4.942218e-03
-1.264608e-02
-5.329168e-03
-1.757854e-02
3.605554e-11
8.999425e-11
-1.120470e-10
2.817141e-11
-5.094162e-11
-3.336282e-11
-4.008554e-11
3.576703e-11
3.695107e-11
5.237364e-02
5.649862e-02
-1.769454e-02
8.073905e-02
7.598903e-02
-4.579204e-03
2.357808e-02
2.303888e-02
-3.598726e-02
-1.086475e-10
-6.327808e-11
-7.284257e-12
-1.566018e-10
-3.448575e-11
3.345045e-11
-9.578206e-13
4.183157e-11
4.970619e-11
6.183299e-11
2.992347e-11
9.700789e-11
1.106417e-10
6.458414e-11
-4.097651e-11
1.930755e-10
1.391785e-10
4.779109e-11
-4.890123e-02
2.492485e-02
9.098544e-03
-7.741447e-02
4.035579e-02
2.982660e-02
-5.606448e-02
-7.454528e-03
-8.713526e-03
5.440132e-08
3.409824e-08
2.589975e-08
5.292399e-08
3.783342e-08
3.168990e-08
8.764341e-08
5.208173e-08
3.725729e-08
-2.257190e-02
-1.923431e-02
-1.993745e-02
2.261330e-02
-3.006780e-02
-1.192470e-02
3.730819e-02
1.525221e-02
2.649244e-02
3.273115e-02
4.337205e-02
-9.508081e-04
4.045254e-02
4.883872e-02
-2.069770e-02
-4.361769e-02
-4.528320e-02
-7.595329e-02
1.128569e-10
-1.518188e-11
4.318600e-11
-1.031573e-10
6.809260e-11
1.525550e-11
3.935241e-11
-1.093824e-11
1.999294e-11
2.548835e-10
1.134720e-10
1.271599e-10
1.154324e-10
-2.575234e-11
4.803092e-13
-8.953507e-11
-2.173460e-10
-3.376533e-10
3.774617e-02
-4.729552e-03
-2.465301e-02
2.155283e-02
5.831775e-02
-6.015014e-02
2.765176e-02
-4.999938e-02
2.390756e-02
6.161538e-02
1.978950e-02
2.666860e-03
-1.529513e-02
-2.502644e-02
-7.125649e-02
2.143177e-02
3.651536e-02
-2.544597e-03
-7.107004e-11
9.201080e-12
-3.866459e-11
-1.801055e-11
-4.963959e-12
-5.523437e-12
7.942580e-11
-4.568138e-11
5.105347e-11
-7.356706e-02
-1.453842e-01
3.204472e-03
1.796675e-07
1.579845e-01
2.522062e-03
-1.162944e-02
-1.341989e-01
5.269720e-02
-8.138540e-12
-3.872987e-11
-1.196777e-10
8.809234e-12
-4.984901e-11
-6.418963e-11
8.972087e-12
6.467091e-11
-3.358747e-11
-9.592037e-02
2.039744e-02
1.177719e-01
-9.934980e-02
2.052923e-02
1.039639e-01
-8.379842e-02
-1.582261e-02
6.428100e-02
-1.062310e-10
-1.082641e-10
4.429063e-11
1.029263e-10
1.163975e-10
-4.812311e-11
4.662476e-11
2.047364e-11
7.094641e-12
1.612985e-02
2.982168e-02
-1.750951e-02
3.327775e-02
-1.214592e-02
-1.877301e-02
5.371318e-03
3.591705e-02
-3.499846e-02
3.726973e-11
-3.873033e-12
-3.059748e-11
-1.981886e-11
3.157254e-11
-5.116687e-11
1.647522e-10
1.067053e-10
-2.521013e-11
2.887001e-11
-1.009087e-10
-2.183442e-11
7.567395e-11
7.650847e-11
-1.262441e-11
1.977472e-10
5.321781e-11
6.607743e-11
-5.599796e-03
3.047732e-02
-1.201999e-02
-4.579817e-02
3.857160e-02
4.344996e-03
-1.958636e-03
4.185187e-03
6.024905e-03
3.989077e-08
3.663923e-08
3.026374e-08
1.990618e-08
4.176779e-08
7.215914e-08
-2.387709e-08
-4.507530e-08
-1.231832e-09
-3.057617e-02
-5.039491e-03
1.641859e-02
-3.227201e-02
-1.131045e-01
1.593210e-02
-2.637830e-02
3.432716e-02
3.672544e-02
1.453537e-02
2.634552e-02
6.512971e-03
6.834081e-02
5.710955e-02
-3.601900e-02
-1.918583e-02
-6.491846e-02
-6.536914e-02
5.675691e-11
3.361321e-11
-4.877004e-12
6.620587e-11
9.320097e-11
6.963451e-11
3.311680e-11
3.906631e-11
8.061321e-12
4.854181e-10
4.334213e-10
3.182362e-10
5.913160e-10
6.980031e-10
5.924213e-10
3.860582e-10
4.931595e-10
4.973220e-10
1.062328e-01
1.149079e-01
-3.863582e-02
-2.092921e-03
-7.317509e-02
-4.179496e-02
-7.166250e-02
-1.237287e-01
-5.610378e-02
-2.924991e-02
-5.429543e-03
9.754783e-03
-3.699403e-02
-2.373905e-02
-2.162849e-02
-2.526247e-02
-2.118296e-02
-4.669587e-02
1.937065e-14
-9.958533e-12
-5.286252e-12
-5.759941e-11
-6.897317e-11
-3.089417e-12
5.561860e-12
-5.214911e-11
-7.844387e-11
-6.569930e-02
-7.777136e-03
-3.864479e-03
1.113122e-02
-4.536043e-02
8.278631e-02
5.133032e-02
5.456517e-02
1.124304e-02
4.456591e-11
4.956905e-11
4.943329e-11
6.473920e-12
5.686047e-12
-2.873303e-11
-1.268568e-10
-2.289397e-11
-6.395338e-11
1.944015e-02
-2.073114e-02
-8.639870e-02
4.283360e-02
-3.054186e-03
-3.926333e-02
1.191744e-02
1.644622e-02
1.355412e-02
-7.978507e-12
-1.341450e-11
-2.261943e-11
-4.224323e-11
-4.081359e-11
-2.363041e-11
-5.815166e-12
-1.085506e-10
-4.222197e-11
-1.123373e-01
-1.464871e-01
-1.538221e-02
-7.288134e-02
-4.437753e-02
2.081043e-02
3.657783e-02
5.868047e-02
8.013068e-02
1.126708e-10
-1.928581e-11
-2.649666e-11
9.107892e-11
4.152309e-11
5.012423e-11
4.655846e-11
4.110305e-11
-3.930047e-11
-6.678587e-11
-1.054605e-10
-1.615199e-11
-1.499481e-10
-5.130963e-11
-6.872390e-11
-7.524064e-11
-9.155240e-11
-1.107328e-10
1.239411e-03
1.138183e-02
-1.483586e-02
-6.599586e-03
-2.983989e-02
1.566467e-02
2.108585e-02
-2.122181e-02
-7.162122e-03
1.972404e-08
1.193380e-08
-2.594403e-08
5.102348e-08
4.189999e-08
-6.119451e-09
4.756337e-08
2.561816e-08
-6.468387e-09
1.755143e-02
-2.078865e-02
1.722387e-02
7.316590e-03
3.590448e-02
8.705080e-04
-1.244502e-02
2.074684e-03
-3.402759e-02
-1.468754e-02
-6.738361e-03
2.361871e-02
-3.902147e-02
-4.579814e-02
-2.715788e-03
4.956275e-02
-4.342565e-03
1.899153e-02
-2.232819e-12
-4.393532e-11
1.074322e-12
-2.118705e-11
-1.128638e-11
-1.409041e-11
-9.380190e-11
-7.781203e-11
-2.186201e-11
-3.379870e-10
-9.763267e-11
-1.503171e-10
-3.385462e-10
-1.413516e-10
-1.620128e-10
-1.637321e-10
-2.127364e-10
-1.265165e-10
-9.703070e-02
-2.383134e-02
6.578825e-02
-1.251430e-01
-7.614987e-02
1.750799e-01
-3.669045e-02
3.799078e-02
9.224090e-02
-3.524376e-02
1.452171e-02
5.377483e-03
1.232620e-03
3.435604e-02
5.572018e-02
-1.497203e-02
-1.775478e-02
7.273867e-03
3.479041e-11
5.770770e-11
1.110328e-10
1.573213e-11
5.876305e-11
-3.535536e-11
-4.994619e-11
-7.648132e-11
-8.238502e-11
1.315120e-02
9.143405e-02
1.984085e-02
4.520243e-02
-2.014612e-01
-9.770058e-02
-1.132612e-02
5.753065e-02
1.811699e-02
-8.677584e-11
-9.125917e-12
-7.785404e-11
1.191955e-12
9.510184e-12
-8.361915e-11
-5.105938e-11
-1.090046e-10
-6.504521e-11
2.271549e-02
-9.179695e-03
1.153814e-03
1.140610e-02
-1.894741e-02
-1.243911e-02
5.341652e-02
3.173633e-02
-3.763116e-02
6.173073e-11
4.642575e-11
-7.887271e-11
6.134056e-11
-2.594028e-11
-5.597869e-11
-7.382112e-11
-1.709020e-14
-2.102740e-10
6.008051e-02
1.393278e-02
-3.857897e-02
6.499671e-02
3.567706e-02
-1.045357e-01
7.113035e-02
-6.093993e-03
-5.540656e-02
6.813378e-11
1.117519e-10
-2.251086e-12
3.810153e-11
-1.469897e-11
1.762501e-11
3.965283e-11
-1.058463e-12
5.280982e-11
-1.750839e-11
2.800139e-11
-1.624167e-11
4.452504e-11
-1.040487e-11
-5.341055e-11
-3.000163e-11
4.387753e-11
2.776243e-11
-1.419653e-02
-1.053353e-02
-1.150096e-04
2.781754e-02
7.306152e-03
-2.737967e-02
-3.008484e-02
9.194942e-03
1.093316e-02
-4.185354e-08
-1.795114e-08
-5.310778e-08
1.768826e-08
3.187813e-08
-2.650938e-08
2.968009e-10
7.608146e-09
-5.365795e-08
-3.746887e-03
-2.731474e-02
-1.981663e-03
-4.942700e-02
5.429696e-02
3.191585e-02
-2.348180e-02
-1.998738e-02
1.787371e-02
7.706077e-03
8.063159e-03
4.341874e-02
-3.798786e-02
-9.813365e-02
-1.744479e-02
2.901744e-02
2.681646e-02
6.637798e-02
-7.343295e-12
-5.699684e-11
-3.540193e-11
4.908719e-11
7.554917e-11
-1.303091e-11
-6.707741e-11
-1.969248e-10
-1.263846e-10
-2.661336e-10
-3.317168e-10
-3.997029e-10
-1.050345e-10
-3.913657e-10
-2.760962e-10
-2.155375e-10
-2.277998e-10
-3.557142e-10
-2.815216e-02
-1.712981e-02
-1.986609e-02
-7.141221e-03
-5.973257e-04
-1.223018e-02
4.084242e-02
3.138191e-02
2.615136e-03
1.271972e-02
1.648788e-02
-2.810681e-02
1.111673e-02
1.647681e-02
-2.255581e-02
-4.549751e-02
-2.621377e-05
-2.399289e-02
2.623252e-11
1.059831e-10
9.565140e-11
1.498346e-10
7.965855e-11
2.932849e-11
1.307906e-10
9.612575e-11
-4.007761e-12
-5.468215e-02
-1.281920e-02
-5.117118e-02
2.940167e-02
7.757723e-02
3.765915e-02
4.382416e-02
3.828437e-02
-8.455818e-03
-5.332552e-11
6.563090e-11
-4.949571e-12
-3.595362e-11
5.273616e-11
-6.876211e-11
3.099219e-11
-4.304121e-11
-1.020521e-12
3.655700e-04
-1.245553e-02
-4.724655e-02
3.909826e-02
4.776388e-02
-3.768448e-03
1.383206e-02
3.346751e-02
1.943156e-02
6.163876e-11
1.197135e-10
1.405999e-11
1.219199e-10
9.255420e-11
2.132348e-10
1.071086e-10
7.587361e-11
-4.169831e-11
-2.346625e-02
-2.424232e-03
1.291674e-02
-2.268921e-03
3.404724e-02
4.576098e-02
-2.408466e-02
1.434945e-02
3.559918e-02
4.716252e-11
5.601589e-11
-4.565030e-12
-9.295913e-11
-9.733638e-12
2.257708e-11
1.011374e-10
-5.471606e-11
-2.854184e-11
7.022916e-11
1.745970e-11
1.194625e-10
5.118216e-11
2.474018e-11
6.811009e-11
1.297698e-10
-1.430758e-11
4.838319e-11
-3.331380e-02
2.862886e-02
2.779857e-03
-4.776625e-02
2.696094e-02
1.284381e-02
-1.731187e-02
5.815853e-03
3.105731e-02
4.468809e-08
4.665782e-08
5.055874e-08
4.812991e-08
4.634531e-08
4.981575e-08
2.878353e-08
2.677230e-08
2.534454e-08
-3.790502e-02
4.771789e-03
-2.652972e-02
2.043741e-02
6.886192e-02
2.328248e-02
-1.725082e-02
2.802801e-02
-1.935601e-02
8.299407e-02
1.034404e-01
7.475983e-02
3.215213e-02
6.174818e-02
1.410052e-02
-1.069379e-02
-1.180093e-02
-3.397659e-02
1.386793e-10
3.602785e-11
3.038388e-11
7.089665e-11
9.106329e-11
8.623147e-11
9.973235e-11
3.211200e-11
-1.465609e-10
3.375773e-10
2.951614e-10
2.113627e-10
3.269285e-10
2.289190e-10
1.507151e-10
1.167476e-10
1.117059e-10
-7.285366e-11
-8.483697e-02
-1.329514e-01
-3.649649e-02
2.775879e-02
-1.948872e-02
4.218590e-02
1.082390e-01
1.113606e-01
1.965160e-02
-2.959276e-02
-2.535610e-02
-4.824094e-02
-2.225503e-02
1.293667e-03
-2.569693e-02
-3.047618e-02
-3.132460e-03
1.261190e-02
-6.494581e-11
3.253378e-11
-4.697744e-11
-7.624402e-11
-1.194423e-10
-1.544093e-11
-1.182856e-10
-1.113254e-10
-8.585781e-11
5.903317e-03
-2.036388e-02
-1.749181e-03
2.451108e-02
-9.647071e-02
7.976876e-02
-1.497946e-02
-6.229394e-02
-2.395102e-02
-5.970659e-11
3.319363e-11
5.401555e-11
-7.970909e-11
6.781040e-11
8.109415e-11
-5.183626e-11
-1.186202e-10
-9.816042e-11
-7.986404e-03
7.847867e-03
1.862840e-02
8.499095e-03
1.465918e-02
3.378792e-03
-4.068642e-02
-5.019649e-02
-6.680730e-02
5.813598e-11
-6.156457e-11
2.963109e-11
-7.848398e-11
-6.823217e-11
-6.416092e-12
-3.115806e-11
-9.747495e-12
5.339829e-11
3.547878e-02
4.382569e-02
2.204439e-02
-1.719547e-02
-4.827508e-03
-1.996342e-02
-4.673198e-02
-7.254616e-02
-1.464690e-02
3.667073e-11
4.075785e-11
2.220167e-11
5.054651e-11
-2.313335e-11
8.004040e-12
6.344365e-11
2.982791e-11
5.150080e-11
-2.474794e-11
-6.119774e-11
-8.406757e-12
-4.626104e-11
1.526650e-11
-1.188121e-10
-2.173212e-11
-1.791147e-10
-1.185146e-11
-2.592760e-02
-9.890527e-03
2.877906e-03
2.169506e-02
-4.681693e-02
-2.165083e-02
1.490248e-02
1.649692e-02
2.028412e-02
2.345082e-08
3.823783e-08
1.134243e-08
2.681078e-08
2.221897e-08
-1.940523e-09
-2.123677e-09
-2.882520e-08
-5.133079e-08
1.523247e-02
1.101568e-02
2.117967e-02
-6.410253e-03
5.012992e-02
-1.838956e-02
-3.205069e-02
3.351134e-02
1.951862e-02
-1.735420e-02
-7.290778e-02
-5.043343e-02
1.746775e-02
-2.804685e-02
2.374952e-02
4.229649e-02
3.969685e-02
4.859246e-02
-2.018373e-11
-3.686760e-11
-2.684876e-11
1.457218e-11
2.543687e-11
-6.661254e-11
5.375172e-11
1.631831e-12
3.533186e-12
-1.737283e-10
-2.406931e-11
-3.660613e-11
-1.341518e-10
9.708917e-13
-5.069006e-13
-2.122459e-11
-6.392648e-12
1.632680e-10
-6.769248e-03
1.020244e-02
-9.161874e-03
3.243626e-02
-8.544142e-02
2.170786e-02
9.213367e-03
6.328769e-02
-7.123820e-03
-1.964771e-02
7.520148e-02
-1.421905e-02
-1.916732e-02
3.894583e-02
-4.349119e-02
-5.621230e-02
-4.654605e-02
-4.238788e-02
-1.007650e-11
-1.539028e-11
-1.004012e-10
2.469340e-11
-4.209556e-11
-1.372469e-10
1.049126e-10
-5.514107e-11
-1.293169e-10
-1.978547e-02
-9.250698e-03
9.118881e-03
3.723201e-02
-3.080087e-01
2.695265e-02
-1.447958e-02
4.632178e-02
-3.869873e-03
-3.394366e-11
-7.155939e-11
-8.249067e-11
-5.318013e-12
4.311759e-11
-2.281747e-11
3.550866e-12
-7.955927e-12
3.357508e-11
2.647996e-02
-6.650903e-03
1.565634e-02
-6.012743e-03
-2.576073e-02
3.438221e-02
-2.250252e-02
1.591986e-02
1.333765e-03
3.056488e-11
2.229921e-11
-1.468963e-11
3.475240e-11
5.659557e-11
-1.161089e-11
4.550327e-11
-3.879354e-11
-5.046567e-11
1.595089e-02
-1.438045e-03
-8.579750e-03
-1.575798e-02
3.359649e-02
-1.930381e-02
1.585761e-02
-1.975873e-02
1.837816e-02
-4.914655e-11
-9.740739e-11
5.589554e-11
-6.040844e-11
-8.066445e-12
-7.547571e-11
-6.022650e-11
-2.147888e-11
7.937625e-12
3.415795e-11
-9.950838e-11
-7.945761e-11
5.348299e-11
-2.875787e-11
-2.973306e-11
7.107342e-11
-1.176583e-11
7.950809e-11
3.531951e-02
-1.802997e-02
3.943814e-04
6.550940e-02
-6.889588e-02
-2.293397e-02
-3.058024e-02
-2.016003e-02
1.085662e-02
6.179441e-08
8.115524e-08
1.017029e-07
6.326961e-08
1.057360e-07
8.044292e-08
2.962891e-08
5.394200e-08
1.930964e-09
-1.866565e-02
-1.958134e-03
1.993064e-02
-5.581205e-02
1.501811e-01
1.682372e-02
-3.546568e-02
3.544430e-02
-4.148813e-02
1.331635e-02
-5.350713e-02
-1.580524e-02
4.885191e-03
-8.569472e-02
-3.077707e-03
8.123313e-02
6.691904e-02
5.772947e-02
-5.202206e-11
-2.283705e-11
-1.420267e-10
7.520602e-11
1.050570e-10
1.124202e-11
1.069963e-10
-6.525132e-12
-7.491405e-11
1.139874e-10
-1.343151e-10
-2.650984e-10
1.465330e-10
5.331613e-11
-2.942748e-10
1.236955e-10
-2.421637e-11
-2.256812e-10
1.065622e-03
-5.373230e-03
-3.882717e-02
-2.032547e-02
-2.533078e-02
-1.841702e-02
8.217888e-03
1.988799e-02
-1.466014e-02
1.588394e-02
6.122891e-02
5.709711e-03
7.829070e-03
4.162267e-02
7.027903e-03
-2.488649e-02
1.304659e-03
5.386431e-03
-2.573307e-11
-1.386866e-11
-3.863653e-11
-8.501328e-12
-9.677298e-12
-2.732939e-11
-4.145469e-12
-8.441228e-11
-2.014555e-10
-7.801821e-03
-3.916794e-02
-3.125762e-02
-5.473993e-02
-6.955808e-02
2.742796e-02
2.142981e-02
3.813618e-02
1.483744e-03
-1.983425e-11
3.613022e-11
-8.694308e-11
-1.300171e-11
-5.172333e-11
-1.085745e-11
-1.264138e-10
-4.857643e-11
-9.806003e-11
-1.012333e-01
-1.349179e-01
-4.670109e-02
-9.424029e-02
-1.054101e-01
-1.508269e-02
4.714863e-02
5.581158e-02
9.662540e-02
-7.438319e-11
-1.003010e-10
-1.144211e-10
-4.722831e-11
3.827494e-11
-3.341590e-11
-1.022115e-10
-1.041721e-10
-6.288442e-11
1.630627e-02
-9.367753e-03
-8.412271e-03
1.026286e-02
1.187937e-02
2.073912e-02
1.212401e-02
-2.765596e-03
1.803398e-02
-4.599669e-11
1.282505e-11
7.464841e-11
1.122292e-10
6.716650e-11
1.098823e-10
-2.613674e-11
-1.352503e-11
-5.520276e-11
9.732446e-12
-9.178312e-11
-4.227311e-11
-1.268391e-11
-1.115215e-10
-6.266139e-12
-9.133703e-11
-7.968125e-11
-2.643656e-11
3.360261e-03
-6.075423e-02
1.182076e-02
4.713017e-03
-9.592540e-02
4.595587e-03
8.019739e-03
-4.144434e-02
7.510202e-03
-4.133921e-08
-1.339973e-08
-3.171190e-08
5.535111e-09
1.608945e-08
-5.244722e-09
2.615237e-08
1.640666e-08
1.728623e-09
-9.834717e-03
-3.624766e-02
1.462890e-02
1.252954e-02
3.565046e-02
-1.753859e-02
-2.187343e-02
4.204427e-03
-2.694550e-03
3.768956e-02
2.924785e-02
1.960353e-02
8.722406e-03
2.109362e-02
4.030365e-02
-4.935317e-03
8.870572e-03
-1.886834e-02
-8.384689e-11
1.942303e-11
-2.468464e-10
-5.533382e-11
-8.487214e-11
-1.046996e-10
-1.494820e-10
-8.418686e-11
-7.192442e-13
-1.858596e-10
-1.074230e-10
-1.647433e-10
-1.416957e-10
-1.101668e-10
-1.145519e-10
-2.035405e-10
-7.739159e-11
-2.932316e-11
-5.521299e-02
-9.975374e-02
-4.746546e-02
8.007693e-02
-3.489505e-02
-3.008807e-02
1.185398e-01
1.367900e-01
2.149193e-02
3.264836e-03
-1.137838e-02
-7.937692e-03
4.508219e-03
-9.724497e-03
-1.214570e-02
-6.041973e-03
-3.834376e-02
-2.361050e-02
-4.476231e-12
1.052195e-10
4.369554e-11
-1.264955e-11
-8.812686e-11
-9.954364e-11
1.260797e-11
-1.762187e-11
-7.273086e-11
5.140660e-03
9.708862e-02
1.775604e-02
3.782998e-02
-6.863635e-02
6.110256e-02
7.596772e-03
2.294693e-02
1.326918e-02
-6.198211e-11
-2.164675e-11
-3.420249e-12
-8.254899e-11
-2.278421e-11
2.039308e-12
-1.965909e-11
3.260935e-11
-7.581489e-12
-3.188900e-02
-4.713359e-02
-1.995989e-02
-2.154167e-03
-7.474329e-03
-1.202573e-02
-5.832805e-03
2.632077e-02
1.572092e-02
-3.648609e-11
1.051537e-11
2.697447e-11
5.718375e-12
7.953720e-11
-3.061950e-11
-2.357830e-11
-2.531476e-11
-6.904186e-11
8.223599e-02
1.274775e-01
1.510050e-01
-5.770762e-02
2.307469e-03
3.292576e-02
-1.095315e-01
-1.395179e-01
-5.430826e-02
6.528266e-11
4.309912e-11
7.282828e-11
5.414809e-11
4.375949e-11
-2.207589e-11
4.605960e-11
6.773014e-11
3.513261e-11
-1.403492e-11
-2.892816e-11
-4.695390e-11
-4.031408e-12
6.610798e-12
2.133113e-11
2.456652e-11
-2.293893e-11
-2.216703e-11
-5.162415e-03
2.879912e-02
-1.434356e-02
2.447118e-02
-2.359212e-02
-1.896771e-02
2.503533e-02
-1.825999e-03
2.919171e-02
1.487571e-08
3.938519e-09
1.033899e-09
2.245001e-08
1.220361e-08
1.827860e-09
-2.102007e-08
-3.770513e-08
-5.377284e-08
-4.608483e-02
-7.167424e-02
-5.856044e-02
-9.849860e-03
3.825117e-02
-2.558330e-02
5.016186e-02
7.834170e-02
2.523142e-02
1.186675e-02
1.315158e-02
-5.274618e-03
-2.059972e-02
-2.593688e-02
-6.511786e-03
-5.658839e-02
-2.284800e-02
2.447085e-02
-1.529446e-11
-5.914862e-11
-4.041175e-11
8.858107e-11
6.507020e-11
9.101738e-12
-6.857157e-11
-5.655320e-11
-7.449730e-11
-7.993858e-11
-1.794664e-10
-1.737897e-10
7.511185e-11
-1.428098e-10
-1.558411e-10
-1.161795e-11
-8.524818e-11
-1.263031e-10
-2.230543e-02
-1.650641e-02
-1.279876e-02
1.572836e-02
-1.821890e-02
-1.575226e-02
3.300956e-02
4.078821e-02
1.883026e-02
-3.737869e-02
-4.424814e-02
-3.330209e-02
-2.128483e-03
-8.636358e-03
-1.602379e-02
4.437535e-02
4.884060e-02
3.303576e-02
1.940664e-11
-1.566751e-11
-4.943755e-11
6.652207e-11
8.681198e-12
-1.648948e-10
6.718418e-11
-1.110400e-10
-1.817212e-14
1.770461e-02
3.498207e-02
3.958836e-02
1.487208e-02
8.958248e-03
4.141772e-02
-4.300844e-02
4.204107e-02
2.233133e-02
-1.253313e-10
1.939541e-11
4.500654e-13
1.099348e-12
-1.136053e-10
-1.695408e-10
-6.743294e-11
-5.150783e-11
-2.857244e-11
6.667152e-02
1.247960e-01
7.186219e-02
-1.036803e-02
-1.709787e-02
-2.244239e-02
-9.033810e-02
-1.211805e-01
-8.730547e-02
-8.129728e-11
1.731047e-11
-2.050615e-10
8.463335e-11
-7.638355e-11
-1.281591e-10
-2.492617e-11
-2.363042e-11
-1.640392e-10
-4.234192e-02
-6.453051e-02
-7.970845e-02
-7.641394e-03
-1.584630e-03
-1.895935e-02
3.645243e-02
5.585112e-02
6.534705e-02
8.710877e-11
2.143787e-11
8.098674e-11
7.208067e-11
6.362907e-11
-1.662629e-11
7.579205e-11
-6.424724e-11
7.842395e-11
-5.002121e-11
-4.499085e-11
-7.133664e-11
2.469402e-11
-4.154983e-11
-5.435793e-11
6.200684e-11
-2.356888e-11
-4.335608e-12
3.679735e-02
4.162962e-03
9.643948e-03
6.203793e-03
-1.170355e-02
-2.649309e-02
3.402942e-04
2.697160e-02
-2.848855e-04
3.421933e-08
1.595248e-08
4.374782e-09
2.208427e-08
8.657947e-09
2.438143e-09
-5.089875e-09
-8.079743e-09
-9.651073e-09
4.217350e-02
4.388352e-02
3.204786e-02
-3.976577e-03
2.529009e-02
1.862789e-02
-2.596591e-02
-1.564426e-02
-2.831869e-02
-2.714502e-02
-4.752798e-02
-1.886663e-02
5.806094e-03
3.296777e-04
1.041457e-02
4.476724e-02
6.312055e-02
3.420996e-02
-8.151300e-11
-9.976760e-11
-9.678487e-11
-1.109342e-10
-4.907943e-11
2.794757e-11
-1.334410e-10
-2.551937e-11
-1.187413e-10
-5.570760e-11
-1.022862e-10
-2.084533e-10
-1.475254e-10
-1.792961e-10
-8.029211e-11
-1.907045e-11
-8.028698e-11
-1.074632e-10
-2.627549e-02
-1.710640e-03
-3.888278e-03
-1.507248e-02
-6.622462e-03
-2.730085e-02
-3.722475e-02
-2.760983e-02
-2.672624e-02
5.901469e-03
3.015519e-02
6.071681e-02
-1.095230e-02
2.414326e-02
5.527285e-02
-1.151425e-02
-4.492547e-03
4.286437e-02
1.349910e-10
2.275513e-12
6.738766e-11
1.489616e-10
3.546689e-11
-4.141798e-12
5.525998e-11
1.112890e-10
-1.677573e-11
4.644444e-04
2.237695e-03
-7.495994e-04
4.513555e-02
5.409945e-02
7.876553e-03
6.114815e-03
-1.848660e-02
-2.160496e-02
-3.796928e-11
-1.365785e-10
-3.588060e-11
-1.625529e-12
-1.448105e-10
-9.488876e-11
3.926166e-12
-1.966015e-11
-2.513616e-11
-7.000557e-03
6.790614e-03
-3.787256e-03
1.588965e-02
1.542576e-02
2.513264e-03
-4.103185e-03
-6.155777e-03
-1.725296e-02
-1.579403e-10
-1.709246e-10
-2.203934e-11
-6.233994e-11
-5.946032e-11
-3.327843e-12
-8.019318e-11
-4.817177e-11
-5.568678e-11
1.771343e-02
8.572116e-03
2.158281e-04
2.854850e-02
7.410148e-03
1.496586e-02
2.295582e-03
-1.791008e-02
-1.445906e-02
4.629345e-11
4.184208e-11
-8.010522e-13
-5.364899e-11
-6.817299e-11
1.474461e-12
-2.210305e-11
-3.676889e-11
-3.145681e-11
9.775084e-11
3.402652e-11
1.153676e-11
-8.231174e-12
-2.535781e-11
6.102258e-11
6.658934e-12
3.558089e-11
4.335653e-11
-2.192227e-02
-3.440911e-03
-4.407519e-02
1.065233e-02
1.679067e-02
-4.352951e-02
-2.960403e-02
-1.665116e-03
-8.616963e-03
-3.590704e-08
-3.105568e-08
-1.715852e-08
-1.378618e-08
7.916608e-09
3.683686e-08
3.901043e-09
4.815500e-08
6.681447e-08
-5.745685e-02
-1.965856e-02
2.361763e-02
-4.903127e-02
4.736326e-02
1.227739e-01
-5.798572e-02
3.618796e-02
1.027615e-01
9.802808e-03
1.004173e-02
6.425372e-03
-2.855269e-03
-5.642512e-03
-1.298637e-02
-1.880997e-02
-1.848157e-02
-3.446598e-02
-9.757523e-11
-8.570848e-11
-8.706116e-11
-4.820997e-11
-8.244049e-11
-3.493892e-11
-5.023255e-11
-4.688368e-11
-1.487749e-10
-1.719298e-10
-6.938678e-11
-9.508833e-11
-1.151318e-10
-5.361552e-11
-1.708174e-10
-3.059525e-12
-1.365440e-10
-2.891070e-10
-3.114101e-03
4.021241e-03
-2.891533e-02
-2.358730e-03
1.061316e-02
-2.041331e-02
-7.723045e-03
-7.632995e-03
-3.197117e-02
-1.842977e-02
-1.576285e-02
-1.186981e-02
-7.868179e-03
-9.257406e-03
-1.458547e-02
-1.302390e-02
-8.324252e-03
-1.604955e-02
6.578770e-11
6.445879e-12
5.041626e-11
7.236424e-11
2.224845e-11
5.508712e-11
4.414325e-11
-1.105187e-11
1.391109e-10
-6.538391e-03
1.023638e-02
-1.334350e-02
-1.612189e-02
1.889936e-02
6.484018e-04
-1.219762e-02
3.122968e-03
5.025313e-03
6.910789e-11
-6.335456e-11
-3.109412e-11
2.460422e-11
-2.322565e-11
1.201514e-10
7.127035e-11
1.019625e-10
5.765339e-11
4.980705e-02
6.598251e-02
3.728518e-02
4.151724e-02
6.640448e-02
3.929798e-02
-2.340895e-03
2.341981e-02
-5.827334e-03
3.336510e-12
-3.546270e-11
8.415894e-11
-9.320556e-12
4.566464e-11
2.138228e-11
3.807589e-11
5.380214e-11
8.193976e-11
1.712316e-02
5.916093e-03
1.814732e-02
1.204208e-02
-3.147544e-03
2.472413e-03
1.499246e-02
-1.766888e-03
-4.884705e-03
-4.848117e-11
8.827165e-11
9.321180e-11
2.598217e-11
7.863116e-12
-3.972300e-11
3.092663e-11
1.522339e-11
-3.432398e-11
-4.008040e-12
-8.826382e-12
8.969898e-11
5.477943e-11
-8.284185e-11
6.746712e-12
4.698964e-11
7.844812e-13
-2.132425e-13
-1.124065e-02
-1.669906e-03
-2.628742e-02
-2.190451e-02
1.725250e-03
-1.838931e-02
-1.643093e-02
-1.820880e-03
-1.199803e-02
3.363640e-08
4.127412e-08
3.318118e-08
3.359559e-08
3.407646e-08
3.238735e-08
3.996898e-08
4.008571e-08
3.952346e-08
-8.113192e-03
-8.838621e-03
4.917918e-03
-7.366791e-03
-7.845396e-03
2.398612e-03
3.359791e-03
2.719411e-04
7.622372e-03
9.367616e-05
9.192464e-03
1.103319e-02
-1.180166e-02
-6.559460e-04
9.715900e-04
-4.813791e-03
-5.920467e-04
2.795486e-03
5.011034e-11
-8.869061e-11
-4.069328e-12
-1.170464e-10
-8.509845e-11
1.089260e-10
3.566535e-11
4.504962e-11
1.770938e-10
1.292571e-10
1.922078e-10
1.522571e-10
1.228160e-10
-2.216975e-11
-2.961946e-11
-7.547888e-11
-4.445603e-12
-7.452816e-11
-7.290667e-03
-2.561792e-02
3.230155e-03
-7.783014e-03
-2.549991e-02
2.275703e-02
-1.550559e-02
-5.377894e-03
3.167129e-02
-4.765572e-03
2.637067e-02
-3.392604e-02
-4.138499e-03
1.402989e-02
-2.372774e-02
-2.354142e-02
-1.698052e-03
-1.284636e-02
-3.896355e-11
-3.700961e-11
3.302922e-11
-4.067049e-11
1.778703e-11
-1.076703e-10
-2.268472e-11
1.035681e-10
-7.822672e-12
1.109105e-02
-9.683711e-03
2.176003e-02
-3.477499e-02
-5.694489e-02
2.520526e-03
4.653172e-04
-2.005349e-02
4.400370e-02
4.639417e-11
1.881213e-10
1.298334e-11
-4.988901e-11
-1.053283e-10
-1.475213e-10
-5.106742e-11
-1.093136e-11
-8.526845e-11
-5.263183e-03
9.400565e-03
1.999759e-02
-4.382136e-02
-1.110130e-02
1.323379e-02
-4.345356e-02
-2.357991e-02
-1.475847e-02
7.102245e-11
-1.375334e-10
-1.076482e-10
3.959203e-11
1.227673e-11
-3.752279e-11
4.417585e-11
-4.470425e-11
-1.063159e-10
-2.711958e-02
-3.363698e-02
-3.104800e-02
-3.331612e-02
-3.738680e-02
-3.959611e-02
-6.737442e-03
-1.987112e-02
-1.433309e-02
-7.540343e-11
3.008765e-11
-6.488385e-12
1.627871e-11
-1.230196e-11
6.702944e-11
4.432746e-12
-5.670280e-11
-6.363829e-11
-5.897297e-13
-2.940290e-11
-5.435021e-11
-1.675990e-10
-1.981974e-11
-5.792409e-11
-1.764344e-11
4.509563e-11
-1.543438e-11
-6.151567e-04
-8.612633e-03
-1.856310e-02
1.786394e-02
3.384452e-03
-3.016434e-02
9.188992e-03
2.194873e-02
-9.292189e-03
-1.330010e-09
1.033231e-07
3.531783e-08
1.028650e-08
1.131985e-07
3.046162e-08
-1.154316e-08
7.085460e-08
3.283398e-10
2.146742e-02
1.058341e-01
6.175071e-02
3.997313e-02
1.197633e-01
6.815703e-02
-1.647308e-02
3.217360e-02
1.475254e-02
5.035066e-04
-1.989302e-02
4.653930e-03
-1.031618e-02
-2.480009e-02
6.287832e-03
-1.433714e-02
-1.587083e-02
-9.040874e-03
-6.353802e-11
-8.035899e-11
-1.599847e-10
2.528527e-11
-3.249616e-11
-1.338768e-11
-2.514799e-11
-6.973110e-11
-1.523989e-10
6.417807e-11
7.631702e-11
-8.769113e-12
2.651108e-11
1.243027e-10
-8.298347e-11
9.937462e-11
4.206128e-11
-7.843354e-11
