2.399145e+00
2.401102e+00
2.383956e+00
2.065607e+00
2.417827e+00
2.684042e+00
2.494149e+00
2.141133e+00
2.348647e+00
2.579319e+00
2.281039e+00
2.401249e+00
2.250050e+00
2.485273e+00
1.979910e+00
1.938865e+00
2.415284e+00
2.392471e+00
1.928187e+00
2.400871e+00
2.043988e+00
2.449235e+00
2.198601e+00
2.012233e+00
1.793695e+00
1.722722e+00
2.212621e+00
2.134344e+00
1.813451e+00
2.007169e+00
2.193784e+00
2.227588e+00
2.119945e+00
1.648816e+00
2.187539e+00
2.121239e+00
1.682254e+00
1.795462e+00
1.528206e+00
1.565533e+00
2.080138e+00
2.079647e+00
2.147177e+00
2.307360e+00
2.431236e+00
2.281235e+00
2.128999e+00
1.943533e+00
2.704830e+00
2.426110e+00
2.503813e+00
2.765405e+00
2.445593e+00
2.331828e+00
2.041591e+00
2.564613e+00
2.041920e+00
2.720957e+00
1.985960e+00
2.375397e+00
2.373146e+00
2.747455e+00
2.416921e+00
2.396987e+00
