-9.479792e-02
-8.166396e-02
-1.017383e-01
-1.815832e-01
-1.260415e-01
-1.741287e-01
-1.547769e-01
-1.645158e-01
-1.246071e-01
-9.092387e-02
-1.403499e-01
-1.282922e-01
-1.914787e-01
-9.664554e-02
-1.060617e-01
-4.779213e-02
6.260949e-02
-8.679014e-02
-1.106121e-01
-9.870288e-02
-9.838321e-02
-9.362622e-02
-2.054523e-01
-2.038354e-01
-1.083884e-01
-1.126719e-01
-1.069100e-01
-1.652477e-01
-1.543878e-01
-8.365832e-02
-9.795706e-02
-1.259615e-01
-8.060496e-02
-7.863674e-02
4.261338e-02
-8.622597e-02
-9.886534e-02
-1.845153e-01
-1.328753e-01
-8.618369e-02
-1.522747e-01
-9.657992e-02
-1.098837e-01
-8.330610e-02
-7.219660e-02
-1.043524e-01
-1.288822e-01
-1.561017e-01
-1.151746e-01
-7.795289e-02
-1.019818e-01
-1.244203e-01
-1.085206e-01
-1.099815e-01
-1.090950e-01
-1.276754e-01
-1.128972e-01
-2.141837e-01
-1.807335e-01
-9.385420e-02
-1.435204e-01
-7.009598e-02
-1.289985e-01
-1.647665e-01
