-1.583329e-01
-2.293174e-01
-1.618535e-01
-1.622272e-01
-2.212692e-01
-1.451261e-01
-1.188195e-01
-1.415778e-01
-1.554718e-01
-1.126061e-01
-1.844437e-01
-1.056158e-01
-1.913886e-01
-1.685879e-01
-1.321519e-01
-1.783543e-01
-2.080564e-01
-2.335188e-01
-1.634407e-01
-1.544404e-01
-1.515929e-01
-1.423710e-01
-1.413978e-01
-1.761045e-01
-1.324462e-01
-4.644106e-02
-1.456865e-01
-1.558069e-01
-1.775456e-01
-1.431624e-01
-1.886363e-01
-1.747337e-01
-1.778706e-01
-1.745249e-01
-1.997092e-01
-9.792519e-02
-1.624493e-01
-1.448744e-01
-1.646030e-01
-1.768345e-01
-1.824509e-01
-1.299663e-01
1.612011e-02
-1.151416e-01
-1.953386e-01
-1.643570e-01
-1.636424e-01
-2.412650e-01
-1.298134e-01
-1.264074e-01
-1.652089e-01
-1.876607e-01
-1.252236e-01
-1.550788e-01
-2.003222e-01
-7.404236e-02
-8.986209e-02
-2.153652e-01
-1.509388e-01
-1.666796e-01
-1.559339e-01
-1.500987e-01
-1.516833e-01
-1.377844e-01
