7.448343e+00
7.791116e+00
7.582147e+00
7.094740e+00
7.372217e+00
8.320282e+00
7.081708e+00
7.077631e+00
7.326811e+00
7.453065e+00
7.468511e+00
7.150223e+00
7.879008e+00
7.921074e+00
7.605998e+00
7.599885e+00
7.262054e+00
7.262088e+00
7.474401e+00
7.996111e+00
7.270944e+00
7.585263e+00
7.420979e+00
7.674587e+00
6.782306e+00
7.819496e+00
6.541885e+00
7.295229e+00
7.804470e+00
7.742630e+00
7.898102e+00
7.550384e+00
7.221883e+00
7.325976e+00
7.867607e+00
7.692502e+00
7.713634e+00
7.331725e+00
7.429743e+00
7.590011e+00
7.199118e+00
7.801140e+00
7.180748e+00
7.477927e+00
8.003042e+00
7.583635e+00
7.772285e+00
7.596442e+00
7.461102e+00
7.383708e+00
7.382736e+00
7.244082e+00
7.563714e+00
7.502056e+00
7.382334e+00
7.257123e+00
8.010536e+00
7.781367e+00
7.292018e+00
7.795474e+00
7.504374e+00
7.201251e+00
6.989203e+00
7.265162e+00
