4.718142e-01
3.499475e-01
4.805935e-01
4.473205e-01
4.148207e-01
4.719287e-01
3.665886e-01
5.473630e-01
3.604453e-01
3.848997e-01
4.599648e-01
4.309696e-01
4.907562e-01
4.965104e-01
3.490736e-01
4.651105e-01
4.290283e-01
4.168627e-01
6.137274e-01
4.230965e-01
4.717806e-01
4.196990e-01
5.692362e-01
4.199362e-01
4.140063e-01
4.154699e-01
4.812713e-01
3.878190e-01
4.893617e-01
4.584084e-01
4.934981e-01
4.891797e-01
3.992296e-01
4.856631e-01
5.249270e-01
3.910469e-01
4.160906e-01
4.827445e-01
3.709062e-01
3.817973e-01
3.926234e-01
4.214009e-01
3.662589e-01
4.824485e-01
4.873703e-01
4.999531e-01
4.521186e-01
4.708956e-01
4.380358e-01
4.392799e-01
4.739196e-01
5.261809e-01
4.283681e-01
4.987176e-01
4.998020e-01
4.645297e-01
5.039111e-01
5.021133e-01
4.540891e-01
5.877942e-01
3.988267e-01
5.119832e-01
5.995849e-01
5.188467e-01
