2.385112e-01
2.096178e-01
2.539345e-01
2.764556e-01
2.178098e-01
2.567919e-01
2.239615e-01
2.991764e-01
2.358386e-01
2.045923e-01
2.484392e-01
2.439129e-01
2.464466e-01
3.109139e-01
1.557358e-01
2.673793e-01
2.342605e-01
2.416060e-01
3.854483e-01
2.077756e-01
2.289744e-01
1.850862e-01
2.984129e-01
2.364241e-01
2.289561e-01
2.560013e-01
2.731954e-01
2.064356e-01
2.670003e-01
2.687429e-01
2.906932e-01
2.177876e-01
2.631488e-01
2.911461e-01
3.327735e-01
2.340867e-01
1.813282e-01
2.951049e-01
1.817028e-01
2.261423e-01
2.013669e-01
1.848549e-01
1.835688e-01
2.904181e-01
2.903894e-01
2.765080e-01
2.398762e-01
2.577647e-01
2.584768e-01
2.574920e-01
2.836384e-01
2.623377e-01
2.271066e-01
2.777621e-01
2.523155e-01
2.325592e-01
2.728839e-01
2.927863e-01
2.605526e-01
2.617388e-01
2.023930e-01
2.978624e-01
3.732834e-01
3.068781e-01
