-1.338096e-01
-2.666142e-03
-3.588269e-02
-8.832485e-02
5.205258e-02
5.847109e-03
-1.616408e-01
-2.046588e-02
-7.211262e-02
-1.091272e-01
-9.668917e-02
-4.654490e-02
-4.165385e-02
5.658704e-02
7.455805e-02
1.027939e-01
1.058275e-01
6.340666e-02
-7.531437e-02
-1.938087e-01
-1.371348e-01
-1.635495e-01
-1.834272e-01
-5.395070e-02
-5.076348e-02
3.601698e-02
1.282652e-01
-1.713484e-02
-3.836189e-02
-7.026216e-03
-3.227189e-02
9.006572e-02
9.865011e-02
1.128107e-02
9.753736e-02
3.847944e-02
-1.676091e-02
4.505244e-02
1.441569e-02
9.385428e-02
1.165270e-01
-3.243676e-03
8.324371e-02
1.304665e-02
-1.060532e-01
1.117318e-02
6.274218e-02
5.784776e-02
8.941415e-02
-4.763613e-02
-1.284034e-01
-1.767720e-02
-1.290058e-01
-1.048529e-01
1.494005e-02
2.899349e-02
-2.134601e-02
1.042841e-02
6.907573e-02
4.221939e-02
7.102565e-03
6.417125e-02
5.544565e-02
4.616771e-02
1.033597e-03
-1.103168e-01
-2.984481e-02
-1.528191e-01
-2.562755e-01
-2.047106e-01
-2.510639e-01
-1.440781e-01
-5.796030e-03
-9.895711e-02
-8.366290e-02
6.227900e-03
-2.992434e-02
9.879705e-03
5.974202e-02
6.583535e-02
1.307986e-02
3.964066e-02
1.440092e-02
2.625301e-03
1.530683e-03
-1.838901e-02
-2.352686e-02
1.912173e-02
-1.868894e-02
1.127612e-02
1.200661e-01
2.400487e-01
1.564997e-01
2.249722e-01
2.897691e-01
1.248329e-01
2.442785e-01
2.068650e-01
1.955139e-02
5.337448e-02
2.177919e-02
5.535013e-02
-3.082664e-03
-4.598665e-03
-2.261375e-02
-1.558054e-02
-3.893966e-02
3.422880e-03
1.434162e-01
1.009061e-01
-5.266172e-02
1.216189e-01
-4.883521e-02
-1.403647e-01
-6.309734e-02
-1.136487e-01
-2.849260e-02
5.461170e-02
9.915482e-02
4.566671e-02
5.226893e-02
4.685519e-02
-5.894447e-02
-1.991686e-02
-5.279404e-02
-5.731693e-02
-2.493582e-02
-4.932481e-02
-7.218526e-02
-7.563645e-02
-8.445413e-02
-4.003679e-02
-5.332622e-02
1.427033e-02
5.397198e-02
-3.213574e-02
8.623511e-03
3.513185e-02
2.101801e-04
5.350164e-02
2.610316e-02
-2.965552e-02
-2.631854e-02
3.204098e-02
-4.854773e-02
-7.754453e-03
-8.147411e-02
-5.036055e-02
-2.009222e-02
-3.290614e-02
1.450249e-03
1.845724e-02
2.290884e-02
9.044051e-02
-1.610666e-01
2.083485e-01
-8.287614e-02
-8.288182e-02
2.243443e-01
-2.178518e-01
2.953088e-01
-1.318477e-01
3.146324e-02
-1.081739e-02
3.669621e-02
-5.456859e-02
-4.654896e-02
-2.733568e-02
-4.426197e-02
-9.608702e-02
8.377921e-02
5.984738e-02
-1.585824e-02
7.611657e-02
5.474242e-02
1.274785e-01
5.378357e-02
6.464982e-02
1.008100e-01
-6.584658e-03
-9.168088e-03
-4.471435e-02
-8.457965e-02
-8.304564e-03
-1.780149e-02
-4.314156e-02
1.223469e-02
-5.469749e-02
1.102453e-01
1.022765e-01
2.541799e-02
-8.214722e-02
1.558600e-01
-1.916152e-01
-4.724964e-02
9.514111e-02
-1.887498e-01
1.977171e-01
-1.841102e-02
2.977955e-02
-8.083645e-02
8.201001e-02
-9.654992e-02
-1.547377e-01
5.971486e-02
-2.682323e-01
8.141188e-02
4.090196e-02
6.996067e-02
7.805327e-03
-4.021449e-02
1.195804e-01
-8.232246e-02
-3.572179e-02
1.006788e-01
-8.420839e-02
-9.530874e-02
1.124716e-01
-4.319418e-02
-7.667018e-02
2.791269e-01
-2.820469e-01
1.308470e-01
-1.413974e-01
9.250061e-02
-3.037431e-02
-3.373565e-02
-2.611767e-02
-1.904004e-02
-6.079634e-02
8.998695e-02
-1.408343e-01
1.494667e-01
-1.349040e-01
6.268167e-02
-3.724876e-02
-8.035835e-02
6.723003e-02
-7.239924e-02
-5.331498e-02
-3.100110e-02
-4.280765e-02
-3.301724e-02
1.497661e-02
-4.517782e-02
-8.547217e-02
8.644070e-02
1.995240e-02
-3.982883e-02
8.204226e-02
-5.284247e-02
1.409483e-01
-5.401096e-03
-1.413322e-02
-6.590460e-02
1.140367e-01
-1.907346e-01
1.168445e-01
1.387644e-02
-1.635487e-01
9.851152e-02
-5.875429e-02
-9.427005e-03
-1.980965e-02
-7.110974e-02
-2.385746e-02
-4.671458e-02
5.528776e-03
-9.033741e-02
-2.771086e-02
5.620047e-02
-5.108314e-02
5.140489e-02
1.038680e-02
3.270781e-03
-3.540333e-02
-2.495781e-02
-5.398845e-02
-7.176080e-02
2.898409e-02
1.093762e-01
-5.204364e-02
2.091364e-01
-3.812276e-02
9.432176e-03
1.693401e-01
-2.415032e-01
2.138758e-01
-1.768350e-01
-7.796203e-02
-7.642235e-04
-1.717840e-01
-4.708158e-02
1.370872e-02
-1.614632e-01
-5.194293e-02
-4.351359e-03
-1.335044e-02
-7.008814e-02
-5.235735e-02
5.966834e-02
-4.637387e-02
-9.039173e-02
5.732437e-02
-3.036034e-02
3.217336e-03
-1.338301e-01
-4.894380e-02
2.701084e-02
-8.546741e-02
-4.922768e-03
3.890654e-02
2.831861e-03
9.813920e-02
4.991089e-02
-2.815060e-03
2.733149e-02
-2.121161e-02
4.697573e-03
7.748656e-02
-5.924769e-02
5.626690e-02
3.935587e-02
-3.488819e-03
5.941735e-02
3.376981e-02
3.585003e-02
5.679291e-02
4.022037e-02
3.101484e-02
-2.756270e-02
-1.439588e-03
1.952911e-02
1.299421e-01
1.867313e-01
8.527106e-02
7.332901e-02
3.040109e-01
7.718685e-02
8.010123e-02
2.640012e-01
4.752674e-02
-6.559943e-02
-6.897505e-02
-9.475210e-03
-1.209057e-01
-4.409169e-03
9.275015e-02
-8.381806e-02
-2.681577e-02
2.790522e-02
1.275588e-02
-2.948463e-02
-6.112289e-02
1.289103e-03
4.829263e-02
-4.024240e-02
5.302443e-02
1.044362e-01
-4.893932e-02
-3.185166e-02
8.902401e-03
-4.067542e-02
-1.632046e-02
-1.437558e-01
-1.447539e-01
1.567619e-02
-9.579012e-02
-1.412239e-01
8.690325e-02
1.701955e-01
6.598666e-02
1.768610e-01
2.602520e-01
1.739136e-02
1.442505e-01
2.627294e-01
5.525147e-02
-6.174986e-03
4.060395e-02
-7.146583e-02
7.400586e-02
1.503801e-02
-9.063282e-02
1.863385e-01
7.901089e-02
-7.568617e-02
8.065183e-02
-4.704318e-03
4.162596e-03
2.618967e-02
4.779705e-02
5.766209e-02
1.079868e-02
2.188167e-03
5.283964e-02
-1.367165e-02
-1.197472e-01
-1.699656e-01
-4.934184e-02
-1.644766e-01
-1.908327e-01
-1.046562e-01
-7.233334e-02
-1.126365e-01
-6.569033e-02
-5.066835e-02
2.952894e-02
-1.469093e-01
-1.046403e-01
3.666878e-02
-1.188193e-01
-4.194054e-02
5.158556e-02
9.405657e-02
-2.602233e-03
-1.017147e-01
7.241931e-02
-1.425223e-02
-9.399312e-02
5.989257e-02
-2.980036e-02
-5.023332e-02
-7.418296e-04
-1.812124e-02
1.032661e-01
-1.015247e-01
-2.236897e-02
1.637935e-01
2.018465e-02
8.487085e-02
4.830858e-02
-8.406796e-02
1.390582e-02
-8.594023e-02
-7.131562e-02
4.161000e-02
-1.686680e-02
-4.219101e-02
8.337209e-02
1.098794e-02
-1.024686e-01
2.229528e-01
-7.174710e-02
-2.643931e-01
3.709683e-01
-8.397166e-02
-2.021486e-01
1.220002e-01
-3.165131e-02
-5.698933e-02
-2.355831e-02
-3.438556e-02
-1.010202e-01
-3.613521e-02
-1.200848e-01
-7.347463e-02
3.964423e-02
-1.008429e-02
-1.182907e-01
-3.052208e-02
-1.269599e-02
-2.501290e-02
4.488223e-03
-1.525235e-02
-2.351782e-02
3.468754e-03
1.450486e-02
-4.827690e-02
-1.858924e-02
2.825961e-02
6.858683e-03
1.133166e-01
2.537609e-02
6.109788e-02
2.477696e-02
-1.736379e-02
-1.665627e-01
-1.463007e-03
2.965111e-02
-1.672890e-01
-1.016085e-01
1.162966e-01
-1.155372e-01
1.881696e-02
1.384911e-02
1.865717e-01
-2.417249e-01
3.305404e-02
2.907449e-01
-3.513385e-01
5.596517e-02
1.727278e-01
-1.551728e-01
-2.915164e-02
1.343432e-01
3.454601e-02
-3.369102e-02
1.096878e-01
7.153057e-02
-3.477921e-02
2.333010e-02
1.083544e-01
-4.718219e-02
3.582904e-02
-1.256659e-01
1.362120e-02
1.699937e-01
-2.131405e-01
7.784674e-02
9.919190e-02
-5.630379e-02
2.152489e-02
-2.600063e-01
1.956411e-01
4.575329e-02
-3.717749e-01
2.480667e-01
-8.804114e-03
-1.823175e-01
7.591736e-02
6.413788e-02
2.177430e-02
-5.159659e-02
3.370984e-02
-2.935842e-03
-1.226435e-01
-2.096374e-02
-4.584372e-02
-5.523804e-02
3.851010e-02
2.450695e-02
-5.173908e-03
-3.165421e-02
1.590453e-01
1.487370e-01
7.923863e-02
9.175696e-02
4.968740e-02
4.298938e-02
6.347281e-02
1.454890e-02
-7.892895e-02
2.276982e-02
1.701969e-02
-8.801346e-02
9.338554e-02
3.233424e-02
-4.330942e-02
-8.657689e-02
-4.214073e-02
3.437515e-02
-7.988712e-02
-1.700918e-01
6.065222e-03
-1.721776e-02
-1.217579e-01
5.725716e-02
-9.699310e-02
7.711316e-02
2.878829e-04
-6.772999e-02
-7.566522e-02
-1.534076e-02
1.200869e-02
-8.638443e-02
2.440973e-02
1.670227e-01
-1.255597e-01
7.638163e-02
1.821461e-01
-2.259027e-01
5.174847e-02
3.154872e-02
-2.910397e-02
-2.847022e-02
1.312758e-02
-3.573170e-02
-1.133982e-01
-1.828354e-02
-6.654689e-02
-1.297395e-01
-2.669371e-02
-2.905584e-02
-1.020305e-01
-3.362081e-03
-9.603301e-02
-1.672851e-01
4.067845e-02
2.595490e-01
3.369999e-01
-1.092730e-01
-1.752862e-01
-1.837114e-01
-4.013966e-03
-5.926931e-02
5.216845e-02
-1.332144e-02
3.437925e-02
-3.573567e-02
4.526101e-02
-2.907806e-02
-3.055410e-02
5.033484e-02
1.607514e-01
4.241955e-02
-4.587107e-02
1.629640e-01
2.612277e-01
1.183605e-02
8.364828e-02
1.033004e-01
3.031765e-02
8.056457e-02
5.683932e-02
-2.164569e-02
-4.507899e-02
2.487285e-02
-5.450875e-02
3.595954e-03
-9.438947e-02
2.319373e-03
1.399521e-03
3.414248e-02
4.261214e-02
-5.211740e-02
-8.072521e-02
-1.531249e-02
9.589481e-02
1.235010e-01
-4.283791e-02
4.364768e-03
1.032365e-01
2.928109e-02
-6.006456e-02
-2.338058e-01
-1.520332e-02
1.273887e-01
1.861011e-01
-4.087020e-02
6.851996e-02
-9.045179e-03
-3.576005e-02
2.455850e-02
-4.068643e-03
2.605170e-02
-8.295695e-02
-1.855268e-02
7.816796e-03
2.397399e-01
3.197362e-01
-8.546149e-02
-3.832864e-01
-4.568523e-01
7.972134e-02
1.483258e-01
8.722899e-02
4.582278e-03
4.133735e-02
3.546695e-02
-2.645626e-02
-1.796481e-02
1.701457e-02
5.930285e-02
-8.613169e-02
-9.694826e-02
4.707376e-04
7.575866e-02
9.187742e-02
-4.762993e-02
-4.846551e-02
-1.042787e-01
-3.597336e-02
5.686199e-02
6.739093e-02
-1.025698e-01
-1.330147e-01
-2.838402e-04
6.022251e-02
1.114369e-01
4.316169e-02
2.073015e-02
3.021623e-03
2.812538e-02
-3.016343e-02
-1.694044e-01
-1.329661e-01
1.500649e-01
2.749051e-01
3.147901e-01
-2.246583e-02
-1.451599e-01
-2.609428e-01
-8.997474e-03
2.328981e-02
5.743225e-03
-5.173967e-04
7.369129e-02
9.224913e-02
4.614844e-02
7.424936e-02
5.646095e-02
-5.879402e-02
5.183926e-03
7.303529e-02
6.696617e-02
1.255388e-01
1.367818e-01
-2.675919e-02
-1.644330e-02
8.688197e-03
1.783268e-02
-1.408939e-02
4.441928e-02
-8.868448e-02
-2.323605e-01
-1.996130e-01
2.519980e-02
1.127741e-01
1.256960e-01
-4.094198e-02
-4.173273e-02
-1.013153e-01
-8.895439e-02
-6.589466e-02
-1.349710e-01
-1.301169e-01
-4.657431e-02
-1.122709e-01
-2.786710e-02
-7.422228e-02
-7.182471e-02
-3.252893e-02
-5.138962e-02
-6.521658e-02
-3.626161e-02
1.410399e-02
-3.770210e-02
-4.342310e-02
-5.312143e-02
-6.304363e-02
-3.253851e-02
-6.174780e-02
-6.331217e-02
-1.453501e-01
-7.438491e-02
-3.072356e-02
6.984580e-02
2.607192e-02
4.068970e-03
9.787477e-03
3.494149e-02
3.815203e-02
-1.115728e-02
6.639380e-02
4.743785e-02
-1.043356e-01
-1.878952e-01
-4.319128e-02
-1.738937e-01
-2.409959e-01
-8.666294e-02
-9.788861e-02
-1.703200e-01
-1.200440e-01
7.486864e-02
-3.970284e-02
-7.108229e-02
-1.057600e-03
-1.382582e-01
-1.496588e-01
-3.457221e-02
-1.063503e-01
-1.217732e-01
4.296889e-02
-4.131116e-03
-5.080066e-02
-2.494887e-03
1.461958e-02
-2.077108e-02
-3.848664e-02
-2.846646e-02
-3.638377e-02
-2.064823e-01
-1.219959e-01
-1.907104e-02
-1.325165e-01
-9.051792e-02
3.525275e-02
-9.748205e-02
1.725273e-02
1.387180e-01
7.664174e-03
3.691864e-02
2.830261e-02
2.424532e-02
8.989727e-02
4.366326e-02
3.713506e-02
3.786961e-02
-2.279033e-02
8.987200e-02
5.688864e-02
-2.020621e-04
8.724995e-02
8.349874e-02
-1.515863e-02
6.188524e-02
8.445559e-02
1.264032e-02
-2.114380e-02
-9.837772e-03
1.938908e-02
1.236436e-03
5.162967e-02
6.258484e-02
1.623213e-02
1.031711e-01
1.473559e-02
7.636302e-02
5.263802e-02
9.339666e-02
-6.488783e-02
-4.923917e-02
2.928454e-02
-3.690290e-02
-1.445792e-02
-1.500322e-02
3.477720e-02
7.765778e-02
1.616243e-02
9.658889e-02
1.235246e-01
9.725294e-02
7.740339e-02
1.300858e-01
1.023758e-01
-1.284883e-01
-1.778162e-01
-2.557693e-01
-2.605719e-01
-2.113145e-01
-3.170813e-01
-1.262710e-01
-1.091336e-01
-1.684958e-01
-1.180545e-01
-5.548054e-02
1.300706e-02
-7.357151e-02
9.453680e-02
2.338036e-01
-1.718046e-03
8.230263e-02
2.195293e-01
8.622379e-03
-4.842379e-02
-7.185048e-03
1.920714e-02
-6.034761e-02
-5.930766e-02
-2.396336e-02
-1.910374e-02
8.298287e-03
1.992114e-02
7.652419e-03
-5.633633e-02
-2.548708e-03
-1.325629e-02
-5.476022e-02
-6.316134e-02
-3.704663e-02
-2.883639e-02
8.581223e-02
5.043774e-02
-2.342409e-01
9.665209e-02
-2.354200e-01
-9.708407e-02
-8.296300e-02
-8.199856e-02
2.160092e-01
-8.380000e-03
2.990839e-02
2.157594e-02
-3.592155e-02
-1.478097e-02
-6.915716e-03
-5.911392e-02
-2.691660e-02
-4.575936e-02
1.535379e-01
9.626994e-02
8.084016e-02
1.092522e-01
5.561955e-02
1.337481e-01
-3.513290e-02
1.088266e-01
8.981161e-02
5.878637e-02
-1.496350e-02
-6.593277e-02
-7.344463e-02
-4.761278e-02
-1.376882e-01
-7.918806e-02
-8.147521e-04
-5.180787e-02
7.617997e-03
2.562315e-01
2.518947e-01
2.320713e-01
1.828855e-01
-1.204418e-01
2.201788e-01
-6.322045e-02
-2.805246e-01
6.422698e-03
4.034196e-02
-8.937771e-02
-1.272962e-02
-3.630441e-02
-1.006487e-01
4.914449e-03
-1.372059e-01
-8.486239e-02
-8.437457e-03
-7.636673e-03
7.110006e-02
-5.555992e-02
7.163156e-02
5.252111e-02
-2.077927e-02
2.280957e-02
-1.319229e-02
-1.337985e-01
-2.027947e-01
2.335891e-01
-2.542844e-01
6.439565e-02
2.826449e-01
-3.316745e-03
1.421058e-01
1.522032e-02
9.404042e-02
-1.767810e-02
-1.086687e-01
6.556843e-02
-1.773756e-01
-1.603258e-01
-1.066872e-01
-1.951289e-01
1.725578e-02
-4.706397e-02
-1.030812e-02
-1.039854e-02
5.321743e-02
-3.588242e-02
-6.382625e-02
2.475474e-02
1.801250e-02
4.769250e-02
7.755373e-03
2.845521e-02
-1.009878e-01
5.165477e-02
2.241003e-02
-3.539121e-02
4.520746e-02
-2.287717e-03
-5.436885e-02
-6.975144e-02
1.573089e-01
1.793735e-02
8.850901e-02
5.669184e-02
-7.590473e-02
1.032962e-01
-8.646729e-02
-2.069654e-02
-5.661371e-02
-4.066590e-03
4.709428e-02
-7.381321e-02
-3.364784e-02
4.900540e-03
-1.615365e-02
-7.709512e-03
-2.778168e-02
2.646654e-02
-1.826536e-02
-9.074204e-02
8.188522e-02
-7.185055e-02
-9.109327e-02
1.675220e-02
-1.225342e-01
-5.071569e-02
-2.021039e-02
2.429344e-02
1.300419e-01
3.029421e-02
2.666295e-01
-5.215048e-02
1.951104e-01
1.077244e-01
-2.184668e-01
-3.910324e-01
-2.879485e-01
-3.194187e-01
-2.924704e-01
-1.409003e-01
-1.864935e-01
-2.629643e-01
-1.149628e-01
-1.612174e-01
6.279504e-02
3.056802e-02
-5.660632e-02
1.882642e-02
-1.810017e-02
-6.380748e-03
-2.445399e-02
5.790639e-02
4.302461e-02
-2.098321e-01
-2.082577e-01
-1.446468e-01
-2.359515e-01
-3.570292e-01
-3.218346e-01
-1.391498e-01
-2.809140e-01
-2.841163e-01
6.505903e-02
1.134625e-01
1.173303e-01
-5.628407e-04
7.878885e-03
4.375550e-02
-5.132608e-02
-4.708084e-02
-1.888343e-03
-1.027768e-01
5.354665e-03
1.236791e-01
1.883987e-02
7.251188e-02
1.501055e-01
3.729935e-02
9.038008e-02
7.867115e-02
1.008297e-01
7.610234e-03
-4.822708e-02
3.102526e-02
-2.294426e-03
-3.041873e-02
-2.350665e-02
-2.988283e-02
4.442930e-02
-2.893480e-02
3.533594e-02
4.107092e-03
-8.540626e-02
-7.238413e-02
-6.964343e-02
-6.841332e-02
-1.559632e-01
-1.037085e-01
4.461363e-02
6.310414e-02
-5.588956e-02
4.677120e-02
5.776123e-02
-1.642193e-02
-1.828784e-02
-5.243216e-03
-6.187992e-02
-2.422750e-02
-2.416031e-02
6.560329e-02
-1.861454e-02
-9.158008e-03
1.473184e-02
1.028114e-02
-1.631153e-02
1.364975e-02
-5.654917e-02
-6.832650e-02
4.264858e-02
-2.720389e-02
-2.703168e-02
4.036615e-02
1.588120e-02
-3.836201e-02
-3.335789e-02
-8.829172e-02
-3.520478e-02
-2.001980e-02
-9.643696e-02
-6.234562e-02
2.878242e-03
-4.986269e-02
-7.082088e-02
-7.409624e-02
3.929780e-02
1.003942e-01
8.125006e-02
1.072486e-01
1.495268e-01
9.112110e-02
6.165913e-02
1.010990e-01
5.777742e-02
-3.709178e-03
6.149800e-02
3.381954e-02
1.124586e-01
-2.482566e-02
-1.469911e-02
8.985630e-02
-1.517310e-02
-6.515888e-02
-1.291681e-01
-1.002123e-02
-1.807284e-02
-1.039361e-01
3.797331e-02
6.420301e-02
-7.311554e-02
3.002157e-03
6.984318e-02
-5.994470e-02
7.778798e-04
2.982764e-02
-6.247848e-02
-3.957492e-02
2.475791e-02
-5.468524e-02
-5.778456e-02
-6.117715e-02
-4.737503e-03
-1.955175e-02
3.754808e-02
-4.326507e-02
-2.487131e-02
2.324004e-04
-7.616617e-02
-4.436080e-02
1.554252e-02
-7.530062e-02
-8.181241e-02
-5.122848e-02
-7.555656e-02
-7.151070e-02
-9.032827e-03
-7.664542e-02
-1.141645e-01
-5.736608e-02
2.223182e-02
5.151411e-02
5.325529e-02
-9.219847e-04
9.633681e-02
8.712843e-02
-3.923813e-02
4.711225e-03
6.056702e-02
2.148631e-02
7.159773e-02
9.537227e-02
-1.659160e-01
-5.409435e-02
7.411670e-02
-1.802067e-01
-1.174813e-01
1.056110e-01
-9.661692e-02
-8.108705e-02
-1.354710e-01
-8.633003e-02
-7.615734e-02
-9.473737e-02
-8.624139e-02
-4.440374e-02
-9.769191e-02
1.074084e-02
-1.404206e-01
-9.952366e-02
1.358736e-01
-7.677537e-02
-1.664233e-01
8.429654e-02
-4.893937e-02
-1.750019e-01
8.448743e-02
-8.004320e-02
-2.991558e-02
9.168271e-02
-4.739288e-02
-1.163316e-01
5.072350e-02
-2.153884e-02
-6.087891e-02
-3.470838e-02
-1.645512e-01
-6.808785e-02
-2.331454e-02
-1.762497e-01
-1.311516e-01
-1.086937e-01
-1.473776e-01
-9.969959e-02
-4.127898e-02
-1.188439e-01
4.470455e-02
-6.944032e-02
-2.759561e-01
2.351543e-02
-4.767965e-03
-2.525070e-01
-6.610405e-02
-3.984044e-02
2.854571e-02
-2.412600e-02
-1.353691e-02
-6.030514e-03
7.967422e-02
-4.381780e-02
1.610009e-02
1.458999e-02
3.029069e-02
2.145426e-02
-9.326553e-02
3.982632e-02
4.343724e-02
-2.950685e-02
6.625038e-02
1.099415e-01
6.675210e-02
6.035949e-02
-1.863814e-02
-3.422725e-02
7.413431e-02
-1.100424e-02
1.171043e-01
1.148169e-01
-3.650539e-02
8.225863e-02
-3.450043e-02
5.023302e-02
4.104917e-02
1.466768e-01
2.342452e-01
9.969220e-02
7.946854e-02
1.791411e-01
7.855431e-02
-2.756828e-02
-2.327920e-02
3.933336e-02
-1.711195e-01
-1.886369e-02
1.114651e-01
-7.631651e-02
6.156488e-02
1.585906e-01
1.693695e-01
9.637538e-02
-2.186994e-01
1.814003e-01
1.890829e-01
-1.608060e-01
-1.442997e-02
1.027560e-01
2.826886e-02
-2.119513e-02
-2.862256e-02
5.957627e-02
-1.027138e-01
-6.290699e-02
3.260680e-02
-1.881779e-01
-1.041853e-01
1.014068e-02
-2.593385e-02
1.215998e-02
8.308624e-02
-5.188755e-02
7.317471e-02
8.158731e-02
-2.953068e-02
5.749875e-02
-2.876129e-02
2.195364e-01
4.254169e-02
3.420628e-02
5.859580e-02
-9.828897e-02
-1.150877e-01
2.477289e-02
-9.551074e-02
-9.616005e-02
-1.803570e-01
1.877950e-01
-1.565473e-02
8.203166e-02
-1.600192e-01
1.707707e-01
1.306440e-01
-8.421177e-02
-4.118407e-02
-8.099371e-02
-4.324739e-02
-1.025608e-01
1.074320e-02
7.328250e-02
-7.493600e-02
4.759785e-02
-4.668188e-02
2.289738e-02
-5.798374e-02
6.897457e-02
2.873128e-02
-4.934392e-02
9.159885e-02
2.068552e-02
-3.105686e-02
-3.592345e-02
5.659388e-02
5.782816e-02
7.159080e-02
-2.212748e-02
1.540920e-02
-4.210900e-02
2.941622e-02
-2.975680e-03
2.914316e-02
1.042022e-01
1.273481e-02
8.739242e-02
-7.292049e-02
-4.338098e-02
1.692901e-01
-1.004091e-01
-1.201738e-01
-2.594723e-02
1.244034e-02
5.958385e-02
-9.055924e-02
6.393419e-02
-1.802735e-01
2.798555e-01
-1.727408e-01
-1.216654e-01
9.908113e-02
7.378453e-02
1.810070e-02
-1.177650e-03
-4.229972e-03
3.173007e-02
-4.713962e-02
-1.521085e-02
3.987068e-02
1.674053e-02
2.492842e-02
2.664719e-01
-4.033402e-01
1.840335e-01
1.145158e-01
4.318408e-02
-1.253979e-01
-1.293993e-01
1.560614e-01
5.521021e-03
-1.931678e-02
9.323945e-02
2.008948e-02
8.368149e-02
-2.682101e-01
2.264415e-01
-1.884649e-02
-3.370852e-02
-1.938542e-03
-3.205828e-02
1.671612e-02
2.863410e-03
-4.116968e-02
2.976058e-03
1.894249e-02
-5.835436e-02
3.105265e-02
3.899543e-02
6.117271e-02
-9.975998e-03
-5.495015e-02
9.129419e-03
9.058011e-02
-1.585826e-02
9.723567e-02
6.103556e-02
5.931909e-02
-1.272337e-01
2.427137e-01
-1.909797e-01
-3.276268e-02
-4.793557e-02
8.864950e-02
3.040903e-02
2.329676e-02
3.083072e-02
-3.194426e-02
4.683084e-03
6.158172e-02
4.513461e-02
-2.283762e-02
4.023056e-02
7.083683e-02
-3.666658e-02
1.994250e-02
5.059632e-02
1.426918e-02
3.217508e-02
-3.305398e-02
5.148296e-02
-5.444916e-02
-2.132820e-02
-7.145418e-02
-1.427708e-02
7.195669e-02
-7.087947e-03
-7.028295e-02
-5.852377e-02
1.118668e-01
-1.506636e-01
-8.130120e-02
-4.647828e-02
1.226008e-01
8.964410e-02
-1.083821e-02
-8.938692e-03
-4.572781e-02
-1.124518e-01
-8.518033e-02
-3.789657e-03
-7.283799e-02
-7.903294e-02
3.183322e-02
8.335519e-02
4.113922e-02
-6.143016e-02
-7.379709e-02
-8.052493e-03
-1.197188e-01
-1.417403e-01
-7.791411e-02
-2.753253e-02
1.557495e-01
1.118965e-01
-2.998001e-02
1.080132e-01
3.441892e-02
-1.189696e-01
-6.497320e-02
-1.079599e-01
-3.090810e-02
1.347516e-03
5.571716e-02
-7.374986e-02
-5.827382e-02
5.339963e-02
-6.509618e-02
-1.008441e-01
-8.183544e-03
-8.333789e-02
-1.859226e-02
2.614658e-02
-3.753519e-02
-2.430380e-02
-4.734460e-02
-8.334700e-03
-1.843959e-02
-1.049307e-01
2.044155e-02
-8.159365e-02
-1.077878e-01
-9.322365e-02
8.009877e-02
7.702342e-02
-8.559217e-02
7.641470e-02
1.020511e-01
-9.832353e-02
-2.973586e-02
5.915498e-02
-4.101657e-02
-8.202334e-02
-4.158808e-02
2.339136e-02
-8.901735e-02
-1.382074e-01
8.117447e-03
8.514985e-02
6.358109e-02
-2.536087e-02
1.328392e-01
1.551655e-01
-9.699458e-03
6.518986e-02
8.550788e-02
1.443077e-02
2.797874e-02
-3.864571e-04
6.446160e-02
2.035831e-02
-6.492872e-02
2.556263e-02
3.760896e-02
-5.697954e-02
6.605951e-02
3.359537e-02
-5.884681e-02
5.408709e-02
3.996914e-02
-2.057028e-02
5.934421e-02
4.246219e-02
3.087748e-02
-1.670487e-01
-2.701617e-01
-2.789537e-01
-2.258965e-01
-3.134630e-01
-3.219668e-01
-1.798776e-01
-2.570792e-01
-2.400259e-01
3.933603e-02
1.883090e-02
2.549676e-02
6.518140e-02
-6.723277e-03
-6.422414e-03
3.675088e-02
-1.513646e-02
-3.505215e-02
-5.824956e-02
-4.432073e-02
3.673594e-02
2.144857e-02
6.967574e-02
1.561675e-01
3.530527e-02
1.778517e-01
1.719651e-01
-1.236724e-01
-5.433724e-02
1.361044e-02
-8.221401e-02
3.696872e-03
9.024500e-02
-7.261351e-02
-6.404553e-03
3.206956e-02
1.650267e-02
-6.990346e-02
-3.918836e-02
1.044832e-02
-2.226857e-02
5.671178e-02
-9.993697e-02
-7.050080e-02
6.777167e-02
3.172788e-02
-1.806243e-03
2.995440e-02
-7.530127e-02
-6.519022e-02
-2.114297e-02
-9.803376e-02
-1.015703e-01
-4.972928e-02
2.468483e-01
1.530351e-01
1.147646e-01
-1.728542e-02
-9.374748e-02
-1.606414e-01
-2.150390e-02
-1.075113e-01
-1.820965e-01
6.314461e-02
6.148527e-02
-4.704894e-02
1.205482e-01
8.610880e-02
-5.518109e-02
7.278659e-02
4.126207e-02
-4.551324e-02
-6.078768e-02
-9.531077e-02
-3.494991e-02
-3.230926e-02
2.015206e-02
4.367797e-02
-1.184603e-02
9.416935e-02
8.588468e-02
1.520296e-01
1.484635e-02
8.410118e-03
8.358264e-02
-9.662303e-03
2.966217e-02
2.218881e-02
-9.468623e-02
1.285260e-06
8.145539e-02
1.319019e-03
-1.330671e-02
5.258023e-02
4.500391e-02
-3.360474e-03
-1.804225e-03
9.044328e-03
-4.715845e-03
-2.304625e-01
-5.568261e-02
1.456271e-01
-2.557718e-01
6.726251e-03
2.296502e-01
-2.619143e-01
-6.179763e-03
1.956765e-01
-3.945017e-02
-6.459334e-02
-4.019017e-02
-1.636948e-01
-1.356765e-01
2.948359e-02
-1.326033e-01
-4.381149e-02
6.790160e-02
-2.351543e-01
-1.271894e-01
-7.713806e-03
-1.494216e-01
-1.157846e-02
8.901744e-02
-1.478620e-01
8.680427e-03
1.126918e-01
3.701047e-02
-3.140736e-02
-4.629017e-02
4.372061e-02
7.212789e-02
-2.797520e-02
8.267212e-02
2.070590e-02
-2.860887e-02
-2.996470e-02
-2.046946e-02
7.668984e-02
-1.222316e-02
4.018798e-02
1.138573e-01
2.900227e-02
1.769459e-02
5.009824e-02
-9.151998e-02
-2.480992e-02
-1.812441e-02
-7.354623e-02
1.865836e-02
-4.675070e-04
-3.755726e-02
1.145725e-01
3.333024e-02
8.300439e-02
1.142991e-01
-6.191247e-02
1.449414e-01
9.543697e-02
-6.336338e-02
1.071200e-01
6.720728e-02
-8.075044e-02
9.810586e-02
2.437677e-02
-5.112601e-02
1.621649e-02
-2.489986e-02
-6.073337e-02
-4.090308e-02
2.432458e-02
-5.109766e-02
1.421754e-01
-1.031430e-02
1.106829e-02
7.000101e-02
-1.349308e-01
-5.271455e-02
4.148617e-02
-1.021129e-01
-7.401365e-02
5.391784e-02
1.215974e-01
1.289315e-01
8.585954e-02
9.917478e-02
7.763816e-02
7.158884e-02
8.326852e-02
3.386438e-02
5.043023e-02
3.159110e-02
1.899727e-02
-4.358266e-03
-5.681214e-02
8.821500e-03
-1.898210e-02
-4.453643e-02
1.552270e-02
9.693415e-02
1.221507e-01
1.887587e-01
-8.842084e-02
-8.117962e-02
6.489658e-03
-7.500874e-02
-1.081491e-01
-4.071141e-02
-1.067184e-02
-9.723938e-02
-1.660323e-03
6.959480e-03
1.288506e-02
-1.203420e-01
-7.517733e-02
1.635296e-02
6.518865e-02
-1.406184e-01
-7.664277e-03
1.465086e-01
-8.688565e-02
-1.640110e-01
-9.706835e-02
1.262819e-01
1.485146e-01
-5.963324e-02
2.868487e-02
5.181524e-02
1.913847e-02
2.595690e-02
7.215571e-02
-8.438238e-04
2.088986e-02
-1.552151e-03
-8.064010e-02
2.988405e-02
-4.079813e-02
-7.623640e-02
-2.408902e-02
1.081231e-01
8.972378e-02
-4.875327e-02
-1.453500e-01
2.045338e-01
2.262995e-02
7.152992e-02
-3.798147e-02
-3.074344e-02
7.940605e-02
5.373438e-02
-4.717208e-02
-6.123530e-02
-4.222392e-02
-2.995771e-02
1.387899e-01
8.754995e-02
1.369008e-01
-1.515812e-01
1.107547e-01
1.390196e-01
1.995083e-01
-1.703786e-01
1.602690e-02
-5.664783e-02
-8.995309e-03
3.195215e-02
7.961196e-04
-9.394106e-02
-4.611496e-02
-3.817840e-02
2.136823e-02
6.783228e-02
1.127614e-01
-1.064688e-02
-1.413205e-01
-1.374258e-01
2.550501e-01
6.718165e-02
-2.022438e-01
-1.839253e-01
1.693015e-01
2.236216e-02
-1.205873e-01
-1.009735e-01
2.141683e-01
1.614609e-01
-1.727809e-01
-2.986900e-01
1.467601e-01
-2.462399e-02
-3.441514e-02
2.737450e-02
2.739179e-02
2.101573e-03
2.838250e-03
-2.188999e-02
5.311059e-02
2.250627e-02
-7.934140e-02
4.117575e-02
9.388883e-02
9.962353e-02
8.924323e-02
2.606185e-02
-4.320361e-02
1.178142e-01
1.302696e-01
2.210926e-02
-2.132446e-01
-6.617534e-02
1.516742e-01
1.852305e-01
-1.957188e-01
-3.155234e-02
1.598590e-02
2.057894e-01
-7.137693e-02
9.428280e-03
8.744460e-02
-2.395545e-02
-5.262458e-02
6.113973e-02
3.072063e-02
-1.798492e-02
-3.037795e-02
-9.580160e-02
-2.091456e-02
1.155222e-01
7.939406e-02
-5.414497e-02
-1.844513e-01
1.378658e-02
1.111196e-01
-7.766349e-02
-1.258513e-01
-7.595912e-02
1.537594e-02
-5.798385e-02
-1.326171e-01
-9.403209e-02
-2.095266e-02
2.686037e-02
-1.825216e-02
5.292454e-02
4.513672e-02
8.107147e-02
3.807393e-02
7.405123e-02
1.022220e-01
4.572372e-02
4.761795e-02
1.141324e-01
-2.046924e-02
-1.126204e-01
-5.060567e-02
-5.152297e-02
-5.669625e-02
-5.682195e-02
-2.134542e-02
-1.171369e-01
-7.011959e-03
1.888989e-02
3.551275e-02
-3.249445e-02
6.971730e-02
7.819355e-02
-2.578693e-02
-7.780811e-03
4.115642e-02
-5.675560e-02
6.252829e-02
4.799126e-03
-2.572147e-02
3.387024e-03
-6.892739e-02
-3.859349e-02
8.816965e-03
-6.220817e-03
2.209328e-02
7.461906e-03
3.138850e-02
-4.027667e-02
6.132979e-02
1.212116e-01
6.347844e-03
5.465003e-02
1.337447e-01
5.975281e-02
-5.923373e-02
-3.747863e-02
-5.373510e-02
-4.551355e-02
-3.209675e-02
-7.205877e-02
1.120077e-02
-2.080536e-02
-1.122203e-01
1.132713e-01
7.305207e-02
1.359898e-02
5.538279e-02
6.847986e-02
3.924680e-02
4.054082e-02
8.321963e-02
1.043580e-01
3.353926e-02
-7.494764e-04
2.222057e-02
1.128756e-01
7.792524e-03
-1.207570e-01
9.387116e-02
-4.289566e-02
-1.314485e-01
2.435752e-02
7.110002e-02
-2.366419e-02
1.136859e-02
1.477905e-02
1.443528e-02
-2.118094e-02
-7.510894e-03
1.748214e-02
4.376700e-02
3.435636e-02
2.660962e-02
-5.629737e-03
-5.640007e-02
-4.395973e-02
3.585974e-03
-7.144170e-02
-1.296309e-01
1.171110e-01
1.892239e-02
4.842025e-02
-6.644120e-03
-1.283986e-01
-4.829813e-02
-1.231293e-01
-2.091851e-01
-9.609500e-02
6.793157e-02
-4.709316e-02
-4.435869e-02
2.256017e-02
-6.173650e-02
-8.690331e-02
2.050812e-02
-1.928290e-02
-6.036276e-03
3.191696e-02
3.105661e-02
1.939581e-02
5.666381e-02
7.395758e-02
1.993391e-02
-1.128060e-02
-5.185988e-02
-8.476498e-02
-9.393924e-02
6.912141e-02
6.589626e-02
3.599661e-02
2.730179e-01
2.524680e-01
8.820505e-03
1.777395e-01
1.675077e-01
-4.285069e-02
-1.777038e-01
-1.447420e-01
-3.712963e-02
-2.664512e-01
-2.281502e-01
-6.243611e-02
-2.762548e-01
-2.361716e-01
2.495587e-02
3.564715e-02
8.252101e-03
3.608993e-02
1.618406e-01
2.005142e-01
3.015413e-02
1.562968e-01
1.017869e-01
5.561308e-03
-1.009029e-01
-7.181006e-02
2.756548e-02
-1.071591e-01
-1.877083e-02
7.357582e-02
-9.235670e-02
-1.227936e-02
9.586196e-02
-1.282824e-01
1.182202e-01
4.497326e-02
-1.878804e-01
2.908104e-01
5.431511e-02
-2.501234e-01
2.690624e-01
-2.648424e-03
-1.026319e-02
-7.239879e-02
-3.361896e-02
1.907447e-02
-1.034900e-01
-5.421237e-03
4.559547e-03
1.637259e-02
-1.912764e-02
-9.609377e-02
6.040594e-02
2.101755e-02
-5.700660e-02
4.037133e-02
2.268404e-02
-5.435891e-03
-2.220325e-02
3.631283e-02
-6.382182e-02
-2.207570e-02
1.702718e-02
-5.596141e-02
7.455231e-02
7.326524e-02
-2.304930e-02
1.428238e-01
-7.761760e-03
-6.928769e-02
-3.353778e-02
2.441662e-02
-1.768637e-01
1.995342e-03
3.191908e-02
-1.982443e-01
6.979197e-02
-4.945852e-02
1.247623e-01
-1.043620e-01
-3.854225e-02
2.102238e-01
-2.759400e-01
2.252968e-02
2.128346e-01
-3.102552e-01
1.508376e-02
9.559823e-02
2.178700e-02
-2.304359e-02
6.289805e-02
8.677109e-02
-2.104373e-02
4.155421e-02
8.068465e-02
-4.069577e-02
4.996886e-02
-1.046083e-01
-1.062613e-02
1.340018e-01
-2.223796e-01
2.471376e-04
1.853705e-01
-1.074474e-01
-5.370251e-02
-1.882059e-01
2.299460e-01
-8.403652e-02
-2.790842e-01
2.800557e-01
-2.240182e-02
-2.655599e-01
2.905880e-01
4.665794e-02
-2.362167e-02
1.888206e-03
5.687315e-02
-2.403936e-02
-1.101260e-01
4.677173e-05
7.021977e-03
-6.916530e-02
-8.935349e-02
3.699935e-02
-1.384705e-02
4.420390e-02
1.940536e-01
1.386765e-01
-1.883524e-03
1.842397e-01
3.655453e-02
-1.997622e-02
8.051530e-02
-6.456771e-02
-3.945205e-02
1.578773e-01
-6.920008e-02
-1.951513e-02
1.297686e-01
-3.427608e-02
3.919688e-03
-2.771646e-02
-2.047757e-02
8.938833e-03
-4.975377e-02
-1.338237e-01
6.262215e-03
-6.071663e-02
-1.300795e-01
-5.623086e-02
-3.949362e-02
4.436575e-02
-7.538997e-02
2.671313e-03
-9.435543e-02
3.789485e-02
1.907367e-02
-2.065561e-01
-5.728601e-03
1.420061e-01
-2.665138e-03
2.656590e-02
1.865513e-01
-1.570141e-01
-3.914516e-02
9.798642e-02
-1.045531e-01
9.160810e-03
-5.337378e-02
-1.091239e-01
4.710169e-03
-6.620053e-02
-9.562772e-02
5.972970e-02
1.648836e-02
-3.839469e-02
1.212702e-01
2.476095e-01
1.044755e-01
-1.827868e-01
-3.628066e-01
-1.484817e-01
-1.566995e-02
1.808840e-02
1.953799e-02
-3.036703e-02
-7.164335e-02
-1.154805e-01
-3.275155e-02
3.979385e-02
-1.036852e-02
6.882697e-03
4.490272e-02
8.141899e-02
3.435560e-02
1.320660e-01
1.476090e-01
1.707246e-01
1.860963e-01
1.291377e-01
8.253660e-03
4.436979e-02
-1.726393e-06
5.600917e-02
9.257178e-02
2.960305e-02
-9.600538e-02
-6.259613e-02
-1.220697e-02
-7.040824e-02
-3.487523e-02
-1.322033e-02
2.515575e-02
1.716707e-02
3.591360e-02
7.619302e-03
8.861091e-02
3.607148e-03
-1.240368e-02
-4.671629e-03
8.752707e-03
-1.194519e-01
-5.626793e-02
3.758297e-03
9.530140e-02
2.713192e-01
1.268696e-01
-1.526345e-02
-4.147187e-02
-3.508271e-02
-8.258691e-02
-8.238517e-02
-9.489622e-02
-2.821827e-02
3.480982e-03
6.611662e-02
1.151702e-02
-1.092683e-02
1.684235e-03
-2.859871e-01
-4.308779e-01
-2.259407e-01
1.300017e-01
8.498499e-02
-1.865877e-02
1.234347e-01
1.069934e-01
-1.166083e-02
5.961070e-02
1.429179e-01
3.800468e-02
-8.824238e-02
-1.754281e-01
-5.963467e-02
-1.851599e-05
1.214455e-02
1.946099e-02
2.590838e-02
1.027842e-03
-2.496917e-02
-3.316680e-02
-2.870261e-02
5.106742e-03
-3.436416e-02
2.783993e-02
3.969833e-02
-2.503139e-02
-6.927497e-02
-1.372282e-02
2.903710e-02
8.288933e-02
1.069225e-01
6.350197e-03
-1.378930e-02
9.278360e-03
3.022189e-01
3.092065e-01
1.006867e-01
-1.175245e-01
-2.126472e-01
-1.101190e-01
-9.956398e-03
-3.113402e-02
5.923090e-03
9.271318e-03
1.495802e-02
1.175862e-02
7.736982e-02
3.921635e-02
4.257822e-02
-2.754056e-03
6.153271e-02
2.567159e-02
7.631296e-02
6.757165e-02
5.763190e-02
3.989627e-02
1.640204e-02
2.458411e-02
-6.110602e-02
-1.194953e-01
-6.668296e-02
-5.775777e-02
-5.954165e-02
2.016615e-02
4.195850e-02
1.340242e-01
7.040949e-02
-1.096207e-01
-1.289487e-01
-2.204609e-02
3.865667e-04
3.226471e-03
-1.712436e-01
-2.412960e-02
4.514218e-03
-1.417871e-01
-1.131825e-01
-1.135238e-01
-2.284425e-01
3.130742e-02
-4.541221e-02
-8.841322e-02
3.130894e-02
4.979805e-02
-5.381246e-02
4.241903e-02
1.353773e-02
6.662298e-03
-1.459257e-03
3.667587e-02
-6.721575e-02
-8.297244e-03
3.580872e-02
-9.461794e-03
-3.282317e-02
-7.118005e-02
-1.020681e-01
1.677504e-01
4.065829e-02
-1.151121e-01
2.408105e-01
1.776365e-01
-1.005469e-01
5.447289e-02
1.776385e-01
1.858225e-03
-5.208419e-02
8.033467e-03
8.854061e-02
-6.185869e-03
-2.474386e-02
-1.315793e-03
-3.316251e-02
1.158467e-02
-5.584695e-02
2.607476e-02
-8.343499e-02
-2.065923e-02
-6.014400e-02
-2.356389e-01
-1.248075e-01
-1.354390e-02
-2.199850e-02
-9.773387e-02
-1.000977e-01
1.238669e-02
9.050284e-02
-1.014911e-01
-9.378927e-03
7.208367e-02
3.516452e-02
-6.830198e-02
-5.459956e-02
1.336851e-02
4.530761e-02
2.395426e-02
7.901761e-02
-5.387978e-02
-5.207389e-03
1.017688e-01
-7.646231e-02
2.486180e-02
-5.599188e-02
-1.126518e-01
-4.953483e-02
5.075963e-02
-1.390576e-01
-1.355667e-01
5.729122e-04
-4.294110e-02
-1.222038e-01
7.115371e-02
6.345398e-02
6.823709e-03
1.080284e-01
1.492405e-01
6.980085e-02
1.614552e-02
1.465372e-01
1.056160e-01
2.113304e-02
6.316568e-02
1.055165e-01
-1.423226e-01
-4.782888e-02
1.196398e-01
-1.865475e-01
-9.071321e-02
1.147429e-01
-1.874720e-02
2.027240e-02
9.063036e-02
1.107357e-01
1.359352e-01
2.126197e-02
2.133566e-01
1.816963e-01
3.200966e-02
-2.501214e-02
1.020916e-01
2.272058e-01
-1.082510e-01
3.662257e-02
1.552643e-01
-1.712723e-01
-7.342716e-02
6.243027e-02
-4.280385e-02
2.318682e-02
-1.557345e-02
-1.151290e-01
-4.201119e-02
-2.277108e-02
-6.368044e-02
-8.948869e-02
3.811403e-02
4.438705e-02
3.366975e-02
-4.496107e-02
8.643042e-02
-2.570059e-02
-8.650899e-02
1.200802e-01
-7.362857e-02
-1.220138e-01
5.652535e-02
5.669055e-03
-4.651583e-02
1.665832e-01
1.233136e-01
1.891193e-02
2.606049e-02
1.346861e-01
2.460073e-02
-4.077110e-02
-2.832934e-02
3.120886e-02
-3.357867e-02
-8.406056e-03
5.993809e-02
-5.724171e-02
-3.371434e-02
-9.472936e-03
-1.035169e-01
-3.118340e-02
1.285668e-02
1.168999e-02
8.669499e-02
6.725942e-02
8.984639e-02
5.573094e-02
3.888125e-02
9.656902e-02
2.736504e-02
-1.175942e-01
1.213346e-01
-3.341290e-02
-1.739522e-01
9.233754e-03
-1.175971e-01
-1.453706e-01
4.823516e-02
-3.014723e-02
-5.043029e-02
7.686689e-02
-2.105760e-02
-3.196900e-02
3.818862e-02
2.672614e-02
3.889932e-02
-8.928277e-04
-4.983044e-02
-2.949158e-02
-5.476749e-02
-1.458692e-02
2.544777e-03
4.566489e-02
1.950661e-02
-3.108782e-03
-1.892030e-01
-2.444505e-01
-5.133004e-02
-2.877298e-01
-8.746281e-02
1.301453e-01
3.054283e-02
2.869996e-01
3.007230e-01
7.670222e-02
1.676052e-02
-4.609043e-02
2.702066e-02
-3.516343e-02
-4.242908e-02
-3.333978e-02
-4.906531e-02
4.117499e-02
-9.913353e-02
7.812818e-03
2.579432e-02
5.431318e-02
1.097367e-01
9.743737e-02
2.367678e-01
2.139544e-01
-5.848892e-02
1.850763e-01
1.713029e-01
2.371521e-02
1.707848e-01
-5.944355e-03
-1.196558e-01
-3.245833e-02
-1.647691e-01
-9.400566e-02
5.548949e-02
-3.541118e-02
-1.190153e-01
-1.202170e-01
-1.339431e-01
-5.660824e-02
-7.561152e-02
-1.956425e-02
8.392658e-02
-8.336593e-02
4.824892e-04
1.089964e-01
-4.487279e-02
-6.897133e-03
7.328045e-02
3.552337e-02
-1.343813e-02
-2.764846e-02
3.517357e-02
-2.872309e-02
7.006752e-02
8.837418e-03
-3.402825e-02
-9.835756e-03
-6.271563e-02
-4.328609e-02
-1.733729e-02
8.056439e-02
3.533982e-03
-2.715632e-02
-1.394335e-02
-9.493153e-02
4.903091e-02
-6.434421e-02
-3.520283e-02
7.028020e-02
-1.805140e-02
-1.837848e-01
-1.099683e-01
-7.241031e-02
-1.066362e-01
-6.131450e-03
-7.915410e-02
4.892770e-02
7.238054e-02
-5.094534e-02
-8.419376e-02
3.690763e-02
-3.601462e-02
2.542361e-02
9.695707e-02
-4.558512e-03
6.104530e-02
1.077833e-01
2.710611e-02
7.276847e-02
-7.719199e-02
-3.291706e-02
-9.581546e-02
-9.391221e-02
-6.464189e-02
-1.012017e-01
-2.219827e-02
5.208132e-02
-8.421731e-02
-1.333484e-03
2.742075e-02
-1.289470e-01
-3.342095e-02
8.132476e-02
-1.104930e-01
-3.344912e-02
4.170908e-02
8.945217e-02
2.230308e-02
6.637331e-02
9.384332e-02
5.528592e-02
2.810417e-02
7.454963e-02
3.607990e-03
-4.477621e-02
-1.766299e-01
-2.051182e-01
-1.038073e-01
-2.099501e-01
-1.725021e-01
-2.719377e-01
-1.698179e-01
-3.401031e-02
2.545376e-02
-6.685383e-02
-5.745096e-02
-2.243983e-02
-8.742424e-02
-2.150523e-02
1.068561e-02
1.910340e-02
1.597018e-02
1.468641e-01
1.381758e-01
-4.519204e-02
1.089834e-01
1.152952e-01
-5.693874e-02
7.179978e-02
3.324851e-02
-6.065515e-02
6.157323e-02
6.994016e-02
-7.918283e-02
6.567753e-02
1.055355e-01
1.596582e-02
-4.005811e-02
-6.116663e-03
1.053435e-01
-3.911671e-06
-5.450474e-02
-8.661938e-02
-1.226398e-01
-1.556835e-01
-9.416036e-02
-5.764348e-02
-6.770933e-02
-6.433278e-02
1.382157e-01
1.599540e-01
2.929542e-02
9.315470e-02
7.507434e-02
-6.652059e-02
-2.226046e-01
-2.388447e-01
-2.024145e-01
6.660286e-02
-8.956786e-03
-7.998449e-02
-4.093475e-02
-1.449039e-01
-1.878736e-01
-7.624750e-02
-1.617080e-01
-1.043366e-01
-7.492319e-02
-8.924395e-02
-2.698293e-02
-1.838183e-02
2.385618e-02
7.631182e-02
7.458001e-02
8.562803e-02
5.473647e-02
-1.218647e-02
-4.638733e-02
-7.836982e-02
-7.436795e-02
-6.165422e-02
-9.826845e-03
-4.905658e-02
9.039235e-03
5.790148e-02
5.472118e-02
3.204792e-02
5.522136e-02
-3.969235e-02
-7.315464e-02
-8.960088e-02
-6.062122e-02
-6.383660e-02
-8.713811e-02
-9.634728e-04
-3.993402e-02
-2.624311e-02
-3.605468e-02
-3.398576e-02
7.433992e-02
-3.944499e-02
8.239821e-02
6.081976e-02
7.502962e-02
7.826583e-02
6.784535e-02
1.388727e-01
8.717944e-02
5.254037e-02
3.078359e-02
-1.574234e-02
-2.792230e-02
-1.555336e-02
-2.831416e-02
6.591257e-02
1.802573e-02
1.992607e-02
8.455129e-02
1.935397e-02
5.946179e-03
-1.919274e-02
5.928128e-02
2.056979e-02
-1.365027e-02
-7.499357e-02
-8.348169e-02
-1.002155e-02
-7.440955e-02
3.547381e-02
1.391274e-01
-2.440713e-02
-3.547459e-02
-8.877615e-02
-4.207316e-02
-6.039614e-02
-1.006976e-01
-5.926985e-02
-7.401918e-02
-1.044534e-01
8.912775e-02
-1.285328e-01
1.788145e-01
-1.902570e-01
3.828372e-01
-1.403223e-01
2.905297e-01
-1.186416e-01
3.328493e-03
-5.174049e-02
-2.202622e-02
-5.568642e-02
-1.466334e-02
-1.040827e-01
-2.445965e-02
-1.176259e-02
-4.670157e-02
5.558642e-02
3.568864e-03
5.065062e-02
4.498155e-02
4.168034e-02
1.288238e-01
3.795073e-02
4.905387e-02
6.189669e-02
5.937973e-02
2.940319e-02
3.045038e-02
9.044835e-02
7.336465e-03
-1.896546e-02
-2.200997e-02
-9.242183e-02
-8.282580e-03
-5.239720e-03
1.057834e-01
5.380741e-03
-5.889776e-02
-6.625283e-03
-1.863801e-01
6.536385e-02
-8.946707e-02
1.309006e-01
-4.517402e-02
8.774477e-02
3.667271e-02
-1.124450e-01
8.563270e-02
-2.546173e-01
3.929725e-02
-2.134077e-01
1.107545e-01
6.498174e-03
-5.214484e-02
8.023507e-02
8.728057e-02
1.075377e-01
2.004933e-02
1.772914e-03
1.538286e-02
-9.354284e-02
7.526257e-02
-6.024186e-02
2.392603e-01
-1.567172e-01
3.317631e-01
-4.079923e-01
1.347473e-01
-2.174426e-01
1.349265e-01
1.316709e-01
1.400285e-01
-5.312614e-02
3.683879e-03
-1.084063e-01
1.412502e-01
-6.482194e-02
3.369780e-02
-8.384246e-02
4.363887e-02
3.554905e-02
-5.149639e-02
-6.234370e-02
-7.179634e-02
-1.040452e-02
-4.412051e-02
1.655479e-02
-8.380477e-03
1.232073e-02
-2.751994e-02
-5.037731e-02
-7.059114e-02
3.392027e-02
-4.366996e-02
-2.431805e-02
-2.083294e-02
5.934656e-02
-4.039970e-02
8.945064e-02
-1.587560e-01
5.712299e-02
-1.913809e-01
1.665441e-01
7.724477e-02
-8.298618e-03
1.416616e-02
-7.068096e-02
-9.241981e-03
2.224397e-02
-3.166525e-02
4.104558e-02
-4.461309e-02
-2.189104e-02
3.494464e-02
-1.603574e-02
1.927296e-02
2.880437e-02
4.352774e-02
4.932530e-03
-1.299231e-02
-1.397350e-02
-6.929748e-03
-3.383505e-02
-4.465261e-02
4.741473e-04
3.077603e-02
1.868809e-01
9.868574e-03
1.482808e-01
-1.469124e-01
8.329981e-02
-1.026367e-01
1.148830e-01
-2.846226e-02
-6.925133e-02
-5.684243e-02
-8.565201e-02
-6.438894e-02
-3.455140e-02
-5.312529e-02
-1.426288e-01
-1.141954e-01
-1.470410e-01
-9.186954e-02
2.012963e-01
1.009948e-01
2.640297e-01
5.577511e-02
-1.717306e-01
-8.134224e-02
-1.587609e-01
-8.528490e-02
1.296518e-01
-3.523123e-02
-7.707424e-02
4.704769e-02
-1.222553e-01
-5.179220e-03
8.364574e-03
-3.341134e-02
1.240524e-01
-3.693486e-02
1.586704e-01
9.454908e-02
1.536259e-01
1.223670e-01
6.379115e-02
-1.406372e-01
1.101472e-01
1.351535e-01
-1.627578e-01
-5.648038e-02
-7.406390e-02
-1.077019e-01
-5.128240e-03
2.492516e-02
-6.041584e-02
3.073742e-02
1.215473e-02
-2.647997e-01
-2.424680e-01
1.398313e-02
-1.049033e-01
2.062336e-01
3.273188e-01
1.905199e-01
2.019237e-01
-4.532262e-02
-5.419398e-02
-1.138826e-01
-4.234345e-02
-7.632639e-02
-5.624551e-02
-6.835370e-03
3.649788e-02
-2.068435e-02
-3.543413e-02
2.071892e-01
8.956414e-02
-3.117997e-03
3.293526e-02
-4.003840e-02
-6.947254e-03
-5.094180e-03
-9.404838e-02
4.688728e-02
2.096763e-01
-1.024027e-01
-2.064470e-01
-2.688620e-01
-2.930951e-01
3.288161e-02
-7.491583e-02
5.873796e-02
8.688614e-02
-3.176008e-02
2.241516e-02
8.993690e-02
5.800319e-02
8.699576e-02
3.518907e-02
6.343921e-02
3.671542e-02
-7.900937e-02
8.272503e-03
4.113982e-02
-4.439471e-02
8.387846e-02
1.052436e-01
-5.791345e-03
-2.900575e-02
-4.755966e-02
-6.384887e-02
-4.245176e-02
-3.491400e-02
5.431376e-03
-4.728803e-03
1.520759e-02
4.046146e-02
7.763940e-03
1.176800e-01
6.581537e-02
-1.526974e-01
-1.435491e-02
7.472251e-02
-6.982325e-02
9.741534e-02
7.044227e-02
4.165662e-03
5.943582e-02
-3.747461e-02
-2.802535e-03
-4.026890e-02
5.147587e-02
-1.784599e-02
3.221958e-02
1.321484e-01
-1.124589e-01
6.088017e-03
2.630224e-02
-7.234024e-02
3.477743e-02
6.849665e-02
1.587186e-02
1.250569e-01
-2.484673e-02
4.576699e-02
-3.626265e-02
-6.948065e-02
1.052126e-01
-6.772366e-02
6.527395e-03
-1.938664e-01
-2.044254e-02
1.903953e-01
7.624147e-02
1.457624e-01
1.077199e-01
1.040867e-01
2.456146e-02
-5.187423e-02
5.966923e-02
1.987672e-02
3.743713e-03
-1.067974e-02
-4.725086e-02
-4.920441e-02
-2.284909e-02
-1.837217e-02
2.015638e-02
-4.092198e-02
1.981876e-02
-3.550017e-02
4.231092e-02
-6.003280e-02
-9.084676e-02
-4.557602e-02
1.047394e-01
1.047127e-01
-5.190559e-02
1.032415e-02
1.350400e-01
2.747548e-03
-1.451005e-01
-3.740004e-02
1.717500e-02
3.390053e-02
8.295883e-03
1.559971e-02
1.268124e-03
-8.228664e-02
7.956287e-02
8.969036e-02
3.022003e-02
-8.131974e-03
1.749971e-02
-9.237250e-02
5.281607e-02
9.448135e-02
3.643499e-02
6.905681e-02
9.701968e-02
1.436609e-02
2.626555e-02
2.594142e-02
2.031140e-02
-8.447462e-02
-2.669774e-02
5.639898e-02
-8.174910e-02
-6.908964e-02
-1.455795e-01
-2.017992e-01
-1.165490e-01
5.242640e-02
-1.523436e-01
-2.208007e-01
-1.069887e-01
2.067300e-03
-8.504955e-02
-5.614209e-02
-9.967688e-04
5.985871e-02
5.270819e-02
-1.322832e-01
-6.272300e-02
-1.828682e-02
2.357463e-02
-1.036443e-02
-1.145820e-01
5.076106e-02
2.585263e-01
1.314841e-01
2.482468e-02
9.831035e-02
1.984399e-01
-5.128383e-02
7.669924e-02
7.844898e-02
2.257119e-01
3.036691e-01
1.360772e-01
1.089297e-01
1.512508e-01
1.572561e-01
-8.242937e-02
1.076446e-01
7.453023e-02
1.263379e-01
1.421889e-01
2.561154e-02
1.442641e-02
1.142039e-01
1.187451e-01
-4.459623e-02
-5.136663e-02
5.778190e-04
-6.704614e-02
-3.400271e-02
-4.673064e-02
4.606428e-02
1.412405e-01
3.684827e-02
7.865605e-02
1.675522e-01
1.138137e-01
5.131422e-02
-1.149584e-01
-2.305971e-01
8.607052e-02
-2.083216e-02
-8.855825e-02
5.445179e-02
2.270005e-02
-1.904408e-02
-1.706419e-02
-5.247997e-02
-6.662607e-02
4.233706e-02
-9.323356e-03
-1.077054e-01
1.512462e-02
6.697264e-02
1.539228e-02
-5.707708e-02
-8.999670e-02
-2.195187e-01
6.190334e-02
6.216060e-02
-4.569194e-02
1.024818e-01
8.023501e-02
7.767498e-02
-2.343361e-02
-7.083927e-02
-3.834266e-02
3.263450e-02
-2.830139e-02
4.390008e-02
8.336470e-02
4.775540e-02
3.573654e-02
-6.009951e-03
-3.509359e-03
-1.256784e-01
2.117374e-02
-2.335174e-02
-1.578992e-01
-3.755340e-02
-1.098072e-01
-2.120066e-01
3.954669e-02
1.063751e-01
6.544316e-02
-1.925626e-02
7.247285e-02
5.881215e-02
-2.923470e-03
-7.941946e-02
-1.551472e-02
-9.950649e-02
-7.751205e-02
-1.022659e-02
8.760016e-02
2.832969e-02
-2.796647e-03
-1.765907e-02
7.298631e-03
-3.936672e-02
-3.429512e-02
-1.946233e-02
-2.226376e-03
-7.924006e-02
-5.211532e-02
-3.528920e-02
4.963113e-03
-4.768799e-02
-2.655428e-02
-1.997873e-02
9.038873e-02
1.142803e-01
-3.884057e-02
3.963300e-02
9.366383e-02
5.739571e-02
1.749626e-02
4.976344e-02
-6.665078e-03
1.470562e-02
7.445339e-02
-1.743130e-01
-7.824628e-02
-1.196722e-02
-4.277334e-02
-7.507340e-02
-8.930415e-02
-4.608289e-02
-9.565214e-02
5.144945e-04
1.562760e-01
-6.731316e-02
-1.664003e-01
1.309208e-01
1.141899e-01
-1.923819e-02
-3.045979e-02
3.671846e-02
3.659394e-02
-2.125315e-02
-4.700596e-02
6.094275e-02
-2.946111e-02
-9.266883e-02
-2.376349e-02
-1.128297e-01
-5.629528e-02
6.645039e-02
-1.260533e-01
-1.275639e-01
-4.561772e-02
-5.493561e-02
-1.563806e-02
-7.619051e-04
-1.588212e-01
1.911416e-02
1.998269e-01
-2.887658e-01
-2.165868e-01
5.683718e-02
-9.160800e-02
-2.514029e-01
-6.930518e-02
1.050712e-01
4.722089e-02
-4.750648e-02
4.576120e-02
3.421512e-02
8.252787e-03
-2.114108e-02
-2.794411e-02
6.063529e-02
-6.386840e-03
8.888110e-03
-1.186843e-01
2.976558e-02
1.178423e-01
1.372461e-01
-2.539968e-02
2.618315e-02
5.554616e-02
1.960849e-01
1.896342e-01
9.496168e-02
9.533697e-02
3.384462e-01
3.157961e-01
-1.639756e-01
1.313076e-01
2.612937e-01
5.089542e-02
2.405387e-02
-1.341331e-02
1.261641e-01
4.281789e-02
-6.488917e-02
-1.477598e-02
4.714926e-02
2.185905e-03
1.144976e-01
1.514859e-01
-4.172697e-02
7.087489e-02
1.834787e-01
2.096479e-01
-2.480052e-02
5.256650e-02
1.191788e-01
-1.028048e-02
-3.386159e-02
-4.455806e-02
-1.850087e-02
1.714526e-02
-8.783406e-02
-3.467023e-02
-8.931550e-03
-9.509584e-02
6.116474e-02
1.716102e-02
-9.541676e-02
-3.988842e-02
-4.165851e-02
-9.135876e-02
-1.395275e-01
-1.402392e-01
-1.445469e-01
-1.609888e-03
3.900141e-02
-9.592606e-03
-4.497403e-02
-6.157020e-03
6.260074e-02
-4.165811e-02
8.492757e-02
8.026879e-02
4.869821e-02
2.670723e-02
4.793021e-02
2.813359e-02
-6.275431e-03
-6.311021e-02
-7.453567e-02
-4.565967e-02
-8.111691e-02
1.243824e-02
5.416799e-02
1.212145e-01
-1.494026e-01
7.215299e-02
1.226336e-01
-1.183385e-01
1.079685e-01
1.001140e-01
-3.071091e-02
-9.631963e-02
1.189359e-02
-1.078894e-01
-9.324317e-02
-1.215739e-03
-5.775705e-02
-8.734117e-02
-6.883352e-02
2.519910e-03
-6.890547e-02
-6.652257e-02
-3.001734e-02
-2.576392e-01
-2.462246e-01
-5.613214e-02
-2.728629e-01
-1.304837e-01
-5.006186e-02
-1.023443e-01
-7.188169e-02
-5.881963e-02
-1.049084e-01
1.488292e-02
-6.226711e-02
8.653212e-03
2.806123e-02
1.124166e-01
1.039886e-01
-2.602421e-03
7.614347e-02
5.179913e-02
1.645910e-02
4.873538e-02
-1.362872e-02
-1.032264e-01
1.387267e-01
1.721404e-01
1.218777e-01
7.598448e-02
2.068683e-01
1.368768e-01
6.242793e-02
1.179407e-01
3.005811e-02
-8.903431e-02
-9.450398e-02
1.946473e-02
-1.541326e-01
-6.729978e-02
9.887324e-02
-2.063038e-02
6.767700e-02
9.882783e-02
-8.915835e-02
-5.704598e-02
-3.415989e-02
-7.559335e-02
-3.657813e-02
4.816006e-02
3.317415e-02
5.896834e-02
3.794494e-02
5.051583e-02
-1.793059e-01
-1.197910e-01
-4.100896e-02
-1.575667e-01
-5.659512e-02
7.122648e-02
4.886129e-02
2.625534e-02
2.011297e-02
-1.549142e-02
9.355874e-02
1.090370e-02
-7.704491e-03
9.146950e-02
-8.008948e-03
2.060271e-02
5.053076e-02
3.028699e-02
5.497117e-02
8.758722e-02
-9.087035e-03
-5.586407e-02
-2.428714e-02
-9.865155e-02
-1.648656e-01
-3.536892e-02
-8.263553e-02
-1.131416e-01
-1.201229e-01
-1.224318e-01
-1.160486e-01
-1.214793e-01
-1.218879e-01
-8.081269e-02
-1.127119e-01
1.375552e-03
-1.882841e-02
-8.153832e-02
6.099802e-02
-1.718591e-02
-1.433616e-01
-6.015215e-02
-9.683123e-02
-1.338804e-01
6.117740e-03
-7.116064e-02
-3.724654e-02
4.067846e-02
-4.812612e-02
-4.170930e-02
-6.832264e-02
-1.239137e-01
-1.538174e-01
2.171495e-03
2.327938e-02
3.178127e-03
3.329989e-02
2.861797e-02
1.855848e-02
-2.349516e-02
-3.697159e-03
2.590171e-02
-4.797706e-02
-1.220322e-01
-8.760279e-02
5.232033e-02
4.427046e-02
6.401686e-03
6.683535e-03
8.113305e-02
3.774837e-02
6.707247e-02
1.168120e-01
9.185556e-02
4.357393e-02
5.796082e-02
6.554510e-02
3.127303e-02
5.070911e-02
5.843614e-02
3.500333e-02
5.261548e-02
-4.511471e-02
5.086364e-02
1.265009e-01
1.357994e-01
-6.016091e-02
3.608420e-02
1.097711e-01
1.670215e-02
-2.547761e-03
-1.984130e-02
-2.229935e-02
-8.107151e-02
-3.185866e-02
4.606071e-02
1.063763e-02
6.693642e-02
2.154925e-02
1.344948e-02
-1.697470e-02
1.825775e-02
8.599872e-02
7.455210e-02
-4.712540e-02
-5.874048e-02
-2.637480e-02
-8.244494e-02
-1.270528e-01
-1.417538e-01
-6.582158e-02
-5.691923e-02
-3.379672e-02
7.973027e-02
1.706272e-01
2.175585e-01
-9.575032e-02
-8.725648e-02
-6.930818e-03
-5.801817e-02
9.573638e-03
-3.387000e-02
8.516132e-02
9.683184e-02
5.814863e-02
-1.146052e-01
-2.330616e-02
4.729729e-02
7.175178e-03
4.409581e-02
5.195137e-02
1.593374e-01
4.389324e-02
-1.497060e-02
-4.823975e-02
-1.070932e-01
-1.684182e-01
5.177963e-02
-1.766991e-02
-4.514368e-02
4.780438e-02
1.108162e-02
2.684577e-02
-2.319415e-02
-6.859428e-02
-8.249008e-02
-1.251615e-01
-1.570971e-01
-1.214369e-01
-8.034485e-02
-1.638113e-01
-1.107440e-01
-4.652623e-02
-7.394814e-02
-4.043038e-02
-8.492202e-03
-7.979135e-02
-4.685079e-02
-1.059692e-01
-3.143580e-02
-1.576749e-02
-1.402340e-01
-5.206400e-02
2.645707e-02
-2.874947e-01
-3.016088e-01
-1.897648e-01
-1.243138e-01
-1.723105e-01
-2.960764e-01
-1.700503e-01
-2.290771e-01
-1.522047e-01
-7.298904e-02
-1.781610e-01
-2.213821e-01
3.539578e-03
1.208461e-02
-5.890196e-02
-2.229062e-05
-6.969672e-03
-1.891026e-02
4.578719e-02
2.712102e-02
4.197663e-03
-7.531958e-02
-1.412384e-01
-1.162363e-01
1.411505e-01
5.531451e-02
6.905382e-02
8.806107e-02
-1.656219e-03
6.132184e-03
1.005339e-01
1.034562e-02
1.091513e-02
1.307132e-02
-1.468975e-02
-1.034403e-01
-3.851401e-02
-6.113043e-02
-5.630607e-02
-8.050022e-02
-1.233441e-02
-2.271619e-02
2.219452e-02
-5.216973e-03
-5.987838e-02
1.013431e-02
-5.896246e-02
-1.059713e-01
-5.162652e-02
-1.202977e-01
-1.553289e-01
-3.152507e-03
4.910386e-02
1.136861e-01
1.195322e-02
-2.280469e-02
-4.050116e-02
-8.886940e-03
-9.257811e-02
-4.775068e-02
1.166529e-04
3.451087e-02
2.020290e-02
-5.452442e-02
3.240973e-03
-1.517411e-02
-4.103499e-02
-9.616416e-03
4.135391e-02
-9.207896e-03
-4.494651e-02
-3.997156e-02
-7.041430e-02
-1.939517e-02
2.627208e-02
-5.930356e-02
-1.063496e-03
-4.608361e-02
-2.188913e-02
3.477780e-03
1.247245e-02
-3.555739e-02
4.153100e-02
9.227928e-02
-2.254972e-02
4.769019e-02
9.096518e-02
-6.461708e-02
1.703070e-03
4.268509e-02
1.691625e-02
1.262886e-01
1.211721e-01
5.076241e-02
9.551417e-02
9.316679e-02
9.632875e-03
2.209622e-02
2.824048e-02
1.511841e-02
3.181907e-03
-6.697491e-02
-1.415054e-03
-3.982868e-02
-4.931407e-02
4.210317e-02
5.600163e-02
-2.414207e-02
8.815570e-02
-7.774477e-02
-1.220101e-01
-5.077345e-03
-1.615539e-01
-1.657102e-01
-9.807722e-02
9.338272e-02
9.643011e-02
2.649640e-02
3.484376e-01
2.843041e-01
-3.638658e-02
2.518885e-01
1.051818e-01
4.579635e-02
3.706792e-03
-6.499201e-02
6.210031e-02
-2.009154e-02
-4.613096e-02
6.647213e-02
5.436447e-03
-5.635820e-02
8.667785e-02
9.437932e-02
-2.035319e-02
1.624315e-01
7.564794e-02
-6.595539e-02
5.856101e-02
4.929790e-02
-6.101756e-02
6.578654e-02
-1.386466e-02
5.686369e-02
-7.592408e-03
-8.606824e-02
5.111076e-02
1.645889e-03
-6.723583e-02
-2.109674e-02
1.559738e-02
7.325911e-03
-3.302911e-02
-2.987894e-02
-8.513594e-02
-1.931336e-01
1.351549e-04
-5.610378e-02
-1.433032e-01
1.111684e-01
8.538514e-02
3.692213e-02
8.412223e-02
7.559413e-02
2.651782e-02
1.664023e-02
4.008903e-02
7.852015e-02
-9.661212e-02
-6.818812e-02
-1.865606e-02
-2.376360e-02
-5.538498e-02
-8.344758e-02
2.435587e-02
-2.487975e-02
-9.538421e-02
-1.154575e-01
4.298516e-02
1.170978e-01
-2.144478e-01
-1.169523e-01
5.822845e-02
7.318024e-03
-1.630373e-01
-4.480675e-02
-3.670268e-02
4.818179e-02
-9.830882e-02
-8.320796e-03
1.059074e-01
-5.969065e-04
6.463590e-02
3.558835e-02
-3.249672e-02
-1.691806e-02
-9.107671e-02
7.451259e-02
9.150004e-03
-1.603045e-01
-4.756620e-02
1.011091e-01
-1.236549e-01
-7.693320e-02
-6.464642e-03
3.001304e-02
-4.857284e-02
2.194393e-03
5.837779e-02
1.136243e-01
-1.408626e-02
1.204603e-02
7.394937e-02
-7.796160e-02
-6.748577e-02
5.076723e-02
1.099613e-01
-8.213408e-02
-1.322858e-02
1.715129e-01
-5.748156e-02
1.896288e-02
8.311975e-02
9.885526e-02
-1.042809e-01
1.123172e-01
2.504238e-01
1.332931e-02
-1.641912e-01
1.994827e-01
1.606800e-01
6.101900e-02
1.634534e-02
-2.394732e-02
-9.033475e-02
1.157320e-02
5.047883e-02
-1.318997e-01
-7.218206e-02
-4.380194e-02
7.467801e-02
-1.005627e-01
1.655774e-02
1.328035e-01
-1.484881e-01
-6.878308e-03
1.080127e-01
-3.991654e-02
-1.153341e-01
7.268293e-02
-1.741221e-01
6.236628e-04
2.125214e-01
-2.720566e-01
-1.716261e-01
3.757104e-01
-4.906825e-02
-1.878486e-01
3.962493e-02
2.731534e-02
-8.085429e-02
1.350488e-02
2.676727e-02
-3.036264e-02
2.138979e-02
3.345409e-02
6.407098e-03
-1.528114e-02
6.817593e-02
4.094214e-02
3.517743e-02
7.541777e-02
1.072697e-01
8.040746e-02
5.331551e-02
9.810413e-02
-9.428154e-02
7.628337e-03
1.003228e-01
-1.963117e-01
-1.224351e-01
9.920619e-02
2.109239e-02
-2.389190e-01
5.285407e-02
-8.912406e-02
-4.036602e-02
7.710467e-02
-9.097549e-02
-4.152767e-02
1.933197e-02
-5.284062e-02
-1.442448e-01
-4.577231e-02
-9.815285e-02
-2.710929e-02
3.970104e-02
-6.635723e-02
-6.404449e-02
3.902606e-03
-1.156432e-01
-4.633701e-02
4.193058e-03
-8.278353e-02
-3.883934e-02
-1.137520e-02
-8.030058e-02
-3.875159e-02
-6.082452e-02
2.330047e-02
-9.072033e-02
-1.548524e-02
-3.266314e-02
5.857830e-02
1.296205e-01
-1.138777e-01
-5.684447e-02
-1.002544e-02
-1.059674e-01
-2.735318e-02
2.561509e-02
6.090665e-02
-6.438721e-03
-5.184536e-02
-1.463527e-01
-1.673266e-01
-8.510997e-03
1.832186e-01
1.880826e-01
-2.174014e-02
8.198572e-02
8.559425e-02
8.618502e-02
9.947501e-02
9.816676e-02
5.758600e-02
-1.067046e-01
-1.519633e-01
-1.794302e-01
5.052212e-02
1.199435e-01
5.330335e-02
1.622983e-01
1.225403e-01
3.936086e-02
-2.953333e-02
1.087600e-01
4.090704e-02
-4.869299e-02
-2.712306e-03
5.261150e-02
4.397862e-02
-1.643203e-02
9.107783e-02
-2.570567e-02
3.121723e-02
4.464888e-02
-6.525188e-02
-3.438362e-02
4.487274e-02
1.418945e-02
-1.074092e-01
-1.821826e-01
5.993900e-02
3.935346e-02
2.497863e-02
1.398057e-02
2.653012e-02
3.065830e-03
1.736030e-02
1.961288e-02
-5.189570e-02
-5.866433e-02
-2.408520e-01
-2.116116e-01
-2.763709e-02
-6.135948e-02
-3.525793e-02
1.693353e-01
1.505073e-01
1.288387e-01
4.973247e-02
-7.353215e-02
-1.339303e-01
-1.081478e-02
-3.184004e-02
1.075284e-01
2.747883e-01
4.190368e-01
7.221626e-02
-2.057542e-01
-3.132577e-01
-2.713231e-02
-6.597588e-02
-2.756744e-02
-2.077969e-02
2.276096e-02
3.741519e-02
8.289699e-03
9.225712e-02
1.165799e-01
1.837075e-02
3.587172e-02
1.304178e-02
4.256854e-02
1.162816e-01
1.331159e-01
1.037629e-01
-7.020879e-02
-8.789620e-02
-3.474623e-02
5.600614e-03
5.986298e-02
8.177956e-02
-5.738740e-02
2.161615e-02
6.572141e-02
2.546757e-02
1.927594e-02
-1.474544e-02
3.287312e-02
2.064591e-02
-6.527410e-02
-2.261828e-01
-2.586506e-01
2.837116e-02
1.604839e-01
2.108710e-01
9.621339e-02
-5.294999e-02
-1.508560e-02
3.075961e-02
4.417147e-02
6.855859e-02
3.161228e-02
5.200570e-02
1.602629e-01
2.785081e-02
-3.132475e-02
1.696136e-02
-4.188114e-02
3.311888e-02
3.532620e-02
6.038165e-03
1.309099e-01
4.098080e-02
-9.634617e-03
1.310176e-03
3.433047e-02
1.407175e-02
7.025623e-02
-2.182237e-02
-7.464828e-02
-1.393038e-01
-1.418827e-01
3.885270e-02
3.752488e-02
-1.469883e-02
-6.964246e-02
-2.686201e-04
-6.472076e-03
-6.984185e-02
-4.838064e-02
-5.300912e-02
-1.144495e-01
-1.152903e-01
-3.235060e-02
6.777984e-02
1.256171e-01
-1.790325e-01
-1.537927e-02
4.996736e-02
8.214887e-02
-1.356491e-01
-9.760446e-02
8.758630e-02
6.909053e-02
-5.104193e-02
-1.022911e-02
1.918370e-01
7.084042e-03
-1.111757e-01
-1.008733e-01
-5.080029e-02
-2.585524e-02
3.396062e-02
-7.140405e-02
-4.752528e-02
-2.135425e-02
-6.855618e-02
-3.262810e-02
-2.935380e-02
9.034222e-02
4.026222e-02
1.514910e-01
5.287900e-02
2.186551e-02
-3.217275e-02
-1.132454e-01
1.719624e-01
5.145350e-02
-2.570408e-02
1.685045e-03
1.253985e-02
2.684579e-02
-2.733343e-02
-1.183619e-02
-3.690431e-02
3.479750e-03
-1.314153e-02
4.728033e-02
5.276394e-02
-7.047089e-02
-1.405226e-01
3.702857e-02
2.627026e-01
2.499613e-01
-2.950636e-01
1.801780e-01
-5.339438e-02
3.314093e-03
9.759993e-03
5.430988e-02
-1.023638e-01
3.060774e-02
-9.104547e-03
-7.489717e-02
-3.423310e-03
8.316918e-02
1.831860e-02
-1.397959e-01
-1.250487e-01
2.830195e-01
-6.418123e-02
-2.224617e-01
-6.161449e-02
1.326664e-01
5.676549e-02
-9.131973e-02
1.267966e-02
2.058195e-01
1.073401e-01
-3.027395e-01
-2.257909e-01
3.627158e-01
9.668892e-02
-3.192029e-03
-4.822368e-02
-3.763663e-02
5.289615e-02
1.662663e-02
-2.753777e-02
6.126098e-03
3.613465e-03
-2.462610e-02
-4.168125e-02
8.949035e-02
4.239568e-02
8.461420e-02
3.060443e-02
1.400418e-01
2.177489e-01
1.418844e-01
1.178997e-01
-1.606719e-02
-7.095379e-03
1.301427e-01
1.553914e-01
-2.719639e-01
-8.731013e-02
9.751760e-02
2.330506e-01
-1.130702e-01
5.165188e-02
7.038825e-03
1.210758e-03
1.262968e-02
-2.685462e-02
5.410483e-02
9.257237e-03
-6.480630e-03
-8.495026e-02
-6.569894e-02
5.822170e-02
5.345508e-02
-3.067734e-02
-1.093053e-01
2.229717e-02
2.544134e-02
-6.878135e-02
-5.761755e-02
-1.473683e-02
-2.874607e-03
1.205773e-03
-1.237043e-01
-1.152216e-01
-6.055284e-03
2.586008e-02
-1.348703e-01
-1.068812e-01
-5.922977e-02
-2.097948e-02
-1.705107e-03
-1.006922e-01
-8.436867e-02
-8.572891e-02
-1.506150e-02
-8.136299e-03
-4.788864e-02
3.061966e-02
3.855598e-02
-1.563323e-02
2.741879e-02
5.636519e-02
6.216414e-02
-6.030302e-03
-1.215846e-02
-1.265224e-02
1.120309e-02
-5.297104e-02
-9.613831e-02
7.118566e-02
-1.293514e-03
-1.066333e-01
4.282032e-02
-1.438784e-03
-1.442169e-01
-6.908659e-02
-1.256802e-01
-1.329521e-01
-5.538697e-02
-1.222741e-01
-2.157853e-01
-1.012418e-02
-6.156531e-02
-5.276449e-02
-1.837165e-01
-2.335829e-01
-1.960460e-01
-8.111126e-02
-1.651234e-01
-1.604149e-01
9.962828e-03
-3.570910e-02
-5.144712e-02
6.011045e-02
7.967582e-02
6.142681e-02
1.876367e-02
3.922185e-02
2.646189e-02
-8.440151e-02
-4.072937e-02
4.596148e-02
-1.063581e-01
-4.917288e-02
-3.450942e-02
-4.014754e-03
5.537793e-02
-7.776137e-02
5.083635e-02
5.253782e-02
-7.311296e-03
4.751093e-02
-4.605667e-02
-5.706711e-02
3.940253e-02
-4.741813e-02
-4.255447e-02
-8.217616e-02
-5.486329e-02
4.396936e-02
5.313115e-02
-2.365427e-02
-5.959011e-02
-7.829297e-02
-1.113580e-01
-7.589909e-02
-2.612677e-02
-7.258908e-02
-8.284323e-02
-6.094658e-02
7.263473e-02
9.470906e-02
-5.665058e-02
8.409670e-02
1.307982e-01
8.838619e-03
8.699403e-02
5.938661e-02
3.206042e-02
7.545628e-02
1.167375e-01
-4.591348e-02
-1.107774e-02
9.348292e-03
-6.739457e-02
-6.668516e-02
-2.659590e-02
-8.897696e-02
-1.722791e-01
-2.944304e-02
-1.503621e-01
-2.335352e-01
-6.215361e-02
-8.596703e-02
-2.220497e-01
-3.564791e-02
5.131674e-02
6.641497e-02
2.758176e-02
7.388181e-02
1.670306e-01
1.397147e-01
4.599410e-02
1.308111e-01
5.450762e-02
-7.147992e-02
2.896461e-02
-6.920105e-02
-1.383278e-01
-8.817554e-02
-1.329884e-01
-1.680333e-01
-1.140527e-01
-1.020607e-01
-4.136393e-02
-1.413352e-01
-8.810534e-02
-2.284238e-01
-2.897215e-01
-2.757659e-01
-1.369612e-01
-2.249021e-01
-2.372951e-01
-2.695583e-02
-8.361595e-02
-8.957765e-02
-1.111579e-01
-1.376731e-01
-7.391460e-02
-1.025813e-01
-8.984346e-02
-1.871115e-02
-2.684193e-01
-1.067371e-01
-1.362865e-01
-9.942776e-02
1.249771e-01
1.106838e-01
-1.367624e-01
1.079816e-01
1.403173e-01
4.901693e-02
5.915644e-02
-5.524199e-03
2.730204e-03
2.458222e-02
8.011150e-02
2.228050e-02
4.633379e-02
8.179506e-02
7.478247e-03
1.113496e-01
1.460425e-01
7.148453e-02
2.213557e-01
2.369396e-01
-2.811579e-02
2.789678e-02
6.678858e-02
5.148577e-02
-1.860147e-03
-5.595599e-02
2.488912e-02
4.714340e-02
-8.663893e-02
2.363015e-02
4.108609e-02
-3.287293e-02
-5.081485e-02
-6.539541e-02
6.701413e-02
-1.129856e-01
-1.338048e-01
6.001145e-02
-1.215960e-01
-1.737832e-01
-5.977646e-02
2.210583e-02
-5.152411e-02
2.602508e-02
-7.043099e-02
-1.311805e-01
2.180330e-02
-2.166100e-02
-7.920625e-02
3.700107e-02
-5.899859e-02
-7.219004e-03
4.530611e-02
-1.147002e-01
4.381302e-02
1.174282e-01
-3.919650e-02
-1.290818e-02
-8.020203e-03
-4.797798e-02
-6.333576e-03
5.579019e-02
-1.222626e-01
3.217115e-02
1.657394e-01
-2.303160e-03
8.798052e-02
1.008742e-01
4.249372e-02
-3.447723e-02
8.794196e-03
-3.361834e-02
2.412254e-02
-5.105106e-03
-2.905926e-02
-4.434788e-02
-7.243916e-02
1.870217e-03
-1.820905e-02
-4.120199e-02
3.645826e-02
-3.021677e-02
-3.822951e-04
-1.287654e-01
-6.130709e-02
-6.824199e-03
-7.628011e-02
-3.575614e-02
-3.717878e-02
5.069550e-02
1.006454e-01
1.267754e-02
7.022209e-03
-1.100552e-02
-1.784731e-01
-1.400094e-01
-1.812081e-01
-7.451791e-02
-8.166696e-02
-1.814449e-01
-1.391645e-01
2.617838e-03
-3.820711e-02
-9.009674e-02
9.011781e-02
4.823176e-02
-9.651484e-02
1.175763e-01
3.675982e-02
-7.321784e-02
4.060851e-02
-4.340582e-02
-9.820252e-02
2.200969e-02
-1.183098e-01
1.327103e-02
-1.520381e-03
-1.378111e-01
-6.171712e-02
4.870743e-02
1.698423e-02
5.733839e-03
-2.925835e-02
2.804745e-02
8.700160e-02
-5.710026e-02
4.847503e-02
8.855085e-02
-5.124512e-02
3.368726e-02
8.593236e-02
6.219572e-02
1.294418e-01
6.829806e-02
1.243613e-01
1.389796e-01
1.093114e-01
5.700360e-02
8.693754e-02
9.992791e-02
1.648453e-02
4.152204e-02
2.433329e-02
1.643484e-02
6.397232e-02
8.596391e-02
-1.009270e-01
-2.445216e-02
1.009392e-02
3.672464e-02
6.015712e-02
-3.359703e-02
7.165844e-02
4.608387e-02
-4.771924e-02
2.888290e-02
-1.526653e-02
-6.997409e-02
-1.585001e-01
-1.734745e-01
-1.049201e-01
-1.048771e-01
-8.096720e-02
-1.430476e-02
2.821951e-03
8.329481e-02
1.618332e-01
-4.855192e-02
6.528002e-03
5.420330e-02
-2.650024e-02
5.220674e-02
6.256667e-02
7.354605e-02
7.614308e-02
6.273872e-02
-3.379938e-02
1.362580e-02
5.091552e-02
-1.108205e-01
-1.266347e-02
-5.322618e-03
-1.240544e-01
-4.950896e-02
-2.325007e-02
3.652072e-02
7.164785e-02
8.018676e-02
1.944940e-02
1.109952e-04
-2.387467e-02
-1.478077e-01
-2.238199e-01
-1.344884e-01
-1.981614e-02
-3.958384e-02
2.663243e-04
-7.094203e-02
-3.883832e-02
2.688060e-02
-1.772206e-02
2.542758e-02
5.925859e-02
4.331461e-02
1.847823e-02
-4.641808e-02
-6.835799e-02
-1.468495e-01
-1.228171e-01
-2.248589e-01
-2.200517e-01
-9.246168e-02
1.319804e-02
2.218239e-02
-3.119736e-02
-2.321135e-02
-2.849177e-02
-1.016376e-01
2.179294e-02
6.695563e-03
-9.436622e-02
-6.001557e-02
-4.332646e-02
-1.727769e-02
2.374769e-02
6.778233e-02
4.709705e-02
9.474546e-02
1.772842e-01
1.275016e-01
1.117635e-01
-4.563130e-02
-2.040702e-01
-1.565437e-02
-1.908078e-01
-3.043536e-01
-1.061229e-01
-1.870725e-01
-2.061052e-01
-1.375427e-02
-5.894145e-02
4.508330e-03
-7.878913e-02
-4.768738e-02
-3.061842e-02
4.430773e-02
8.544165e-02
1.172025e-02
-5.907029e-02
-2.154901e-02
1.206508e-01
-5.466890e-02
1.683733e-02
1.448778e-01
-5.639052e-02
2.200848e-02
1.454047e-01
3.765513e-02
2.145310e-02
2.114242e-02
-1.476482e-03
-7.260636e-02
-6.462982e-02
-8.555430e-02
-1.719135e-01
-1.323806e-01
-1.445874e-02
-4.537087e-03
2.533745e-04
-9.583636e-02
-8.873975e-02
-5.014295e-02
-1.047842e-01
-3.529055e-02
-6.849729e-02
-3.570505e-02
-3.431744e-02
-3.834058e-03
-1.411656e-03
3.072653e-02
-2.074753e-02
7.754707e-02
1.953630e-02
-3.877675e-02
