-1.698208e-01
-9.283461e-02
-1.049987e-01
1.291182e-01
2.151433e-02
-2.944803e-02
8.297186e-02
-2.872514e-02
-2.003046e-02
-2.042338e-01
-8.115838e-02
-7.587699e-02
-1.082960e-01
-4.385533e-02
6.316341e-02
-1.797738e-01
-7.559603e-02
3.716015e-02
-4.614832e-02
-4.869260e-02
-8.228724e-02
-3.368454e-02
-2.507152e-02
-6.620232e-02
-7.138605e-03
-4.567482e-04
-1.656552e-02
-4.945258e-02
6.405323e-02
3.809825e-02
4.229640e-02
1.029858e-01
4.783480e-02
-1.689480e-02
5.996725e-02
-1.908217e-02
-2.988743e-03
-6.939057e-02
1.143479e-01
-2.364910e-02
-9.466185e-02
3.475463e-02
5.703967e-02
-2.654593e-02
8.408800e-02
-1.460471e-01
2.961647e-02
1.011322e-01
-1.076932e-01
5.206042e-02
8.038040e-02
5.007179e-03
9.873412e-02
8.712533e-02
3.610298e-02
4.936027e-04
6.484903e-03
1.427424e-02
-8.511253e-02
-3.095705e-02
7.495634e-02
3.900430e-02
7.787226e-02
1.216308e-01
8.395674e-02
9.922330e-02
7.720309e-02
5.342224e-02
7.380530e-02
6.474325e-02
1.808894e-02
1.630324e-02
-2.402695e-02
1.607800e-02
4.185841e-02
-1.390512e-01
-8.241488e-02
-8.134540e-02
-3.217078e-02
4.858263e-02
-1.855939e-02
-1.398967e-01
-1.501050e-01
-1.472819e-01
1.171074e-01
9.915837e-02
1.043828e-01
1.216544e-01
3.997197e-02
6.940502e-02
2.199367e-01
1.621135e-01
1.635522e-01
8.492759e-02
9.225652e-02
6.066939e-02
1.538143e-01
1.063130e-01
5.302299e-02
6.694167e-02
4.048822e-02
1.500637e-01
1.628238e-02
-5.637109e-02
1.126004e-02
5.217889e-02
-3.538779e-02
-3.867301e-02
-6.113639e-02
-1.015676e-01
-1.638644e-01
1.446069e-02
-5.711130e-02
-2.757839e-02
-9.171590e-02
-1.208378e-01
-4.021141e-02
8.011971e-02
3.082111e-02
1.616407e-01
6.779503e-03
-5.953308e-02
-1.043434e-02
1.352125e-01
-2.107710e-02
7.272436e-03
8.881106e-02
-2.110004e-02
-1.660903e-02
6.301300e-02
-4.251833e-02
-2.042671e-02
-9.447291e-02
-2.108177e-01
-1.516871e-01
3.331674e-01
3.159116e-02
2.041228e-01
1.307750e-01
-1.133455e-01
5.198102e-02
2.075230e-01
-3.652355e-02
1.414647e-01
-1.143199e-01
-2.277029e-01
9.694041e-02
-1.626723e-01
4.460939e-02
1.083844e-03
3.553035e-02
5.303133e-02
1.674747e-02
-1.566491e-01
-7.312878e-02
-1.866034e-02
-1.004039e-01
1.635413e-01
-2.102212e-01
-6.941693e-02
-1.229847e-01
-1.377047e-01
1.599160e-02
-1.337703e-01
-9.534094e-02
1.611891e-01
-6.523408e-02
-6.633759e-02
8.701628e-02
1.160905e-01
-5.723294e-02
-1.831434e-02
-3.433249e-03
-5.930359e-02
-7.660962e-02
-2.590967e-01
2.253308e-03
-2.487211e-01
4.508446e-02
-1.924868e-02
9.343650e-02
-1.082448e-01
1.256249e-01
2.098425e-01
-1.675896e-01
3.157256e-02
1.032238e-01
-1.145572e-01
-1.645780e-02
-9.956229e-02
2.911184e-01
-1.063614e-02
-1.756515e-01
-2.368292e-01
-3.062902e-01
8.843651e-02
1.980297e-01
2.125516e-02
-8.123442e-02
-4.580460e-02
-1.316578e-01
-3.928398e-01
2.357478e-01
-1.661763e-01
8.864626e-02
-9.349562e-02
-5.795515e-02
1.118714e-01
-2.617896e-02
1.225044e-01
-9.609583e-02
-1.866398e-01
-1.249519e-01
1.239564e-01
-4.701783e-02
8.607647e-02
3.746187e-02
-1.129228e-01
9.751789e-02
-4.454108e-02
-3.171104e-01
-7.022243e-02
-5.527044e-02
-1.685094e-01
5.924837e-02
-1.044373e-01
2.097644e-02
-6.074669e-02
-6.701027e-02
-2.640151e-01
-3.921321e-04
-1.604350e-01
2.653412e-01
1.410771e-01
-3.994504e-03
-1.549108e-01
-1.442265e-01
-2.390997e-01
-1.265990e-01
-2.123892e-01
9.453903e-03
-2.970941e-01
-7.045205e-02
5.316521e-02
9.163156e-02
-1.584753e-02
-3.607171e-02
3.524426e-02
-1.000161e-01
-1.051422e-01
-9.070067e-02
-7.983277e-03
6.980597e-02
1.245496e-02
1.003153e-01
-6.471066e-02
1.713446e-01
-9.945540e-02
-5.815924e-02
-5.206590e-02
-4.818840e-02
1.013976e-01
8.676529e-02
5.136476e-03
3.718283e-02
3.351353e-01
-3.197126e-01
7.625154e-02
-2.044152e-01
-2.036239e-02
-5.351814e-02
-1.126159e-01
-9.512068e-02
-4.955859e-02
-2.623402e-01
-2.781890e-03
-1.347467e-02
-1.875194e-01
1.410576e-01
-1.659281e-01
-1.421343e-02
5.208316e-02
2.916332e-02
1.699911e-01
3.540111e-02
2.261635e-02
1.577000e-01
-3.907081e-03
9.125520e-02
1.835939e-01
-6.790508e-02
1.579913e-01
2.121992e-01
1.448772e-02
-5.198628e-02
-1.935703e-01
-1.983728e-01
1.010260e-01
3.896454e-02
-3.839912e-02
-5.746204e-02
-2.282018e-02
-6.287403e-02
-3.702932e-02
-9.487230e-02
-8.995835e-03
5.659917e-02
9.160968e-03
8.473517e-02
1.172234e-01
7.164258e-02
-2.377605e-02
6.993424e-02
1.350505e-01
-4.979473e-02
4.329827e-02
-5.660238e-02
-1.898648e-02
1.026235e-01
-9.038375e-02
-1.779902e-01
-7.151652e-03
-3.887163e-02
-8.641373e-02
8.081820e-02
5.022209e-03
2.037049e-02
-7.136116e-03
-1.399372e-01
-1.508891e-01
3.572723e-02
-2.804790e-02
-4.362038e-02
-4.170700e-02
-8.024710e-02
-1.385725e-02
1.406380e-01
1.308955e-01
-6.723961e-02
7.359257e-02
1.142678e-01
-1.656667e-02
3.046942e-02
-9.679750e-02
-1.799118e-01
-4.561787e-02
-5.672446e-03
1.044907e-01
7.379444e-02
1.677058e-01
1.550273e-01
2.707286e-02
4.163865e-02
2.460748e-02
-3.339939e-02
-5.881442e-02
-7.635143e-02
-5.673448e-02
-1.104285e-01
-1.267118e-01
-5.792109e-02
1.086556e-01
1.020431e-01
-7.762552e-02
3.204074e-02
1.586006e-01
3.380945e-02
5.466931e-02
9.381022e-02
-2.128135e-02
1.689432e-02
4.178795e-02
-6.115336e-03
1.369109e-02
-3.166214e-02
-1.710304e-01
-1.782692e-01
-1.028471e-01
3.606848e-02
3.324019e-02
-2.691113e-02
-8.581496e-02
-5.306800e-02
-1.518443e-02
-3.262746e-02
-1.855008e-02
-5.719717e-02
5.128939e-02
2.760315e-02
4.675834e-02
1.425834e-01
9.461711e-02
4.548513e-02
9.277253e-02
1.402338e-01
1.218835e-01
-7.223026e-02
-7.107394e-02
-1.102100e-01
-3.169546e-01
-3.223248e-01
-1.691770e-01
-2.414840e-01
-2.083987e-01
-1.825040e-01
-1.532238e-01
1.073657e-01
7.878345e-02
-2.456302e-01
2.396499e-02
1.457756e-01
-2.184240e-01
-1.243005e-01
4.422272e-02
3.456503e-02
4.769204e-02
6.269916e-02
1.340412e-01
1.003034e-01
1.457696e-02
-1.066393e-01
3.413595e-02
7.050265e-02
1.087616e-01
1.418273e-01
1.942431e-02
1.010396e-01
1.089209e-01
-4.789489e-02
-3.557850e-02
-6.890506e-02
-1.488146e-01
2.481428e-02
-1.091791e-01
-1.670043e-01
-6.880298e-02
1.867529e-02
5.618976e-02
2.356780e-01
2.485603e-01
8.394277e-02
-1.416990e-01
-5.614541e-02
1.738355e-02
8.496942e-03
5.006362e-02
-1.327194e-02
1.143509e-01
3.312384e-02
-1.059819e-01
-3.208609e-02
-4.541075e-02
-2.271390e-02
-1.802100e-01
-7.005422e-02
8.134338e-02
1.007092e-02
-2.139719e-01
-3.053372e-02
-1.165720e-01
1.338260e-02
-8.560833e-02
7.964791e-02
1.124875e-01
-1.570434e-01
5.375148e-02
-5.997194e-03
-5.445026e-02
3.722961e-02
2.962975e-02
5.564152e-02
1.038820e-01
5.975638e-03
6.793724e-02
-7.268868e-02
-1.414755e-01
1.961435e-02
3.963618e-02
1.278928e-01
9.819046e-02
3.234600e-02
1.832062e-01
1.999128e-02
-2.787159e-01
-2.192079e-01
-2.950659e-02
9.313397e-02
7.284660e-02
9.444005e-02
3.010887e-02
-1.335025e-01
5.218131e-02
-5.003570e-02
1.774553e-01
-1.603403e-01
6.784214e-02
3.797817e-02
5.652788e-02
4.122508e-02
6.901194e-02
7.032360e-02
5.443390e-02
4.192681e-02
-4.158568e-02
6.157501e-02
-3.025025e-02
4.182184e-02
1.396995e-01
1.375380e-01
5.159859e-02
8.026307e-02
-1.411020e-01
-9.481110e-02
-1.028297e-01
1.714658e-02
-1.547934e-03
8.222160e-02
1.786267e-01
-4.612825e-02
2.324836e-02
1.482197e-03
1.552801e-01
-5.186869e-03
-8.562773e-02
-6.162700e-02
-6.419463e-02
8.115288e-02
1.200400e-01
1.047770e-01
1.773629e-01
-8.664890e-02
4.824909e-02
1.874844e-01
1.349190e-01
7.781215e-02
2.292604e-01
2.129328e-03
1.310132e-01
-5.586268e-04
9.727241e-03
-2.518097e-02
-1.624733e-02
-1.245464e-01
-7.477666e-03
-3.987161e-02
-2.387279e-03
3.598543e-02
2.279071e-01
-3.909566e-02
-1.067514e-02
-5.916648e-02
1.471056e-02
-5.501297e-02
1.663864e-01
2.450671e-02
8.504573e-02
1.049912e-01
-1.479105e-01
8.861085e-02
1.552986e-01
1.458599e-01
7.005831e-04
-5.028886e-02
-1.277221e-01
-3.535629e-02
-1.658089e-01
-6.450049e-02
-5.373036e-02
-3.548575e-02
2.136457e-02
1.401104e-02
5.442818e-02
3.829418e-02
1.034161e-01
8.196456e-03
2.151574e-02
-1.801309e-01
-2.350490e-01
-3.480399e-02
1.455410e-01
-1.146874e-01
-8.335583e-02
1.113071e-01
1.262711e-02
3.142918e-02
7.957385e-02
4.171072e-02
1.415374e-01
-1.061480e-01
-1.542598e-02
-1.905462e-02
6.550238e-02
7.083198e-02
-1.270385e-01
-5.777551e-02
-1.498009e-01
-8.585235e-02
-2.191049e-03
-1.212149e-01
-2.946759e-02
7.986812e-02
-3.403325e-02
-7.778054e-02
-3.161861e-02
1.390315e-01
2.398289e-01
-2.348797e-01
-1.382387e-01
1.346279e-01
1.372452e-02
-1.865399e-01
-1.857923e-01
1.817017e-02
4.844882e-02
4.668134e-02
-1.133120e-01
-1.687513e-02
9.748975e-02
-2.015187e-01
-1.103718e-01
1.657402e-03
-1.563707e-01
6.975698e-02
1.123513e-01
-3.172696e-01
-1.443982e-01
-6.658728e-02
-4.201432e-02
-8.279284e-02
-6.051987e-02
8.048592e-02
9.588011e-02
7.822018e-02
4.291075e-04
5.694366e-02
-3.902814e-02
-1.585983e-01
-8.992629e-02
-6.410801e-02
2.748805e-02
1.154739e-02
-2.314257e-02
5.857456e-02
4.164377e-02
-3.674215e-02
5.869161e-02
6.893303e-02
1.454778e-02
9.838653e-02
6.101730e-02
1.923698e-02
-5.262704e-02
1.731159e-01
1.960383e-01
-1.300245e-01
-1.185194e-02
1.098118e-01
4.168768e-02
2.138394e-02
-9.083738e-02
1.016335e-01
5.845328e-02
1.524603e-02
1.605748e-01
7.218930e-02
-7.101675e-03
-4.719667e-02
-1.315482e-01
-2.963772e-02
7.085326e-02
-1.062742e-01
-5.732202e-02
1.095470e-01
-7.403493e-02
-1.032579e-01
1.069217e-01
1.896003e-02
1.945576e-02
-8.683258e-02
-1.599706e-01
3.819802e-02
1.402090e-01
-1.235822e-01
-1.854021e-01
8.735014e-02
6.071240e-02
2.048133e-02
-6.969961e-03
1.126762e-02
6.086263e-02
-1.052070e-01
6.352787e-02
1.635335e-01
7.092267e-02
-6.709399e-02
-1.402234e-01
1.258389e-01
1.059083e-01
-4.156824e-02
-3.676062e-02
5.182568e-02
1.447865e-01
-1.883939e-02
2.476196e-02
8.693637e-02
-4.422673e-02
-1.455674e-01
-1.264804e-01
1.724876e-01
5.166809e-02
-1.081530e-01
4.258574e-03
-7.643168e-02
9.881929e-03
4.595920e-02
-5.118459e-02
8.653226e-02
1.360050e-01
-8.153922e-03
3.383610e-02
1.170449e-01
-1.039553e-02
-1.520962e-01
4.973852e-02
-1.564251e-01
-5.359906e-02
-5.724002e-02
-1.020511e-01
7.805995e-02
4.795431e-02
-1.021215e-01
-9.555165e-02
-1.478926e-01
-3.147112e-01
-1.336617e-01
-1.081634e-01
2.188556e-02
-2.386491e-01
4.623622e-02
3.869972e-03
-6.620032e-02
-1.010674e-01
-6.320520e-02
-7.425160e-02
-5.911832e-02
-4.506155e-02
-7.148804e-02
5.570384e-02
-4.881861e-02
5.175287e-02
-2.048064e-01
1.602701e-01
3.955813e-02
1.032427e-01
-3.469173e-02
-1.157739e-01
3.661779e-04
-1.987941e-01
9.556983e-02
-3.070685e-01
-1.897131e-01
1.383431e-01
-1.173070e-01
4.406407e-02
1.885056e-01
1.011553e-02
-8.167729e-02
-8.759759e-02
-6.866762e-02
-2.779597e-02
6.080210e-02
8.275618e-02
-6.260941e-02
8.341902e-02
5.775780e-02
7.810058e-02
-5.313065e-02
9.341028e-02
-1.568079e-02
-6.471796e-02
-1.182013e-01
-1.106140e-01
1.923134e-03
-5.573088e-02
-1.882752e-02
-4.926557e-02
-8.592305e-02
-6.235422e-03
-9.341042e-03
-1.153149e-02
9.872663e-02
8.306529e-02
-6.855103e-02
-1.675188e-01
-1.600947e-02
-1.427861e-01
-1.496772e-02
8.836003e-02
2.851888e-02
4.294524e-03
-1.505566e-02
1.275698e-01
5.784172e-04
-2.509415e-02
-2.262938e-03
1.050818e-01
9.077019e-03
9.504175e-02
-5.428329e-03
6.774563e-02
1.543494e-02
-9.314295e-03
-1.549691e-01
-1.668349e-01
-2.132638e-01
-3.210329e-01
-1.459216e-01
-3.081956e-01
-2.505037e-01
-2.344967e-02
-1.319337e-01
-1.232881e-04
-6.597077e-02
-1.415830e-01
-3.703320e-02
-6.027147e-02
-6.906566e-02
-2.138523e-01
-7.886834e-03
-1.420322e-02
1.940265e-02
-1.060165e-01
-4.878459e-03
4.110235e-02
-1.133152e-01
-2.518377e-02
8.167183e-02
2.556781e-01
2.881048e-02
-2.263585e-01
2.926914e-02
-3.140285e-01
-2.193238e-01
-2.310494e-01
-7.919598e-02
-6.678278e-03
2.654270e-03
-5.316110e-02
-3.090172e-02
-1.941148e-01
-1.276662e-02
5.427617e-02
-6.566566e-02
8.369262e-03
-4.472825e-02
1.379963e-01
2.978996e-04
-9.199938e-02
4.783439e-02
-2.502898e-02
2.501607e-02
-2.928501e-02
7.357595e-02
1.215304e-01
-3.474671e-02
-3.935387e-02
-2.043671e-01
7.858253e-03
-2.365016e-01
-7.733356e-02
1.544155e-01
6.836461e-02
-1.627053e-01
-8.724310e-02
-6.845220e-02
-2.900538e-02
-3.467098e-01
2.104514e-01
-7.598115e-02
-1.108050e-01
-2.046083e-01
-9.437517e-02
-1.318476e-01
-1.724895e-02
-2.025927e-02
1.311645e-01
1.775137e-01
2.525040e-02
-1.933140e-01
7.711040e-02
-2.110257e-01
-1.237712e-01
-1.911705e-01
-3.649508e-02
-1.907232e-01
1.795729e-01
-1.802170e-01
-4.992338e-02
-1.160747e-01
-2.195183e-02
5.228175e-02
1.485238e-01
1.365916e-01
-1.411543e-01
1.201758e-01
5.408023e-02
-1.598286e-01
-1.091708e-02
4.186860e-02
-8.222269e-02
-7.228943e-02
-1.224662e-02
-3.881082e-02
-2.558391e-01
9.193493e-02
2.660679e-02
-1.162926e-01
1.961912e-02
-5.929384e-02
1.192455e-01
8.302091e-02
-8.848815e-02
-4.633185e-01
1.366471e-02
-3.708062e-02
-1.252848e-01
4.835727e-02
1.471334e-02
6.480891e-02
7.157670e-02
-1.330282e-02
7.390522e-03
-2.025009e-02
7.737122e-02
-1.653368e-02
-6.729947e-02
-7.782406e-02
-1.615214e-01
-2.257336e-01
2.748568e-02
2.270205e-01
-1.227102e-01
-7.214277e-03
1.847695e-02
1.327689e-01
1.148268e-01
-8.292878e-02
1.195009e-01
7.521496e-03
2.288686e-01
-5.793141e-02
3.167569e-02
-7.538852e-03
1.356704e-01
-2.230290e-01
-4.493593e-02
1.193341e-02
-1.798017e-01
-2.587699e-01
-2.741359e-01
-2.443250e-02
-5.475025e-02
-2.813819e-01
3.227096e-02
-1.294853e-01
-3.655359e-02
2.687624e-01
1.465725e-01
-1.425235e-02
5.807500e-02
4.784444e-02
-8.845499e-03
-1.347680e-02
-1.033048e-02
6.723370e-02
-1.362196e-01
1.331345e-01
1.283702e-01
-1.293362e-01
-1.649088e-01
-6.772015e-02
5.383228e-03
7.364571e-03
3.878585e-02
2.406003e-01
-7.969502e-02
1.202058e-01
4.563247e-02
-1.296807e-01
-4.406064e-02
1.276249e-02
-2.182954e-01
5.044365e-03
7.693495e-02
1.484643e-01
-8.426959e-02
-1.526191e-01
-8.853290e-02
-7.773029e-02
-2.295502e-03
1.130233e-02
9.674701e-02
1.080797e-01
-3.557444e-02
5.046487e-04
1.336593e-01
2.461324e-02
-8.646113e-03
2.321844e-01
-8.188027e-02
-2.602003e-01
6.823514e-02
-2.875375e-01
-3.102520e-01
-1.146667e-01
-2.938138e-01
-8.364953e-02
7.103412e-02
-5.296768e-02
1.031464e-01
-1.062554e-01
1.645273e-02
5.825950e-02
3.127659e-03
-2.405724e-02
7.193683e-03
4.013937e-02
-1.214577e-01
-8.613643e-02
-2.519731e-02
-1.584879e-01
-9.165294e-02
-8.500665e-02
-1.467662e-01
-1.207468e-01
-9.993307e-02
-9.632487e-02
6.179830e-02
-1.116411e-01
-1.527703e-01
1.045670e-01
-1.151491e-01
-1.035239e-01
1.945044e-01
-9.377450e-02
-1.578763e-01
-1.258133e-01
-1.208846e-01
-1.407978e-01
3.811304e-02
-1.525409e-01
-7.284796e-02
1.463453e-01
7.943895e-02
-2.537765e-02
6.242546e-02
1.537630e-01
-2.710965e-02
-1.408281e-01
1.383465e-01
-2.757839e-02
-6.384125e-02
-5.690695e-02
-4.809645e-02
3.714155e-02
-9.967177e-02
1.135422e-01
1.342687e-01
3.885095e-03
1.672954e-01
1.013478e-01
-7.131197e-02
-8.422925e-02
-5.981379e-02
-9.774791e-02
-8.137164e-02
-4.763572e-02
-1.682251e-02
9.067947e-03
4.485564e-02
-1.269056e-02
-6.239450e-04
1.893004e-03
-2.698567e-02
5.487694e-02
6.867283e-02
3.366368e-02
3.087751e-02
-6.129652e-02
5.669362e-02
3.589307e-02
-1.400756e-02
1.448065e-01
-8.101574e-02
-6.808066e-02
-5.842440e-02
-1.093863e-01
2.391576e-02
2.315339e-02
-6.891672e-02
-1.386557e-01
1.684545e-02
7.807118e-02
-2.514325e-03
-1.509694e-02
-5.212974e-03
-1.798074e-01
6.376117e-03
-7.503613e-02
-7.683848e-02
3.333155e-02
1.261971e-04
9.768361e-04
3.526305e-02
-7.718173e-02
-1.800023e-01
-1.354382e-01
-7.908311e-02
6.886341e-02
-3.718334e-01
-1.802098e-01
1.100209e-01
-2.426574e-01
-8.826339e-03
2.563255e-01
1.309130e-01
1.385137e-01
-9.693302e-02
-9.648632e-02
2.719931e-02
-8.032124e-02
-4.273132e-02
-5.593787e-02
-5.484949e-02
-6.440118e-02
7.621114e-02
2.077961e-02
7.957123e-02
1.654723e-02
-8.899382e-02
5.186296e-02
3.783182e-02
2.750215e-02
-9.242161e-02
-1.367506e-01
-2.801350e-01
3.105328e-02
6.568999e-02
-8.866566e-02
-6.052258e-02
8.469166e-02
4.679112e-02
-6.501822e-03
1.798620e-01
-5.950237e-02
2.062773e-02
-1.384314e-01
-6.142157e-02
-1.635697e-01
-1.314094e-01
-4.018023e-02
-6.504408e-02
7.135632e-02
-6.620893e-03
-5.205151e-02
-8.866290e-02
-2.455723e-02
-5.705166e-02
-2.099789e-02
-2.574323e-02
-4.152666e-02
2.224751e-02
-2.238499e-02
-1.048958e-02
1.897691e-01
-4.353085e-02
1.419943e-01
2.630819e-02
-2.932501e-03
-5.931704e-02
2.290363e-02
1.869080e-02
-2.099897e-01
1.453172e-01
-1.600150e-01
5.095214e-02
-4.353013e-01
-1.087212e-01
-8.884945e-03
1.002939e-01
-9.107112e-03
1.448809e-02
6.792216e-02
-7.970668e-02
8.734737e-02
-3.719738e-02
-3.597866e-02
2.415752e-01
-7.800788e-02
5.523413e-03
6.368410e-02
1.309015e-02
4.742201e-02
-7.694223e-02
-6.569197e-02
-2.959303e-01
3.849340e-02
-1.233106e-01
-3.281881e-02
9.626037e-02
-3.734879e-01
4.209429e-03
-1.516659e-01
1.767079e-01
2.100077e-01
1.739630e-01
7.122435e-02
5.030804e-02
1.092799e-01
1.836879e-02
-5.646247e-02
-6.250697e-02
-9.350850e-02
-2.097581e-01
-1.301534e-01
1.499666e-02
-1.299627e-01
-1.913298e-01
1.382122e-01
-1.149174e-01
1.442316e-01
5.875859e-02
-4.828567e-02
1.305858e-01
-1.724072e-01
-1.280865e-02
-1.998215e-01
1.080959e-01
-1.267109e-01
-2.909464e-02
-4.887982e-01
-1.811956e-01
-1.802567e-02
-3.203587e-01
-9.126873e-02
-7.952710e-02
-1.643183e-01
-9.074946e-02
-1.619140e-01
3.367267e-02
-8.008771e-02
-5.352357e-02
-2.418218e-02
-9.396311e-02
-1.794163e-01
-1.021069e-03
-6.585521e-02
-1.118879e-01
-7.399613e-02
-9.061586e-02
4.594158e-02
-2.194694e-01
-1.353668e-01
-3.877418e-02
-3.616607e-01
-1.131632e-01
-1.312754e-01
-2.246633e-01
-1.450566e-01
-3.836920e-02
-1.155255e-01
2.337843e-02
1.295822e-01
-9.453405e-02
1.422848e-01
-2.521582e-03
1.384940e-01
-1.993705e-01
-9.563971e-02
-1.001491e-01
-9.085794e-02
-3.929000e-02
-3.923510e-02
-1.079354e-01
-1.941377e-01
-5.499231e-01
-3.615002e-01
7.841231e-02
2.199084e-02
3.974717e-02
-2.350006e-02
-3.497250e-02
6.130137e-05
1.652064e-02
6.535705e-02
7.017009e-02
-1.339649e-01
-6.302436e-02
1.355868e-01
-9.160083e-02
6.513792e-02
-2.233320e-03
4.109169e-03
2.003283e-02
8.604922e-03
-2.202474e-01
-2.573244e-01
-2.708039e-01
4.000684e-02
-1.127173e-01
-2.530759e-01
-7.196076e-02
-3.165661e-02
-9.736392e-02
-2.014591e-01
-5.268090e-02
-1.430969e-01
-2.890080e-01
-8.218137e-02
-3.254470e-02
-7.126203e-02
-2.055168e-01
-1.734596e-01
2.272419e-03
2.805574e-02
-6.669100e-02
-8.029459e-02
-5.383521e-02
1.416397e-01
-1.677568e-02
3.796222e-03
-2.742174e-01
5.694077e-02
-2.791436e-02
1.373183e-01
8.957487e-03
-2.758325e-01
7.544064e-02
1.654061e-01
-1.111472e-01
1.389889e-02
1.275818e-01
1.512057e-01
-7.850255e-02
-1.536511e-01
3.282928e-02
-9.910494e-02
-5.690787e-02
4.299216e-02
6.630779e-02
2.692439e-02
-2.391728e-01
5.317726e-02
3.578967e-02
2.080837e-01
-1.754320e-01
8.117675e-03
1.590288e-01
1.248820e-01
-4.897906e-02
9.617762e-03
2.239718e-01
-1.795815e-01
-1.236215e-01
-8.275381e-02
-4.380064e-02
-3.441855e-03
7.197579e-02
8.588532e-02
-5.000801e-03
-1.016750e-01
1.604199e-02
-1.192805e-01
-4.864157e-02
2.918380e-02
-7.069755e-02
-7.619899e-02
-6.876605e-02
-8.728604e-02
-3.903862e-02
1.850180e-02
-1.093091e-01
7.576987e-02
1.025054e-01
3.985613e-04
-2.012363e-01
-1.768461e-01
-1.920569e-01
-2.008076e-01
1.808027e-02
4.343484e-02
-1.771450e-01
1.239661e-02
9.647147e-02
-5.032986e-02
7.234174e-03
7.272999e-02
-6.482647e-02
-2.522385e-01
1.221345e-01
-3.153512e-02
1.670999e-02
7.294489e-02
1.580313e-01
-2.118938e-02
-2.095653e-01
-6.680347e-02
1.227394e-01
-1.921757e-02
-4.504323e-02
-7.557935e-03
3.884093e-02
-1.337763e-01
5.786147e-02
-1.005799e-01
-2.344942e-05
9.543801e-02
4.437635e-02
-4.997677e-01
5.521076e-02
1.698707e-01
-1.369389e-01
-8.146695e-02
-1.242903e-02
1.326269e-01
-1.935332e-01
-3.650955e-01
1.259217e-01
1.217663e-02
-2.417521e-01
-4.725531e-02
-1.255153e-01
7.057881e-02
1.137169e-01
5.187103e-02
-1.670851e-02
-1.140941e-01
3.917742e-02
-1.095256e-01
-1.900048e-01
-2.363186e-02
2.071893e-02
-2.384129e-01
1.340675e-01
1.119713e-01
-1.654487e-01
1.410644e-01
2.744594e-02
-1.080536e-01
-6.884452e-02
-7.884479e-02
1.651561e-02
-1.316553e-02
-7.242568e-02
5.111879e-02
2.569789e-03
-1.107333e-01
5.335278e-02
-3.240737e-02
-2.632657e-02
1.323774e-02
2.948196e-02
8.649340e-02
7.498622e-02
-2.074979e-02
5.928117e-02
3.088429e-02
-2.906726e-02
-1.609228e-01
-1.630068e-02
-7.794831e-03
-1.018043e-01
4.767554e-02
6.707827e-02
1.133868e-01
6.999799e-02
1.778563e-01
9.719997e-02
-5.732424e-02
9.905732e-02
-1.100659e-01
-2.172782e-01
-5.713708e-03
-1.840346e-01
-1.748874e-01
-1.846661e-01
1.931644e-03
2.684530e-01
-2.240843e-01
-4.067643e-03
3.122378e-01
-2.309713e-01
-4.785045e-02
1.812961e-01
2.147506e-01
2.561612e-01
1.488314e-01
6.506743e-02
-5.312233e-02
-1.686587e-01
-2.620373e-02
-3.446020e-01
-2.312772e-01
-1.651610e-02
-5.181642e-02
-6.448241e-03
-7.491748e-02
-1.327313e-01
-6.005948e-02
-1.028653e-01
-1.525873e-01
-7.721535e-02
-9.415558e-02
7.924259e-02
1.674753e-01
-1.517909e-01
-1.378170e-02
1.568357e-01
-1.560393e-01
-9.842039e-02
-2.555579e-02
8.406825e-02
1.820286e-01
-2.049868e-04
6.326072e-02
6.771450e-02
4.209684e-03
-1.812018e-01
-2.079885e-01
-1.870320e-01
-5.277921e-02
1.194788e-02
1.028210e-02
8.853108e-02
5.760979e-02
-9.803635e-03
1.161349e-01
1.204602e-02
1.449523e-03
1.238419e-01
-1.030726e-03
-6.306725e-03
6.189358e-02
-9.138826e-02
-1.363793e-01
-1.747835e-02
-1.328485e-01
-2.532285e-01
-4.687992e-02
-3.352850e-02
-3.984301e-03
-6.496731e-02
-1.386779e-02
1.868797e-03
1.422980e-01
7.771822e-02
-3.482502e-02
-1.076629e-01
5.022118e-02
2.013802e-01
-1.153110e-01
-1.296264e-01
1.049853e-01
-7.226775e-02
-3.038259e-01
-1.560666e-01
6.690558e-02
-1.832266e-01
-1.438973e-01
-2.567759e-03
-1.648746e-01
-7.024274e-02
1.730118e-02
3.454227e-02
2.717715e-02
-4.215182e-01
-4.815979e-01
-1.067508e-01
-4.927021e-01
-4.332660e-01
1.618347e-03
-3.497506e-02
5.402601e-02
3.454205e-01
-6.570971e-02
2.994456e-02
-8.679545e-02
-1.042128e-01
4.792466e-02
5.084430e-02
-6.717173e-02
-3.587779e-02
-2.752599e-02
9.545735e-03
6.553401e-02
6.827172e-02
-3.594674e-02
1.994631e-01
1.368319e-01
-1.313590e-01
-3.248352e-02
-3.685877e-02
-3.753238e-02
3.883336e-03
1.462423e-01
-4.128538e-02
1.427292e-01
-6.549915e-03
2.604620e-02
9.712951e-02
-3.882378e-02
7.305983e-02
-1.056217e-01
3.381661e-02
5.505071e-02
2.776913e-01
-1.807333e-01
-5.950311e-03
1.195313e-01
-2.555629e-01
8.021516e-02
-8.029217e-02
-9.388053e-02
9.761022e-02
1.122149e-02
-8.936770e-02
-2.013144e-02
1.317449e-03
-1.550115e-02
-3.835609e-02
1.621305e-01
4.401575e-02
-7.751347e-02
-1.846618e-02
1.167312e-01
4.368347e-02
-7.155742e-02
2.524620e-01
-7.113481e-02
1.137687e-01
-6.384854e-02
-1.812236e-02
3.652221e-02
5.673330e-02
1.541835e-01
-1.694799e-01
-6.656056e-02
2.771676e-02
7.178029e-02
-9.682650e-02
2.529185e-03
1.330148e-01
1.941728e-03
1.706277e-02
8.075673e-02
6.213534e-02
3.788708e-02
-2.971331e-01
7.813802e-02
1.062292e-01
-2.375212e-01
-2.150401e-01
8.578490e-02
5.339476e-02
-1.339667e-01
-1.301928e-01
-2.592117e-02
7.807998e-02
2.399628e-02
3.469883e-02
-1.113571e-01
-1.715780e-03
-3.854353e-03
-7.751153e-02
5.004804e-02
2.682869e-01
1.096458e-01
-2.551204e-01
1.690926e-01
2.083690e-01
-5.721985e-02
-1.387503e-01
-2.388817e-02
-7.551912e-02
-1.015424e-01
2.279257e-02
3.851384e-02
-5.859615e-02
-3.355311e-02
-2.451153e-02
-1.059894e-02
4.524564e-03
-4.846002e-02
-1.439279e-02
-1.933611e-01
-2.631220e-02
8.550327e-02
-8.094020e-02
-9.246918e-02
6.240236e-03
-7.327217e-02
2.222296e-02
2.527427e-02
-7.320675e-02
1.748693e-02
-2.816367e-02
-5.094147e-02
1.044259e-01
-1.566555e-01
-1.350518e-01
4.456137e-02
-3.482253e-02
3.754596e-02
7.835035e-02
8.161087e-02
-2.801144e-01
1.277038e-01
4.707410e-02
-3.117202e-01
9.402155e-02
-9.608484e-03
6.518878e-02
8.359032e-03
1.099581e-01
-5.143443e-04
-5.773350e-02
1.525972e-01
-1.084497e-02
-7.621916e-02
-1.510673e-01
-3.995517e-02
1.050771e-01
1.916241e-01
4.473955e-03
-1.641504e-01
-1.488712e-01
-1.163583e-01
-7.828885e-02
-1.005341e-01
5.451705e-03
5.633887e-02
1.375097e-02
6.506398e-02
-3.686423e-02
-3.711358e-02
-1.491518e-01
-9.130302e-02
-5.469771e-02
-1.536316e-01
1.566566e-02
3.472004e-02
-1.204166e-01
9.425469e-03
1.975889e-01
-1.517221e-01
-7.035413e-02
-1.129168e-01
1.589449e-02
-6.826685e-02
-3.559695e-01
-2.002752e-01
4.723815e-03
-1.709905e-02
-3.484430e-01
7.412137e-02
-1.234336e-01
5.200109e-02
6.669366e-02
-3.752917e-02
-1.257486e-02
7.940699e-02
1.504765e-01
5.538443e-02
1.049216e-01
1.143039e-01
-1.219498e-01
-7.625879e-02
-2.265483e-01
-2.181317e-01
1.002770e-01
6.019271e-02
1.248351e-01
-5.596644e-02
2.958394e-03
-8.381545e-02
-6.360681e-02
1.967799e-01
-6.103799e-02
6.125248e-02
-2.340521e-01
1.776976e-01
4.749573e-03
-2.113227e-02
2.734806e-02
-1.148115e-01
-1.341410e-01
-4.344274e-02
6.830147e-02
-1.548377e-02
2.622297e-02
-1.279279e-01
4.225092e-03
-3.930370e-03
-2.833214e-01
-4.347607e-01
-1.825142e-01
-6.552368e-02
-1.996481e-01
-1.614765e-01
-8.566307e-02
5.298580e-02
-1.995843e-02
-5.186809e-02
-1.433047e-01
2.193412e-02
-6.168001e-02
9.321100e-02
-1.931752e-01
1.825063e-02
-1.258036e-01
4.148324e-02
-1.876793e-01
-1.845056e-02
-1.060420e-01
-1.472047e-01
-1.748306e-01
-1.077882e-01
-1.531739e-01
-8.374954e-02
1.205383e-01
-1.576885e-01
-3.449612e-01
4.606373e-02
-1.202722e-01
-1.317809e-01
-6.944002e-02
-1.738957e-01
-5.134445e-02
3.355183e-02
-3.196226e-02
-8.608315e-02
7.894155e-02
-5.340411e-02
-1.413783e-01
-5.585763e-02
7.030794e-02
5.090273e-02
2.944901e-02
2.503013e-02
5.803772e-02
6.749329e-02
4.697550e-04
-1.183353e-01
1.074932e-01
-4.996883e-02
-3.963951e-02
6.874274e-02
1.641790e-01
4.139496e-03
-5.738017e-03
8.619712e-02
-3.064468e-02
-2.198360e-01
8.678018e-02
-2.371349e-02
-2.471912e-01
1.155109e-01
-2.562022e-02
-6.411635e-02
2.187400e-02
-1.192132e-01
-1.018867e-01
-2.062352e-03
-9.060714e-02
-1.847801e-01
-2.687493e-01
-2.347231e-01
-6.185739e-02
-1.185851e-01
-8.791698e-03
1.513152e-01
-4.750171e-02
-2.133927e-01
-1.268470e-01
4.028452e-02
2.108633e-02
-8.645739e-02
4.918048e-02
1.612736e-01
4.010188e-03
-5.155979e-02
2.793403e-02
2.073185e-02
-5.656227e-02
-5.319090e-02
4.090646e-02
7.370182e-02
-5.312704e-02
2.247696e-03
4.047539e-02
-6.998072e-02
-6.610298e-02
1.332827e-01
1.937263e-01
-9.729007e-03
-9.501356e-02
-4.671131e-02
-5.412677e-03
-3.546193e-02
-1.681929e-01
-5.832338e-02
1.912785e-02
4.289535e-02
1.330321e-01
1.045450e-01
1.463774e-01
2.168668e-01
1.444261e-01
1.412321e-01
-4.568299e-02
6.195091e-03
1.277966e-01
2.832832e-02
-2.298463e-01
-6.683226e-02
5.582082e-02
1.037716e-01
9.826312e-02
1.357171e-01
-4.924932e-02
-7.915949e-02
-2.038886e-02
1.095891e-01
6.042971e-02
6.299403e-03
8.158908e-03
2.197195e-02
-3.563638e-02
1.357627e-02
5.092216e-02
3.989165e-02
-1.322096e-02
1.750795e-02
2.042383e-02
-3.056532e-01
-3.014244e-01
-2.046768e-01
2.113723e-01
1.029934e-01
-2.744633e-01
1.490239e-01
1.841580e-01
-1.131876e-01
-9.770884e-02
-1.713500e-01
-1.223346e-02
-5.659869e-02
-2.322760e-01
-1.659314e-01
6.207389e-02
8.123199e-03
-8.370443e-02
-5.097003e-03
7.461842e-02
6.742941e-03
-5.172724e-02
-2.451578e-01
-1.614160e-01
-4.227416e-02
-2.376679e-01
-1.532627e-01
1.102970e-01
9.682488e-02
6.737422e-02
1.533429e-01
1.399445e-01
8.339994e-02
-9.471040e-03
-8.482278e-03
2.313953e-02
1.492187e-02
-1.404647e-01
-8.615071e-02
9.483842e-02
1.130908e-01
6.489112e-02
4.745185e-02
1.147189e-01
1.667248e-02
1.700645e-02
-1.508813e-01
-1.947335e-02
-9.628914e-02
-2.560016e-01
-2.244399e-01
7.350339e-03
1.245304e-01
5.867288e-02
-1.371627e-02
-5.735315e-02
-7.189795e-02
1.235131e-01
4.971700e-02
-6.370612e-03
1.213325e-01
8.821614e-02
-3.584383e-02
3.244450e-03
1.620567e-03
-1.435722e-02
1.363091e-03
-2.887219e-02
2.723006e-02
1.426810e-02
-5.475263e-02
7.720136e-03
8.416399e-02
1.041647e-01
-1.899127e-02
7.473003e-03
9.475334e-02
6.989080e-02
-6.470077e-02
-8.993792e-02
-6.189140e-02
-8.870009e-02
-1.739694e-03
-1.328860e-02
-3.589638e-02
2.648006e-02
7.329813e-02
-1.412166e-01
-3.548485e-02
-4.774252e-03
7.177562e-02
-1.125726e-01
-8.840573e-02
4.014286e-02
2.878160e-03
-7.070468e-02
9.850917e-02
2.028648e-02
7.614144e-02
-2.215315e-02
-1.515945e-01
1.288507e-01
1.101263e-02
-6.843431e-02
-1.482738e-01
-1.124438e-01
5.445806e-02
8.085816e-02
-1.636020e-02
-1.603901e-01
-2.597212e-01
1.037284e-03
-1.361019e-01
-2.557533e-01
5.296889e-02
3.741720e-02
-7.318517e-02
3.627229e-03
-2.544412e-03
-8.568472e-02
8.972475e-02
1.541964e-01
2.693513e-03
8.234768e-02
1.148734e-01
1.210696e-01
4.367718e-03
-2.875072e-03
-8.101340e-02
9.162080e-03
-5.841668e-02
8.734760e-02
1.199600e-01
-8.837722e-03
6.533781e-02
2.039210e-02
4.040193e-03
-2.081761e-02
5.039212e-02
3.858947e-02
5.420744e-02
5.735591e-02
4.289457e-02
6.716566e-02
-1.463062e-01
-9.426518e-02
-4.149044e-02
-2.274404e-01
-3.489791e-01
-2.445313e-01
-1.032174e-01
-1.509568e-01
-1.735617e-01
-6.442556e-03
5.278777e-02
1.239065e-01
-1.910125e-02
8.654752e-02
4.809123e-02
-4.815673e-02
1.284698e-01
1.710320e-01
3.705614e-02
2.661529e-01
1.360549e-01
3.048367e-03
1.317685e-01
2.478186e-01
-2.659392e-02
-2.065494e-01
-7.651117e-02
7.619246e-02
2.661713e-02
1.207582e-01
-3.158759e-02
-7.838812e-02
-7.149775e-02
-3.137570e-02
2.007823e-02
1.214671e-01
-2.411551e-02
-5.457179e-02
-9.887465e-03
-7.003950e-02
-1.431212e-01
-1.073858e-01
7.225711e-02
-3.849887e-03
-6.812676e-03
2.431709e-02
1.446360e-01
1.284837e-01
-1.115747e-01
-7.644150e-02
7.915768e-02
-1.648373e-02
-2.013835e-01
-1.365052e-01
-1.574607e-01
-2.007103e-01
1.059411e-02
-6.651012e-02
-7.589698e-02
4.339117e-03
-7.377969e-03
1.459087e-02
1.872955e-01
-7.940606e-02
-1.039325e-01
-2.575711e-02
-1.246973e-02
-1.738496e-03
7.932250e-02
1.719614e-02
-2.297294e-04
9.138489e-02
-2.690493e-02
6.879516e-02
-5.241352e-02
-4.754735e-02
4.224659e-02
1.582789e-02
6.936964e-02
1.343849e-01
-1.374864e-01
-1.849289e-01
-1.559656e-01
-7.678697e-02
-3.050390e-01
5.466010e-02
7.262649e-02
-6.849652e-02
-1.703373e-02
-2.122900e-02
-6.943141e-02
-1.607002e-01
1.785197e-03
-1.269757e-03
-3.182016e-02
3.234841e-02
1.057394e-01
1.976932e-01
-1.271673e-02
2.742724e-02
-1.862306e-01
6.962347e-02
-8.296335e-02
2.001538e-01
-1.322162e-01
6.835508e-02
-1.057403e-01
-2.334241e-01
2.292874e-02
7.074452e-02
6.102027e-02
-4.585421e-03
1.129389e-01
-8.011912e-02
8.239644e-02
7.772245e-02
6.800106e-02
-9.846544e-03
-3.052945e-02
-1.652821e-01
-1.963881e-02
-1.891856e-01
-4.747564e-03
-1.295062e-01
-3.222941e-01
9.998206e-03
-4.471756e-02
3.506504e-02
-5.148261e-02
8.974732e-02
-1.813278e-01
2.400763e-02
-7.224378e-02
-1.019746e-01
-3.664110e-03
9.455878e-02
1.315196e-02
2.438186e-02
3.064890e-02
-3.732071e-02
4.159299e-02
-3.093470e-02
-5.826671e-02
7.146838e-02
-1.015858e-01
-1.933749e-01
-1.389088e-01
-1.456236e-01
4.517573e-02
-1.018780e-01
-5.365043e-03
7.993786e-03
2.840072e-02
1.846465e-01
-7.409629e-02
-4.209465e-02
3.922155e-02
1.360095e-01
-2.370381e-02
5.445887e-02
-7.304267e-02
-4.185444e-02
6.630994e-02
-1.174870e-01
-2.871767e-01
2.604282e-02
-1.236071e-01
1.139576e-02
-1.887221e-01
1.407902e-02
7.547399e-02
-3.195460e-02
-1.720018e-01
1.261529e-01
-5.622647e-02
5.187820e-02
2.474859e-01
7.551949e-03
2.025866e-01
5.463716e-02
-5.497388e-03
-3.681909e-02
-1.484747e-01
1.398037e-01
4.220677e-02
-1.730904e-01
1.025058e-01
-1.302526e-01
-1.369698e-01
6.719040e-02
-4.717642e-02
3.037414e-02
-6.697626e-02
-1.322776e-01
1.471940e-01
2.268233e-02
-3.019791e-02
2.879955e-02
-1.365887e-01
-7.863981e-02
1.357919e-01
-1.468642e-01
2.906089e-01
-7.066801e-03
-1.398384e-01
1.314631e-01
-2.789555e-01
1.766451e-01
4.009548e-02
1.031909e-01
-3.993464e-02
-8.444600e-02
7.773194e-02
-1.358339e-01
-1.135191e-02
1.585110e-02
