-6.990628e-02
7.624780e-02
7.991618e-02
-2.295084e-03
-1.876706e-02
-1.198201e-01
1.945321e-01
1.257122e-01
9.045850e-02
9.394208e-02
1.506042e-01
-1.121272e-02
-2.216911e-01
1.584608e-01
-1.530262e-02
-2.272275e-02
1.090021e-01
1.624263e-01
-6.980637e-02
-3.312834e-03
5.025455e-02
-4.057415e-03
1.464496e-01
1.152826e-01
5.463124e-02
2.574949e-02
1.228470e-01
1.502951e-02
1.894356e-02
3.124351e-01
5.587704e-03
1.310716e-01
1.373307e-01
2.385727e-01
-9.436970e-02
2.184228e-02
-1.612892e-01
2.722308e-01
1.119487e-02
4.543179e-02
-1.850709e-02
2.047744e-02
-2.017805e-02
1.755093e-01
-8.167469e-02
-4.060173e-02
2.836947e-01
-4.492100e-02
1.485425e-01
-1.524771e-02
-5.327025e-02
-3.552002e-02
-2.445532e-02
8.235713e-02
-5.499249e-02
5.664520e-02
2.936912e-01
-1.699556e-02
7.640418e-03
8.251874e-02
6.286848e-02
3.422466e-02
4.073405e-01
1.155149e-01
