1.180673e-02
1.821125e-01
1.758040e-01
9.339709e-04
1.629794e-01
2.152764e-01
7.747873e-02
1.677065e-01
1.394012e-01
-1.875693e-04
1.371526e-01
8.483167e-02
-1.496308e-02
7.699874e-02
6.013396e-02
1.196930e-02
5.018596e-02
9.687841e-03
-1.432810e-02
5.631736e-02
4.968486e-04
-4.008104e-03
2.777960e-02
1.765664e-02
2.144399e-02
7.341404e-02
9.168670e-02
1.981241e-01
-3.064909e-02
1.254965e-01
-2.044257e-01
-5.744790e-01
-3.286114e-01
3.650134e-02
-3.105832e-01
-7.531012e-02
1.470487e-01
-7.706257e-02
9.750382e-02
-2.139522e-01
-5.216924e-01
-2.659852e-01
4.036784e-02
-2.244696e-01
4.967434e-02
-4.255033e-02
-1.330910e-01
-4.628102e-02
-2.752848e-01
-4.356939e-01
-3.332764e-01
-8.526671e-02
-2.486033e-01
-1.456113e-01
-8.490223e-03
-3.605065e-01
-2.349596e-01
4.105432e-02
-2.247500e-01
-3.425921e-01
2.423144e-01
-2.563433e-01
7.403781e-02
-2.641464e-01
2.945590e-01
1.342221e-01
9.988483e-02
8.381354e-01
2.648174e-01
-8.772803e-02
7.332180e-02
6.142208e-02
-9.986585e-02
1.886451e-01
-6.787384e-02
4.303746e-02
5.420903e-01
-4.574190e-02
-2.020228e-01
-2.102825e-01
-3.426612e-01
4.530380e-01
-1.182483e-01
6.629420e-02
1.087108e-01
1.086337e-01
-6.233280e-01
8.945856e-02
-5.677697e-01
-8.230541e-02
3.331580e-01
1.780643e-01
1.024807e-01
4.375110e-02
6.032231e-01
-4.606043e-01
-3.885888e-01
-6.228260e-01
-3.320773e-01
3.853111e-01
5.452362e-01
1.658420e-01
1.589882e-01
1.129081e+00
-2.315855e-02
-4.839677e-01
-3.388625e-01
-1.898408e-01
-2.207937e-02
3.416571e-01
-3.836120e-01
7.102001e-01
3.646024e-01
7.526168e-02
-3.439172e-02
4.703055e-02
-2.344305e-01
-9.376774e-02
6.507259e-02
2.577754e-01
-1.580243e-01
-8.102946e-01
2.677968e-01
9.028552e-02
-2.274077e-01
3.431595e-01
1.523871e-01
1.959174e-01
1.599593e-01
-5.468549e-02
-1.009416e+00
-4.023770e-02
1.109625e-01
-4.390208e-01
2.304316e-01
3.507999e-01
1.752212e-01
2.710899e-02
2.971861e-01
-1.404250e+00
-3.018780e-01
2.558096e-03
6.288528e-03
1.335209e-01
1.831447e-01
6.698672e-01
1.733339e-01
6.638379e-01
-4.236892e-01
3.533990e-02
6.260832e-02
3.488466e-01
-3.497009e-01
-4.729079e-01
1.045270e-01
2.843631e-02
-2.104992e-01
-7.308673e-01
1.838406e-01
-2.130678e-01
2.593924e-01
1.379553e-01
3.469273e-01
1.925724e-01
2.363074e-01
2.880219e-02
-2.437839e-01
-7.269659e-02
1.728413e-01
1.183306e-01
5.524475e-02
2.959877e-02
-2.111768e-01
-1.687209e-01
-1.367281e-01
-5.293860e-01
-2.591503e-01
-1.091781e-02
-2.251044e-01
-1.616638e-01
-1.792140e-02
-1.345286e-01
-1.255561e-01
-7.931989e-02
-4.130845e-01
-1.762901e-01
-2.553750e-02
-2.322360e-01
-9.711578e-02
-2.463170e-01
-4.835410e-01
-7.849726e-01
2.700154e-01
4.704603e-01
-5.360726e-01
6.110348e-01
5.982198e-01
3.152373e-01
-2.457670e-01
-5.338131e-02
-3.075734e-01
2.486399e-02
5.422654e-01
-4.801067e-01
7.762234e-03
1.158825e-01
-5.971876e-02
9.648082e-02
1.958308e-01
6.549905e-02
2.180881e-01
4.247781e-01
-3.957816e-01
1.952873e-01
-4.872096e-02
-1.929643e-01
3.749623e-01
1.024715e+00
3.661331e-01
-2.093241e-01
-5.487378e-01
5.347478e-01
-1.890652e-01
-7.345271e-01
-2.774581e-01
-8.716542e-02
3.497608e-01
-9.283853e-02
-4.035842e-01
-6.024172e-01
4.739985e-01
6.923324e-02
-2.392281e-01
-8.380374e-02
-5.378034e-01
4.264199e-02
-2.379729e-01
-4.145097e-01
-1.006318e-01
6.794056e-01
9.155513e-02
4.486010e-01
3.942896e-01
2.506017e-01
5.222256e-01
4.836623e-03
4.767625e-01
-1.218009e+00
-5.018138e-01
2.800565e-01
1.699833e-01
2.608560e-01
1.561098e-02
3.922333e-01
4.523481e-02
-1.921010e-01
-1.305211e+00
-2.571739e-01
-9.437610e-02
-1.075483e-01
2.018467e-01
2.192502e-01
8.722437e-01
6.249475e-02
2.173859e-01
-4.438504e-01
-5.024841e-02
-4.907171e-02
-1.409228e-02
-1.427262e-01
-2.978191e-01
-3.557756e-01
6.748857e-01
-6.927739e-01
-2.971178e-01
5.245894e-01
8.214705e-02
4.481432e-01
3.917428e-02
1.219007e-02
-4.539209e-01
1.306503e-01
6.212460e-02
-7.960358e-02
-9.998757e-02
5.556067e-01
6.191236e-01
-4.363137e-01
-1.922305e-01
-9.917081e-01
-4.299450e-01
2.549779e-01
-2.224046e-01
-3.353601e-01
9.745845e-01
9.078355e-01
-7.125510e-02
-4.654422e-02
1.957254e-01
-2.945697e-02
2.519252e-01
-1.091974e+00
-2.101647e-01
3.961778e-01
9.546722e-01
5.798811e-02
3.454763e-02
-1.529918e-02
-1.523171e-01
2.674883e-02
-1.532701e+00
-5.482294e-01
4.355612e-01
6.881604e-01
-3.021151e-02
-7.584026e-02
2.962514e-01
-7.080109e-02
2.098958e-01
-7.193793e-01
-2.941400e-01
3.286734e-01
7.319371e-01
-6.636634e-02
2.584511e-02
4.783579e-01
5.876607e-02
-7.816063e-01
5.109990e-01
-2.176232e-02
2.519540e-02
7.322611e-02
-2.052416e-02
-5.280207e-02
3.865568e-01
-2.002340e-01
-5.302674e-01
5.996599e-01
-1.239636e-01
4.078931e-01
2.744922e-01
-1.303879e-01
-2.985183e-01
-1.745360e-01
-1.952765e-01
-7.251087e-01
1.441852e-01
-1.053124e-01
2.556049e-01
2.699958e-01
1.066454e-01
-2.297724e-01
-6.554208e-02
9.376540e-02
-1.543368e-01
1.246726e-01
1.730590e-01
-1.734415e-01
-2.008699e-01
4.455152e-02
-1.056582e-01
-5.461573e-02
-3.258383e-02
-2.139860e-02
1.707453e-01
1.134364e-02
-9.953001e-02
-1.352293e-01
-3.589154e-02
-2.731050e-03
-3.911897e-02
-1.838078e-01
2.132813e-01
3.158539e-01
-3.264727e-02
3.004436e-01
2.715849e-01
1.140271e-01
4.634770e-02
5.248991e-02
1.694914e-02
1.960143e-02
2.734769e-02
-2.135583e-03
2.118074e-02
2.798618e-02
6.529579e-03
2.977433e-02
3.937592e-02
4.003022e-02
2.023251e-02
3.012650e-02
3.643135e-02
1.586299e-02
2.552798e-02
2.897304e-02
8.148609e-02
1.017765e-01
1.021622e-01
7.987970e-02
9.970545e-02
1.050223e-01
7.173090e-02
9.143945e-02
9.119185e-02
9.769253e-02
-2.557985e-01
3.232690e-02
-5.324505e-02
-7.312688e-01
-6.554145e-02
-2.622910e-02
-2.533685e-01
4.524435e-02
-4.707246e-02
-2.679550e-01
1.164455e-01
-7.977282e-03
-5.066130e-01
1.091414e-01
1.821066e-01
2.848955e-02
1.607322e-01
1.501396e-01
-1.770460e-01
-5.895096e-02
1.037971e-01
-4.340401e-01
-3.900367e-02
1.684488e-01
-2.046070e-02
8.266609e-02
