3.007436e-01
3.995053e-01
3.413964e-01
3.319049e-01
3.054404e-01
2.817600e-01
4.694036e-01
3.260221e-01
3.395917e-01
3.638609e-01
3.113977e-01
3.744342e-01
3.278193e-01
4.268353e-01
4.278997e-01
4.045548e-01
3.764140e-01
4.081991e-01
4.130656e-01
3.813792e-01
3.544490e-01
3.545854e-01
4.245138e-01
4.989467e-01
3.746409e-01
3.923318e-01
4.215359e-01
3.240064e-01
3.713881e-01
4.613849e-01
3.400029e-01
3.303029e-01
2.924080e-01
4.468086e-01
3.811370e-01
3.392453e-01
3.143164e-01
3.531406e-01
3.150109e-01
4.025857e-01
3.779385e-01
3.888944e-01
4.504646e-01
4.181657e-01
3.621587e-01
3.559053e-01
3.637522e-01
3.655357e-01
4.070166e-01
4.149182e-01
4.395604e-01
3.231863e-01
3.368343e-01
3.547193e-01
3.174212e-01
2.779418e-01
4.017059e-01
3.825119e-01
2.753191e-01
3.280247e-01
4.594824e-01
3.257048e-01
3.228703e-01
3.166218e-01
