-2.407161e-01
-1.176349e-01
9.807996e-03
1.767204e-01
-3.527611e-02
-9.198438e-02
-1.246431e-01
6.356372e-02
-1.133092e-01
-1.171445e-02
1.587254e-01
1.681952e-01
4.128409e-02
-1.537007e-01
5.659452e-02
-4.780954e-02
9.014057e-02
-2.228463e-01
5.881736e-02
1.213572e-01
-2.306929e-01
-1.844911e-01
1.620811e-01
-3.640400e-02
-8.792759e-02
3.641990e-01
-1.069310e-02
-4.581154e-02
-1.394218e-01
1.798758e-01
-2.508252e-01
3.637512e-02
1.999740e-01
1.244204e-01
-5.222988e-02
7.964119e-02
-1.466665e-01
1.826312e-01
9.421685e-02
-2.105770e-02
2.743934e-01
5.284536e-02
4.914425e-02
-1.530680e-01
1.739155e-01
2.278062e-01
6.975356e-02
-3.014296e-02
-1.821807e-01
-9.905262e-02
2.574442e-01
1.738831e-02
-2.924865e-01
-1.522202e-01
-1.480322e-01
2.083794e-01
1.368144e-02
-1.404875e-02
-1.945062e-01
2.583517e-02
-2.256783e-01
-1.286948e-01
-1.695216e-02
-1.531303e-01
-3.421963e-02
2.636310e-01
2.892710e-02
7.389939e-02
-1.399029e-01
3.390356e-03
4.240368e-02
-5.832932e-02
3.659849e-01
1.398982e-01
-3.972703e-04
-1.294400e-02
-6.806002e-02
4.720069e-02
3.631068e-03
1.209809e-01
1.329343e-02
-2.262562e-03
2.001616e-02
-3.074323e-02
9.144238e-02
-5.301463e-02
-1.224504e-02
8.160034e-02
-8.148859e-02
1.285120e-02
1.314534e-01
1.164952e-01
-1.539580e-02
1.436258e-01
-3.609455e-01
-3.389528e-01
6.870537e-02
-8.474771e-02
-9.803185e-03
-4.914042e-02
