-1.726104e-01
-1.471541e-01
1.323290e-01
3.856515e-02
8.609465e-02
-4.938262e-02
-1.552438e-01
-1.296718e-01
1.038011e-01
4.571952e-02
2.099195e-01
4.745036e-01
-2.421431e-01
-1.053114e-01
5.382614e-01
1.332157e-01
-3.907562e-01
-1.447668e-02
1.920051e-01
-1.710055e-01
1.169575e-01
-4.337073e-02
-6.646255e-02
3.114503e-01
1.673469e-01
-6.985112e-02
-5.392198e-02
2.198365e-01
3.030222e-01
1.479732e-01
-2.354406e-01
-1.559333e-01
3.744476e-02
1.894212e-01
1.761886e-01
-4.879214e-02
-3.359860e-01
7.294971e-02
1.361226e-02
1.254498e-01
-1.839777e-01
3.764943e-01
9.192495e-02
3.980440e-02
1.428264e+00
-2.701355e-01
2.250959e-01
3.519744e-01
-8.771468e-02
2.902648e-01
-1.016932e-01
4.270694e-01
-2.193369e-01
-1.384923e-01
-1.130655e-01
1.260815e-01
2.755642e-01
-2.345510e-01
-1.522708e-01
4.045398e-01
1.345008e-01
-1.462249e-01
-1.466112e-01
-2.273514e-01
3.448364e-02
1.056748e-01
1.343301e+00
7.395345e-01
1.754238e-01
3.913210e-01
3.096807e-01
-3.682794e-01
-3.159912e-01
-5.096392e-02
-1.107149e-01
2.704276e-01
-1.351060e-01
-1.054767e-02
9.947298e-03
-9.528589e-02
9.024771e-02
-8.712573e-04
-3.282463e-01
1.517293e-01
3.011672e-01
-1.622298e-01
8.224236e-02
8.600592e-02
6.886671e-02
-2.600596e-01
-6.970351e-03
-4.768971e-02
-3.491831e-01
-8.423892e-02
-2.059281e-01
-1.779654e-01
-5.379858e-02
-2.648773e-01
1.705116e-01
-1.824953e-01
-1.448049e-01
-2.353876e-01
-3.311947e-01
1.185686e-01
-1.858186e-01
-2.297537e-01
-2.003106e-01
3.519488e-01
-8.582184e-02
-1.651198e-02
6.391783e-01
-3.030252e-01
-2.147847e-01
3.544233e-01
-3.959852e-01
-1.072749e-01
-2.266607e-01
-2.178891e-01
-2.535397e-01
4.685222e-01
-2.211392e-01
3.035322e-01
-3.608251e-01
-2.803766e-01
-3.175073e-01
-4.584930e-02
-1.121450e-01
2.108621e-01
-1.067430e-01
-1.773423e-01
-2.555970e-01
-2.849827e-01
-3.462940e-01
-1.232385e-01
-6.993958e-02
-2.781639e-01
-1.814902e-01
-1.581189e-01
5.993221e-04
1.393702e-01
-2.147738e-01
-1.236022e-01
-2.254456e-01
-6.849427e-02
-7.834481e-03
-8.789442e-02
8.542590e-02
-1.368638e-01
-1.971009e-01
-7.551076e-02
-1.466773e-01
2.982996e-01
-3.130033e-01
-1.036114e-01
-7.100666e-02
4.459888e-01
2.422077e-01
-2.596169e-01
-2.925609e-01
-1.092011e-01
3.307144e-02
-8.412693e-02
-2.338902e-01
-3.945483e-01
-1.314173e-01
-6.143277e-02
-2.766062e-01
-5.555145e-02
2.069912e-02
1.172671e+00
-4.133388e-02
-2.419539e-01
-7.615457e-02
3.540134e-02
6.996651e-01
-2.209407e-01
-1.059854e-01
-1.816711e-01
-1.375976e-03
-1.629173e-01
-5.793332e-02
2.419935e-01
-2.783526e-01
-2.817583e-01
-1.264120e-02
-1.482608e-01
7.245823e-02
-2.638134e-01
1.127534e-01
4.509628e-01
-2.031016e-01
-2.147893e-01
-2.470338e-01
-5.487170e-02
-1.636046e-01
-4.125154e-01
2.607309e-02
2.090049e-01
-2.333729e-01
3.013943e-01
8.471683e-01
-4.658679e-02
-9.067063e-02
2.022334e-01
4.198049e-02
6.375212e-02
1.950290e-01
-4.594299e-01
-1.959881e-01
7.016236e-02
7.182885e-01
-3.133436e-01
-9.856794e-02
-3.204892e-01
4.178814e-01
-1.129029e-01
-1.234804e-01
-1.803417e-01
2.760014e-01
-3.404047e-01
-8.437429e-02
-1.806890e-01
-1.806142e-01
1.814242e-01
-2.324098e-01
-3.196281e-01
-2.402033e-01
8.540174e-02
2.172798e-01
-2.922647e-01
-3.455471e-01
-1.757610e-01
1.624486e-01
-2.335833e-01
-2.055702e-01
4.339509e-02
-3.173003e-01
-6.795001e-02
2.305089e-01
-8.203043e-02
3.794024e-02
3.497882e-01
-9.973546e-02
1.538110e-01
1.791307e-01
-2.012220e-02
2.269168e-02
-3.035159e-01
-6.186125e-02
2.977718e-01
-5.159963e-02
-1.450841e-01
-2.210822e-01
-1.524139e-01
-3.383883e-01
1.061417e-01
-2.259814e-01
7.285799e-01
-3.025891e-01
-3.484851e-02
-2.405662e-01
-2.989867e-01
-4.854514e-02
-6.186081e-02
1.748393e-01
9.151632e-02
-1.536682e-01
-1.300931e-01
-4.050212e-02
-2.996666e-01
1.361161e-01
-5.082756e-02
-4.449556e-01
-1.238587e-01
8.642344e-01
-1.613688e-01
-3.116625e-01
-2.329760e-01
-4.169519e-02
-9.755719e-02
-3.334185e-01
5.871609e-02
-2.887850e-01
-4.475739e-01
-3.897455e-01
-3.680319e-01
3.334824e-01
1.872583e-01
-1.603139e-01
1.719090e-02
-1.699264e-01
-1.114703e-01
1.911818e-01
-1.978418e-01
-3.517976e-01
-7.339503e-02
5.627010e-02
1.766243e-01
-6.935450e-02
-6.641420e-02
1.167937e-01
-6.838658e-02
-1.811822e-01
-2.331587e-01
-2.431440e-01
-3.149694e-02
-2.038575e-01
-2.689391e-01
-2.794958e-01
-3.107437e-01
1.856031e-02
4.278317e-01
1.186794e-02
-1.004525e-02
-3.427552e-01
-1.013215e-01
8.980303e-02
1.693805e-01
-1.808563e-01
3.824982e-02
3.155473e-01
-3.200426e-01
7.301996e-02
3.159194e-01
-5.311138e-02
6.719004e-02
-2.029950e-01
-2.938100e-01
-4.455200e-01
-5.192571e-02
-1.761531e-01
-2.235000e-01
1.158970e-01
1.186560e+00
-1.344475e-01
-4.293646e-02
9.033905e-02
-2.620977e-01
-9.074978e-02
-2.125072e-01
-2.308286e-01
-4.055696e-01
-2.342620e-01
2.173244e-01
-4.707502e-02
-3.659451e-01
-1.043325e-01
1.950000e-01
-6.942374e-01
7.547907e-02
1.297053e-01
-1.532890e-01
-3.105567e-01
-1.635060e-01
1.591432e-02
-2.115668e-03
-2.850220e-02
7.700634e-01
-1.824430e-01
1.118300e-01
-3.599454e-02
9.305208e-02
2.231382e-01
1.474448e-01
1.989587e-01
-4.115871e-01
2.224661e-01
7.048488e-02
-8.708778e-03
-3.552098e-01
4.531702e-01
-1.168712e-01
1.999539e-01
4.523143e-01
6.187163e-02
-1.740044e-01
2.149958e-01
-1.585323e-01
3.288088e-01
-1.099339e-01
8.683433e-02
-2.215109e-01
-1.150169e-01
7.390022e-02
-1.029898e-01
-8.162221e-02
5.921476e-02
-1.179206e-01
-1.984349e-01
-1.713794e-01
1.193019e-01
-3.153164e-01
-8.311539e-02
-3.355877e-01
-9.539513e-02
4.251022e-02
1.116967e+00
-8.859679e-03
3.185654e-02
9.993543e-02
2.807984e-03
2.125841e-01
-2.624872e-01
7.405265e-02
-1.702535e-01
-1.561424e-01
4.165789e-01
-3.135645e-01
4.568352e-02
4.653285e-01
4.040021e-02
1.894270e-01
3.601679e-01
4.607774e-01
-4.462041e-01
-1.599264e-01
6.570131e-02
-6.770700e-02
-3.913089e-01
-1.159547e-01
6.493782e-01
-5.027515e-02
-2.950043e-01
-4.418739e-01
-1.331225e-02
-4.411803e-02
-2.333568e-01
5.834817e-01
2.326020e-01
-3.990823e-02
-2.563978e-01
-6.695215e-02
-2.478312e-01
-7.615584e-03
-2.091101e-01
-1.236917e-01
-3.889227e-01
-4.354047e-01
1.285571e-01
1.140671e-03
-3.153040e-01
6.142810e-02
-2.448668e-01
3.212101e-01
-3.425286e-01
2.060852e-01
-4.465556e-02
-2.654765e-01
-2.557383e-01
-1.876179e-01
1.588034e-01
-4.533852e-02
-5.816630e-01
1.711476e-01
1.737581e-01
-1.564894e-01
-2.372778e-01
8.322538e-02
4.211814e-01
1.302617e-01
2.382569e-01
-2.613765e-01
1.361747e-01
7.089114e-03
-2.227172e-01
-1.302142e-01
-2.583081e-01
2.958538e-02
-2.946079e-01
5.079949e-01
8.299110e-01
9.834141e-02
4.365968e-01
8.769518e-01
-8.207834e-02
-3.425134e-01
2.483477e-01
-1.035164e-01
-2.413925e-01
1.695987e-01
-2.242091e-01
-2.062903e-01
-2.877573e-02
2.673769e-01
-2.252041e-01
1.274569e-02
-1.763416e-01
-4.247226e-01
1.000415e-01
4.408655e-02
-1.353975e-01
-1.381917e-02
1.451351e-01
-2.742513e-01
1.478632e-01
1.382059e-01
-1.156432e-01
-4.727181e-01
-2.223582e-01
-5.551533e-02
-4.759525e-02
-2.366510e-01
-1.292638e-01
-5.016820e-01
-2.332205e-01
-2.611327e-01
-1.049040e-01
2.410610e-01
-7.206227e-02
-3.910485e-01
-2.253534e-01
1.586700e-01
-1.051533e-01
2.379973e-01
-4.376440e-03
-3.274839e-01
-4.975117e-02
-1.194703e-01
1.015953e-02
-1.209370e-01
1.853714e-01
2.267771e-01
-6.532853e-02
-2.105303e-01
1.673129e-01
1.306328e-01
8.298309e-02
6.336174e-01
1.978310e-01
1.571402e-01
-2.413021e-01
-1.990906e-01
-8.146179e-02
8.565185e-01
1.406747e-01
6.772071e-02
-8.797652e-02
1.724042e-01
-1.322232e-01
1.038712e-01
-5.046835e-02
-6.029233e-02
4.454159e-02
-4.372074e-01
-1.188644e-01
2.864834e-02
1.965911e-01
-1.538344e-01
4.766160e-03
3.203221e-01
-2.783730e-01
9.009488e-01
-1.994087e-01
3.577099e-01
-1.465697e-01
-2.467182e-01
-1.566557e-01
-9.872900e-02
2.049530e-01
8.578799e-01
-1.538631e-01
-1.001018e-01
-1.744225e-01
-3.321005e-02
-1.798539e-01
7.671071e-01
-5.241771e-02
-1.417491e-01
-2.371899e-01
1.965807e-01
1.276451e-01
-9.332184e-02
-3.025856e-02
3.053508e-01
-3.207384e-01
-4.433391e-02
2.342200e-01
-1.958292e-01
-1.416578e-01
-8.693744e-02
3.711649e-01
-5.943783e-02
-1.323129e-01
-2.100189e-01
-1.197204e-02
-3.079959e-02
1.160404e+00
-1.574555e-01
-1.505051e-01
3.851087e-02
5.860070e-01
-1.936901e-01
-1.487854e-01
8.203666e-01
-2.014186e-01
1.289814e-01
-7.440738e-02
-2.145272e-01
-6.813382e-02
-3.020653e-01
4.645993e-01
-7.882486e-02
-3.649903e-02
-1.633509e-01
-2.020793e-01
-3.031892e-01
-2.695086e-01
-3.185266e-01
2.471699e-01
-1.011452e-01
-1.405858e-01
-1.580343e-01
6.607748e-04
1.667744e-01
-7.605959e-02
3.661165e-01
1.181922e-01
-2.107791e-01
1.311222e-01
8.813617e-02
-1.375275e-01
-1.545117e-01
-6.404049e-02
-1.495107e-01
-2.842078e-01
-2.853579e-01
3.322220e-01
-3.467054e-01
-4.040831e-02
2.081945e-01
2.724558e-01
2.058811e-01
-1.507296e-01
-2.235404e-01
4.031706e-01
-4.033068e-01
1.859240e-01
1.754307e-01
2.411355e-01
-3.645592e-01
-1.136307e-01
1.490031e-02
2.174771e-01
1.641270e-01
-1.019604e-01
3.231349e-02
1.043813e-03
-1.529062e-01
6.298611e-02
-4.604609e-01
3.188526e-01
9.365939e-03
-1.957379e-01
6.701314e-02
6.542017e-01
3.184724e-01
2.993069e-01
-2.651138e-02
7.142917e-02
-1.081470e-01
6.733205e-02
2.224820e-01
-2.857972e-01
1.748520e-01
2.723641e-01
-2.714857e-01
1.580042e-01
-3.706257e-02
4.129910e-01
-8.203571e-03
-3.024786e-01
-1.508294e-01
1.738091e-01
4.261827e-01
1.095415e-01
1.992365e-01
4.445818e-04
3.396435e-01
-7.130357e-02
-2.214314e-01
1.309990e-01
9.499765e-02
6.547085e-02
-3.587349e-01
3.933119e-01
5.391434e-01
1.377846e-01
-3.865298e-01
8.534200e-02
-4.504431e-01
2.457394e-01
3.346441e-01
2.834536e-01
-1.111086e-01
-4.127992e-02
3.862885e-01
-1.952286e-01
-3.272698e-01
-7.126866e-02
-1.052344e-01
1.037680e-02
1.158191e-01
1.775269e-01
7.536784e-01
-2.145579e-01
-2.244246e-01
-3.385431e-01
-3.426896e-01
-1.463937e-01
1.966802e-01
-1.674800e-01
-1.368943e-02
-8.291391e-02
-5.147009e-02
-4.719397e-01
-1.054968e-01
1.017109e-01
-2.982631e-01
1.967910e-01
1.450884e-01
-2.617085e-01
2.792052e-02
4.196102e-02
-2.232582e-01
-1.541982e-01
-3.402316e-01
-3.045116e-02
5.763227e-01
-7.492559e-03
-5.296017e-02
-1.037406e-01
8.991328e-02
-1.282220e-01
-6.366521e-02
-1.547488e-01
5.423170e-02
4.152766e-01
-2.039484e-01
-1.109610e-01
-1.301528e-01
-1.872026e-01
-9.118514e-03
-2.974323e-01
-1.317921e-01
-5.183334e-02
1.081131e+00
7.938676e-02
7.212351e-02
-1.926571e-01
-6.182957e-02
3.234673e-01
-2.093299e-01
-2.919644e-03
-2.208338e-03
-3.965423e-01
-3.255643e-02
6.348646e-02
3.275134e-01
1.368811e-01
-1.291720e-01
5.432343e-02
-9.292710e-02
3.225652e-01
-3.402490e-01
-3.307644e-02
4.640099e-01
-9.824539e-02
-1.622863e-03
5.160760e-01
-1.503147e-01
-3.160984e-01
1.333276e-01
1.993414e-02
-8.155600e-02
-3.569537e-01
2.346410e-01
-2.847994e-01
-1.902803e-02
-2.551601e-01
-2.078168e-01
-2.151774e-01
2.923349e-01
-1.084652e-01
4.447261e-02
4.378603e-01
-1.094647e-01
-2.651852e-01
2.727739e-02
5.378648e-01
-3.716194e-02
2.992409e-01
-1.805001e-01
1.455502e-01
-2.831086e-01
-3.329683e-01
-3.658935e-01
-3.515308e-01
-1.640677e-01
-1.040578e-02
-6.677268e-02
-1.444836e-01
-1.925016e-03
2.721885e-01
-4.173848e-01
-1.079928e-01
-5.477768e-01
4.823581e-01
2.508095e-01
9.437390e-02
-8.822011e-02
-5.809994e-02
-3.197187e-01
-3.848331e-01
-4.705131e-02
-1.687079e-02
1.078316e-02
6.588518e-01
1.925832e-01
-4.697497e-02
-6.653246e-02
4.736012e-01
3.688375e-01
-1.598771e-01
8.331981e-02
-3.489910e-01
-3.451685e-01
-1.062022e-01
1.637939e-01
3.317039e-01
-3.812760e-01
-2.881747e-01
-1.342884e-01
1.569455e-01
-4.023153e-02
1.117913e-01
7.103597e-02
-4.462830e-02
2.209244e-01
-4.525666e-02
-1.750544e-01
5.779098e-02
5.869168e-03
4.743388e-02
-3.140190e-03
2.551019e-01
9.888543e-02
2.442857e-01
-1.893708e-01
2.509069e-01
-3.937694e-02
-3.155911e-01
7.727817e-01
1.714042e-01
-1.616260e-01
-2.746063e-01
2.188013e-02
-9.420225e-03
1.229179e-01
-3.048713e-01
-1.439151e-02
-4.964521e-02
-6.938755e-02
2.126180e-02
-2.692943e-01
9.074496e-02
-1.599601e-01
7.211009e-01
-1.023318e-01
7.587202e-02
7.180491e-02
-2.189492e-02
1.042076e-01
-3.350305e-02
-1.146661e-01
7.971198e-02
-2.479209e-01
-1.775285e-01
-2.874850e-01
-7.918920e-02
1.005067e-01
-1.953808e-01
-1.654131e-01
-2.692375e-01
-1.317670e-01
1.486965e+00
-4.539878e-02
-2.491707e-01
2.522902e-01
4.157358e-01
2.152503e-02
-1.398800e-01
-1.220901e-01
-6.954569e-02
3.888983e-01
-3.067407e-01
3.171283e-01
6.264640e-02
3.349892e-01
-5.177953e-02
-1.318146e-02
-2.748042e-01
9.016784e-02
-3.656288e-01
-2.166638e-01
-4.395728e-01
-1.812243e-01
2.943182e-01
1.156313e-02
1.675824e-01
-3.401496e-01
-2.869898e-01
4.061874e-01
-8.454211e-02
4.136838e-02
-1.847357e-01
2.432782e-01
1.204982e-01
2.600949e-01
1.379978e+00
-1.696409e-01
1.903040e-01
-3.930106e-01
-6.074321e-02
1.760508e-01
-2.026098e-05
-1.171681e-01
1.884007e-01
9.501000e-02
3.436414e-02
-2.424897e-01
-2.446127e-01
-2.316083e-01
1.342935e-01
-6.312267e-02
-4.542545e-02
-6.417271e-03
1.206578e-02
-2.112516e-01
2.034345e-01
3.409521e-01
-2.098644e-01
-7.769326e-02
-2.764097e-01
-2.185948e-01
-1.067067e-01
-4.702680e-02
3.767107e-01
-8.614259e-02
-3.246363e-01
2.615070e-01
2.445282e-01
1.826885e-02
4.284450e-01
-4.040521e-01
-3.595374e-01
-2.010528e-02
-6.794044e-02
9.306088e-02
-1.041666e-01
3.273500e-01
-1.211660e-01
-4.033110e-01
-2.185728e-02
-9.475104e-02
-9.693884e-02
-1.747538e-01
-4.438177e-02
-1.552616e-01
-1.440441e-01
-3.649613e-01
7.644218e-02
-3.359959e-01
1.941599e-02
-3.354752e-01
-2.287695e-01
-1.236333e-01
1.102524e-01
9.446205e-01
9.735863e-01
-3.383052e-01
-6.622303e-02
-1.110317e-01
-1.167665e-01
2.278052e-02
-2.993675e-01
4.444779e-01
-1.272459e-01
6.147917e-02
-2.889402e-01
1.965189e-01
2.027917e-01
-3.648249e-02
1.491782e-02
-2.163296e-03
2.564796e-01
-8.385874e-02
1.284361e-02
-9.778053e-02
-2.746125e-01
-8.509625e-02
-2.002333e-01
-2.776655e-01
-1.327153e-02
-1.143363e-01
-1.299351e-01
1.391246e-01
-3.055099e-01
-1.278806e-01
1.058203e+00
3.390146e-01
3.809549e-01
-4.666300e-02
-1.367805e-01
2.489280e-01
-4.168335e-03
-2.681986e-01
3.544831e-01
5.691984e-02
3.947818e-02
1.211064e-01
-6.642493e-02
-9.115884e-02
5.256265e-02
1.598888e-01
-2.589219e-01
-1.703438e-01
4.891992e-03
-4.816024e-02
1.048197e-01
1.117869e-01
-4.030661e-02
-7.691932e-02
-2.279461e-01
6.168531e-02
2.406884e-01
-4.837091e-01
1.155785e-01
-5.908465e-03
6.854534e-01
4.641669e-01
1.027877e-01
5.250150e-02
9.556451e-02
-1.247675e-01
4.026895e-01
2.316398e-01
-5.448366e-01
-1.678815e-01
2.393289e-01
-3.632899e-01
-9.284791e-02
1.278664e-01
3.546439e-01
1.562372e-01
-3.735641e-01
-3.121555e-01
5.795281e-02
-2.227763e-01
1.962325e-01
-3.516116e-01
1.021269e-01
2.042714e-01
-2.549672e-01
5.043908e-01
1.668229e-01
-1.153540e-01
5.400317e-01
-2.914417e-01
1.892996e-01
-2.721244e-02
-1.878080e-01
-3.269036e-01
-5.495543e-02
-6.253672e-01
-5.097112e-02
5.392196e-01
-2.468316e-01
2.797258e-01
-6.880957e-02
-1.038801e-01
-1.560392e-01
-9.688855e-02
-1.356513e-01
-1.759056e-01
1.165013e-01
3.843749e-01
3.061003e-01
1.064809e-01
6.642947e-01
-2.814955e-01
-2.537408e-01
-6.348965e-02
-3.807567e-01
1.298100e-03
-1.469983e-01
1.108200e-01
-6.553510e-02
1.235361e+00
-2.390787e-02
8.091053e-02
-8.656812e-03
2.547844e-01
2.566285e-02
-1.967249e-01
3.512022e-01
3.495426e-01
-8.684731e-02
4.763390e-01
-3.842177e-01
-1.949320e-01
-2.601909e-01
-5.794875e-02
-1.231028e-01
-2.693572e-01
4.339976e-02
7.415225e-02
-7.919353e-03
-1.350769e-01
4.437927e-01
1.377094e-02
-2.002074e-01
7.604828e-02
4.693992e-02
4.557649e-02
-1.805725e-01
-2.268877e-01
9.230965e-02
2.151844e-02
-8.071614e-02
-2.228097e-01
-4.102207e-02
-5.315135e-02
-2.268990e-02
5.496639e-02
-5.824530e-02
-1.301069e-01
9.797390e-01
-1.859917e-01
6.329105e-03
-2.337324e-01
-6.363339e-03
4.042971e-01
-1.054047e-01
-1.313451e-01
1.611972e-01
-1.097769e-02
-5.460405e-01
-1.530330e-01
-4.372435e-02
-1.831345e-02
-5.318872e-02
-3.386492e-02
5.102701e-01
-3.015884e-01
-2.226880e-01
7.110452e-01
3.064580e-01
-1.226329e-01
-7.570339e-02
-1.437593e-02
-2.582166e-01
-1.376989e-02
1.683309e-01
-1.524202e-01
3.872584e-01
-1.694661e-01
-2.477885e-01
-8.161310e-03
-2.455337e-01
-2.083851e-01
-1.094060e-01
2.022730e-01
-2.127673e-01
2.604266e-01
3.378404e-01
-1.337646e-01
7.238613e-01
7.570191e-03
5.739724e-02
-7.955465e-02
1.850624e-01
-5.259830e-02
-1.416951e-01
7.351583e-02
1.615987e-01
-1.388182e-01
-9.904775e-02
-3.646482e-01
3.073194e-01
-2.641525e-01
-5.485083e-02
6.129663e-02
6.667629e-01
-1.474094e-01
-2.249701e-01
1.537351e-01
1.228591e-01
-7.158349e-02
-7.166279e-02
-1.542024e-01
-1.299340e-01
-2.418843e-01
-1.631605e-01
1.565590e-01
-2.505334e-02
-2.199250e-01
-1.057873e-01
-3.209678e-01
-4.471890e-02
1.226682e-01
-4.523837e-01
-5.460174e-02
-7.554931e-02
-1.323004e-01
-1.372887e-01
1.448585e-01
-2.288944e-01
3.427329e-01
-1.918058e-01
-1.784122e-01
-9.420203e-02
8.672721e-02
-1.495639e-01
-9.347510e-02
3.985758e-01
2.931120e-02
-1.050730e-01
-3.596728e-02
-1.188134e-01
7.500532e-02
-2.800988e-01
-1.989769e-01
-9.253420e-02
3.927324e-01
-2.705824e-02
-1.784921e-04
-2.232705e-03
-1.051636e-01
7.873444e-02
-1.856609e-01
-2.972191e-01
5.111286e-01
-1.657332e-01
-5.961800e-02
2.705503e-02
2.158613e-02
-2.856157e-01
-1.549710e-01
1.940446e-01
7.048511e-02
-3.739047e-02
-2.856551e-01
2.193379e-01
-2.466317e-01
-2.728404e-01
-4.334285e-01
-2.958241e-01
-4.760920e-01
-1.415576e-01
-1.158022e-01
-9.693319e-02
-2.952918e-01
2.909092e-01
8.392726e-02
8.559871e-01
4.637037e-01
3.489005e-01
7.924086e-01
1.293003e-01
2.215163e-02
-9.239846e-02
-1.436749e-01
-1.137769e-01
2.239737e-01
-1.571584e-01
-4.332555e-01
-2.899366e-01
1.231409e-01
-7.881185e-02
4.804583e-01
7.745337e-02
8.063797e-02
3.003779e-01
4.434244e-01
8.838478e-02
-6.298716e-02
-1.860090e-01
3.073905e-01
-2.628608e-01
1.050101e-01
-5.345056e-02
-6.838144e-02
7.007559e-02
6.980152e-01
-2.381960e-02
1.662868e-01
-2.268626e-01
-3.034625e-01
-3.949994e-01
-7.349531e-02
1.368362e-01
1.907484e-02
1.038330e-01
-2.292981e-01
-2.640020e-01
6.001567e-01
-3.245417e-02
6.640410e-02
1.258236e-01
8.582186e-02
-5.994190e-02
-5.747207e-02
3.525140e-01
-3.392201e-01
-3.506307e-02
-2.543734e-01
6.347876e-02
5.601358e-01
6.454046e-01
6.058212e-02
-8.613546e-02
8.808339e-02
6.755828e-02
-4.015532e-01
-1.353026e-01
-6.500873e-02
-3.581605e-02
-4.596133e-02
5.721760e-01
-2.801882e-01
-1.801575e-02
-6.483588e-02
1.046027e-01
-2.533792e-01
6.594726e-02
-1.704933e-01
6.550293e-02
7.338808e-02
1.263784e+00
-2.972523e-01
9.326810e-02
4.980174e-02
2.755951e-01
-1.945440e-01
-5.832420e-01
-8.029660e-02
-1.872932e-01
-1.643136e-01
-3.820125e-01
-2.240679e-01
-9.848746e-02
-2.142482e-01
1.181076e+00
-3.121237e-01
2.406076e-01
-2.677820e-01
-3.386317e-01
-3.843743e-01
6.306563e-02
5.376626e-02
1.394636e-01
-3.675670e-01
-1.753036e-01
4.744244e-02
-1.513650e-01
-3.744357e-01
6.685618e-02
2.229175e-01
-1.962249e-01
-2.804967e-01
-4.775875e-03
-1.863274e-01
-1.752740e-01
2.305332e-01
-3.562621e-02
-1.637992e-01
3.449450e-01
-3.601130e-01
-3.455483e-02
1.958199e-01
-5.158058e-01
-2.753782e-01
-1.692834e-02
-2.190645e-01
-1.826789e-01
-3.564161e-01
-2.587892e-01
-8.946522e-02
-1.029723e-01
-6.886778e-02
-2.558189e-01
-1.808936e-01
-3.229706e-01
-1.147313e-01
-2.395806e-01
4.531321e-02
-1.728656e-01
7.260598e-02
1.507185e-01
-1.402996e-01
3.528907e-01
2.560011e-02
-1.993855e-01
-4.545060e-02
-2.256166e-01
3.099112e-02
-1.423418e-01
-1.553367e-01
8.836327e-02
7.696726e-02
-1.992556e-01
2.219143e-01
-7.015129e-02
-4.422357e-01
-2.668688e-01
-3.210787e-01
-9.408570e-02
5.840942e-02
2.595530e-01
-7.294298e-02
6.307077e-02
6.724934e-02
3.129582e-01
-1.492386e-01
4.788320e-02
-2.080201e-01
3.006594e-01
3.681386e-01
4.736741e-01
2.043409e-01
-1.266837e-01
9.591852e-01
-1.640228e-01
-3.247891e-01
-3.216878e-02
-1.016352e-02
3.501537e-01
-2.626633e-02
-1.247741e-01
-1.646642e-01
-3.384027e-01
-7.676975e-02
-4.668319e-01
-4.571505e-02
-2.529041e-01
-5.540062e-02
-1.729470e-01
8.815915e-01
8.322661e-02
-1.262106e-01
1.435971e-01
-6.356719e-02
7.732400e-02
2.480867e-01
-1.996805e-01
1.406310e-01
2.607860e-02
-4.979089e-01
-1.119539e-01
3.069904e-01
2.049294e-01
-3.737621e-01
5.306416e-01
-3.824751e-01
2.387789e-02
-2.247949e-01
2.754431e-01
-4.243587e-02
-1.422735e-01
-3.349269e-01
-7.389035e-02
2.618421e-01
-1.698528e-01
-2.367828e-01
1.449983e-01
1.089807e-01
2.040384e-01
-1.531424e-02
-9.908711e-02
4.873101e-02
-8.571289e-02
2.092270e-01
-1.038600e-01
-3.759222e-02
9.850505e-02
-9.040193e-02
-1.499453e-01
-1.252028e-01
7.082068e-01
-8.464991e-02
-1.519829e-01
-1.960136e-01
-3.409133e-01
-1.702537e-01
-2.676932e-01
-1.838517e-01
-2.609804e-01
-4.895168e-01
1.363003e+00
-2.682882e-01
-1.053426e-01
3.608587e-02
-2.155274e-01
-8.575672e-02
-6.385475e-02
2.709461e-01
-2.064798e-01
-2.553335e-02
-7.944093e-02
-3.668952e-01
1.543207e-01
-2.970396e-01
3.287239e-01
-4.523886e-02
3.768996e-01
2.426793e-01
1.705509e-01
-1.374068e-01
5.031671e-02
4.023877e-02
-1.622506e-01
1.715672e-01
-4.830391e-02
4.611991e-03
-4.380706e-02
-8.634084e-02
-3.485438e-02
5.111228e-02
1.992764e-01
-2.576408e-02
-1.822300e-01
9.345800e-02
2.949993e-01
2.425087e-02
5.873336e-01
-8.086006e-02
-2.653084e-01
1.350119e-02
-3.333623e-01
5.476513e-01
-2.525339e-01
-1.616567e-02
-4.343975e-01
1.949972e-01
-2.897508e-01
1.125389e-01
1.634926e-01
1.042641e-01
2.750565e-01
-1.347560e-01
1.727297e-01
-8.561014e-03
-1.879631e-01
-1.265668e-01
-6.014493e-02
1.067323e-01
-4.101444e-01
-2.042221e-02
7.512099e-01
-8.733937e-02
-4.146347e-01
1.169147e+00
2.296790e-02
-1.575774e-01
-2.365212e-01
2.811652e-02
-2.634556e-01
-8.591043e-02
7.175922e-02
-1.227219e-01
4.896610e-02
3.749104e-02
8.720353e-02
5.891695e-01
-1.865061e-01
-1.959286e-01
-1.218183e-01
2.282218e-01
8.244421e-02
-2.351890e-01
-1.551108e-01
-1.988179e-01
-3.943540e-01
-3.577283e-01
-1.856764e-01
-2.944261e-01
1.534920e-02
2.995397e-02
-1.805626e-01
-2.581605e-01
-6.328724e-02
-1.866111e-01
-2.524528e-01
-3.255504e-01
-6.044756e-02
7.031258e-02
1.396257e-01
-2.941511e-01
3.383042e-02
-3.547368e-01
1.233459e-01
4.716979e-02
3.157100e-01
3.933467e-01
3.544315e-02
2.342981e-02
-2.194023e-03
-1.769903e-01
1.851134e-01
1.206567e-01
-3.512240e-01
-5.638851e-01
1.637503e-01
7.555140e-01
-1.747252e-02
1.474194e-01
-1.435153e-01
3.982784e-02
1.030455e-01
-2.900580e-01
2.294759e-01
-2.214770e-01
-2.049687e-01
-2.922132e-01
-6.052401e-02
-2.205853e-02
2.028986e-01
1.314775e-01
-1.429650e-01
-3.099712e-01
2.525132e-02
-1.417476e-01
1.674206e-01
4.877657e-01
1.860217e-02
1.871520e-02
1.421675e-01
2.337640e-01
2.068441e-01
-2.541085e-01
2.220489e-01
3.066654e-01
3.985280e-01
6.989250e-02
5.119683e-01
-5.797433e-02
2.682320e-01
5.645540e-02
4.097649e-01
-5.814379e-01
1.893826e-01
-2.386044e-01
2.928686e-01
-1.496991e-02
-1.726977e-01
-1.439809e-01
3.844617e-01
-2.539054e-01
2.486914e-01
-5.398676e-01
-4.167413e-02
1.399412e-02
-1.926597e-01
1.998693e-01
3.365965e-02
3.642801e-01
-4.415327e-02
4.208325e-02
2.117848e-02
2.525877e-01
3.857460e-03
-4.103567e-02
-2.122566e-01
-4.087695e-01
-1.468287e-01
1.155201e-01
-1.812934e-02
-1.143056e-01
-4.440110e-01
1.338556e-01
1.120293e-01
-1.858229e-01
5.002956e-03
-1.258617e-01
-9.695170e-02
8.233283e-01
-1.535843e-02
3.708082e-01
-2.021028e-01
8.149189e-01
-1.310142e-01
-1.768527e-01
-2.858697e-01
1.559637e-01
-3.192390e-01
-3.505082e-01
-1.296892e-01
-1.201921e-01
-1.349394e-01
-6.411340e-03
1.931446e-01
-2.314801e-01
-1.567752e-01
-3.856429e-01
-1.934783e-01
-4.056463e-02
3.816579e-01
-1.371958e-01
6.655961e-02
2.879300e-01
3.229510e-01
-1.400032e-01
2.447813e-01
-2.350986e-01
1.581990e-01
-1.552697e-01
7.003945e-02
-8.048709e-02
1.504330e-01
1.021073e+00
2.328790e-02
-1.824683e-01
-3.834339e-04
4.502158e-01
-1.116825e-01
-1.124171e-01
-2.926994e-01
6.431822e-02
1.820169e-01
3.464197e-02
-4.937011e-01
1.210722e-01
-1.826050e-01
-3.123300e-02
6.433496e-01
-2.075295e-01
-1.827254e-01
-1.610556e-01
-3.378864e-01
-2.484425e-02
-2.830774e-01
-3.536980e-01
-2.861011e-01
5.850961e-02
-1.619084e-01
-4.383817e-01
-1.379579e-01
-4.781150e-01
-2.422128e-01
-4.259673e-01
-1.696906e-01
-2.539899e-01
-1.102944e-01
-2.620545e-01
-3.043722e-02
5.958394e-02
-2.622854e-01
-7.079960e-02
-4.743013e-02
-1.709761e-01
-2.100245e-01
1.533055e-02
2.386691e-01
-1.598408e-01
2.594954e-01
-5.697022e-02
-2.042283e-01
-2.332029e-01
2.586563e-01
-3.057548e-01
1.970043e-01
-1.232824e-01
-3.453941e-01
2.314945e-01
-2.560922e-01
6.583650e-01
8.475995e-03
1.395862e-01
4.433397e-02
-1.421268e-01
-3.000697e-01
-2.932530e-01
-1.953078e-01
5.724472e-01
-7.618674e-02
1.044880e-01
-3.797471e-01
-8.475477e-02
-1.326694e-01
-1.943879e-01
-3.913515e-02
-2.121673e-01
-1.412755e-01
-1.358579e-01
6.663410e-03
-1.946207e-01
1.063277e-01
-3.393194e-01
-1.442326e-01
-2.043732e-03
2.952269e-02
-2.143251e-01
9.095606e-02
1.408937e-01
-1.189416e-01
-3.088686e-02
3.868109e-01
1.957199e-01
-1.762615e-01
-2.157253e-01
-2.710585e-02
-1.087172e-01
2.354394e-01
2.865296e-01
-3.126603e-01
-9.891602e-02
-8.909895e-02
-2.248372e-01
2.703142e-01
1.153784e-01
5.648782e-01
1.741873e-01
-2.236827e-01
6.681485e-02
1.082086e-02
-3.398568e-01
-1.268383e-01
4.093301e-03
-1.276226e-01
3.388587e-01
3.186736e-02
6.056086e-02
-1.263717e-01
-5.510476e-02
-1.286294e-01
-5.281739e-02
-6.564575e-02
3.228835e-01
9.774747e-02
-7.265688e-02
5.567012e-02
-3.289505e-01
-6.872310e-02
2.832846e-01
4.576281e-02
-1.999543e-01
2.442809e-02
1.695562e-01
4.965822e-03
-1.554093e-01
2.804386e-01
-2.220756e-01
1.279313e-01
1.566847e-02
1.127294e+00
1.516282e+00
5.327994e-01
-2.218932e-02
-1.153067e-03
-8.545232e-02
3.137853e-01
-2.414529e-01
4.546017e-01
-1.801375e-01
3.627180e-01
-1.528769e-02
-1.502012e-01
1.333146e-01
-1.270148e-01
2.430749e-02
-2.310374e-01
-1.902037e-02
-3.271841e-03
4.605113e-02
1.973813e-01
2.135009e-01
5.837782e-02
-2.013069e-01
-3.909856e-02
-1.512741e-02
3.730062e-01
7.540978e-02
-3.114253e-01
3.158673e-02
-4.557742e-01
-2.427316e-01
2.852265e-01
1.172388e-01
3.270639e-01
-1.663428e-01
-3.507661e-01
-1.098303e-01
3.237846e-01
2.723963e-01
-2.212578e-01
-7.430400e-02
3.137969e-01
-2.605965e-01
2.215376e-01
3.858546e-01
-2.872964e-01
7.009532e-01
-7.160651e-03
-1.145497e-01
3.949517e-01
3.314285e-01
-2.300420e-01
-1.908891e-01
-1.324550e-01
-4.006754e-02
-1.721726e-01
3.719858e-02
1.827870e-02
9.551737e-01
9.606032e-02
2.393605e-01
3.215249e-02
-1.220849e-01
-2.412072e-01
6.249847e-02
-1.971807e-01
-8.918147e-02
-1.058043e-01
-1.173714e-01
2.376568e-01
2.430458e-03
3.845263e-02
1.299489e+00
-1.921447e-01
-3.336477e-02
-5.193660e-02
-3.869344e-01
-3.400528e-01
-2.413165e-01
-1.311912e-01
-1.583693e-01
7.531448e-02
-3.590550e-01
-3.268499e-01
-6.106421e-02
-1.847712e-01
-2.301289e-01
-3.036807e-01
3.423643e-01
-1.819292e-01
-8.283371e-02
4.087702e-02
-1.135723e-01
-2.543625e-01
-2.262377e-01
4.121888e-02
-1.936912e-01
-3.255399e-01
-1.765985e-01
-1.699388e-01
-1.299384e-01
-1.850173e-01
-5.765890e-02
4.879299e-02
2.824377e-02
-1.453637e-01
4.176410e-02
-8.584233e-02
6.297594e-02
-2.837213e-01
-2.945119e-01
-7.349433e-02
-3.596407e-02
1.164368e-02
-2.881250e-01
-3.861939e-02
-1.670002e-01
-1.621095e-01
-1.769274e-01
-1.580571e-01
-1.448662e-01
-1.217424e-01
5.602230e-01
-9.028322e-02
1.078963e-01
-7.827234e-02
-2.682936e-01
-2.820671e-01
-2.250899e-01
-1.493238e-01
-1.120648e-01
-2.706098e-01
-2.682995e-01
-1.666599e-01
1.434634e-01
-9.862949e-02
-9.457653e-02
1.109694e+00
2.473874e-01
-1.946706e-01
-2.731258e-01
5.573113e-04
4.504712e-02
-6.521945e-02
8.963814e-02
1.947882e-02
2.881811e-01
4.964940e-02
-8.180116e-02
-2.197950e-01
-1.254197e-01
-4.378995e-01
-4.457640e-02
1.038567e-01
8.103915e-02
7.224397e-02
-2.425585e-01
-2.179451e-01
-3.221200e-01
-1.090176e-01
-2.007683e-01
4.339745e-01
2.652830e-01
2.737242e-01
-3.656134e-01
-8.686166e-02
-2.784689e-01
-4.333742e-01
-2.381487e-01
1.292010e-01
1.864548e-01
-2.526731e-01
-1.518683e-01
2.692684e-02
1.801617e-01
-9.193769e-02
-4.245977e-01
4.919784e-01
4.195110e-01
3.922701e-03
1.190871e-01
-1.035588e-01
-4.863339e-02
-6.096672e-02
-1.479819e-01
1.612964e-02
6.257994e-01
3.058742e-01
2.623505e-01
-3.619536e-02
-1.203514e-02
-1.786430e-01
-1.536370e-01
-2.107121e-01
3.579223e-01
1.470243e-01
9.239384e-01
-1.684903e-01
-2.378619e-01
3.756460e-01
-1.135134e-01
-3.119901e-01
-1.688686e-01
-6.385960e-02
-6.731229e-02
-1.880416e-01
-1.501355e-01
9.171263e-02
-3.233908e-01
-7.417385e-02
-8.430037e-02
-1.148289e-01
2.047253e-01
-2.362325e-01
-7.894119e-02
-3.379254e-01
6.735571e-01
9.248921e-02
8.317380e-02
3.133318e-01
-3.256055e-01
-2.514776e-01
-2.080000e-01
1.098878e-01
2.077858e-01
6.643538e-01
-8.776248e-03
-1.810835e-01
-6.359564e-02
-2.491063e-01
-1.604561e-01
-1.071424e-01
-1.879897e-01
-1.087396e-01
7.167467e-03
9.017803e-02
-8.017524e-02
1.505954e-01
1.946296e-01
1.917501e-02
-1.590631e-01
-2.995089e-01
1.945845e-01
9.326822e-01
-3.997120e-03
9.098329e-02
1.263254e+00
6.026065e-03
9.367587e-02
-2.276392e-01
-1.515232e-01
2.293229e-02
-1.395022e-01
-4.550490e-02
4.347762e-01
-7.249864e-02
-2.442359e-01
-2.018649e-01
-1.382550e-01
-3.043788e-01
1.347570e-01
-8.809525e-02
-4.581974e-02
-3.719146e-02
-1.245630e-01
2.333043e-01
8.877829e-02
2.508716e-01
-1.903315e-01
4.781298e-02
3.877037e-01
-4.080006e-01
-1.102944e-01
3.872187e-01
1.442380e-01
-8.551952e-02
-3.971185e-02
-1.239563e-01
7.395710e-03
-1.297796e-01
-7.443454e-02
4.173589e-01
-4.108875e-02
1.542126e-01
-2.585737e-01
1.096688e-02
7.140952e-02
6.138850e-01
1.836930e-01
-3.923595e-01
3.879208e-01
2.895978e-01
-1.453288e-01
1.784869e-01
-5.892696e-01
2.192754e-01
6.009151e-01
2.953738e-01
1.622374e-01
2.273604e-01
-3.648884e-02
5.961841e-02
-2.121362e-01
-1.965381e-01
6.880837e-02
-7.824094e-02
4.522933e-01
-3.798240e-01
-6.134517e-02
-1.749178e-01
-7.625759e-02
-3.085566e-01
5.296091e-01
-2.401567e-01
2.141435e-02
2.312730e-01
-2.014720e-01
-2.017198e-02
-1.553122e-01
1.233774e-01
3.616104e-01
-2.034012e-01
-1.889616e-02
2.111745e-01
-1.560148e-01
1.381970e-01
3.173549e-01
2.627726e-02
-9.235967e-02
-1.637555e-01
-9.979538e-02
-1.881416e-01
6.237633e-01
-1.309861e-01
-2.620852e-01
-3.462653e-01
-1.086632e-01
-9.420275e-02
-9.047863e-02
7.355765e-02
-4.198267e-01
-1.954380e-01
-1.401694e-01
-7.181714e-02
-1.055810e-01
-1.300562e-01
5.103202e-01
5.264049e-02
-1.013228e-01
-2.911734e-01
1.230975e-01
2.807930e-02
1.098467e-01
-3.047072e-02
-7.338174e-02
3.667035e-01
6.964321e-01
7.080831e-01
4.357355e-02
7.187980e-02
1.317736e-01
-2.034695e-01
1.070567e-01
-2.241595e-01
-2.277535e-01
-1.153321e-01
-9.528379e-02
2.603069e-01
-8.553023e-03
-2.655142e-01
2.400644e-01
-2.731285e-01
2.514132e-01
3.947026e-01
8.974635e-02
-9.311540e-02
-2.937910e-01
-6.000639e-02
1.052182e+00
-2.713284e-01
-1.727947e-01
-4.742129e-02
-1.658747e-01
1.591182e-01
3.619877e-01
-1.201407e-01
-2.101302e-01
-2.416402e-01
-1.420700e-01
-7.980922e-02
-4.952990e-02
-2.326764e-01
-3.557552e-02
4.222331e-02
-6.920332e-02
-1.686828e-01
-1.341064e-01
2.423883e-01
-2.470352e-01
-2.355047e-01
-1.263371e-01
-2.113159e-01
9.710577e-02
2.981735e-01
-1.221176e-01
-2.661179e-01
-4.100837e-01
-2.775154e-01
3.759868e-01
-5.719770e-02
1.132843e-01
-1.987413e-01
2.370455e-01
6.586801e-02
1.119826e-02
-2.528970e-01
-3.730410e-01
7.472435e-01
-1.457274e-01
-1.333665e-02
1.637037e-01
-2.564260e-01
-1.614380e-01
1.314657e-01
2.788703e-01
-5.750620e-02
1.013018e+00
-1.582293e-01
-1.706807e-01
-2.184594e-01
4.599719e-02
1.534052e-01
-2.340925e-01
-6.138052e-02
-5.511391e-02
-5.053362e-01
-1.217811e-01
-5.139690e-03
1.566032e-01
3.026351e-01
7.947091e-02
3.954776e-03
-3.113527e-01
-6.781449e-02
-1.967354e-01
-1.364551e-01
2.708658e-01
-9.278049e-02
-7.906080e-02
-8.092929e-02
7.736197e-01
3.341743e-01
1.102557e-01
-2.872751e-01
1.544191e-01
-2.950465e-01
-1.143003e-01
-1.855673e-01
1.495996e-01
-1.437845e-02
3.422498e-01
-2.233307e-01
-1.423257e-01
5.850517e-02
-4.088016e-01
-3.166533e-01
-1.063359e-01
2.330505e-01
-2.352374e-01
5.484466e-02
-2.264627e-01
-9.519934e-02
2.164536e-02
-2.476196e-01
-1.076328e-02
2.055897e-01
4.846087e-01
5.102490e-02
-2.324896e-01
-2.056145e-01
-1.015729e-01
-1.194315e-01
1.138495e-01
9.389400e-02
1.060021e+00
-1.379198e-01
-9.550638e-02
-7.664866e-02
9.239735e-02
-2.247259e-01
1.684464e-01
-9.484266e-02
5.963472e-02
-1.992984e-02
1.512544e-01
7.085362e-01
-1.731527e-01
-3.218447e-02
1.225763e-01
-1.468361e-02
-2.645667e-02
-3.061968e-01
-7.203305e-02
1.192140e-01
-4.316948e-01
-4.168685e-01
-1.301790e-01
-1.106689e-01
-3.225004e-02
1.501552e-01
-2.821413e-01
1.141824e-01
-6.878386e-02
2.354706e-01
-2.023636e-01
-7.568511e-02
-1.259414e-01
-2.540714e-01
-3.010982e-02
2.458328e-01
-1.491483e-02
-2.986549e-01
2.947309e-01
-6.588469e-02
1.427389e-01
-4.580576e-01
9.212861e-01
5.038366e-01
-2.079472e-01
2.676942e-01
5.153285e-01
7.261778e-02
6.817326e-01
3.161536e-02
-9.327327e-02
-9.917548e-02
2.102642e-01
-1.755912e-02
-3.013680e-01
-2.841673e-01
7.132111e-02
-2.696352e-02
-7.712879e-03
2.616673e-01
-3.422629e-02
-1.735018e-01
-2.703876e-02
1.268887e-01
2.838935e-02
-2.036541e-01
-4.496535e-01
6.140785e-01
1.255597e-01
-1.936290e-01
-5.164658e-02
-4.119785e-01
-1.536600e-01
-1.516655e-01
-1.563374e-01
1.371655e-02
-1.284963e-01
5.141546e-01
4.703196e-02
-2.118941e-01
1.779789e-01
-7.744054e-02
-3.492218e-01
-4.235979e-01
-3.322378e-01
-3.052876e-01
-1.234950e-01
-3.951659e-01
-6.328458e-02
-2.846827e-01
1.930789e-01
-1.855389e-01
-2.123826e-01
-3.834959e-01
3.188286e-01
-3.036635e-01
-3.297589e-01
2.819723e-01
-3.733979e-01
-7.596090e-02
-9.785756e-02
-2.747581e-01
-1.872189e-01
6.315925e-02
-7.565085e-02
5.699386e-02
-2.056447e-01
-5.018378e-02
-2.178117e-01
-3.443918e-01
3.760681e-01
-1.175823e-01
3.673070e-02
-1.733708e-01
1.010953e-01
-2.486577e-01
1.102362e-02
-3.381593e-01
1.072611e-01
-2.230735e-01
3.386731e-02
-2.200540e-01
-1.457479e-01
-2.193024e-01
2.928355e-01
7.103515e-02
1.693287e-01
1.090442e-01
-2.789929e-01
-1.193851e-02
-4.471381e-02
5.698714e-02
-9.313490e-02
-3.343728e-01
-5.115748e-02
-2.445664e-01
-9.639903e-02
-2.338734e-01
-3.718035e-01
-1.065611e-01
4.619679e-01
1.967582e-01
8.590049e-04
2.238936e-01
-3.226343e-01
-3.078513e-01
-7.647376e-02
4.252134e-02
-2.154643e-01
-4.293583e-02
1.234836e+00
-3.334983e-01
-4.275475e-01
-2.983355e-01
5.111475e-02
4.255766e-01
-1.684310e-01
-1.573916e-02
-1.576257e-01
4.506319e-01
-2.090005e-01
-4.934043e-03
-1.703161e-01
-1.272550e-01
-6.119210e-02
1.798080e-02
4.741485e-01
-3.367110e-01
1.324726e-01
-1.231350e-01
1.278490e-01
1.516758e-01
-1.611353e-01
1.847830e-01
-3.337836e-01
-6.140431e-02
-2.194141e-01
2.399664e-01
3.390492e-02
-1.536229e-01
-1.334013e-01
1.740382e-01
-9.225002e-02
2.080606e-01
-8.175013e-02
-2.682627e-01
-1.664417e-01
-2.119958e-01
-1.725669e-01
1.061937e-01
1.002972e+00
-3.183630e-01
-1.029716e-01
4.936007e-02
-1.345217e-01
4.723466e-01
5.098366e-01
6.011562e-01
3.684060e-02
2.229347e-01
4.266578e-01
-1.570162e-02
2.156273e-01
-1.192664e-01
-3.332559e-01
-2.520991e-01
-2.475812e-01
8.551370e-01
-2.850005e-01
7.108829e-01
-1.135555e-01
-6.011832e-02
-4.573151e-01
2.460101e-01
4.380619e-02
6.239172e-01
4.244930e-02
-2.089108e-01
-1.223354e-01
-2.199827e-01
-3.535311e-01
3.282916e-01
-2.894356e-01
-2.313936e-01
-2.199215e-01
3.391993e-02
1.852332e-01
-5.883569e-02
1.094840e-01
2.416694e-01
-4.698702e-02
-1.192935e-01
2.946504e-01
1.536885e-01
-1.354348e-01
1.379328e-01
2.858797e-01
-9.080804e-02
8.159809e-01
1.385941e-01
1.987397e-02
1.171728e+00
-1.265571e-01
-1.010695e-01
4.778372e-01
-1.262638e-01
-4.912052e-02
-2.430671e-01
-1.705075e-02
-1.924894e-01
-1.392002e-01
1.065753e-01
-7.158935e-02
1.340849e-01
-3.296583e-01
-2.216229e-01
5.344438e-02
-2.011063e-01
2.843458e-01
2.613106e-01
-2.912756e-02
3.178624e-01
-2.100412e-01
4.277669e-02
-5.187212e-02
6.831224e-02
3.219970e-01
-1.745932e-01
-2.011789e-01
-3.000877e-01
-4.925348e-01
-1.503143e-01
2.534595e-01
1.149203e-02
-2.171218e-01
4.508643e-02
-8.601235e-02
-2.669800e-02
-3.917055e-01
3.656918e-01
-5.087699e-02
8.442240e-03
-1.734494e-01
6.988680e-01
-5.279846e-02
-2.908436e-01
-1.045357e-01
1.178551e-01
-2.643304e-01
3.344895e-01
3.890189e-01
-2.453429e-01
-2.040416e-01
1.436245e-02
3.779512e-02
-6.446013e-02
3.808966e-02
-3.001623e-01
-3.199867e-01
-2.979328e-01
2.917411e-01
-2.311207e-01
-2.964146e-01
-4.035815e-01
9.794565e-01
-1.884766e-02
3.400464e-02
1.994269e-01
6.692387e-02
3.741503e-01
2.737823e-01
-1.329338e-01
7.956206e-01
2.194127e-01
-9.867798e-02
-1.335273e-01
-2.213161e-01
-3.065428e-01
4.272445e-02
-1.108917e-01
-2.050065e-01
-2.466973e-01
3.823335e-01
-3.513999e-01
-9.836163e-02
5.294938e-01
-1.545720e-01
-4.675032e-02
-2.951481e-01
-2.429932e-01
1.001881e-01
-1.562569e-01
5.424196e-01
1.633875e-01
-2.586571e-01
1.269587e-01
1.214560e-02
-1.012966e-01
1.448653e-01
-9.351084e-02
1.666121e-01
2.260225e-01
4.961512e-02
2.811161e-01
-3.687605e-01
-2.792579e-01
5.465192e-01
4.286467e-02
-7.766781e-02
1.480210e-01
1.087380e-01
-3.037997e-01
-2.316869e-01
-3.605076e-01
-7.778622e-03
3.241023e-01
-2.232254e-01
-1.738318e-01
3.128152e-01
-3.414652e-01
-1.143747e-01
-1.046144e-01
2.217028e-02
-8.210265e-02
1.014658e-01
2.096599e-02
-1.239877e-02
-1.951489e-01
-2.242321e-01
1.945095e-01
4.686979e-02
2.160195e-01
-4.824479e-01
5.200426e-03
7.913340e-03
1.185467e-01
-2.568153e-01
9.619143e-02
-1.167630e-01
1.251731e-01
1.033592e+00
-1.291717e-01
-1.312974e-01
-5.074935e-02
2.047843e-01
6.560947e-01
-3.233611e-01
-7.422389e-02
-2.918513e-02
-1.725463e-01
2.928351e-02
1.371562e-01
-9.225595e-02
-4.823956e-01
-9.334338e-02
-1.216823e-01
-6.402521e-02
1.750697e-01
-1.609011e-01
1.341522e-01
1.602276e-01
6.430513e-02
-1.013448e-02
4.959439e-01
8.227893e-04
-6.983917e-02
6.822795e-01
-5.514877e-02
-2.928970e-01
5.239196e-02
9.909023e-02
-4.329073e-02
1.843703e-01
-3.325129e-01
-5.503834e-02
-1.887831e-01
-1.320585e-01
-2.909098e-01
2.656930e-01
-1.747617e-01
-5.989947e-02
-1.637122e-02
-8.243214e-02
2.339247e-02
2.174782e-01
9.095974e-04
6.944134e-02
-3.035201e-01
-3.495316e-01
-1.402691e-01
1.898630e-01
3.645670e-01
-1.124780e-01
-2.912098e-01
-5.950620e-02
-2.705375e-02
-2.589128e-01
-2.774013e-01
-3.963636e-03
8.314465e-02
-1.997650e-01
-1.808223e-01
9.882841e-02
-5.091995e-02
-1.840107e-01
3.901307e-02
-2.797471e-01
2.064484e-01
1.205456e-01
3.011702e-01
-1.909015e-01
-1.091500e-01
-1.461905e-01
-4.075580e-01
-5.441521e-02
1.434928e-01
-1.672629e-01
-1.259174e-01
-1.773344e-01
-1.232006e-01
-1.743294e-01
5.022422e-02
2.446623e-01
-7.856069e-03
5.190036e-02
-3.157537e-01
-1.247746e-01
1.658254e+00
-2.953917e-01
7.364761e-02
7.007475e-01
-3.471571e-01
4.916574e-03
3.981799e-02
-8.592597e-02
-6.444842e-02
-7.165753e-02
5.732779e-01
-1.178914e-01
1.590350e-01
-3.754710e-01
2.142304e-02
-2.113841e-01
4.494692e-01
-7.972200e-02
-4.008803e-01
-1.542366e-01
-5.920940e-02
-8.425891e-02
-1.850100e-01
-3.272860e-01
-3.101720e-01
-2.562612e-01
-3.638909e-01
-6.740070e-02
-7.959489e-02
-4.209525e-01
-2.204941e-01
2.910102e-01
-1.618618e-03
-6.234573e-02
5.877568e-01
1.073742e-01
-1.936146e-01
4.078424e-02
-2.217607e-01
-2.781802e-01
-4.948777e-01
1.125816e-01
-1.127920e-01
1.321718e-01
-5.329824e-02
-2.178519e-01
3.820991e-01
1.249630e-01
2.905710e-02
-4.010314e-01
-1.056325e-01
-2.209449e-01
-2.471889e-01
5.525017e-02
-2.614512e-01
3.692313e-01
-1.546047e-01
2.960057e-01
-6.064583e-02
-1.925120e-01
-2.543716e-01
-1.280717e-01
-2.298191e-01
-1.575003e-01
-5.021657e-03
-7.353818e-02
1.830392e-02
-1.359115e-01
8.174317e-03
1.183147e-02
-2.459148e-01
-3.331279e-01
1.437095e-01
2.065722e-01
2.805910e-01
-2.152118e-01
6.494357e-02
-1.019735e-02
-1.938629e-01
-1.839366e-01
7.072945e-01
-4.546450e-02
-1.601637e-01
-3.305696e-01
4.545308e-02
-1.213302e-02
7.710785e-02
1.808458e-01
-1.059370e-01
-1.563873e-01
-2.444475e-02
-8.010597e-03
-8.769815e-02
1.477572e-01
1.187160e-01
6.079731e-02
5.011427e-01
-1.453536e-01
-4.322409e-02
5.953695e-01
-3.915006e-02
-1.677919e-01
-2.369275e-02
1.744482e-02
-1.408682e-01
-3.179378e-01
1.481234e-01
-1.558335e-01
-3.162341e-01
-1.199510e-02
2.725883e-01
1.386219e-02
-1.600581e-01
1.309758e-01
-4.801143e-03
4.637310e-01
9.615988e-01
-3.133801e-01
-7.660729e-02
1.632275e-01
1.042058e-01
1.035470e-02
-3.924066e-01
2.980712e-03
-4.455838e-02
9.393959e-02
-1.951379e-01
-1.881939e-01
-3.570969e-01
4.654987e-01
1.567038e-01
7.661447e-02
-1.855327e-01
5.921491e-01
-2.996255e-01
-9.869473e-02
1.204293e-02
1.857920e-01
-5.788678e-02
-2.147257e-01
-2.044487e-01
-2.098502e-01
-4.011023e-02
-5.234351e-02
-1.412950e-01
-1.276516e-02
2.594865e-01
-1.958879e-01
-2.785310e-01
-2.713815e-01
-7.668366e-02
-4.159161e-01
1.482798e-01
8.621106e-02
4.990260e-02
4.606164e-01
-2.211249e-01
-2.566762e-01
-2.590010e-02
-2.714774e-01
-2.749952e-02
3.909861e-01
-1.858025e-01
-5.719156e-02
-1.531903e-01
-1.401552e-01
-6.737626e-02
2.844770e-01
-1.350666e-01
-6.411927e-02
4.929667e-01
-3.421109e-01
1.002743e-01
-1.225291e-01
-1.649725e-01
-2.318237e-01
2.088820e-02
-3.029854e-01
-2.793492e-01
5.063799e-01
-3.072598e-01
-8.370403e-02
-1.582004e-01
3.578061e-02
2.685439e-01
1.210982e-02
-1.234135e-01
-1.980180e-01
-4.497638e-01
-3.652890e-02
7.534008e-02
8.856723e-01
2.252361e-01
-6.179992e-02
-1.562507e-01
-3.213375e-01
5.582988e-01
-2.858999e-01
-3.987944e-02
-6.978919e-02
-2.320316e-01
1.605112e-01
-1.282929e-01
-9.072847e-02
2.643929e-01
-9.682809e-02
-3.235540e-01
-2.257652e-01
-2.730027e-01
4.889641e-02
5.023986e-02
5.583928e-02
1.979754e-01
2.945057e-01
-4.487622e-02
4.364650e-01
1.490578e-02
1.182911e-01
3.508919e-02
1.317499e-01
-2.404308e-01
5.183985e-02
-1.380655e-01
-1.774513e-01
7.867233e-02
-4.354881e-02
3.556223e-02
9.831518e-02
1.082321e-01
-1.299475e-01
3.922409e-01
-9.309211e-02
1.074491e+00
5.343234e-01
-1.154673e-01
1.299799e-01
-3.719387e-01
7.421732e-02
-1.612272e-01
1.536494e-01
-5.603879e-02
-1.698528e-01
3.581795e-01
-2.356908e-01
3.207999e-01
-8.635378e-02
1.059766e-01
-5.981539e-02
3.638588e-01
1.803259e-01
2.066487e-01
3.752115e-01
-4.445357e-01
-1.605024e-01
3.310927e-01
-1.312647e-02
4.657557e-02
6.349657e-01
-7.565407e-02
2.979367e-02
2.060189e-01
6.927369e-01
-5.228657e-03
3.614373e-02
5.971034e-01
-8.567397e-02
6.334888e-02
-1.866293e-01
1.223547e-01
-4.433623e-01
-1.481234e-02
-1.371336e-02
1.361838e-01
6.101185e-02
1.886955e-01
-7.874954e-02
5.261189e-02
-1.144493e-02
5.231996e-02
3.761643e-02
2.466980e-01
3.177684e-01
5.208307e-03
-2.787471e-01
-3.789711e-02
-2.104528e-01
5.444546e-01
6.787137e-01
3.519228e-01
7.411630e-02
-2.645274e-02
5.039776e-01
-2.680060e-01
2.786684e-01
-2.194250e-02
-9.713579e-02
-1.580389e-02
-1.424766e-01
-2.596655e-01
-4.431140e-02
1.158159e-01
-1.878271e-01
2.375856e-01
-8.544655e-02
-1.448628e-01
5.614446e-01
-7.586244e-02
-3.139985e-01
1.056424e-01
1.022766e-01
-1.470011e-01
-1.730548e-01
-2.881456e-01
5.022814e-01
-1.667816e-01
-1.471179e-01
-2.060845e-01
-2.599111e-01
-7.809993e-03
9.781994e-02
4.371205e-02
1.545846e-02
1.676753e-01
-3.211911e-02
-1.213401e-01
-1.196126e-01
-9.583946e-02
1.315499e+00
-9.688956e-02
-9.329838e-02
7.666405e-04
-9.656632e-02
3.624713e-02
-4.798013e-02
-5.751288e-02
7.733912e-02
8.938303e-01
1.516423e-01
-1.530832e-01
3.233804e-01
-7.870672e-02
-1.213788e-01
-2.418782e-02
-1.276609e-01
-6.171748e-02
-2.543251e-01
1.444427e+00
2.627055e-01
-2.248584e-02
3.375904e-02
-1.255615e-01
-1.975114e-01
-3.231559e-02
1.963933e-01
-1.185456e-01
-1.014181e-01
1.214683e-01
-9.775756e-02
7.626909e-02
-6.541039e-02
6.331707e-01
-1.911353e-01
-2.650678e-02
3.165469e-01
-4.255917e-02
3.114860e-02
-1.912694e-01
2.891342e-02
2.447957e-02
-7.984105e-02
-1.042855e-01
-2.276239e-01
6.444046e-02
2.836902e-01
3.118275e-02
-3.490045e-02
-2.991402e-02
5.438818e-02
-6.672300e-02
2.384784e-01
2.554806e-02
-9.591771e-02
-1.649142e-02
-3.230082e-02
2.675214e-01
1.649916e-01
-2.089717e-01
2.085469e-02
-3.720866e-01
3.696817e-03
3.300346e-01
7.244053e-02
-1.026526e-01
-6.812427e-02
-2.371201e-02
1.118587e+00
-9.730388e-02
7.547303e-02
6.949300e-02
1.291112e-01
8.511434e-02
-2.955833e-01
-9.284390e-02
-1.657939e-01
1.562083e-02
1.886179e-03
6.131115e-02
-2.401160e-01
-6.608497e-02
-1.336439e-01
4.862208e-02
-4.973371e-02
3.322378e-01
1.814322e-02
-2.215400e-01
1.043436e-01
-3.031413e-02
-1.876834e-01
3.427980e-02
-1.694983e-01
3.431618e-02
1.379468e-01
-7.663504e-02
-1.831265e-01
-2.404577e-01
1.924421e-01
-1.599938e-01
-1.264584e-01
-1.782297e-01
7.697953e-01
2.639957e-02
3.365912e-01
2.736599e-02
-1.396673e-01
-2.292007e-01
4.637647e-01
-2.022046e-02
1.923656e-01
-9.738789e-02
-1.019628e-01
1.870321e-01
5.313663e-03
-1.990193e-02
-7.657009e-03
5.399529e-03
-9.038203e-02
-1.588818e-01
-2.226487e-01
-1.684954e-01
-3.969308e-01
-3.771186e-01
6.108575e-03
-6.256038e-02
-2.273456e-01
8.472426e-02
-3.989435e-01
-1.059766e-01
-1.933741e-01
-3.305857e-01
5.817983e-02
-1.102011e-01
-9.063204e-03
1.931632e-02
3.030000e-01
-1.797877e-01
1.023972e-01
-9.338594e-02
1.029715e-01
-1.205984e-01
2.269043e-01
3.475773e-02
-3.157104e-01
-2.410657e-01
3.857153e-01
-3.309022e-01
4.881057e-01
-1.623617e-01
1.874107e-01
-1.387110e-01
-1.345481e-01
-9.651936e-02
2.794411e-01
-7.510483e-02
-1.923868e-01
-4.075684e-01
-1.907362e-01
9.014171e-02
-1.696309e-01
-4.069524e-02
5.296977e-01
4.455713e-02
-5.936407e-02
-1.894371e-01
-2.531883e-01
3.568455e-01
-5.528030e-02
1.071450e+00
-6.281388e-03
-6.959995e-02
-1.368079e-01
-2.374979e-01
-1.585153e-01
3.694974e-01
8.673412e-01
1.280090e-01
-1.396401e-01
-2.459852e-01
3.190477e-01
3.008026e-01
9.751179e-01
-1.746585e-01
6.492939e-03
1.477381e-01
2.116317e-02
2.034282e-01
-3.018299e-02
4.321795e-02
-1.527306e-01
1.125336e-01
-3.449137e-01
-1.736449e-01
-3.042558e-01
-2.689314e-01
2.562163e-02
2.725786e-01
-2.269833e-01
-1.302683e-01
-1.853675e-01
1.835072e-01
2.133779e-01
3.819553e-01
5.001731e-02
-3.273814e-02
8.415828e-02
1.679455e-01
5.199349e-01
8.353445e-02
-1.603561e-01
6.950349e-02
-5.369484e-02
-3.080856e-01
1.153072e-01
-5.690980e-03
-2.285961e-01
2.211601e-01
-3.420363e-02
1.359328e-01
-7.279630e-02
5.506922e-02
2.584257e-01
3.303998e-01
5.833342e-02
1.239253e+00
4.965219e-01
5.248210e-02
1.909338e-01
-2.001234e-01
3.570743e-01
-1.196091e-01
5.286793e-02
-1.206607e-01
-1.285964e-01
2.738495e-01
-2.415811e-01
-9.200861e-02
-1.780544e-01
2.354445e-01
-1.438383e-03
-8.578963e-02
4.409915e-01
3.563575e-01
1.547097e-01
-3.448263e-01
-3.438177e-01
2.061410e-01
-2.824276e-01
1.652165e-01
2.318130e-01
-1.186190e-01
1.231051e-01
1.992897e-01
7.427802e-01
1.717184e-01
1.724232e-01
2.027460e-01
-5.094669e-01
-3.078938e-01
-1.657132e-01
6.913695e-01
-2.313835e-01
6.504288e-02
-2.737274e-01
-1.243725e-01
-3.542039e-01
-1.179553e-01
-1.571138e-01
-6.435510e-02
1.013383e+00
-1.760206e-01
-2.479406e-01
3.266269e-01
6.149530e-01
8.689068e-02
4.124365e-01
-2.200360e-01
-1.563685e-01
-2.640978e-01
7.883884e-02
2.843458e-01
-1.301347e-01
-6.844050e-02
-1.609475e-01
-2.031152e-01
1.953242e-01
2.162108e-01
5.880119e-02
6.700277e-02
-1.156593e-01
-1.796498e-01
3.957973e-01
-2.343082e-02
-1.895107e-01
-1.402552e-01
1.603087e-01
3.874364e-02
-6.050006e-02
-1.571191e-01
-1.179884e-01
1.876390e-01
-2.163530e-01
5.435987e-01
1.336582e-01
3.037377e-01
1.025456e-01
2.669944e-02
1.157419e-01
-7.672976e-02
-1.515608e-01
1.026464e-01
-1.035851e-01
2.727589e-01
-1.113078e-01
5.270192e-02
-2.522041e-01
6.724913e-01
2.166820e-01
7.951845e-02
-2.303184e-01
-1.496617e-01
-1.039305e-01
4.456674e-01
8.389370e-02
-2.295179e-02
-3.740131e-01
8.405886e-02
1.319070e-01
-2.477870e-01
-1.986754e-01
-2.330636e-01
7.283373e-02
-1.419697e-01
7.032581e-01
3.694840e-01
6.623492e-02
1.296904e-02
3.138204e-01
6.453647e-02
3.077327e-01
-3.055348e-01
1.406634e-01
1.747459e-02
1.373292e-01
-2.425815e-01
1.106667e-01
-4.313631e-01
6.644935e-02
-8.520842e-03
-2.822780e-01
4.395376e-01
-1.244020e-01
-2.273192e-01
-1.166634e-01
3.591308e-02
-1.934331e-01
-2.697973e-01
-2.301093e-01
-2.469534e-01
5.164903e-01
3.350902e-01
-2.975404e-01
8.720855e-02
2.646199e-01
-3.135180e-02
1.138416e+00
-2.559493e-01
-9.644844e-02
8.646997e-02
-3.312829e-02
-3.046817e-01
4.807709e-01
8.394106e-02
7.693306e-02
-2.593238e-01
1.325763e-01
-1.825777e-01
2.002983e-01
1.443709e-01
1.178777e-01
-9.635782e-02
1.598922e-01
-8.088434e-02
1.308376e-01
8.163958e-02
6.306443e-02
-2.248234e-01
-1.018041e-02
-3.909699e-01
-1.075720e-01
-1.722900e-01
5.941398e-02
4.503333e-01
3.568781e-01
9.286661e-02
-2.327184e-01
-1.281763e-02
-1.390334e-01
-3.807244e-01
-1.844375e-01
-1.944865e-01
-1.359410e-01
-4.990439e-01
-7.679642e-02
7.933810e-01
-1.366553e-01
-3.377863e-01
-9.233629e-02
-8.648585e-02
-8.185995e-02
5.371961e-02
-2.168221e-01
-2.426656e-01
-4.927998e-01
-1.625177e-01
-8.207939e-02
1.270500e-01
-2.291220e-01
9.168622e-02
-2.297141e-02
-1.624405e-01
-4.007725e-02
6.088630e-02
1.500978e-01
-1.307581e-01
-2.682352e-01
5.895549e-02
-8.779417e-02
-2.794178e-01
-1.223437e-01
2.563345e-01
-1.634492e-01
-1.664039e-01
-1.675633e-01
-9.937503e-02
-2.249439e-01
6.289770e-03
5.449593e-03
-5.146998e-02
-5.483124e-02
-8.967219e-02
-4.323678e-02
1.018770e-01
1.341625e-01
-2.571595e-01
-2.913866e-01
2.068107e-01
-1.098796e-01
-7.934858e-02
-1.226839e-02
7.419714e-02
-1.064526e-02
2.195439e-01
-1.854960e-01
-1.176177e-01
-3.765170e-01
-2.329116e-01
1.611056e-01
-2.297687e-01
-2.642938e-01
-5.824796e-02
-3.102307e-01
2.801435e-01
1.936141e-01
-1.700294e-01
1.755074e-01
6.094070e-02
2.907741e-01
-4.644752e-02
4.257881e-02
2.857151e-01
1.785300e-01
7.335684e-02
-7.146124e-02
3.089496e-01
-2.926063e-01
-1.996505e-01
-2.138619e-01
-2.514175e-01
2.758816e-01
3.040536e-01
-2.301553e-02
1.536148e-01
-2.362853e-02
-4.126310e-02
-9.569637e-02
-2.424565e-01
6.813268e-03
6.066939e-02
2.484391e-01
-2.333219e-01
7.826078e-03
-2.271623e-01
-1.192935e-02
-3.268387e-01
-2.998546e-01
-2.262260e-01
5.323595e-02
1.603281e-01
5.739105e-01
-1.461116e-01
-6.804972e-02
6.731794e-02
1.307258e-01
4.706068e-03
2.203712e-01
-2.154408e-01
1.626626e-01
-3.144817e-01
1.591538e+00
1.924670e-01
-1.235938e-03
5.226669e-01
-1.546117e-01
2.299489e-02
-8.432326e-02
-1.466783e-01
-1.380582e-02
3.903592e-01
-2.246328e-01
-2.294202e-01
-4.762749e-02
-9.663041e-02
-2.910666e-01
8.875450e-01
1.158794e+00
-8.752833e-02
-1.136828e-01
2.312497e-02
2.508946e-01
7.324473e-02
1.235651e-02
4.837624e-01
-3.170190e-01
2.049874e-01
2.365036e-04
-8.331555e-03
6.865217e-02
2.647009e-01
-6.196141e-02
2.186818e-02
1.729160e-01
6.161684e-02
-1.820643e-01
2.154069e-01
-1.830296e-01
1.160310e-01
-1.327085e-02
-6.666802e-03
-2.207972e-01
6.610963e-02
-8.904697e-02
2.146567e-01
1.427408e-01
1.282625e-01
2.583719e-01
2.945036e-01
-9.306242e-02
7.223783e-01
1.137225e-01
1.470823e-01
1.034369e-01
1.308318e-02
3.033795e-02
4.456811e-01
-3.173945e-01
-3.626660e-02
-1.246652e-02
-8.210224e-02
-1.335761e-01
-2.480013e-01
-1.506437e-01
-5.613164e-02
-1.424292e-01
-1.730479e-01
-5.057769e-02
-7.565399e-02
-2.039960e-01
1.032678e-01
-3.656624e-01
2.324775e-01
-1.180042e-01
-1.702117e-01
4.474757e-01
-1.062006e-01
-1.384469e-01
1.324968e-01
4.306219e-02
-1.954920e-01
-2.779859e-01
-2.824542e-01
3.131900e-01
1.187636e-01
-2.836591e-03
-4.520166e-02
-8.651764e-02
-2.191934e-01
5.635755e-01
1.495932e-01
-2.393431e-01
-5.997150e-03
1.968983e-03
-1.382863e-01
2.101131e-01
-6.074795e-02
5.822706e-01
-2.761081e-01
-9.654158e-02
-9.969742e-02
-7.619464e-02
-1.029188e-01
-5.930448e-02
1.810946e-01
-3.548719e-02
-1.922595e-01
2.855882e-01
-4.794205e-02
-4.015715e-01
-2.648925e-01
-2.915839e-01
1.182807e-03
9.542213e-02
-2.269974e-01
-2.221177e-01
-3.462121e-02
6.777166e-01
3.919392e-02
-1.636143e-01
-1.160804e-01
4.999383e-02
7.885154e-01
-3.624023e-02
-1.929668e-01
2.916436e-01
1.189032e+00
-6.474798e-02
1.988563e-01
-4.486847e-02
2.586013e-01
5.342915e-01
-7.884762e-02
-2.809888e-02
1.027517e-01
8.508965e-02
7.041159e-02
-1.440882e-01
-2.666061e-01
-1.349100e-01
2.090772e-01
3.968016e-01
1.218932e-02
2.453697e-01
6.107332e-01
-5.054148e-01
1.427155e-01
1.066486e-01
-3.322574e-01
-7.116334e-02
1.337117e-01
-3.850047e-02
-9.731873e-02
-5.085757e-02
1.057578e-02
1.167286e-01
4.815197e-02
1.321850e-02
2.072238e-01
-2.035967e-01
2.822691e-02
-4.358807e-01
3.696501e-01
3.223715e-01
6.634023e-01
4.558885e-01
1.979544e-01
2.549339e-02
5.972491e-03
2.169217e-01
1.587320e-01
-1.508896e-01
6.229474e-02
2.160611e-02
6.937013e-01
5.391025e-02
-1.407356e-01
-8.102019e-02
1.359499e-01
8.615708e-02
-8.538730e-02
5.956567e-01
1.951270e-01
3.544558e-01
-4.769249e-02
-1.379465e-01
-6.169505e-02
2.098096e-01
-2.057819e-01
1.087767e-01
-5.880250e-02
1.361393e-02
1.966192e-01
5.486824e-01
-3.413538e-02
4.688253e-01
4.283969e-01
-5.449148e-02
1.566743e-01
-1.706321e-01
-2.009859e-01
8.629727e-02
-1.087740e-01
1.938008e-01
-6.670000e-02
9.754869e-02
-6.984350e-02
1.907881e-01
-3.190902e-02
6.427296e-02
3.304926e-01
-1.341511e-01
-1.412330e-01
-2.214305e-01
4.036345e-01
-6.742279e-03
-2.034304e-01
-2.039376e-01
4.085520e-02
-6.470292e-02
-1.410507e-01
2.057278e-02
2.124160e-01
-8.044966e-02
5.779917e-01
1.963099e-01
1.625387e-01
-1.209864e-01
2.422962e-01
-1.577415e-01
-2.517828e-01
1.248624e+00
2.633205e-01
-2.411435e-01
6.688430e-02
-2.022317e-01
-5.278943e-02
2.407048e-01
-8.247104e-02
-3.008645e-01
1.513476e-01
-3.569094e-03
6.940059e-02
-1.073234e-01
-1.539711e-01
2.340503e-01
2.851489e-01
3.267287e-02
-1.676205e-01
2.975396e-01
-1.370630e-01
-1.008512e-01
9.742497e-02
-5.464577e-02
-2.291443e-01
-1.937898e-01
-2.728931e-01
-1.514213e-02
5.439820e-01
-3.148329e-02
4.191461e-01
-1.483071e-01
-2.291210e-02
-6.237002e-02
1.274105e-02
-7.538404e-02
2.377130e-01
5.502694e-03
-1.874264e-02
-3.795057e-01
-3.629525e-01
-2.796265e-01
7.961548e-02
1.063893e-01
-2.588068e-01
-5.044623e-02
1.121166e-01
1.602487e-01
4.383942e-01
3.301120e-01
-4.481127e-02
-1.360960e-02
-1.573319e-02
5.896592e-01
-4.723425e-01
7.384144e-01
-2.693536e-02
-3.199038e-01
1.022824e-01
1.381284e-01
6.623327e-01
6.273432e-02
-3.084714e-01
-8.788699e-02
-1.474848e-01
-1.204940e-01
2.870942e-02
4.102864e-01
-3.224476e-02
6.526166e-01
-2.862621e-01
3.361325e-01
5.168339e-01
-1.758342e-01
-1.128551e-01
-2.806562e-01
5.111684e-01
4.777085e-01
-4.242387e-02
-3.214652e-01
1.351287e-02
-2.229149e-01
1.813939e-01
7.759158e-03
2.959190e-01
-2.670515e-01
2.787832e-01
7.012708e-02
3.782370e-02
-2.685413e-01
-1.417446e-02
1.439920e-01
3.800355e-01
1.152854e-01
-3.660153e-01
2.032525e-02
-2.115529e-01
8.053545e-02
7.493731e-01
-1.623947e-02
-2.659722e-01
2.415282e-01
-1.663393e-01
-1.766968e-01
1.153292e-01
-1.845156e-01
1.013428e-01
-3.304702e-02
3.036425e-01
-3.541552e-01
-3.239078e-01
-4.449522e-02
5.288437e-03
1.782247e-01
-1.277690e-01
-7.449237e-02
-4.014381e-02
-1.043300e-01
2.044379e-01
1.084577e-01
-2.671059e-01
5.247387e-02
1.828135e-01
2.404439e-01
1.078246e+00
-1.071175e-01
2.700273e-01
-3.856384e-02
-9.947192e-02
7.847961e-02
-7.956807e-02
-2.077872e-01
-4.361947e-01
8.373626e-02
1.802763e-01
-2.588035e-01
-7.206371e-02
-1.010517e-01
2.889397e-01
4.042693e-01
1.693505e-01
-8.140726e-02
-1.390654e-03
-3.016736e-01
-1.899181e-01
2.374341e-01
-9.284678e-02
2.827665e-01
-1.629370e-01
-3.123769e-01
1.503973e-01
5.602571e-02
2.118783e-01
-4.176331e-01
-8.301406e-02
-6.297296e-02
-1.773724e-01
2.118053e-01
-1.595185e-01
-8.498929e-03
-2.347733e-02
3.541483e-01
-1.373724e-01
2.619379e-01
-3.440292e-01
9.537135e-02
-1.228227e-01
-1.433904e-01
4.165626e-01
-1.721947e-02
3.683153e-02
-1.714036e-01
5.184182e-02
-2.176706e-01
-4.158553e-01
6.504329e-02
-2.860467e-01
-2.502830e-01
1.531454e-01
-9.322088e-02
-3.367538e-01
-3.254663e-01
-1.745110e-01
-1.645846e-01
-1.760353e-01
-7.710516e-02
2.127298e-01
1.023841e+00
-1.827806e-01
1.395275e-01
-7.308143e-03
1.258699e+00
-4.326696e-01
-1.822312e-01
1.537798e-01
8.878034e-02
-1.181771e-01
-1.734659e-01
-1.984099e-03
-2.104117e-02
2.696813e-01
-7.506364e-02
-2.155278e-01
9.777391e-02
-6.106952e-02
2.513342e-01
5.624137e-02
-4.044363e-01
-1.119009e-01
-6.086263e-02
1.506264e-01
1.065388e-01
2.424193e-01
-2.665728e-01
-9.765626e-02
-1.978358e-02
-1.748163e-01
1.575010e-01
4.884664e-02
5.016052e-01
-2.115251e-01
-2.919544e-01
-2.108242e-01
-1.753193e-01
2.238004e-01
4.471733e-01
1.899315e-01
-2.170290e-01
-1.156228e-01
3.011535e-01
-1.927636e-02
-1.935342e-01
2.787420e-01
-2.053873e-01
-2.241883e-01
-2.035166e-01
-2.611119e-01
-4.159554e-01
-3.224599e-01
-4.080718e-02
-2.649284e-01
-1.200458e-01
9.214988e-01
2.255760e-01
-1.692589e-02
2.405418e-01
-2.930160e-01
2.658355e-01
-9.151581e-02
3.214300e-01
2.414483e-01
4.095102e-01
-1.779134e-01
2.089221e-01
9.813033e-02
3.390270e-01
-1.479235e-01
9.902258e-02
-8.769868e-03
2.976645e-01
-1.768823e-01
-2.331396e-01
-1.944548e-01
9.808183e-02
-2.136872e-02
8.124106e-02
5.167857e-02
7.534645e-01
-5.486762e-03
-1.405082e-01
-2.741512e-01
-3.574956e-01
5.822295e-02
-1.126953e-01
-6.922583e-02
-2.206761e-01
-5.676083e-02
2.423854e-02
-1.444031e-01
-2.337692e-01
-2.698716e-01
3.656602e-01
8.836401e-02
-1.383318e-01
2.817446e-02
-2.022397e-01
-4.518365e-02
2.388175e-01
3.199487e-01
1.771662e-01
-1.359269e-01
-1.238263e-01
-1.502741e-01
3.864025e-01
-2.229418e-01
-2.125653e-01
8.090212e-03
-5.242981e-01
4.258706e-02
-3.601587e-01
-1.133369e-01
-1.973509e-01
-1.264801e-01
-3.604999e-01
-2.888680e-01
-1.366563e-01
-1.098779e-01
-2.160165e-01
3.085629e-01
6.640933e-02
-1.814829e-01
-1.173208e-01
-1.690802e-01
-2.324563e-01
-2.273545e-01
1.134232e-01
3.561865e-01
1.586473e-01
2.039384e-01
1.255438e-01
-1.094993e-02
-4.367292e-02
-1.862668e-01
3.039161e-01
-1.349527e-01
2.207506e-02
-4.553982e-01
1.886441e-01
-2.972458e-01
-1.214054e-01
-2.087236e-01
-1.690791e-01
-6.110847e-02
-4.057508e-02
6.095248e-01
-2.178019e-01
-1.597092e-01
1.981991e-01
8.324458e-01
-1.948314e-01
-7.054869e-02
1.550616e-02
-5.352498e-01
-3.422966e-01
-3.087603e-01
4.811382e-01
-1.216349e-01
-2.863002e-01
-2.504203e-02
-3.561794e-01
1.341306e-01
-1.520206e-01
2.597364e-01
8.310736e-01
-4.307128e-01
-1.242283e-01
-2.218266e-01
1.061986e-01
1.094392e-01
1.378043e-02
2.569495e-01
-4.030162e-03
-1.973055e-03
4.673861e-03
-2.427189e-01
3.839907e-02
-1.965239e-01
-1.930750e-01
-3.002133e-01
-2.600020e-01
1.591467e-01
2.641904e-01
-1.361704e-01
4.705076e-01
-1.925557e-01
-5.514205e-02
-1.705297e-01
-3.404882e-01
5.361051e-02
2.825158e-02
-1.344955e-01
1.567911e+00
-5.583599e-02
2.535548e-01
-2.310613e-02
-3.271955e-02
-2.592780e-03
-3.039611e-01
4.212231e-02
7.908317e-02
-1.868860e-01
-1.583268e-01
-5.217617e-02
-1.014053e-01
-2.956252e-02
-1.784781e-02
-2.280833e-01
-2.812215e-02
-2.953185e-01
-7.651776e-02
1.346956e-01
1.027007e-01
1.567010e-01
-1.687784e-01
-9.575175e-02
-3.127474e-01
-1.951426e-01
-3.298447e-01
-7.590539e-02
3.076290e-01
3.063728e-02
2.003332e-01
-2.217773e-01
1.299206e-01
3.271346e-04
-2.926539e-01
9.172178e-03
2.520635e-01
2.146810e-02
3.872119e-01
5.375196e-02
2.107829e-02
5.791026e-01
5.420493e-01
-1.068093e-02
5.196385e-02
3.759304e-01
1.162590e-01
-1.036912e-01
-1.226935e-01
1.864522e-01
-1.385963e-01
4.747530e-02
-1.106795e-01
9.799742e-03
-6.278219e-02
-3.837766e-02
2.517407e-02
2.796303e-01
-1.013959e-02
-2.471405e-01
-2.513683e-01
5.859931e-01
1.401688e-02
1.428943e-01
-2.528628e-01
9.479510e-02
1.197942e-01
-4.032439e-01
-2.055831e-01
-3.051958e-02
1.950448e-01
-4.004648e-01
-9.475581e-02
-1.542944e-01
-9.402779e-02
-4.223887e-01
3.428271e-01
-2.160031e-01
-1.519397e-01
-8.301400e-02
3.028725e-01
-3.003373e-02
2.308017e-01
-2.004212e-01
1.037142e-01
8.413679e-01
-8.873330e-02
-4.586164e-01
-9.807121e-02
3.729216e-02
2.469045e-01
2.521123e-01
-4.298628e-01
1.643889e-01
-2.614549e-02
-4.009541e-02
-2.704563e-01
-1.740272e-01
1.949690e-01
3.835980e-01
-2.650963e-01
-2.557288e-01
-7.032279e-02
8.435777e-02
-4.639881e-01
2.270236e-01
2.258656e-01
1.362129e-03
1.887420e-01
-9.178624e-02
1.743562e-01
5.996291e-02
4.501754e-01
1.231919e-01
-7.073191e-02
2.451452e-01
-2.976051e-01
-1.775983e-01
-2.633620e-01
2.359062e-01
-2.458216e-02
6.471465e-02
-1.516978e-01
6.029893e-03
-2.284973e-01
1.325060e-02
2.832565e-02
1.842782e-02
-7.462496e-02
5.682665e-01
7.982985e-02
-4.534860e-02
3.923608e-01
1.594144e+00
-2.488112e-01
-2.082573e-01
-1.359856e-01
6.478377e-02
-2.163057e-01
5.291596e-02
1.461065e-01
-1.597591e-01
6.718191e-02
-2.099190e-01
-3.438985e-02
-2.325493e-01
-6.621127e-02
-1.768284e-01
6.412497e-01
5.825000e-02
-1.127889e-01
-1.461728e-01
-7.859195e-02
8.795366e-02
-2.686394e-01
-2.129136e-01
-2.589590e-01
-1.444156e-01
9.368673e-04
2.447607e-01
-2.063689e-01
-1.157539e-01
3.116775e-02
4.366478e-01
-1.167066e-01
-6.749775e-02
-5.950953e-02
1.202705e+00
7.159279e-02
-1.412518e-01
5.168157e-01
-3.237709e-01
2.604725e-01
-7.054710e-02
3.127930e-01
8.504084e-02
-1.029688e-01
-3.900520e-01
-3.753015e-01
1.088794e-01
1.678176e-01
-1.420550e-01
9.504692e-02
-8.740101e-02
-2.895430e-01
2.948692e-01
-2.763425e-01
-1.179024e-01
-8.231158e-02
1.047260e-01
2.133211e-01
-3.487483e-01
1.004748e-01
-1.611634e-01
-3.216423e-01
-1.981572e-01
2.785324e-02
-2.657847e-02
-9.126148e-02
-8.049390e-02
-7.459176e-02
2.991840e-02
7.827306e-04
1.244680e-01
-1.048110e-01
-5.504206e-02
-1.584047e-02
-1.496104e-01
-3.862928e-01
-2.366687e-02
-9.867331e-02
9.827909e-02
2.317305e-01
-7.035951e-02
-2.470095e-01
1.145049e-01
5.661192e-01
-4.092532e-01
-8.884827e-02
-2.355670e-01
-2.014143e-01
-3.069429e-01
-1.236254e-01
1.977558e-01
2.182449e-01
9.296404e-01
-7.428350e-02
8.527519e-02
2.385443e-02
3.910278e-01
1.035510e-01
1.555214e-01
-6.032406e-02
-2.377768e-01
2.419118e-02
2.417695e-01
-1.576649e-01
-7.830574e-02
-4.503779e-02
-5.348439e-02
-5.295196e-02
-1.617978e-01
4.047560e-01
3.316836e-02
-2.304480e-01
-1.922677e-01
-4.078955e-02
-1.753501e-01
1.717840e-01
3.598309e-03
-1.026270e-01
-4.151642e-02
2.579579e-01
-5.881335e-02
-1.858582e-01
1.152540e+00
-1.610811e-01
2.189162e-01
-3.666422e-01
2.019416e-01
-5.913127e-02
-1.296485e-01
-1.527460e-01
-2.206230e-01
4.034677e-01
5.120028e-01
6.124011e-02
9.035071e-02
-1.587437e-01
3.808557e-01
4.988819e-01
-1.212132e-01
-1.565062e-01
7.689829e-01
2.974727e-02
-1.510917e-01
3.774628e-01
7.633839e-02
-1.208220e-01
3.991486e-02
2.645016e-01
5.699838e-01
4.173337e-01
-1.320594e-01
-2.240398e-01
1.300996e-01
2.402766e-01
-1.990624e-01
1.933977e-01
-5.295918e-02
-2.272832e-01
6.235952e-02
-1.731885e-01
1.787717e-02
4.094694e-03
-3.385329e-03
-1.374782e-01
2.958352e-01
2.508265e-01
-2.762556e-01
6.705151e-02
-1.831547e-01
-4.699294e-02
1.134663e-01
-1.616160e-02
-1.307820e-01
-1.524860e-01
2.999609e-01
2.381742e-03
-2.131660e-01
-8.046172e-02
-1.439326e-01
-2.348058e-01
-1.082046e-01
-9.638288e-02
3.327151e-02
-1.712780e-01
2.385887e-01
-9.308409e-02
-7.526547e-02
-9.950519e-02
-4.511650e-02
-9.986999e-02
2.799546e-02
4.860672e-01
3.852023e-02
-3.013885e-01
8.889969e-03
-4.020576e-01
1.734289e-01
2.108032e-02
-1.487213e-01
5.752980e-02
-4.333491e-02
-1.620776e-03
5.017405e-02
-1.957259e-01
1.542505e-02
8.884206e-02
-2.675123e-01
2.279778e-01
-3.023026e-01
2.281027e-01
3.962179e-02
-2.180402e-02
-1.259511e-01
2.042162e-01
-6.577267e-02
-1.162974e-01
-5.751067e-02
-1.543313e-02
1.506857e+00
-9.395210e-02
3.340290e-01
-1.107814e-01
-2.180901e-01
9.647191e-02
-2.834834e-02
2.456202e-03
-5.314268e-02
-9.710290e-02
4.241220e-01
5.765834e-01
3.590904e-01
-2.195343e-02
1.657981e-01
1.568745e-01
-1.912634e-01
-1.188646e-01
-9.762426e-02
-3.140100e-02
-1.350843e-01
-3.820771e-01
1.016624e+00
-1.857727e-01
-6.556833e-03
-1.156294e-01
-4.145091e-02
-5.091075e-02
-3.120652e-02
-2.387979e-01
9.820095e-02
-2.201882e-01
-5.893238e-02
-2.894744e-02
-3.361860e-01
1.204191e-01
-1.342695e-01
7.541203e-02
3.095395e-02
-1.559902e-01
1.044441e-01
6.313932e-02
-2.108465e-01
-1.961193e-01
-1.369617e-01
-1.868097e-02
-3.858752e-01
-2.158386e-01
-4.343406e-02
-1.466565e-01
-9.044655e-02
5.992352e-02
-3.422716e-01
5.822776e-02
1.707304e-01
2.416822e-01
3.023737e-01
2.586368e-01
-1.968122e-02
2.956402e-02
4.224167e-02
-2.748604e-02
-1.561812e-01
-3.757443e-02
-5.244717e-02
-2.499675e-01
-1.853371e-01
-2.500510e-01
2.911495e-01
2.693794e-02
3.032769e-02
2.845252e-01
1.198262e-01
-8.764897e-02
2.130437e-01
8.581153e-01
-8.204485e-02
7.156611e-02
1.536279e-01
-9.024148e-02
-1.702654e-01
-1.127391e-01
1.324470e-01
-2.222735e-01
6.707748e-03
-2.665637e-02
-1.051153e-01
-2.085711e-01
-1.305148e-01
-2.472552e-01
-1.157172e-01
2.827112e-01
-2.323577e-01
-1.271739e-01
9.361384e-02
1.217186e-01
-1.969433e-01
1.951952e-01
-2.151189e-01
-5.585670e-02
1.167476e-02
1.956899e-01
-1.011525e-01
-2.184424e-01
-3.718898e-01
-1.400640e-01
8.571541e-02
-2.076928e-01
-2.218183e-01
-1.089339e-02
-1.888587e-01
2.920130e-01
-3.335798e-01
-3.626522e-01
-3.753433e-02
-5.259336e-02
-4.673652e-01
-1.054018e-01
1.870436e-01
3.854082e-01
-6.029678e-02
-2.302273e-01
-4.564757e-01
5.184966e-01
3.159956e-02
-2.014137e-02
6.827375e-02
-1.525296e-01
-1.264481e-01
-2.293033e-01
-1.546776e-01
2.077150e-01
-1.005212e-01
1.278293e+00
-1.006138e-01
1.293599e-01
-1.113469e-01
-1.891233e-01
3.165123e-01
4.511547e-03
2.075817e-01
-2.964624e-01
-8.847619e-02
-1.233968e-01
-6.362578e-02
-2.598639e-01
-1.364040e-01
8.604594e-02
-2.104153e-01
-1.929594e-02
-2.998722e-02
-4.394503e-01
-2.256831e-01
2.428897e-02
1.113348e-01
-1.531097e-01
-4.625694e-02
-1.323885e-01
1.333172e-01
-9.424106e-02
-2.358666e-01
-2.426050e-02
-1.001168e-01
2.874484e-01
-1.259005e-01
3.024924e-01
-6.199716e-03
-7.592864e-02
1.364102e-01
3.307351e-01
3.658557e-01
-2.402777e-01
-1.595135e-01
8.384953e-02
-8.432209e-02
-1.539675e-01
1.822981e-01
-1.928723e-01
-2.429577e-01
-2.266268e-01
-9.976800e-03
1.081572e-01
-2.145286e-01
-2.487526e-01
-2.793177e-02
-2.717675e-01
-1.012311e-01
-4.337819e-02
-3.622088e-03
-4.931702e-02
-1.945383e-01
-1.193294e-01
-5.175147e-02
-3.883069e-01
-3.063218e-01
-5.380482e-02
-3.334215e-01
-6.813204e-02
-2.156113e-01
1.753509e-02
4.730558e-02
1.745203e+00
2.230315e-01
1.181443e-01
2.918987e-01
-5.755126e-02
-2.115049e-01
-1.593403e-01
-1.977672e-01
-9.117462e-02
-2.828092e-01
-1.974447e-01
-3.005252e-01
-1.015086e-02
-2.072942e-02
-1.095215e-01
1.033713e-01
3.485863e-01
3.981794e-01
-9.939846e-02
3.569672e-02
-3.766076e-01
1.124123e-01
-4.779677e-02
-2.360211e-01
4.520606e-02
-1.428747e-01
2.719785e-01
1.645770e-01
-7.710341e-02
9.860245e-02
-2.448356e-01
-1.609787e-01
1.638134e-01
8.084117e-02
-1.147899e-01
-1.140105e-01
-1.355752e-01
-1.391359e-01
-1.186427e-01
2.736756e-02
-5.533905e-03
-2.977071e-01
-1.724629e-01
-5.232954e-02
2.206376e-01
-1.287008e-01
-1.927880e-01
-1.215476e-01
-1.400724e-01
7.943083e-02
-2.351338e-01
1.757094e-01
-2.444426e-01
-9.718875e-02
2.442106e-01
-1.985069e-01
2.574126e-01
2.750784e-01
-2.051558e-01
3.552121e-01
1.901092e-03
1.849112e-01
-1.232459e-01
1.245974e-01
-1.722890e-01
-1.776421e-02
4.695328e-01
-1.320769e-01
1.151760e+00
2.846220e-01
-5.656633e-02
3.566344e-01
-7.652791e-02
-3.134219e-01
-8.364105e-02
8.559722e-01
2.925641e-01
8.446669e-02
1.992473e-01
3.574213e-01
-9.115304e-02
-3.303822e-01
-1.763459e-01
-2.187888e-01
-1.998589e-01
1.430433e-01
-4.309175e-01
-5.411360e-02
-1.754722e-02
1.400325e-01
9.028022e-02
3.274109e-02
-3.789431e-01
2.041054e-01
-3.022583e-01
-2.226330e-02
-5.407786e-02
3.508738e-02
-6.071021e-02
3.639719e-01
-1.020188e-01
-4.635713e-02
4.907176e-02
-3.448144e-02
-9.251012e-02
-2.388205e-01
-2.172595e-01
4.986849e-02
9.107503e-02
-2.513427e-01
1.363631e-01
9.218347e-02
1.141390e-01
-1.228312e-01
-3.659717e-01
5.837511e-02
-3.722894e-01
3.159010e-01
1.339883e-01
2.733759e-02
-9.796575e-02
-6.761781e-03
-1.864860e-01
-1.309907e-01
-1.349355e-01
-1.973692e-01
2.815699e-01
4.181194e-02
-1.737420e-01
-3.580997e-02
-4.892482e-03
-1.253698e-01
-3.949334e-01
1.656854e-01
-1.391319e-01
-1.002534e-01
-1.977667e-01
-9.681938e-02
1.355933e+00
-1.462267e-01
-3.743026e-02
4.778537e-01
-1.084925e-01
-2.778233e-01
5.548252e-02
3.312556e-02
-2.150676e-01
1.744214e-02
8.364301e-04
-1.740199e-01
1.509801e-01
-7.034417e-02
-3.554196e-01
-2.435855e-01
3.367360e-01
-1.593993e-01
-1.978401e-02
-2.584147e-01
-2.232448e-01
9.249763e-02
2.804178e-01
4.373139e-01
1.605837e-01
-2.497970e-01
-2.647759e-01
-3.787777e-01
-1.794331e-01
2.004717e-01
-3.339284e-01
4.180287e-01
-1.496567e-01
-2.889937e-01
1.032834e-01
-1.639950e-01
-2.179651e-01
-2.493984e-01
-2.870829e-01
7.385334e-02
-2.291418e-02
2.005780e-01
-2.445772e-01
-2.167675e-01
-8.313788e-03
-1.252322e-02
-3.818786e-01
1.674067e-02
-1.729192e-01
-1.086819e-01
-3.403495e-01
-1.580161e-02
3.724673e-01
2.423054e-01
-1.404957e-01
1.979459e-01
-8.707479e-02
5.798272e-02
-2.440611e-01
-1.344693e-01
-1.277192e-01
-1.147211e-01
-2.142102e-01
1.284820e-01
-1.654047e-01
-1.185934e-01
-2.825217e-01
-1.404350e-02
-2.357638e-01
-1.961454e-01
9.452700e-01
-8.273083e-02
-1.678091e-01
2.584333e-02
-1.828427e-01
-1.755494e-01
-2.417578e-02
6.832355e-02
-1.948801e-01
-1.793799e-01
1.724046e-01
2.287836e-02
-1.552587e-01
-1.598329e-01
2.447686e-01
-1.774635e-02
-1.446979e-01
1.116987e-01
1.579280e-01
5.821753e-02
-8.928598e-02
3.434830e-01
-1.075633e-01
-3.606857e-01
1.101820e+00
-9.647500e-02
6.294211e-02
-1.483973e-01
-3.149029e-01
-2.817522e-01
-1.853111e-01
-2.568633e-01
-3.027077e-01
-6.682221e-02
-3.333420e-01
4.952722e-01
-2.064092e-01
-1.960668e-01
2.153698e-01
-2.049925e-01
1.781366e-01
-1.986005e-01
-2.224451e-01
3.360652e-01
-2.065777e-01
-2.781818e-01
-2.287515e-01
-1.167808e-02
-2.040554e-02
-7.826240e-02
-8.895061e-02
1.055521e-01
-1.369656e-02
-2.319387e-01
1.463117e-01
6.082394e-01
-8.126667e-02
-1.833972e-01
5.732986e-01
-4.343490e-02
-8.316510e-02
-4.649468e-02
-1.791151e-01
-1.107870e-01
6.456046e-01
3.404240e-01
-2.080154e-01
4.847803e-02
5.826400e-01
5.297813e-02
-9.792654e-02
1.149762e-01
1.542847e-01
7.868185e-02
-2.811902e-01
-2.158125e-01
2.583623e-01
-6.102704e-02
4.350260e-02
-2.629669e-01
-9.648304e-02
-1.861655e-01
-1.951249e-01
-7.612060e-02
3.244694e-01
-4.260056e-01
9.986969e-03
6.925821e-03
-2.261949e-01
-1.800926e-01
2.907720e-02
-3.082182e-01
-2.516263e-01
2.445002e-02
-2.774510e-01
-3.462345e-01
-1.949528e-02
-1.409335e-01
-1.513379e-01
-4.636934e-01
8.297846e-03
-9.090576e-02
5.399439e-01
5.255663e-02
-4.040205e-01
9.184090e-02
7.481561e-01
1.437432e-01
3.449181e-02
-3.562422e-01
-4.951236e-02
-2.488514e-01
-1.243241e-01
-1.271363e-01
-2.368044e-01
-1.962937e-01
-1.631191e-02
-6.282774e-02
2.405170e-02
-2.028450e-01
-2.339379e-01
-3.746221e-01
3.336351e-01
-4.590759e-01
-8.307809e-02
-2.218652e-01
-2.277027e-01
-1.007023e-01
-8.430145e-03
-3.635091e-01
-1.908311e-01
4.365051e-02
-1.223749e-02
6.526493e-03
-2.407627e-01
-1.206228e-01
-2.127426e-01
-1.798047e-01
-7.625370e-02
2.150902e-02
-1.486100e-01
-1.339550e-01
1.144713e+00
1.131477e-01
-1.801786e-01
-4.359205e-02
-6.409505e-02
1.915568e-01
-1.656938e-01
-5.484833e-01
-2.924829e-01
-1.877592e-01
-1.532397e-01
-4.479683e-02
-4.112233e-01
-2.050441e-01
6.490542e-01
3.172790e-01
-3.291376e-01
-2.558361e-02
-1.651287e-01
-3.398520e-01
-3.061877e-01
4.909705e-01
2.809129e-01
-1.984717e-01
-1.589308e-01
-1.056575e-02
-1.166416e-01
-1.640341e-01
-1.806178e-01
-1.950167e-01
-1.316300e-01
2.323490e-02
1.018674e-01
-9.727824e-02
-1.129546e-01
-1.885055e-01
-2.249744e-01
-1.704787e-01
8.504777e-02
1.910694e-01
-3.014443e-01
-3.936814e-02
4.916635e-01
5.237460e-01
-1.332574e-01
1.967133e-01
2.920013e-01
-6.177163e-02
1.184081e+00
7.747897e-02
-4.221174e-02
-1.040622e-01
-3.203492e-01
1.655336e-01
9.706528e-03
-4.277968e-02
-1.260478e-01
-2.674867e-01
1.847752e-01
-7.294645e-02
2.231919e-01
-2.112162e-01
-2.607617e-02
7.251995e-01
-1.217660e-01
-1.476790e-01
-1.456342e-02
1.485118e-01
3.125840e-02
2.025741e-01
1.594733e-01
8.531121e-02
-6.541055e-02
-1.359781e-01
-2.295475e-01
-2.261022e-02
7.985739e-02
-1.477665e-01
4.538313e-02
-2.903921e-01
-2.931862e-01
6.205978e-01
-2.520349e-02
-6.395532e-02
3.417940e-01
-1.190723e-01
-3.880718e-01
-3.032240e-02
-1.097442e-02
2.584364e-01
6.195650e-02
-3.094916e-01
-5.702515e-02
3.185875e-02
5.382455e-01
6.959260e-01
1.931922e-01
6.259453e-03
-1.964984e-01
-3.705024e-01
-8.120409e-02
1.317818e-02
-7.486538e-02
5.528687e-01
3.780851e-01
1.421937e+00
-5.807376e-02
1.676486e-01
-2.195113e-01
-8.266769e-02
-2.830703e-01
-9.097465e-02
-7.695570e-02
-1.538289e-01
2.350435e-01
1.809935e-02
2.321362e-01
-4.731222e-03
2.527627e-02
-8.205863e-02
-2.499468e-01
4.277644e-01
-1.666315e-01
1.894818e-01
2.902646e-01
-1.381148e-01
2.364135e-01
-3.114278e-02
-1.612799e-01
-5.602317e-02
-1.018119e-01
-6.862342e-02
2.415861e-02
-7.043031e-03
-4.154430e-01
-1.806239e-01
-5.589438e-03
-1.352955e-01
5.716009e-02
-3.716808e-01
-2.306250e-01
-1.003799e-01
2.207870e-01
-1.300457e-01
1.473332e-01
2.959422e-01
6.706950e-04
8.825054e-04
-2.946436e-02
1.019655e-01
-1.332010e-01
3.375184e-02
1.698860e-02
-1.272177e-02
3.156422e-01
2.446804e-01
-5.083212e-02
-8.585946e-02
-1.313105e-01
3.987355e-01
5.597830e-02
5.498118e-01
5.081742e-02
-2.755081e-01
-1.560045e-01
1.221190e-01
-3.934344e-02
2.246436e-01
4.178929e-01
-1.181303e-02
-2.104243e-01
7.822503e-01
-7.563933e-03
-1.661650e-01
-1.193409e-01
-1.813862e-01
-6.506742e-02
-1.230665e-01
-2.659674e-02
2.039360e-01
-5.183404e-02
9.466324e-01
-8.361359e-02
-9.605542e-02
1.200607e-01
1.714861e-01
-4.968762e-02
-4.291317e-02
-2.499202e-01
2.631933e-01
-5.945139e-02
1.476547e-01
1.277438e-01
-2.303689e-01
7.888004e-03
2.501540e-02
-1.597725e-01
-1.087758e-03
3.595167e-02
9.596310e-01
2.360367e-01
3.749896e-01
-7.124144e-02
-8.899280e-03
1.268127e-01
9.465398e-02
1.533610e-01
-5.276370e-02
1.396883e-01
-2.624187e-01
-1.191786e-01
-1.661336e-01
-5.467250e-02
2.485500e-01
-2.601908e-01
2.136061e-01
4.844165e-01
-1.713910e-01
-6.588431e-02
-2.529292e-01
-3.917096e-02
2.641179e-01
-1.193550e-01
4.008508e-01
7.206400e-02
-4.785395e-02
-2.973705e-01
-2.560261e-01
-3.421857e-01
-8.330031e-02
-7.536159e-02
-9.228445e-02
-2.227175e-01
-1.075660e-01
1.055035e+00
-1.845933e-01
-3.471946e-01
-2.892066e-02
1.799866e-01
-1.865352e-01
-2.902112e-01
6.252114e-02
-7.218482e-02
3.259932e-01
-1.727046e-01
-8.265840e-02
-9.603357e-02
-2.183026e-01
-1.210789e-01
-1.450899e-01
1.941993e-02
-8.085994e-02
-3.194249e-01
-1.467341e-01
-8.512834e-02
6.242868e-02
8.052497e-02
1.097599e-01
3.578492e-01
2.962717e-01
-3.930808e-02
2.616476e-01
3.620786e-01
-1.911975e-01
2.355448e-01
-1.900770e-01
7.823777e-01
-1.881444e-01
1.611908e-01
-2.904495e-02
-2.100657e-01
1.571212e-01
1.000666e+00
-1.292749e-01
6.900220e-02
-7.997695e-02
-1.347934e-01
-6.559692e-02
4.575158e-02
4.243458e-01
-1.354755e-01
-4.231631e-02
2.577105e-01
-2.118134e-02
2.645808e-01
2.787254e-01
-1.924717e-01
-4.198308e-01
3.456584e-01
-1.237083e-01
2.947536e-01
1.573168e-02
-2.808769e-01
1.568391e-01
-3.551250e-03
-2.605334e-02
1.339871e-01
5.517520e-02
2.184404e-01
5.334376e-01
1.882409e-01
2.634679e-01
-1.553370e-01
3.139978e-01
2.736076e-01
-3.734089e-02
-3.022868e-01
3.283435e-01
7.203194e-02
-6.398798e-02
-4.372115e-02
-4.102553e-02
-2.208088e-01
-3.255784e-01
-7.942779e-02
-1.215251e-01
-2.829067e-01
-3.031822e-01
-6.926566e-02
-2.728064e-01
2.540627e-01
-5.569963e-02
-1.054772e-01
2.001594e-01
-1.923524e-01
8.299123e-02
-2.367638e-01
-9.910918e-02
7.791024e-02
2.250261e-05
-7.330704e-02
-2.531927e-01
1.457022e+00
6.339136e-01
3.243387e-02
2.262686e-01
-2.072737e-01
1.959462e-01
-1.763041e-01
-1.156651e-01
9.956504e-02
-4.353611e-02
-2.838267e-01
1.805228e-01
-2.434388e-03
1.099311e-01
1.027484e-01
3.182550e-01
4.917758e-03
-2.573568e-01
-1.895884e-01
8.221687e-02
-1.737901e-01
1.052958e-01
-3.786319e-01
1.674320e-02
1.750385e-02
1.027410e-01
4.518084e-01
-1.286228e-01
-1.239808e-01
-1.612866e-01
7.739220e-02
6.475890e-01
-4.387637e-02
2.397068e-02
-1.429828e-02
1.011665e-02
5.206457e-02
9.031873e-01
-9.141681e-02
-9.537846e-02
-3.904520e-01
-4.391429e-02
1.042332e-01
1.119239e-02
4.041651e-01
-1.014014e-01
3.321474e-01
-3.656498e-01
-1.265471e-01
5.663020e-01
-2.370560e-01
-1.787795e-01
-2.727785e-02
2.050519e-02
4.488970e-01
-4.282925e-01
4.742208e-01
3.227088e-01
-1.591680e-01
-1.698823e-02
-4.941313e-02
-5.884184e-02
1.908574e-01
-3.949341e-02
8.554238e-02
-1.192453e-01
-5.081860e-01
7.021177e-01
5.035531e-02
1.277176e-01
-8.748506e-02
4.541923e-01
-1.189859e-01
-2.244467e-01
-2.791096e-01
2.271007e-01
-2.242298e-01
-2.518579e-01
4.850940e-02
-1.450223e-01
-4.160922e-01
-8.712759e-02
5.806345e-02
-2.392997e-01
-1.206077e-01
1.928311e-01
-2.978536e-01
-2.814792e-01
-3.493060e-01
3.639040e-03
-1.310805e-01
6.800155e-02
-2.589091e-02
-2.216341e-01
5.100161e-01
-7.713221e-03
-4.079204e-01
-2.066235e-01
-2.811472e-01
-1.324381e-01
1.785018e-01
1.143259e+00
3.800808e-02
-3.030236e-01
-2.257218e-01
-8.232026e-02
-3.604786e-02
8.012237e-02
4.011938e-02
-6.675706e-02
-1.058029e-01
-1.823157e-01
-2.946852e-02
-2.986786e-01
-2.250517e-01
-1.871568e-01
3.057050e-01
-1.041091e-01
-1.016845e-01
-4.652397e-03
-1.211915e-01
-1.688068e-01
1.444013e-02
2.608286e-01
1.959798e-02
2.380384e-01
2.509694e-02
-1.349831e-01
-2.904862e-01
1.217787e-01
-3.263285e-01
-2.266313e-01
2.873856e-01
1.395153e-01
1.602413e-01
-2.459566e-01
-6.269943e-02
7.343240e-02
-8.012382e-03
2.199167e-01
-2.353105e-01
6.424672e-01
2.083522e-01
-1.480426e-01
2.914469e-01
-2.557805e-01
7.663601e-02
-3.257120e-01
-1.201698e-01
-1.718887e-01
2.136427e-01
-2.559238e-01
9.641679e-02
-2.192826e-01
-2.216780e-02
-2.416169e-01
1.304810e-02
-1.031177e-01
2.359469e-01
2.064819e-01
3.623560e-01
4.038987e-02
2.699409e-01
-2.582874e-01
-1.589956e-01
-3.143421e-01
1.142244e-01
-1.611560e-02
-1.381018e-01
1.366358e-01
-2.265009e-01
-1.527479e-01
1.456852e-01
-1.624523e-01
4.053126e-01
1.076780e-01
-4.895139e-02
-3.051919e-02
-4.842386e-02
5.279751e-03
5.772877e-01
1.243024e+00
-2.616186e-01
-3.327407e-01
3.303419e-01
-3.642120e-02
-1.530622e-01
3.276670e-01
-1.776163e-01
-3.198719e-01
-3.375136e-01
3.238605e-02
-9.675983e-02
-3.408233e-01
-1.648555e-01
-9.013424e-02
1.346429e-01
-2.618353e-01
-5.489613e-02
4.951776e-01
2.875991e-01
-1.332121e-01
5.831912e-01
-1.514904e-01
2.269736e-02
-1.262971e-01
1.559703e-02
-1.913919e-02
2.573468e-01
2.329901e-01
-2.362864e-01
-9.610017e-02
-1.373010e-01
1.704792e-01
1.546173e-02
-1.766018e-01
-7.529557e-02
6.342880e-01
1.052253e-01
-1.374737e-01
4.651976e-02
3.832355e-01
5.889347e-01
7.137147e-02
1.650979e-01
-1.254232e-01
-2.800846e-01
-1.255110e-01
1.086024e+00
1.922429e-02
2.371326e-01
8.039736e-02
-4.899185e-02
8.534150e-02
2.921794e-01
-5.888575e-02
2.823735e-01
-3.565094e-02
-2.721864e-02
-1.684569e-01
-1.916905e-01
-3.774883e-01
4.134485e-01
4.386678e-02
3.929497e-01
6.329128e-01
5.450111e-02
-1.737248e-01
2.478812e-01
-2.712097e-01
-2.515631e-01
-6.037961e-02
-2.729124e-01
-2.628957e-02
8.671118e-02
1.121502e-01
4.589075e-01
7.050014e-03
1.100449e-01
-1.379093e-01
-1.130010e-01
-1.403069e-01
5.132294e-01
-1.243367e-01
-1.299555e-02
6.911102e-01
-1.557689e-01
-8.614491e-02
-2.464703e-01
3.743765e-02
9.747905e-02
-3.267510e-02
6.134172e-02
-5.319589e-02
-2.151000e-01
2.360723e-01
2.874718e-02
-4.923892e-02
2.780657e-01
-1.607414e-01
-4.743855e-02
5.888568e-02
-2.682404e-02
1.189805e-01
-3.245117e-01
-1.763201e-01
-1.221005e-01
-1.271802e-01
-1.300951e-01
2.680239e-01
-4.964601e-02
1.938568e-01
1.107726e+00
3.985954e-01
-2.632826e-01
2.372864e-01
-1.419852e-01
-1.982588e-01
-1.094653e-01
-1.814948e-01
-2.019130e-01
-2.957029e-01
-7.599157e-03
1.433912e-01
-1.214826e-01
-6.929944e-02
1.403212e-01
9.031837e-01
1.902612e-01
1.027841e-01
-2.949220e-01
6.210335e-02
-9.494069e-02
2.095793e-01
-2.366778e-01
1.232178e-01
-8.888784e-02
2.691939e-01
-6.316429e-02
1.125233e-01
6.526766e-01
-2.791746e-01
-4.142262e-01
-1.322184e-01
-1.012545e-01
-4.238565e-03
2.508846e-01
-3.062705e-01
-3.092959e-01
-2.940414e-01
-3.711243e-01
-4.275636e-01
-6.393848e-02
2.728892e-01
-9.054436e-02
-1.312379e-01
-1.102516e-01
6.993275e-01
-1.196843e-01
2.998566e-02
7.772663e-01
1.486389e-01
1.065842e-01
2.366370e-01
2.725668e-01
-3.049541e-01
-1.625529e-01
1.033790e-01
-1.153203e-01
-3.419428e-01
-1.131203e-01
5.844618e-02
-3.933317e-02
-8.386271e-02
-1.335137e-01
-9.527942e-02
-8.438900e-02
-5.612553e-02
-6.328511e-02
-2.416475e-01
9.600760e-01
-1.212848e-01
4.231644e-01
1.628039e-01
3.603493e-02
-1.384491e-01
-1.690910e-01
1.592627e-01
-5.705639e-02
-7.586024e-03
2.631621e-02
2.806318e-01
8.742589e-02
2.149479e-01
1.100367e-01
4.451777e-01
-3.206875e-04
-9.428063e-02
-1.081703e-01
-4.383190e-02
2.256302e-02
-2.136355e-01
-1.689552e-01
-1.383766e-01
-4.551349e-02
-6.324480e-02
-1.029104e-01
-1.072932e-01
2.796334e-01
-1.523388e-01
-2.188812e-01
-1.167547e-01
4.981735e-01
1.505173e-01
9.193487e-02
-2.734079e-01
-3.620715e-01
-1.416626e-01
5.386785e-02
-8.177862e-02
-7.141885e-02
-1.332982e-01
-7.767944e-02
5.709687e-01
2.893866e-02
2.885529e-01
6.169370e-02
-1.419650e-01
-1.174504e-01
-5.069420e-01
1.962361e-01
-2.713287e-02
1.393605e-01
1.629211e-01
-3.059693e-01
-1.639054e-01
1.783343e-01
-2.703614e-02
-6.689759e-02
2.589054e-01
-2.258959e-01
9.969903e-03
-1.921632e-01
-7.085597e-02
-2.503770e-01
1.513343e-01
-4.698910e-02
-2.417774e-01
-9.617992e-02
9.574898e-01
3.064698e-01
1.922558e-01
-4.354456e-02
2.480379e-01
6.522083e-02
-1.401293e-01
7.252896e-03
-4.688796e-02
-4.087354e-02
6.011724e-01
-1.046584e-01
-2.762174e-01
-4.381012e-02
4.399652e-01
7.835143e-01
4.187414e-01
-2.145975e-01
8.048265e-02
-8.832807e-02
-4.119515e-03
1.630244e-01
9.302787e-02
2.408029e-01
-1.262790e-01
2.527010e-01
1.184215e-01
-9.691757e-02
1.976914e-01
-4.121932e-01
-6.577643e-03
-1.480443e-01
-2.411834e-01
3.290098e-01
-1.797220e-01
2.511505e-01
1.300110e-01
1.416575e-01
3.668527e-01
6.170971e-02
1.993724e-01
-8.632889e-02
6.898788e-01
4.878729e-01
-3.594334e-02
-3.749031e-01
-1.391367e-01
-4.556888e-02
2.418097e-01
-1.446802e-01
-1.054056e-01
2.205445e-01
-6.935042e-02
-4.053217e-01
1.395594e-01
1.491708e-01
3.360289e-02
-4.136386e-02
-3.533008e-01
-4.708649e-02
3.303225e-01
3.377374e-01
1.824577e-02
1.669310e-01
-9.863263e-02
-9.952516e-02
-2.014740e-01
4.889520e-01
-3.181933e-01
-6.083303e-01
-1.778774e-01
-3.313946e-01
-1.253150e-01
-1.884674e-01
-2.326339e-01
-3.501776e-01
-3.459538e-01
-1.263087e-01
-5.371663e-01
-3.520257e-02
2.092712e-01
5.438871e-01
-5.484585e-02
-7.252935e-02
6.718454e-03
-1.968699e-01
8.984950e-02
-8.844018e-02
-1.038456e-01
1.558691e-01
1.522820e-01
6.365430e-01
-1.033055e-01
-8.578926e-02
-2.582036e-02
9.443192e-02
-3.019578e-01
-1.354756e-01
-1.631923e-01
-1.740300e-01
-3.396686e-01
-1.431904e-01
1.075626e-03
7.913010e-02
2.115434e-01
-1.312851e-01
-3.638939e-01
-4.065092e-01
-1.461376e-01
9.610700e-01
-9.366279e-02
5.164057e-02
-1.506733e-01
4.440153e-01
2.378736e-01
-2.857079e-01
-2.728252e-01
-4.486864e-01
-2.067860e-01
-2.085518e-02
6.028425e-02
-1.543773e-01
-2.804717e-01
-4.450175e-01
-5.226201e-03
-1.136684e-01
-9.667338e-02
-1.383864e-01
-2.912147e-01
1.833656e-01
1.308705e-01
-8.424988e-02
-1.859993e-01
-1.390942e-01
-3.192274e-02
-7.237758e-02
-3.900337e-02
-1.376632e-01
-3.577949e-01
2.478195e-01
-1.625138e-01
9.074511e-02
2.022120e-01
-1.301775e-01
4.708984e-01
-2.604932e-01
-5.158531e-02
-2.409792e-01
1.523958e-02
-2.260409e-01
-2.295887e-01
3.825299e-01
-1.612547e-01
2.820558e-01
2.085840e-01
-1.642458e-01
-2.608717e-01
-2.564632e-01
8.170260e-01
-8.796049e-02
1.964200e-01
4.741135e-02
4.356534e-01
4.302439e-02
-4.269005e-01
8.693942e-02
-7.314241e-02
-3.151941e-02
1.936761e-01
-4.239174e-02
3.642978e-01
1.312536e+00
-1.727440e-01
-6.523395e-02
-1.404288e-01
-9.564285e-02
-3.724234e-01
-1.902255e-01
2.679434e-01
-2.085378e-01
1.167213e-01
-3.704139e-01
-1.597844e-01
-1.826687e-01
1.320350e-01
-3.878991e-01
4.253701e-01
-1.667019e-01
-1.869411e-01
-1.202607e-01
-2.944238e-02
2.432209e-02
-2.413896e-01
1.282424e-02
-9.707344e-02
-1.335389e-02
1.512280e-01
1.171104e-02
-8.081397e-04
-4.060600e-01
-1.441526e-01
3.302749e-01
4.545091e-02
-2.728513e-02
4.816480e-02
-3.003333e-01
-2.150136e-01
-1.297608e-01
-1.080344e-02
-9.368545e-03
-1.485126e-01
-6.512550e-01
1.952706e-01
3.247869e-02
1.273605e-01
-2.461987e-01
2.929274e-01
-8.599141e-03
-1.705659e-01
1.151126e-01
-2.748351e-01
9.346868e-03
-2.547115e-01
-1.565158e-01
2.287868e-01
-8.589438e-02
-1.519652e-02
-1.924660e-02
-3.157410e-01
1.107482e-01
-1.074203e-01
1.509229e-01
2.722955e-02
-6.308766e-02
-1.525698e-02
-1.213593e-01
1.715802e-01
4.241556e-01
-2.791075e-01
-5.125694e-02
7.460908e-02
1.988477e-01
-1.181368e-01
-2.608060e-02
-2.225976e-02
1.318757e-01
-1.232994e-01
2.341123e-01
4.934009e-02
-1.044332e-01
-2.922189e-01
-1.644852e-01
6.401206e-01
-2.005355e-02
3.113234e-01
-2.020306e-01
2.703265e-01
3.821405e-02
8.257925e-01
1.049315e-01
1.247081e-02
2.611471e-01
-3.044194e-01
3.670777e-01
-1.547088e-02
-3.024700e-02
-3.824107e-02
2.112147e-01
3.808399e-01
-1.138597e-01
-1.010437e-01
-1.718892e-02
2.175727e-01
-1.766845e-01
-8.670539e-03
1.699209e-01
1.179819e-01
5.172764e-01
-1.535812e-01
-1.480608e-02
3.188967e-01
-1.690366e-01
4.339011e-02
3.985000e-01
-3.811062e-01
1.577617e-01
-8.153964e-02
6.956483e-01
-2.588847e-01
-1.243398e-01
3.198353e-01
-1.369757e-01
-4.363934e-02
-2.507615e-01
-2.455115e-01
-1.776957e-01
-2.549375e-01
1.223560e-01
3.069480e-01
2.515658e-01
1.989854e-01
1.110847e-01
-2.620926e-01
-2.745210e-01
-1.639255e-01
-9.414232e-02
1.619111e-01
-2.494366e-01
-5.164931e-02
1.364158e-01
4.709150e-03
-3.749942e-01
-2.866371e-01
-2.146247e-01
6.170869e-02
-9.192283e-02
-7.519890e-02
-7.186498e-02
-5.133047e-02
2.829995e-02
-1.125843e-02
8.158100e-01
-3.423750e-01
5.479430e-02
-1.824641e-01
-2.786534e-01
-1.111868e-01
8.737002e-01
-3.432541e-02
-9.300638e-02
5.217060e-01
2.520960e-01
-1.756531e-01
3.353294e-02
-1.573057e-01
4.412337e-01
3.583444e-02
-1.849016e-01
-3.628502e-01
-4.009896e-02
1.096194e-01
-1.348047e-01
3.828169e-01
-7.860112e-02
-1.076967e-01
-4.149495e-02
1.515469e-01
3.110484e-02
-1.140732e-01
1.109139e+00
-1.461446e-01
-1.470632e-01
-2.976284e-01
-1.409636e-01
3.503331e-02
2.458431e-01
-1.901034e-01
-2.361647e-01
-1.423934e-01
-2.225763e-01
-1.309193e-01
-7.044192e-02
-2.581994e-01
-2.519009e-03
1.766053e-01
-2.531267e-01
-1.258404e-01
1.082229e-02
1.397225e-01
-1.537633e-01
-2.005525e-01
-1.659330e-01
1.544356e-02
4.797148e-02
-1.265366e-01
-2.427265e-01
-5.831087e-02
-3.747781e-01
7.902886e-02
3.221728e-01
-1.743401e-01
4.104900e-02
-2.102034e-01
8.352187e-02
-3.081261e-02
-2.189034e-02
-2.846364e-01
-1.306557e-01
1.152575e+00
-2.164316e-01
-1.218980e-01
1.237094e-01
-2.232980e-01
-2.202205e-01
-1.110853e-01
-1.901601e-02
-1.765459e-01
5.740261e-01
-2.519969e-02
-1.536549e-01
-3.214726e-01
3.820933e-02
9.077273e-02
-9.704195e-02
-1.799309e-01
-3.665853e-01
-2.764993e-01
-3.287036e-01
2.659937e-02
2.565718e-01
4.243820e-01
-2.205542e-01
1.895153e-02
-1.373480e-01
2.950565e-01
-2.160550e-01
-5.329158e-02
-3.758607e-01
1.763625e-02
1.944002e-02
-2.364992e-01
-2.005985e-01
-7.498596e-02
2.344223e-01
1.256472e+00
-5.715336e-02
2.887067e-01
-1.224889e-01
-2.620195e-02
-1.195233e-01
-5.697697e-02
-2.327627e-01
-2.173555e-01
-3.023471e-01
-5.055915e-02
-2.984410e-01
1.137404e-01
-1.572384e-01
-1.620976e-01
-3.232278e-01
-3.514708e-02
8.934864e-01
-9.453293e-02
-1.157203e-01
-5.940927e-02
-9.799568e-02
-8.645348e-02
-1.497451e-01
1.918990e-01
9.054217e-03
-5.491009e-03
1.945083e-01
7.885262e-02
2.600311e-01
-2.015284e-01
-2.258823e-01
-1.059016e-01
1.768523e-02
8.802734e-02
1.985105e-01
-2.514113e-01
-6.818110e-02
1.682973e-01
-4.952937e-02
5.981244e-04
4.292058e-01
4.530776e-02
1.813789e-01
-1.952579e-01
-1.665353e-02
-1.366950e-01
-1.916438e-01
-1.019454e-01
-4.769224e-01
-1.562500e-01
-2.475777e-01
5.079650e-01
-7.407597e-02
1.885268e-01
-1.924605e-01
-4.680827e-02
-2.989961e-01
-3.167025e-01
-4.815710e-02
