4.533629e-02
7.601073e-02
2.773670e-02
1.050896e-01
8.495116e-02
-1.031594e-02
2.421677e-02
-8.698084e-03
-4.981840e-02
-7.211191e-02
-1.126533e-01
-7.789952e-02
-2.139370e-02
-9.285688e-02
-8.134574e-02
-1.671465e-02
-4.863260e-02
-1.252936e-03
-4.535941e-02
-5.439333e-02
-5.573115e-02
3.059955e-02
2.766433e-03
-1.589638e-02
9.182465e-02
8.057041e-02
7.125972e-02
3.140002e-02
3.453517e-02
4.861791e-02
-6.584881e-03
-1.373890e-01
-9.421616e-03
-4.029870e-02
-5.257848e-02
1.315416e-02
-4.555181e-02
-9.564993e-02
-3.562121e-03
-6.232232e-02
-1.843115e-01
-7.802888e-02
-3.728006e-02
-8.410119e-02
-2.037336e-02
-1.389747e-02
1.400167e-04
-9.492224e-03
8.522448e-03
-3.036889e-02
-5.747405e-02
-6.275919e-05
-1.695344e-02
-1.548579e-02
3.762840e-02
1.532388e-01
-3.328004e-02
1.591071e-01
-2.915135e-01
1.939492e-02
1.071412e-02
9.612748e-02
4.383186e-02
-1.577090e-02
-6.625363e-02
-2.364364e-02
1.035443e-01
-4.613563e-01
-1.423648e-02
5.499713e-02
2.429971e-02
2.051644e-02
-8.426461e-04
1.015650e-01
-1.137435e-02
1.167007e-01
-2.061879e-01
9.930287e-03
6.398224e-02
9.818061e-02
-2.532673e-02
3.897052e-04
3.441495e-02
7.688629e-03
3.368403e-02
1.646311e-01
1.079130e-01
5.505851e-02
9.450995e-02
5.083897e-02
-5.272802e-02
-3.570254e-02
-4.485942e-02
-1.172748e-01
5.555835e-02
4.710662e-02
-8.015951e-02
-2.649209e-02
-2.349577e-02
1.159759e-02
7.622320e-02
7.153564e-02
-5.675740e-02
1.176548e-01
1.043154e-01
-5.149676e-02
3.397513e-02
3.561806e-02
1.010461e-01
2.046781e-01
1.960744e-01
-9.847730e-02
-1.382500e-01
3.158481e-01
-1.327278e-01
-1.353076e-01
6.230540e-03
-1.043538e-01
-1.769157e-01
-1.140881e-01
-8.742730e-02
-2.933945e-01
7.731874e-02
8.063045e-02
-2.211529e-02
2.890783e-02
-5.333463e-02
-4.180727e-02
-1.006083e-01
-6.971713e-03
-5.400690e-02
1.140848e-01
5.766336e-02
1.649691e-01
1.354189e-01
2.974668e-03
-1.069442e-01
1.562999e-02
-3.425636e-02
1.871597e-01
-8.545714e-02
-1.141122e-01
-1.177136e-01
-8.530504e-03
1.778234e-02
5.708518e-02
5.539323e-02
1.335442e-02
3.513709e-01
2.882405e-02
-5.931539e-02
-7.397807e-02
2.195087e-02
-4.811747e-02
-8.785017e-02
-4.648494e-02
-4.135345e-02
2.010835e-01
-5.826344e-02
-2.672492e-03
-5.054710e-02
1.955449e-03
-2.712704e-02
-2.213268e-03
1.789701e-02
-2.713140e-02
-6.320645e-03
-1.187591e-02
-1.708120e-02
-2.474677e-02
-1.314606e-02
1.386760e-02
3.409249e-02
2.073003e-02
2.085623e-02
4.581474e-02
9.009778e-03
2.151429e-02
2.170871e-02
1.921104e-02
-6.300118e-03
4.320431e-04
-1.998321e-02
7.436721e-03
1.496875e-02
-3.528164e-02
5.478376e-03
-5.926526e-03
-2.332100e-02
-1.094991e-01
-4.702010e-02
-3.206288e-02
-1.091025e-01
-4.866142e-02
-3.219657e-03
-6.307695e-02
2.779391e-03
3.096213e-02
-5.420948e-03
3.989021e-02
5.377778e-02
-1.142898e-02
3.545731e-02
7.184353e-02
-5.406499e-03
3.515229e-02
7.150506e-02
-3.357336e-02
-1.028960e-02
3.857213e-02
-8.883655e-02
-7.515790e-02
1.612658e-03
-9.506468e-02
-8.230673e-02
-1.938428e-02
-1.822058e-02
-5.743699e-02
-3.465107e-02
-6.049190e-02
-8.755083e-02
-7.415573e-02
-4.614745e-02
-8.239178e-02
-4.503676e-02
-1.329574e-02
-3.472069e-02
-3.161659e-02
-3.944233e-02
-2.215386e-02
-2.913038e-02
-4.142676e-02
-2.836873e-02
-5.327606e-03
1.747266e-02
2.690426e-02
3.542261e-03
4.819384e-02
8.545765e-02
3.882822e-02
5.311612e-02
9.278204e-02
6.511799e-02
-6.277614e-02
-5.249154e-02
-2.293077e-02
4.310444e-03
-5.239842e-02
3.343809e-02
6.303268e-02
6.158008e-02
-7.086548e-03
-5.656775e-02
-4.003711e-02
3.631775e-03
1.430519e-02
-5.000489e-02
3.886527e-02
7.668947e-02
7.561006e-02
1.435010e-02
-3.626182e-02
-4.014905e-02
-2.320739e-02
-2.070000e-03
-7.088623e-02
-1.096861e-02
4.515974e-02
2.936901e-02
-1.348217e-02
-1.875175e-02
-7.777213e-02
-3.026358e-02
-2.673056e-02
-7.592624e-02
-5.484965e-02
-1.915634e-02
-5.739463e-02
-2.206856e-02
2.311968e-02
3.086221e-02
2.347595e-02
2.556900e-02
5.595736e-02
6.057562e-03
-2.620752e-02
-1.828821e-02
-1.968437e-02
1.754327e-02
6.051176e-02
3.432519e-02
7.301339e-02
1.381862e-01
6.161873e-02
1.245066e-02
5.757673e-02
1.092883e-02
1.094389e-01
6.302930e-02
2.980414e-02
-8.139103e-02
-2.158025e-01
-1.464304e-01
-1.475760e-02
-1.502836e-01
-7.045992e-02
-1.038438e-03
2.706133e-02
-1.760797e-02
-5.157325e-02
-9.252483e-02
-5.047265e-02
-6.853907e-03
-6.242741e-02
1.735450e-03
-8.447838e-03
1.574626e-01
5.010007e-02
1.113159e-02
1.395362e-01
8.706892e-02
2.990473e-02
1.304574e-01
9.847473e-02
1.688299e-01
4.138226e-01
-4.647183e-02
1.208927e-02
3.648549e-02
4.971943e-02
-9.472377e-02
-1.425823e-01
-6.771692e-02
1.902225e-02
1.298561e-01
-2.021740e-01
-7.466535e-02
-1.574490e-01
-6.649704e-02
3.216136e-03
-1.077690e-01
-3.798814e-02
-1.859271e-02
1.377890e-01
-1.720752e-01
-1.448487e-02
-3.647257e-04
3.716034e-02
1.922617e-02
5.899097e-02
1.401762e-02
-3.751525e-02
-9.252244e-03
2.831389e-02
-2.220570e-02
4.288245e-04
1.839562e-02
-4.522451e-02
1.428842e-03
5.706881e-02
-1.393116e-02
1.666073e-02
2.439189e-03
2.874137e-02
4.825705e-02
-1.314887e-02
7.457625e-03
1.057847e-02
2.754304e-02
1.542393e-02
4.536664e-02
-2.047614e-02
6.624971e-02
6.690277e-02
-2.882813e-02
5.102645e-02
2.618222e-02
-4.188283e-03
6.190946e-05
2.323576e-03
3.434868e-02
5.195515e-02
5.899923e-03
-1.142206e-02
4.641543e-02
-1.117658e-02
-4.290043e-02
7.183595e-02
2.844920e-02
3.746340e-02
1.628027e-02
-2.555852e-02
-2.195417e-02
2.385726e-02
1.214975e-02
7.710332e-03
-4.699838e-02
-6.876729e-02
-6.299796e-02
-1.289820e-01
-1.034735e-01
-4.198423e-02
-1.088583e-01
-3.924922e-02
3.533358e-02
1.589437e-02
4.937499e-02
-2.824300e-03
9.930702e-03
-6.127429e-02
-4.063707e-03
3.504319e-02
1.814400e-02
1.687419e-02
3.093430e-02
4.930879e-02
2.470178e-02
6.997648e-03
-6.420699e-02
1.184729e-03
3.085436e-02
2.561737e-02
1.210350e-02
-1.179466e-02
1.454372e-02
-2.142625e-02
-3.108306e-02
-8.680179e-02
-3.116417e-02
-1.917405e-02
-1.979594e-02
-2.194530e-02
