-2.055700e-03
-6.790425e-03
2.408699e-03
1.132621e-02
4.573173e-03
1.209818e-02
2.481923e-02
1.964644e-02
2.483972e-02
-6.122722e-02
-1.417651e-01
-1.294812e-01
-9.659305e-02
-1.945073e-01
-1.479899e-01
-7.872264e-02
-1.610102e-01
-1.499053e-01
-2.262914e-02
-1.877380e-02
-2.146003e-02
-1.684849e-02
-8.597030e-03
-2.212961e-03
1.880080e-02
2.439785e-02
2.636604e-02
-3.756649e-02
-4.223272e-02
-3.331726e-02
-3.236999e-02
-3.007471e-02
-3.700021e-02
-4.648617e-02
-4.047466e-02
-4.933837e-02
2.801005e-03
6.909121e-04
9.685637e-04
1.690733e-02
8.426760e-03
-4.523602e-03
-4.038610e-03
-1.511058e-02
-2.502756e-02
1.498297e-02
3.512754e-02
1.842186e-02
-5.857396e-03
-8.385739e-03
2.848778e-04
3.832317e-02
3.594120e-02
2.234267e-02
1.436693e-02
-3.374734e-02
-3.646333e-02
4.879815e-02
-3.254440e-02
-1.278366e-02
5.302529e-02
-1.704888e-02
6.571638e-03
3.212819e-02
6.831010e-02
3.950189e-02
1.397713e-02
3.959541e-02
1.030788e-02
-3.716812e-03
2.416150e-02
-2.758749e-03
-8.806678e-03
-1.154911e-02
-7.416370e-03
-1.328476e-02
-3.008107e-03
1.033497e-02
-9.499164e-04
1.291091e-03
6.969990e-03
1.930604e-02
2.960446e-02
1.655354e-02
1.416648e-02
1.478470e-02
-4.371012e-03
-2.552167e-03
-2.380960e-03
-2.644156e-02
-3.233995e-03
1.983967e-02
2.637110e-02
1.681365e-02
1.935080e-02
4.264480e-02
2.053836e-02
2.660131e-02
2.137270e-02
-3.252427e-03
-1.411880e-02
-4.423765e-03
-7.729153e-03
-2.428284e-02
-1.475048e-02
-3.183322e-03
-2.186172e-02
-1.807891e-02
-4.792217e-03
-6.097915e-03
7.340931e-03
1.365706e-02
1.015518e-02
2.983886e-02
-7.941177e-03
-5.488393e-03
1.819707e-02
5.450206e-02
3.417055e-02
4.000495e-02
2.618586e-02
3.154548e-03
2.070740e-02
1.706709e-02
-2.391050e-02
2.386955e-03
3.138195e-02
-3.794297e-02
4.167503e-02
3.533729e-02
-4.147312e-02
-1.433424e-02
2.770365e-02
-5.816716e-02
-2.261327e-02
-3.327256e-03
-2.006635e-02
-1.945432e-02
-1.289058e-02
2.403822e-03
-1.126026e-03
1.982940e-02
-2.106408e-02
3.294178e-02
-2.554748e-03
-1.549951e-03
1.450781e-03
-6.206215e-03
-7.645030e-03
-3.998720e-03
-3.922658e-03
-5.521496e-03
1.344257e-03
2.505077e-02
4.175675e-02
2.350511e-02
4.941672e-03
1.622920e-02
1.762370e-02
-5.028361e-02
-4.498783e-02
-5.824252e-03
9.978702e-04
-7.043466e-03
4.167668e-03
-4.098994e-03
-2.826667e-02
-1.913182e-02
-9.230864e-03
-4.025918e-02
-2.358661e-02
-6.823285e-02
-5.415164e-02
-2.307190e-02
-6.707225e-02
-3.868398e-02
-2.620280e-02
-3.764845e-02
-3.756898e-02
-2.684933e-02
-9.404469e-03
-6.708426e-03
-5.377799e-03
-3.527200e-02
2.734754e-03
5.139136e-02
-2.551107e-02
-1.100939e-02
1.432389e-02
-2.663852e-02
-3.236496e-02
2.748671e-02
-1.982257e-02
-2.539385e-02
1.155329e-02
-8.694211e-04
-3.552973e-02
-3.550391e-03
-1.729393e-02
-3.480133e-02
-3.267927e-02
-3.803686e-02
-3.432569e-02
-4.351887e-02
-3.827744e-02
-3.106560e-02
-2.122658e-02
1.339740e-02
-3.740648e-03
3.595449e-02
1.054748e-02
-8.517637e-05
2.570572e-02
2.058093e-02
2.880204e-03
7.547254e-03
-3.969778e-02
-4.726219e-03
1.015701e-02
-2.105843e-03
1.719742e-02
2.807302e-02
4.374139e-03
1.437159e-02
2.358328e-02
2.813013e-02
5.831091e-02
6.394787e-02
-1.788578e-03
4.819341e-02
5.939655e-02
-4.331582e-02
-2.900325e-03
1.394086e-02
3.848403e-02
5.745574e-02
-7.068239e-03
5.645743e-02
7.587207e-02
8.033815e-03
5.048836e-02
5.719845e-02
-6.536281e-03
2.555661e-02
2.300888e-02
-2.025994e-03
1.497186e-02
7.067575e-03
-1.588020e-02
-4.887445e-03
5.720525e-03
-2.147956e-02
4.947045e-03
-1.807119e-03
4.460921e-03
2.162650e-02
8.857128e-03
3.674827e-03
2.573842e-02
1.031160e-02
6.595412e-04
3.997145e-02
1.398935e-02
1.660273e-02
1.507726e-02
1.344270e-03
2.380385e-02
2.045858e-02
2.328277e-02
3.863468e-02
-1.525416e-02
-9.679829e-03
1.637783e-02
-2.710703e-03
-2.524524e-02
-1.025902e-02
-3.809163e-02
-2.254100e-02
-9.368751e-03
-4.803841e-03
-2.901079e-03
-1.234963e-02
2.471888e-02
6.820823e-04
8.606808e-03
1.970591e-02
-3.409065e-02
-4.231813e-03
-9.373897e-04
2.512895e-03
2.113653e-03
-2.713914e-03
3.857297e-03
7.118650e-03
9.182662e-04
1.081572e-02
1.273665e-02
-4.677437e-02
-1.601527e-02
-2.619621e-02
3.999383e-04
5.268814e-02
3.431988e-02
1.860945e-02
3.459315e-02
6.018414e-03
-1.949796e-03
-7.489580e-02
-7.518521e-02
-5.550156e-02
-8.407377e-02
3.700698e-04
-7.213669e-02
-1.320280e-02
8.164331e-02
6.458487e-02
2.917497e-02
-7.408869e-03
9.272916e-03
-4.738398e-02
-7.542380e-02
-3.527305e-02
8.442364e-03
3.836092e-02
-1.106014e-02
2.631690e-03
2.511856e-02
-2.786913e-02
4.434429e-03
2.733211e-02
-1.347104e-03
1.046490e-02
-1.189456e-03
3.165932e-02
5.394687e-02
-1.423061e-02
2.633486e-02
-5.498127e-02
-3.518807e-02
-1.969137e-02
-8.719552e-02
-5.261377e-02
3.275802e-02
1.680056e-02
6.103758e-03
-3.048539e-02
1.854139e-02
6.276598e-02
-3.994277e-03
3.845515e-03
6.496406e-02
-1.601626e-02
1.950731e-02
3.929012e-03
1.129805e-02
1.368385e-02
-2.355942e-02
-3.174289e-02
-4.452974e-02
-4.861325e-02
1.499164e-03
5.102095e-03
8.477692e-03
1.628631e-03
3.630015e-03
5.673562e-03
3.413463e-03
4.855954e-03
-1.226841e-03
6.267977e-03
-1.892143e-02
-4.930227e-02
1.019945e-02
-2.683659e-02
-5.388810e-02
-1.290013e-04
-2.945828e-02
-4.663091e-02
-2.750952e-03
-1.031150e-02
1.252318e-02
1.361592e-02
3.815817e-02
3.813761e-02
9.013342e-03
2.292692e-02
-2.217706e-02
9.925386e-03
2.137798e-02
-3.633315e-05
-1.637170e-02
-1.875776e-02
-2.630126e-02
-2.649537e-02
7.490138e-03
1.379885e-02
-1.207645e-02
-1.658699e-02
-6.259353e-03
-9.257833e-03
-1.360675e-02
7.594744e-03
7.729645e-03
5.550836e-03
9.000630e-03
7.158719e-02
-6.722622e-03
-2.748314e-02
1.806664e-02
-1.717116e-02
1.578367e-02
-7.228253e-02
-6.005608e-02
-3.706561e-02
1.544450e-02
1.178521e-02
-6.824643e-03
7.891634e-03
-1.838708e-02
-5.211049e-02
1.104447e-02
-2.788197e-02
-4.666986e-02
4.612357e-02
3.834176e-02
2.932656e-02
2.982056e-02
2.711252e-02
4.693921e-03
1.882212e-02
-3.956322e-02
-4.996569e-02
1.125392e-02
7.351635e-03
-5.342121e-03
-3.516765e-03
-9.960666e-04
-1.120156e-02
8.887529e-03
1.609827e-02
8.206040e-03
3.649477e-02
1.666435e-02
-4.599439e-02
-5.018490e-02
4.297915e-02
5.612715e-02
7.403182e-03
1.628349e-02
-2.641339e-02
1.789851e-03
2.461986e-02
-1.693482e-02
6.263242e-02
7.386224e-02
2.230912e-02
3.857148e-02
6.823495e-02
7.665923e-03
-4.239170e-02
3.028366e-03
-5.620207e-03
-5.015470e-03
-1.168306e-02
-3.192907e-02
1.013679e-02
3.952552e-02
-6.757860e-03
7.432160e-03
-8.775341e-03
1.454313e-02
-9.973415e-03
-2.859649e-02
6.724439e-05
3.290410e-03
-1.966519e-02
3.520975e-03
-6.775549e-02
-1.295880e-01
-1.393544e-01
-1.687095e-01
-1.684285e-01
-1.590750e-01
-6.984861e-02
-1.191263e-01
-5.382536e-02
3.347390e-02
2.663641e-02
-2.947365e-02
-4.760945e-02
-4.628873e-02
-5.528191e-02
3.845479e-02
1.835429e-02
3.874214e-04
-4.704898e-02
1.580998e-02
1.376254e-02
-9.397822e-03
4.965236e-02
4.765403e-02
3.853218e-03
2.352330e-02
1.283192e-02
-4.620166e-03
4.196612e-03
7.979735e-03
-4.139491e-03
5.153644e-03
7.183048e-03
-4.302759e-03
6.226164e-03
3.608357e-03
-2.403005e-02
-1.639715e-02
-3.833289e-02
-5.881336e-03
8.126416e-03
-1.112411e-02
-5.435981e-02
-3.644561e-02
-3.266351e-02
-2.295310e-03
2.988931e-02
-2.652200e-02
6.437276e-03
3.717225e-02
-8.916573e-03
-2.346635e-02
-8.303746e-03
-9.959240e-03
-9.952033e-03
1.174098e-03
1.976367e-02
-2.295714e-02
-1.822982e-02
-4.056042e-02
-2.334852e-02
3.099862e-03
1.229503e-02
6.005200e-03
5.875599e-03
1.998561e-02
-1.065993e-02
-1.271082e-03
1.275265e-02
3.682020e-04
1.426383e-02
3.483200e-02
-4.307175e-03
5.769619e-03
-2.418532e-02
2.962306e-02
1.563641e-02
-2.304542e-02
-1.624051e-02
-4.759233e-03
4.042736e-02
-2.153969e-02
-1.221831e-02
-3.122462e-02
-3.957719e-02
-7.148317e-02
-7.021027e-02
1.526191e-03
2.670516e-02
2.640925e-02
-3.080390e-02
-2.377527e-02
2.469592e-02
-2.169017e-02
-3.558534e-02
-5.791348e-02
-1.821971e-02
-2.022295e-02
1.773350e-02
1.228717e-02
1.151008e-02
1.938093e-02
-2.298104e-03
-1.331941e-03
1.068456e-02
-3.043534e-03
-3.907211e-03
5.777864e-03
-1.841989e-02
-4.324317e-02
3.509221e-03
-3.589229e-02
-4.439211e-02
2.086971e-03
-8.514090e-03
-2.443910e-02
8.351348e-03
-2.828272e-02
-4.188783e-02
-4.627392e-02
-1.631396e-02
6.298051e-04
-1.973147e-02
2.684780e-02
5.859597e-02
2.647301e-03
1.953380e-02
1.289507e-02
-2.228130e-02
-2.381962e-03
1.715451e-02
-1.491765e-02
1.073183e-02
5.816238e-03
1.358311e-02
-1.878764e-02
-1.406407e-02
-7.707398e-03
-6.739609e-03
9.121724e-03
2.614150e-02
-8.213153e-03
1.478643e-03
3.137846e-02
-1.307519e-02
-1.913419e-02
-8.636031e-03
-4.461818e-02
-4.276880e-02
-3.848081e-02
-3.953487e-02
-3.126802e-02
-5.763021e-02
-1.128776e-02
2.181882e-02
2.388335e-02
-9.957240e-03
-4.501343e-03
-2.021512e-02
-1.097046e-03
1.731880e-02
2.309262e-02
-2.006196e-02
1.678937e-02
-1.991690e-02
5.381419e-03
4.826294e-02
3.340802e-02
-3.553825e-02
5.887115e-02
2.126132e-02
7.709173e-03
-2.407472e-02
-1.696027e-02
-3.211891e-03
8.365748e-03
4.308488e-03
-1.450096e-02
2.503633e-03
-7.440184e-03
-4.275572e-02
-5.916833e-02
-3.997333e-02
-3.940844e-03
-3.810818e-02
-4.069970e-02
2.046862e-03
-2.187695e-02
-4.327571e-02
-7.004184e-02
-4.530277e-02
-4.787232e-02
-9.011663e-02
-9.615853e-02
-9.089194e-02
-5.854097e-02
-9.151544e-02
-9.299996e-02
1.751332e-02
-2.247886e-03
1.320084e-02
-1.348366e-02
-1.548241e-02
6.221591e-03
1.322112e-02
4.376980e-03
-5.634705e-04
-3.417455e-03
-4.927207e-03
-1.363643e-03
-1.224992e-02
-3.042862e-02
-1.439384e-02
-5.895206e-04
-2.677872e-02
-1.878858e-02
2.178099e-02
1.859333e-02
9.477627e-03
4.162089e-03
3.021640e-03
-1.222974e-02
-1.640582e-03
2.141289e-02
3.461455e-03
2.101421e-02
1.171295e-02
3.600784e-02
-4.794915e-03
-7.624353e-03
7.712389e-03
5.600054e-02
2.089785e-03
1.338449e-02
2.417037e-02
6.193395e-02
4.495123e-02
1.674342e-02
1.337000e-02
1.458886e-02
-1.268105e-02
-8.140447e-03
9.623094e-03
2.614108e-03
-6.027783e-03
-4.106704e-03
-7.388405e-03
-1.463957e-02
-1.129124e-02
-3.507934e-03
-7.227193e-03
-3.744826e-03
-7.935685e-03
1.254222e-02
1.950776e-02
4.632385e-03
6.164108e-02
3.994104e-02
-8.967973e-02
6.118986e-02
4.776402e-02
4.873308e-03
-1.080391e-02
-8.616383e-04
-2.246453e-02
-5.943666e-02
-3.684368e-02
-3.712022e-02
-7.909588e-02
-2.472786e-02
-4.518422e-03
-4.565292e-03
-1.758572e-02
-2.216663e-02
-2.934122e-02
-4.435075e-02
4.210981e-02
2.982942e-02
4.260781e-02
-5.603635e-03
-2.075603e-02
-1.679987e-02
-2.810500e-02
8.442081e-03
3.800553e-02
-1.203785e-02
1.155463e-02
2.679627e-02
-5.937234e-02
-7.958274e-02
-4.225294e-02
-2.134903e-02
-1.543919e-02
1.009825e-02
6.747825e-02
7.719415e-02
5.748723e-02
4.506218e-02
-5.080291e-02
-7.271577e-02
1.573091e-02
2.331304e-03
-3.027799e-02
4.306803e-02
5.301451e-02
2.310899e-02
-6.034807e-02
-1.448844e-02
-8.048741e-03
-3.497877e-02
-6.581632e-05
2.366795e-03
-2.081724e-02
-2.377018e-02
-3.432505e-02
-1.843499e-03
3.685643e-03
7.671034e-03
-1.236690e-02
8.312420e-03
8.156655e-03
6.469612e-03
5.970740e-03
6.287632e-04
7.612940e-03
-5.951689e-03
-3.463198e-02
-2.288101e-03
-2.855187e-02
-5.476834e-02
-3.924771e-02
-5.135156e-02
-6.843008e-02
-6.357823e-02
-1.290330e-01
-1.282240e-01
-1.491484e-03
4.867794e-03
-9.238587e-03
6.907658e-02
1.058573e-01
9.921280e-02
4.285660e-03
4.552805e-03
1.422648e-02
2.010921e-02
7.507756e-03
1.051847e-02
2.390088e-02
1.653417e-02
1.178989e-02
1.165656e-02
-2.136479e-02
-2.874717e-02
4.061103e-02
-5.058193e-03
-2.489093e-02
3.102667e-02
-2.711115e-03
-5.923328e-03
1.726121e-02
1.545210e-02
1.034485e-02
1.314700e-02
1.266800e-02
-2.633761e-02
8.298627e-03
8.479603e-03
-1.897102e-02
-1.549981e-02
-6.289288e-02
-2.544171e-03
-2.937732e-02
-2.054174e-02
6.025866e-02
9.045454e-03
5.555559e-02
5.096778e-02
-5.201256e-02
-5.620580e-02
-3.741607e-02
-5.557570e-02
-1.427055e-02
2.052476e-02
-5.804555e-03
2.034623e-02
4.101661e-02
1.039672e-02
9.371778e-03
1.617824e-02
5.669756e-03
2.426952e-03
7.112391e-03
1.205893e-03
-4.538227e-03
-2.840882e-03
-2.074796e-02
-2.059169e-02
-4.328862e-03
-3.902828e-03
-3.799539e-03
6.799192e-03
3.010982e-02
-1.965636e-02
-1.148209e-02
-5.737184e-03
5.136500e-02
4.083747e-02
3.972736e-02
8.905841e-02
8.727551e-02
5.902449e-02
1.114008e-01
9.074339e-02
2.522369e-02
3.603639e-02
2.861938e-02
-1.533354e-03
-1.420968e-03
8.833196e-03
1.752463e-02
2.838049e-02
3.734139e-02
-8.898022e-03
-7.537095e-03
-2.675094e-02
-7.283588e-03
-1.468057e-02
-4.421832e-02
8.690741e-04
-1.351982e-02
-4.162918e-02
4.172207e-03
-2.433843e-02
4.517005e-03
2.149919e-02
3.019005e-02
1.361785e-02
7.968823e-03
1.332537e-02
-9.948952e-03
-1.800266e-02
-1.703197e-02
3.461902e-03
3.293698e-02
1.544705e-02
2.240881e-02
5.268561e-02
9.682876e-03
1.619376e-02
9.261779e-03
-2.675454e-02
1.383872e-03
3.028606e-02
-1.118355e-02
1.812668e-04
2.743519e-02
-7.506310e-03
-1.702078e-03
3.170405e-02
4.235945e-02
1.272226e-02
1.072711e-02
3.145760e-02
1.600909e-02
-1.372797e-02
9.833721e-03
1.078939e-02
-1.854222e-02
-6.224220e-03
-1.035313e-02
-1.421404e-03
1.176376e-02
1.215531e-02
1.560908e-02
2.448113e-02
1.842803e-02
4.479591e-02
-3.980472e-02
-2.394326e-02
1.397544e-02
-5.104310e-02
-4.084590e-02
2.207331e-03
-3.984487e-02
-2.840100e-02
-3.180367e-02
-2.162432e-02
-7.261179e-04
-2.468679e-02
-1.339294e-02
1.658472e-02
1.043071e-02
2.082195e-02
4.283104e-02
2.083118e-03
7.878992e-03
6.915971e-03
-4.367081e-03
1.825759e-03
5.840696e-03
2.045773e-03
6.906586e-03
1.102666e-02
2.250012e-02
2.547162e-02
2.554052e-02
3.026292e-02
1.778679e-02
-2.303651e-03
2.981155e-02
2.587875e-02
4.982216e-03
-3.139783e-03
2.678123e-02
1.342759e-02
2.384180e-02
-2.048818e-02
3.509310e-02
1.494942e-02
1.795488e-03
-3.355756e-02
-5.533989e-03
-1.974159e-02
-2.253659e-02
2.783380e-02
-1.708129e-03
-2.476724e-02
2.555436e-02
8.933718e-03
-9.694229e-03
2.789571e-03
1.260199e-04
1.081988e-03
-5.452631e-04
-8.737091e-03
-8.566697e-03
2.537432e-03
-3.461149e-03
3.557741e-04
-4.281878e-02
-5.538169e-02
-4.494056e-02
6.877375e-02
6.433167e-03
-8.516321e-02
1.447687e-02
2.487354e-02
4.159123e-02
-4.726476e-03
2.078675e-02
-5.642276e-04
-2.153067e-02
2.719310e-03
1.425140e-03
-1.153526e-02
-1.237395e-02
-3.814025e-02
1.546989e-02
3.125970e-02
5.088150e-03
-5.137764e-02
-1.668037e-02
4.280861e-02
-3.805206e-03
-6.151730e-02
-5.307939e-02
5.813851e-03
-1.145753e-02
-6.184024e-03
-1.181220e-02
-3.695940e-03
2.560549e-02
-1.921493e-02
-6.294730e-03
2.809441e-02
-4.146175e-02
-6.387527e-02
2.532612e-02
-6.305313e-03
-9.460092e-02
-4.399650e-02
1.296843e-02
-4.461131e-02
-1.030423e-01
-2.248037e-02
-5.501261e-02
-9.944042e-03
-1.883651e-02
-3.036436e-02
-2.655127e-02
-1.870185e-02
-2.882561e-02
-3.469239e-02
-1.602029e-02
3.843930e-03
1.611270e-02
-2.696008e-02
-8.627014e-04
-6.379580e-03
-1.859639e-02
5.354972e-03
1.957089e-02
-7.587896e-03
2.846191e-03
1.745463e-03
2.541037e-03
3.683292e-03
9.681882e-03
-3.031341e-03
1.139716e-02
1.200420e-03
8.487158e-03
3.053465e-02
2.675635e-02
2.650436e-02
4.570247e-02
4.262296e-02
-2.407283e-02
3.124976e-02
2.445616e-02
1.510256e-03
7.091695e-03
1.062741e-02
7.838096e-05
1.784299e-02
1.787649e-02
-8.734090e-03
-1.704548e-02
-7.293152e-04
9.163037e-03
3.437672e-02
5.927227e-03
3.043763e-03
-1.869133e-02
-2.163189e-03
1.514060e-02
2.249842e-02
-3.014147e-02
-1.226606e-02
-2.025531e-02
-1.251499e-02
7.704239e-03
-7.440302e-03
-5.657597e-03
1.462861e-02
1.010787e-02
1.517016e-02
-2.498498e-02
-2.975812e-02
-6.418828e-03
3.387005e-02
-3.687249e-02
-3.498580e-02
1.566880e-02
-9.601263e-03
-4.085703e-02
2.855906e-03
1.117628e-02
-1.874146e-02
3.612026e-02
5.593805e-04
9.931707e-02
3.382231e-02
4.618144e-03
-2.843656e-02
-1.702617e-02
3.916077e-03
2.243546e-02
-4.722606e-03
-3.192909e-02
-2.792547e-02
2.383445e-02
6.212348e-02
1.303511e-02
-6.110147e-03
-5.731503e-03
1.995750e-03
-2.768429e-03
-1.715594e-03
1.174093e-04
2.547115e-03
9.889564e-03
1.247827e-02
-3.599778e-02
-8.332058e-02
-4.160004e-03
5.598629e-02
-9.012740e-02
-6.405959e-02
7.256019e-03
4.150122e-02
-5.991434e-02
2.716546e-03
3.798047e-02
-3.889215e-02
-4.225342e-02
6.807270e-02
1.727745e-02
-2.553498e-02
1.240843e-02
6.741529e-02
1.333027e-02
2.112155e-02
-3.360957e-02
-1.551975e-02
4.313733e-02
2.852349e-02
-5.046349e-02
-2.794870e-02
-1.240529e-02
1.599606e-02
-1.870748e-02
-1.060786e-02
2.787923e-02
-7.396896e-03
-3.312896e-02
9.030781e-03
6.875542e-03
-2.550978e-02
1.030048e-03
2.461245e-02
-4.072972e-02
-5.985600e-02
2.853351e-02
9.026204e-04
3.233925e-02
-4.419773e-02
4.432311e-02
-1.735481e-02
-1.608546e-02
4.046649e-02
2.433376e-02
-5.346953e-02
1.226041e-02
2.820381e-02
2.749787e-02
-2.213333e-03
7.527528e-03
5.200505e-02
3.112617e-03
7.217344e-03
4.813117e-02
2.547903e-02
-2.371182e-02
5.279375e-02
1.345739e-02
1.416680e-02
1.395972e-02
4.960566e-03
-2.687823e-03
5.565246e-03
5.833295e-03
5.265554e-03
-6.174141e-03
-9.801400e-03
-1.354892e-02
-3.089996e-02
-6.517368e-02
1.236431e-02
1.055470e-02
-3.259054e-02
-5.894331e-03
-7.250186e-03
-1.953869e-02
1.870671e-02
-4.571122e-02
1.544327e-02
6.464945e-02
-1.056293e-02
-2.045143e-02
1.048630e-02
7.185305e-02
-5.365426e-02
1.322228e-02
4.935463e-02
1.758748e-02
-3.826646e-02
3.676490e-02
4.619731e-02
1.186327e-02
-3.977819e-02
2.495100e-02
-4.513832e-04
-2.108489e-02
2.048468e-03
-1.572069e-03
-2.534738e-02
-3.996539e-03
-1.121425e-02
-2.424184e-02
-1.461646e-02
-2.812055e-02
-1.859424e-02
7.840547e-03
-4.329892e-02
-3.279647e-02
2.093210e-02
-1.524990e-03
-6.861486e-02
-1.755975e-02
5.249199e-02
2.192148e-02
-1.021737e-02
-6.997236e-03
1.529283e-01
-2.544000e-02
1.434643e-02
3.869284e-02
3.973351e-02
-3.140698e-02
-8.054269e-03
-3.729000e-02
1.317767e-02
9.572629e-03
3.827461e-02
3.978707e-02
-2.776282e-02
3.758689e-04
8.426053e-03
2.851008e-03
2.547737e-02
-1.663554e-02
-1.992676e-02
6.197910e-03
-3.447191e-03
-9.593310e-03
1.207763e-02
-3.347811e-02
-3.662888e-02
1.080746e-02
-1.037346e-02
-1.312174e-02
-3.333452e-03
1.912116e-02
-3.670151e-02
-7.425091e-02
-5.495398e-04
-1.352750e-03
-2.031178e-02
-9.788809e-04
-4.195980e-04
-2.113164e-02
-2.576465e-02
-2.281653e-02
-4.672396e-02
-3.061334e-02
-2.366753e-02
2.877519e-02
2.204313e-02
-2.055952e-02
-4.094948e-02
-9.540258e-04
-2.581201e-02
-4.757909e-02
-1.876182e-04
1.226892e-02
3.862925e-03
1.013210e-02
2.132875e-02
2.852092e-02
1.356073e-02
1.421352e-02
3.070371e-02
-1.433937e-02
-8.665433e-03
1.455121e-02
-2.140051e-02
-4.273304e-02
-4.692950e-02
3.247169e-02
1.827465e-02
-4.122713e-02
-1.462002e-01
-9.444896e-02
-5.737219e-02
-1.028396e-01
-7.671309e-02
-1.016832e-01
-6.047116e-02
-7.785101e-02
-1.177388e-01
-1.196707e-02
6.434782e-03
8.870923e-03
9.955857e-03
2.905798e-02
3.388797e-02
-9.212415e-03
-1.667924e-03
-1.654452e-02
-9.630566e-03
-1.589020e-03
7.672197e-04
-1.805015e-03
7.682920e-03
4.886889e-03
-1.169380e-02
9.134800e-05
4.905664e-03
-6.645034e-02
-2.413563e-02
-3.266364e-02
-1.898102e-02
1.328216e-02
1.234413e-04
-1.214807e-02
1.256750e-02
-2.476281e-02
-7.534316e-02
-2.678541e-02
-2.290748e-02
-4.196940e-02
-1.646497e-02
-3.624352e-02
2.243134e-02
2.156627e-03
-2.206877e-02
4.052162e-02
4.101925e-03
2.599814e-02
9.007419e-03
-2.013876e-02
-8.738035e-03
1.645068e-02
-1.111670e-02
-1.225268e-02
5.466594e-02
1.860591e-02
1.504966e-02
1.388245e-02
-1.627132e-02
-1.321175e-02
2.344770e-02
-1.014804e-02
8.036805e-03
-1.105387e-01
-1.018176e-01
-6.936938e-02
-8.246796e-02
-9.505111e-02
-1.166416e-01
-4.517681e-02
-1.017838e-01
-1.140621e-01
2.893264e-02
4.690076e-02
5.843113e-02
1.254808e-02
-6.319435e-03
1.619263e-02
3.663919e-02
1.678593e-02
8.272152e-02
2.668566e-02
-1.197097e-03
2.533297e-03
2.054847e-02
4.059763e-04
-5.703683e-03
4.813884e-02
8.126740e-02
3.883203e-02
-2.730805e-03
-1.851094e-03
-1.275864e-04
-1.527279e-02
-1.678983e-02
-1.190755e-02
-1.696452e-02
-1.550598e-02
-8.055025e-03
-1.782309e-02
-1.988634e-02
-1.432503e-02
3.006217e-02
-3.191535e-02
-2.678226e-02
1.683875e-02
-4.296342e-02
-4.822592e-02
-6.554025e-02
-6.326734e-02
-2.509154e-03
-9.493882e-02
-9.665842e-02
-4.333329e-02
-5.782424e-02
-7.352663e-02
-3.168502e-02
1.968368e-02
-6.094583e-03
-1.581962e-02
5.322805e-02
1.934654e-02
9.600610e-03
6.589302e-02
3.332608e-02
6.544076e-03
-5.387833e-03
-2.173176e-02
-2.263695e-02
-1.616828e-02
3.086265e-02
1.016305e-01
-7.118496e-03
5.384566e-02
1.401534e-01
1.472522e-02
3.115926e-02
2.058588e-02
1.873589e-02
3.186571e-03
-1.308365e-02
2.238843e-02
-1.825054e-02
-2.710999e-02
3.611249e-02
4.005019e-02
8.188318e-03
2.862883e-02
-9.073822e-03
-3.723962e-02
2.260526e-02
-3.866936e-02
-5.573891e-02
-3.813931e-03
1.630775e-02
1.149621e-02
1.067359e-02
3.394799e-02
3.254226e-02
4.416774e-03
2.844845e-02
3.499559e-02
1.065522e-02
-3.414361e-03
-7.979347e-03
4.315234e-02
1.033392e-03
-2.038720e-02
4.755310e-02
3.549656e-02
1.850926e-02
1.002883e-02
1.534009e-02
-1.857729e-03
1.484875e-02
2.317795e-02
-1.173488e-02
-5.451126e-03
-1.430591e-02
-1.776861e-02
3.468702e-03
1.628660e-03
2.402198e-02
-8.785925e-03
-3.266218e-02
-1.430445e-04
-8.952511e-04
-2.749944e-02
-5.355753e-03
-1.551575e-03
-2.276690e-02
2.913646e-03
-3.108098e-02
-5.647442e-02
-4.299780e-02
-2.531650e-02
-5.462595e-02
-4.941173e-02
-1.147271e-02
1.101484e-02
2.895223e-02
-1.030140e-02
-8.009926e-04
1.335058e-02
4.494850e-03
-2.741174e-04
-3.756822e-03
4.332091e-03
1.059185e-02
1.132252e-02
2.165484e-02
9.579738e-03
-2.451462e-03
2.870193e-02
1.337115e-02
3.262206e-03
-9.984162e-03
8.940240e-03
3.441938e-03
-1.470880e-03
5.894273e-03
6.175614e-03
5.758110e-03
8.872611e-03
1.052232e-02
-4.950243e-03
4.348922e-03
-5.098987e-03
4.926398e-03
3.659650e-03
9.996639e-03
1.045550e-02
2.013460e-02
1.567702e-02
-4.457950e-03
-1.383726e-02
-1.269436e-02
-3.777363e-03
-1.317963e-02
-1.417457e-02
3.918692e-03
-4.438990e-03
-6.073263e-03
6.837767e-02
-2.265745e-02
-7.412057e-02
2.794380e-02
-2.708642e-02
-1.002219e-01
4.729965e-02
-3.861610e-02
-7.615280e-02
-2.927504e-02
-9.621494e-03
3.130168e-03
-3.243575e-02
-3.812877e-02
6.712750e-03
-3.905170e-02
-6.496433e-02
-2.120024e-02
-7.867691e-03
-4.010203e-02
-2.594517e-02
1.354994e-02
-3.172587e-02
-1.404759e-02
2.093721e-02
-2.661734e-02
-1.895590e-02
-5.732757e-03
1.972638e-02
9.690681e-03
-1.770423e-02
1.819207e-02
1.329695e-02
-1.019851e-02
2.022410e-02
2.664040e-02
3.188123e-03
-1.365271e-02
-1.433418e-02
2.935234e-02
1.428764e-02
-1.838423e-02
2.231811e-02
-1.061820e-02
-2.154748e-02
-2.028405e-02
-4.850281e-02
1.763031e-02
-1.310036e-02
-4.334867e-02
-1.224603e-02
-1.798094e-02
-2.065592e-02
-2.798416e-02
3.146957e-03
-1.666707e-02
-3.904476e-02
-2.177997e-02
-3.724904e-02
-5.555173e-02
-8.517023e-03
-3.184045e-02
-3.686105e-02
-2.346552e-03
-1.186312e-02
8.424787e-03
3.289143e-03
-8.096757e-03
1.867155e-02
7.747759e-03
3.773719e-03
1.493160e-02
-5.823822e-02
-4.044168e-02
-4.825239e-03
-8.063820e-02
-2.707954e-02
2.760005e-02
-7.380842e-02
-2.006750e-02
2.692730e-02
-3.534136e-02
4.235820e-02
6.557496e-02
-4.180305e-03
1.099116e-01
7.121617e-02
-1.988066e-02
7.730754e-02
2.717303e-02
2.059943e-02
2.235206e-02
-5.785202e-04
3.099538e-02
1.456654e-02
-5.171263e-03
1.399662e-02
-9.138479e-04
-2.260243e-02
-1.744980e-02
-6.333123e-03
-2.955612e-03
-1.247574e-02
5.703531e-03
5.806438e-03
-4.192764e-03
1.469459e-02
1.664049e-02
-5.396380e-04
-4.307383e-02
-3.697125e-02
3.726184e-02
-4.536614e-02
-4.812117e-02
5.915057e-02
-1.788396e-02
-2.697302e-02
1.457963e-03
-5.671249e-04
-2.041464e-02
1.781783e-02
-2.653497e-03
-1.804061e-02
-4.699516e-03
-2.804373e-02
-2.289849e-02
1.534444e-02
-1.220142e-02
-2.222933e-02
1.285178e-02
-3.094862e-02
-3.841048e-02
5.444018e-03
-5.278070e-02
-3.337026e-02
5.379046e-03
-3.571411e-03
-2.575362e-03
1.580881e-02
2.752212e-03
2.947401e-03
2.098453e-02
1.285106e-02
1.079397e-02
-7.249188e-02
-7.520165e-02
2.846947e-02
-8.600897e-02
-3.714748e-02
9.532429e-02
-7.519644e-02
2.741779e-03
4.116484e-02
3.570823e-02
-1.413263e-02
-3.886312e-03
8.053521e-02
-4.194524e-02
-6.049512e-02
9.258404e-02
-3.628054e-02
-1.193967e-02
1.995012e-02
-2.422045e-02
-2.533942e-02
2.667193e-02
-3.299960e-02
-2.901761e-02
-1.028130e-02
-5.080386e-03
-2.760069e-02
7.495639e-03
-1.536081e-03
1.281981e-02
-1.305782e-02
-1.994017e-02
9.659425e-03
3.034274e-03
-2.898703e-03
-1.382757e-02
-9.153608e-03
6.823396e-03
-4.209868e-02
1.599631e-02
3.702248e-02
1.332782e-02
2.519805e-02
3.310382e-02
-1.702533e-02
4.598460e-03
-2.008232e-02
8.003131e-02
-2.320733e-02
3.439503e-03
7.901064e-02
-5.746817e-02
-2.757756e-02
2.127875e-02
5.492197e-02
1.552431e-02
-2.351378e-02
8.343021e-02
2.657866e-02
-6.087807e-02
7.222372e-02
3.490588e-02
-4.101503e-02
4.155691e-03
-2.606982e-04
-9.415789e-03
5.042612e-03
-7.264435e-03
1.655732e-03
2.374999e-03
4.282451e-03
4.810172e-03
-4.661663e-02
-4.299531e-02
-3.053384e-03
-5.652248e-02
-5.923669e-02
-1.685587e-02
-3.854240e-02
-5.891247e-02
-1.375342e-02
1.119725e-02
4.119539e-03
2.786165e-02
-3.277702e-02
4.507054e-02
1.036794e-01
-1.204885e-02
6.119850e-02
3.206633e-02
1.366245e-02
3.339291e-02
2.111817e-02
6.759437e-02
3.271059e-02
3.733606e-03
5.337352e-03
8.197336e-04
2.213679e-02
2.832161e-03
3.285541e-02
3.027121e-02
-4.911161e-03
1.563428e-02
3.772666e-02
-1.484110e-02
-3.055563e-03
2.323441e-02
-5.595653e-02
6.155766e-02
-2.447189e-02
1.675847e-02
7.623096e-02
-2.334192e-02
3.387542e-02
4.097088e-03
-1.893815e-02
-8.331539e-03
-2.159114e-02
1.299279e-02
9.699702e-03
-1.465778e-02
5.260284e-02
-1.010307e-02
2.045206e-02
4.171580e-02
1.899412e-02
-1.776302e-03
-2.180663e-02
-3.238715e-02
6.328728e-02
3.895937e-03
-1.895451e-02
2.347708e-02
1.641491e-02
1.796114e-02
5.351856e-03
-1.276894e-03
5.670417e-03
-5.180243e-03
-8.781398e-03
4.354277e-03
-4.741849e-03
-5.138406e-03
4.142744e-02
-2.489206e-02
-6.567152e-02
-5.242204e-02
-7.410038e-02
-5.303520e-02
-5.659856e-02
-6.758263e-02
1.478204e-02
8.140688e-03
2.943188e-02
-1.473165e-02
8.326544e-03
1.529551e-03
-3.172852e-02
-2.074527e-02
-4.090928e-02
-4.318310e-02
-3.160113e-03
-1.859437e-02
-3.287457e-02
-2.093733e-02
-2.557223e-02
-1.004370e-02
-2.498493e-02
-3.394249e-02
-1.559410e-02
5.202803e-03
-8.353346e-03
9.159770e-03
1.230311e-03
4.159750e-03
1.324146e-02
7.372142e-03
1.489928e-02
1.011008e-02
2.367431e-02
-2.859557e-02
-4.070135e-02
-1.952083e-02
-6.074008e-02
-3.631387e-02
-7.087935e-02
-1.355246e-02
-1.153061e-04
1.957491e-02
4.385296e-02
5.016764e-02
2.452452e-02
5.217844e-02
3.032983e-02
2.239353e-02
7.319631e-02
5.022991e-02
-7.182925e-03
-4.585995e-03
-1.130361e-02
7.268544e-03
1.766795e-02
-1.775307e-03
6.271466e-03
2.649732e-02
1.626484e-02
-1.402664e-02
-1.171615e-02
-1.234325e-03
6.352244e-03
1.461451e-03
-5.723004e-03
-1.100532e-02
-2.261051e-05
6.710199e-04
-1.533649e-02
-1.880303e-02
-3.989737e-02
1.357915e-02
-4.189139e-03
-3.842402e-02
2.475884e-03
-1.617403e-02
-3.575408e-02
-4.138675e-02
-3.523071e-02
-3.836089e-02
-4.792731e-02
-2.257501e-02
-3.961790e-02
-8.758805e-03
5.918836e-03
-6.568814e-03
2.211522e-02
3.036802e-02
3.398307e-02
3.462319e-03
-3.443164e-03
-2.981701e-02
6.408697e-03
-1.866838e-02
-3.805689e-02
1.192055e-02
1.406389e-02
1.816897e-02
3.383543e-03
-7.535740e-03
1.087560e-03
-2.231612e-03
-2.116092e-02
-1.847088e-02
3.694956e-02
3.447463e-02
3.781847e-02
4.044063e-02
1.826590e-02
5.867228e-02
9.455356e-03
3.841405e-02
5.241175e-02
-6.428052e-02
-7.220000e-02
-1.374734e-01
-2.983796e-02
-1.152206e-01
-1.150055e-01
-9.811666e-02
-1.140160e-01
-1.207160e-01
-2.398285e-02
-8.064359e-02
-8.554292e-02
-6.952829e-02
-8.238786e-02
-9.748413e-02
-1.174606e-01
-7.282551e-02
-7.705847e-03
-2.306864e-02
-1.576063e-02
-6.120658e-03
-2.492025e-02
-2.006068e-02
-1.266728e-02
-2.362222e-02
-1.986194e-02
-1.459574e-02
2.962584e-02
3.294608e-02
4.030243e-02
4.606926e-02
2.007219e-02
4.563449e-02
3.208455e-02
6.775700e-03
1.332343e-02
-1.816137e-02
-2.297684e-03
1.242827e-02
-1.237676e-02
7.399919e-03
2.412484e-02
-5.243201e-03
1.876594e-02
3.822090e-02
3.723469e-02
7.387095e-04
-2.902105e-02
-3.967280e-03
9.272174e-04
-8.344095e-03
7.472468e-03
2.347629e-02
4.487954e-02
-1.162256e-02
-8.202419e-03
-5.825657e-03
-1.021663e-02
-1.165361e-02
-7.326108e-03
-1.471912e-02
7.809102e-04
1.500461e-02
4.684784e-02
1.895879e-02
7.878622e-02
4.059069e-02
1.650338e-02
5.265998e-02
6.666522e-03
-2.424141e-03
6.194507e-02
-2.335152e-02
-5.610895e-02
-4.342141e-02
-6.209766e-02
-8.009498e-02
-5.647767e-02
-6.997032e-02
-9.102333e-02
-3.761453e-02
5.177591e-02
2.132580e-02
1.968235e-02
1.458378e-02
6.678126e-03
2.980646e-03
-1.690608e-02
-7.581190e-03
2.998479e-03
1.223099e-02
1.833289e-02
1.712400e-03
-2.087764e-02
1.839787e-02
1.596851e-02
-5.594973e-02
-2.865244e-02
-2.401997e-02
2.334150e-03
-1.087033e-02
-4.021717e-02
3.646017e-02
2.192696e-02
-2.090100e-02
3.194441e-02
3.978044e-02
8.462555e-04
2.522728e-02
1.229253e-02
1.381185e-02
1.703840e-02
-8.825820e-03
-2.019252e-02
4.245422e-02
2.634716e-02
-1.433286e-02
-4.847527e-03
-8.933071e-03
4.078044e-04
-2.215965e-02
-1.618873e-02
8.800081e-03
8.875879e-03
1.623733e-02
8.656451e-03
-1.110814e-02
-1.242666e-02
1.921097e-04
2.328844e-03
-1.079167e-02
-1.020166e-02
3.281930e-02
6.660792e-03
3.656212e-03
-3.198517e-02
-4.853989e-02
-6.111868e-02
-5.401608e-02
-6.352014e-02
-6.695067e-02
-2.291445e-02
-2.147642e-02
-7.109168e-03
-1.113023e-01
-1.075647e-01
-9.338780e-02
-6.175314e-02
-8.983484e-02
-5.702886e-02
-6.817576e-02
-3.648457e-02
-6.238091e-02
-3.102482e-02
-3.818601e-02
-2.003284e-03
-9.664686e-02
-7.248586e-02
-1.129216e-02
-8.844429e-02
-8.561733e-02
-1.122333e-02
4.986655e-03
6.401180e-05
-4.302398e-03
9.346110e-03
5.775504e-03
1.821097e-03
4.300287e-03
-6.792930e-04
-2.269975e-03
7.608478e-04
1.015330e-02
1.617149e-02
2.626289e-02
-2.414115e-02
-2.229233e-02
-2.364483e-03
-3.187878e-02
-7.047904e-03
5.245474e-02
3.850166e-02
-5.677505e-03
5.837280e-02
5.950085e-02
9.895469e-03
3.937268e-02
5.802699e-02
4.986592e-03
-2.486494e-02
-1.823721e-02
-5.313252e-03
-1.472739e-01
-1.164506e-01
-9.648845e-02
-3.405121e-02
-1.491211e-02
-6.760912e-03
-1.172479e-02
-3.643828e-03
1.193162e-02
5.137444e-03
-2.931824e-02
-6.507456e-02
-5.870062e-03
-2.526062e-02
-3.788624e-02
-9.345764e-03
-1.420718e-02
-1.837504e-02
9.988988e-03
1.788610e-02
3.116284e-02
-3.525635e-03
9.375061e-03
1.876751e-02
4.762948e-02
9.121708e-03
1.856125e-02
-5.943637e-04
1.818900e-02
8.128211e-04
-1.731872e-03
1.488733e-02
1.747789e-02
-6.343497e-02
-8.070672e-02
-7.253274e-02
-4.713120e-02
-6.884081e-02
-6.802517e-02
-2.977625e-02
-7.017367e-02
-6.826954e-02
-1.036947e-02
-1.253652e-02
-5.926175e-03
-8.130333e-03
-1.965139e-02
-1.017594e-02
-6.259461e-03
-5.606839e-02
-4.766093e-02
-5.514331e-03
6.065469e-04
5.183864e-03
-2.301749e-02
-1.801470e-02
-5.555518e-03
-4.970469e-02
-2.796012e-02
-1.742443e-02
2.122721e-02
2.630725e-03
2.354922e-02
2.787459e-02
1.269317e-02
1.364607e-02
2.734789e-02
1.333644e-02
1.646146e-02
9.629381e-02
6.716046e-02
5.538899e-03
1.066686e-02
3.048807e-02
7.306862e-04
4.631952e-02
9.545523e-02
1.279977e-02
4.778014e-03
-2.035453e-03
3.668794e-03
5.783077e-03
6.754519e-03
1.131547e-02
3.622239e-03
1.402795e-02
1.948078e-02
2.049119e-02
4.060652e-02
8.876739e-03
2.196360e-02
1.446193e-02
1.531549e-02
3.579580e-02
2.640976e-02
-1.622798e-02
5.131150e-02
-4.768786e-02
3.259970e-02
8.332968e-03
1.350337e-02
-1.809135e-02
3.458137e-02
-1.444573e-02
3.384661e-02
-1.086172e-02
2.758250e-02
6.785966e-02
-4.167289e-03
1.506767e-02
4.092840e-02
1.141097e-03
-1.948844e-02
1.458803e-03
