7.343655e-02
4.739066e-02
1.133633e-01
3.235948e+00
-1.929563e+00
5.212833e-02
5.858609e-02
6.072297e-02
1.113379e-01
1.210413e-01
7.322596e-02
6.938577e-02
6.477600e-02
1.553079e-01
-1.266419e+00
2.336792e-01
3.738838e-05
3.859150e-02
-9.742560e-01
6.327908e-02
7.098627e-01
4.517719e-02
3.815669e-01
9.290536e-01
2.904043e-02
4.266160e-02
1.558444e-02
1.886293e-01
6.006080e-01
8.817721e-02
5.793777e-02
7.782194e-02
1.121034e-01
-2.106307e-01
4.415191e-02
-8.654251e-01
-3.301483e-01
3.639807e-02
1.265276e-02
4.694690e-02
6.035184e-02
7.545128e-02
1.429387e-02
2.368142e-02
-4.702854e-03
5.676571e-01
1.967657e-01
3.849175e-02
1.006504e-01
1.232986e-01
6.156508e-02
2.577530e-01
1.275959e-01
1.019648e+00
1.667192e-01
1.350102e-01
3.055657e-02
-1.031963e+00
3.580224e-01
4.110526e-01
-8.071834e-01
5.900554e-02
9.072285e-02
8.507477e-02
