2.543227e-04
1.628689e+01
1.621434e+01
1.596554e-03
1.484151e+01
1.296232e+01
1.617305e+01
1.608846e+01
3.896570e+00
6.419674e+00
1.746712e-04
2.384225e+00
1.642049e+01
1.700820e+01
7.326168e+00
2.184958e-02
8.825016e+00
4.058567e-01
7.279215e-06
5.738225e-01
1.445782e+00
4.579033e-04
1.348785e-03
7.868568e-01
4.928998e+00
1.615884e+01
1.798024e+01
4.765517e+00
2.444938e-04
6.767937e+00
3.613554e-04
1.475760e+01
3.121357e-04
6.984203e-05
3.315819e+00
1.367471e+01
6.278587e+00
1.531071e+01
1.682236e+01
9.001525e+00
7.869500e-05
1.660417e+01
8.613310e+00
3.156390e-04
1.559759e+01
4.330348e-02
2.125741e-04
8.941756e+00
6.788140e+00
8.984333e+00
8.324148e-04
2.686071e-04
7.570671e+00
1.392328e-04
1.607693e+01
1.607174e+01
3.956119e-04
6.267784e-05
1.595074e+01
4.282183e+00
6.956000e+00
1.742731e-02
1.439397e+01
2.796456e-06
