-5.621698e-08
1.088287e-06
1.420135e-06
1.006379e-06
1.415466e-06
1.790775e-06
9.696407e-07
1.021115e-06
1.505673e-06
-7.626153e-08
-3.118898e-08
6.728832e-09
-1.132966e-07
-3.962503e-08
4.645904e-08
-7.194058e-08
-3.148201e-08
3.283767e-08
-2.292144e-08
-1.223817e-08
-1.010024e-08
-2.261965e-08
-1.583094e-08
-1.936893e-08
-1.936873e-08
-1.673053e-08
-1.801841e-08
1.014080e-08
1.698830e-08
2.013399e-08
1.803430e-08
2.615875e-08
3.291417e-08
1.286498e-08
2.124393e-08
3.086766e-08
-7.337803e-09
8.071753e-08
2.098421e-07
9.263472e-08
9.555250e-08
1.086024e-07
8.283070e-08
2.287144e-07
1.953836e-07
-4.778514e-02
-2.727788e-02
-1.158471e-02
1.086741e-02
1.674888e-02
2.830922e-02
2.596306e-02
4.127154e-02
6.893761e-02
3.543504e-07
-1.094676e-07
2.493994e-07
1.112320e-06
1.081797e-06
9.610873e-07
7.849964e-07
1.575318e-06
1.223268e-06
-2.458013e-08
-2.040650e-08
3.763342e-08
-2.805088e-07
-2.892608e-07
-2.067970e-07
-1.947088e-07
-2.162851e-07
-1.729592e-07
-3.129859e-08
-3.168620e-06
-4.561036e-06
4.629473e-06
1.946418e-06
1.320919e-06
5.581334e-07
-1.688059e-06
-2.105681e-06
2.977945e-04
2.699451e-04
2.890162e-04
4.146133e-04
3.205787e-04
2.614332e-04
4.904155e-04
3.636903e-04
3.111700e-04
2.507106e-07
-3.035894e-07
-7.907140e-08
-3.249224e-07
-4.726228e-07
1.937160e-08
8.657111e-08
-3.764872e-07
-3.260089e-07
-9.436149e-07
-1.411729e-06
-8.772030e-07
-1.196957e-06
-2.416715e-06
-1.871041e-06
-2.340539e-07
-1.091405e-06
-1.450179e-06
3.686204e-07
2.776654e-07
3.829561e-07
1.273457e-06
1.327439e-06
1.402639e-06
8.598427e-07
9.381847e-07
1.160859e-06
-5.139555e-06
-2.078516e-06
2.511711e-06
-4.990435e-05
-4.467743e-05
-4.331387e-05
-4.458450e-05
-2.911250e-05
-1.147048e-05
-7.976811e-07
-1.233322e-06
-7.085408e-07
-3.574364e-07
-4.598041e-07
-1.896564e-06
-1.616861e-06
2.433031e-07
5.512204e-09
2.452343e-07
6.940685e-07
2.621834e-07
3.970813e-07
6.569085e-07
9.218849e-07
6.423316e-07
1.760896e-07
6.410772e-08
1.256201e-06
-2.839645e-06
-1.214422e-06
2.481159e-07
-3.237916e-06
-4.179305e-06
1.948051e-07
-3.511260e-06
-1.797891e-06
-3.026858e-07
8.196068e-08
4.403402e-07
-4.012857e-07
5.884976e-08
4.388499e-07
-1.155820e-07
2.529036e-07
4.891608e-07
9.562774e-09
4.066782e-08
1.708142e-08
1.340673e-09
2.994014e-08
3.709282e-09
8.412163e-09
2.237794e-08
-3.314249e-09
-2.209254e-08
-4.286609e-08
-2.954255e-09
-1.777724e-08
-3.923085e-08
3.496405e-10
-1.413846e-08
-2.149955e-08
1.477426e-08
1.768186e-07
-2.062169e-07
-1.626590e-07
1.368544e-07
-3.718449e-08
2.022648e-07
-4.919816e-08
4.406725e-08
2.181735e-07
1.506854e-02
2.565614e-02
2.513756e-02
2.942113e-02
5.584459e-02
5.732670e-02
6.118554e-03
2.768384e-02
2.983270e-02
-2.615457e-06
-1.610567e-06
1.332450e-06
-3.384730e-06
-4.604842e-06
-3.920512e-07
6.366257e-07
-4.343456e-07
7.957773e-07
1.189864e-08
1.948636e-07
3.107394e-07
-4.867823e-08
2.570988e-07
3.377315e-07
1.350763e-07
4.916315e-07
5.005609e-07
4.504681e-05
4.447026e-05
4.436450e-05
2.497123e-05
1.962272e-05
3.244585e-05
1.084552e-05
4.033082e-06
2.246104e-05
-3.264291e-04
-2.345541e-04
-4.662252e-04
-4.457936e-04
-2.872750e-04
-3.738481e-04
-5.120271e-04
-1.756683e-04
-8.414596e-05
3.659950e-07
-1.436092e-06
-6.994969e-07
7.464742e-07
-5.927481e-07
1.603833e-08
-8.678487e-07
4.195575e-08
-3.250395e-08
-2.199100e-06
2.906625e-06
3.112013e-06
-4.838944e-06
7.872132e-07
3.731255e-06
-6.070786e-07
2.044376e-06
2.559050e-06
-5.368914e-07
-1.521287e-06
-6.220246e-07
-3.066189e-07
-1.034912e-06
-3.907605e-07
-6.503623e-07
-1.490981e-06
-8.192247e-07
1.335210e-05
3.995228e-05
4.713076e-05
3.043254e-05
2.387513e-06
4.499463e-05
1.248219e-04
1.004366e-04
1.014307e-04
4.023684e-07
1.906651e-06
1.514601e-06
-3.723344e-07
9.504138e-07
1.957730e-07
9.511043e-07
9.556088e-07
1.613190e-06
-3.168997e-07
-1.404806e-06
-1.293417e-06
-3.229681e-07
-9.538966e-07
-1.315767e-06
2.456889e-08
-9.316236e-07
-1.403387e-06
-5.484279e-06
-2.789649e-06
-4.158178e-06
-6.110235e-06
-4.723878e-06
-5.198346e-06
-5.587876e-06
-5.078191e-06
-4.629489e-06
2.398040e-07
1.437312e-07
1.340716e-07
2.775278e-07
1.097113e-07
1.112631e-07
2.665190e-07
1.756139e-07
1.564275e-07
4.073015e-08
1.669707e-08
2.026919e-08
4.184636e-08
1.752810e-08
2.050575e-08
5.348900e-08
3.261523e-08
3.056541e-08
-1.061432e-07
-5.844993e-08
-5.988467e-08
-1.012060e-07
-5.578057e-08
-5.618057e-08
-1.160866e-07
-7.207165e-08
-7.123182e-08
1.114967e-08
8.687690e-08
-7.753427e-08
-6.562948e-09
1.740526e-07
9.990625e-08
-5.466947e-08
-3.701038e-08
5.730888e-08
-6.390136e-02
-2.036583e-02
-1.135786e-02
2.910624e-02
1.005435e-02
5.820088e-02
-5.424617e-02
-7.164788e-03
7.007617e-02
-2.881826e-06
-1.921082e-06
-2.031579e-06
-2.264745e-06
-2.986773e-06
-3.291968e-06
-1.974965e-06
-1.444005e-06
-1.943941e-06
1.144412e-06
7.978737e-07
7.647741e-07
1.047900e-06
7.784971e-07
7.366851e-07
1.024522e-06
7.306695e-07
7.293430e-07
-9.509311e-06
-5.849044e-06
1.362428e-05
-9.238095e-08
-1.061539e-06
1.015533e-05
2.339748e-05
2.251877e-05
3.282534e-05
-3.399313e-04
-4.872796e-04
-8.972702e-04
-5.159880e-04
-5.811677e-04
-1.142758e-03
-1.045399e-03
-1.371354e-03
-5.720383e-04
-4.975375e-07
-6.030934e-07
-6.292441e-08
-2.285099e-07
-7.540643e-07
1.189077e-09
4.801714e-07
-1.005276e-06
-2.842732e-07
-2.522520e-06
-5.078010e-07
2.861834e-06
-8.758193e-07
2.545583e-06
4.346525e-06
2.640429e-07
3.493600e-06
2.202350e-06
-4.937224e-06
-3.076161e-06
-3.294262e-06
-4.473627e-06
-2.992627e-06
-3.153983e-06
-4.591016e-06
-3.364010e-06
-3.355268e-06
3.925911e-05
-5.308098e-05
1.697085e-05
4.098851e-05
-2.554550e-05
-9.686654e-06
8.576823e-05
1.145192e-04
1.575887e-04
4.238403e-06
2.863572e-06
2.432172e-06
3.684019e-06
3.033727e-06
2.124350e-06
3.255733e-06
3.386872e-06
2.309865e-06
-2.900159e-06
-1.744330e-06
-1.348424e-06
-3.034614e-06
-1.544297e-06
-1.775074e-06
-2.904851e-06
-1.808956e-06
-1.889699e-06
-3.039129e-07
2.949007e-07
-3.386662e-06
1.581279e-06
4.927163e-07
-2.663840e-06
1.729970e-06
1.418034e-07
-2.268729e-06
-2.166493e-07
-7.127076e-08
3.195736e-07
-2.771847e-07
-9.839386e-09
3.709928e-07
-1.479039e-07
-5.740189e-09
4.149736e-07
9.618185e-10
3.755465e-08
3.190219e-08
-2.472484e-09
3.365177e-08
2.181621e-08
-2.253240e-08
7.398995e-09
-6.086311e-09
-2.795146e-08
-8.308435e-08
-3.869918e-08
-2.376228e-09
-3.999352e-08
1.233366e-08
3.178522e-08
-2.492413e-09
4.829940e-08
-1.192043e-08
-1.340141e-07
-1.158945e-07
8.531384e-08
-7.424785e-08
1.269022e-07
2.679691e-09
-1.118112e-07
8.563097e-08
4.069518e-02
3.139624e-02
1.160146e-02
5.610444e-02
6.142051e-02
2.469883e-02
-1.226924e-03
6.601457e-03
-2.368947e-03
-1.595343e-06
-1.388255e-06
6.876280e-07
-7.127394e-07
-1.051660e-06
5.573646e-07
-3.504699e-07
-3.065372e-07
2.133448e-06
1.331027e-07
1.096056e-08
1.988086e-07
-1.455892e-07
-2.487266e-07
3.960761e-08
-1.070887e-07
-2.543788e-07
-8.772962e-08
-2.882249e-05
-1.790601e-05
-3.320551e-05
-1.274308e-05
2.042749e-07
-1.649859e-05
-2.202246e-05
-4.840696e-06
-1.363519e-05
1.592695e-05
-1.414414e-04
3.711902e-04
1.051834e-05
2.963895e-05
5.402151e-04
3.335859e-04
4.197318e-04
8.652156e-04
5.862485e-07
2.262334e-07
7.638870e-07
-8.668468e-08
2.692272e-07
8.346175e-07
-2.662014e-08
3.547783e-07
1.134101e-06
2.883873e-06
2.898776e-06
4.771444e-06
2.062389e-06
4.023984e-06
4.215915e-06
-7.417073e-07
-4.591674e-09
-1.828658e-07
-1.515758e-06
-1.064720e-06
-4.047022e-07
6.538050e-08
7.017054e-07
1.319355e-06
5.210084e-07
1.152387e-06
1.681044e-06
1.302074e-04
2.234202e-04
6.511301e-05
2.750473e-05
1.079589e-04
-4.657723e-05
-1.332970e-04
-6.358949e-05
-1.693844e-04
1.736381e-07
1.823204e-06
1.514933e-06
-1.065419e-06
-2.748469e-07
6.648456e-07
-1.231258e-06
-5.657543e-07
-1.214332e-06
-1.045144e-06
-1.299518e-06
-2.084498e-07
1.485786e-07
3.989273e-07
1.304018e-06
6.002717e-07
5.586197e-07
6.912484e-07
-6.210708e-08
-3.058072e-07
-3.563136e-07
9.968820e-08
-8.448754e-08
-2.406400e-07
9.903808e-09
5.840796e-08
-1.925353e-07
8.927003e-09
2.341397e-08
2.795266e-08
-5.772164e-10
1.639055e-08
2.713099e-08
3.238826e-09
1.470755e-08
2.020361e-08
3.500457e-10
1.428922e-09
3.630909e-09
-1.833502e-09
-1.018539e-09
1.867483e-10
-3.156517e-09
-1.916892e-09
-6.389788e-10
-2.479617e-09
-3.259612e-09
-4.457942e-09
1.661986e-10
-2.700628e-10
-3.217273e-10
-7.318205e-10
-2.127284e-09
-1.849560e-09
7.216384e-09
-5.018754e-09
-1.693475e-08
-1.474438e-09
7.583228e-10
3.411316e-09
2.237036e-08
3.584710e-09
1.693687e-08
-2.979172e-02
-2.277583e-02
-8.593178e-03
-6.918552e-03
6.415814e-03
1.211350e-02
-5.292024e-03
2.208050e-04
8.201555e-03
-3.579761e-08
-7.037255e-08
-7.673190e-08
4.138319e-09
1.450277e-08
-1.661320e-08
-5.358342e-08
-5.616242e-08
-1.165343e-07
7.231201e-08
5.350257e-08
8.504715e-08
2.082568e-08
-4.217917e-09
2.985297e-08
4.117719e-08
1.854225e-08
3.805367e-08
-1.598041e-06
-1.930212e-06
-2.592895e-06
2.977411e-07
-5.518374e-07
-1.212104e-06
6.513252e-08
-1.561441e-06
-2.671249e-06
4.811781e-06
7.655892e-06
3.768998e-05
-1.265668e-05
8.186098e-06
2.249870e-05
7.927126e-05
6.869881e-05
7.388132e-05
1.219934e-08
-4.682032e-08
-1.428152e-07
2.342865e-08
-5.631600e-08
-8.984357e-08
4.777377e-08
3.400713e-08
-1.643189e-08
-5.945994e-08
9.374741e-08
3.105308e-07
-2.325056e-07
-1.026609e-07
9.964511e-08
-1.002658e-07
-8.240593e-08
-4.794472e-08
-2.210748e-07
-2.204603e-07
-2.794121e-07
6.392490e-08
6.488837e-08
-5.109141e-10
-1.838143e-08
2.652395e-08
-5.249899e-08
-6.217553e-06
-2.737776e-06
-7.072903e-06
6.974570e-06
7.925579e-06
1.154463e-06
1.760177e-05
1.871453e-05
7.276271e-06
9.064144e-08
7.226031e-08
7.891299e-08
-2.996272e-08
9.493694e-08
1.452735e-07
-7.064199e-08
1.560473e-07
3.249000e-07
-5.234084e-08
-3.687050e-08
-1.811514e-07
5.414717e-08
9.438815e-08
3.327422e-08
8.400087e-08
6.762459e-08
1.427257e-08
6.781921e-07
6.662225e-07
2.765882e-06
-1.744900e-06
-5.042041e-07
1.055813e-06
-1.868765e-06
-4.760329e-07
2.479129e-07
8.305845e-08
5.627229e-08
-4.056844e-08
1.262435e-07
3.277166e-08
-1.006199e-08
6.471318e-08
1.113552e-08
1.159029e-08
-1.318142e-09
-7.554337e-09
-3.201743e-09
7.741428e-09
5.081948e-10
4.164144e-09
4.255810e-09
-2.538071e-10
3.747708e-09
1.581726e-08
1.746974e-08
1.104804e-08
-8.677130e-09
-9.883534e-09
-1.600910e-08
-6.872595e-09
-6.372697e-09
-7.780509e-09
9.701544e-08
2.486583e-08
-1.800856e-08
2.490497e-07
1.414035e-07
1.239785e-07
1.876569e-07
1.430870e-07
1.153868e-07
-4.734151e-02
-5.972580e-02
-2.827202e-02
-2.021313e-03
-3.823553e-02
-1.608031e-02
3.696020e-02
2.515387e-02
1.788500e-02
1.580458e-06
1.469986e-06
1.256900e-06
1.244952e-06
6.931455e-07
3.218485e-07
2.245898e-07
4.838744e-07
9.658514e-08
-8.548447e-08
-1.537570e-07
-9.944311e-08
-1.321821e-08
-9.166644e-08
-4.526311e-08
1.845361e-08
-4.115963e-08
1.571774e-08
8.278896e-08
1.635293e-05
1.785654e-05
4.059326e-06
2.313873e-05
2.375492e-05
-3.570668e-06
1.124106e-05
8.788875e-06
4.965301e-04
3.111867e-04
1.193396e-04
-3.703428e-04
-1.980120e-04
-4.894023e-05
-1.811014e-04
6.761675e-05
-1.417636e-04
9.353371e-08
3.490264e-07
1.025418e-06
-3.285984e-07
-2.887353e-07
9.804011e-07
-4.579189e-07
-4.396710e-07
3.183154e-07
-5.536924e-06
-2.145318e-06
-3.749979e-06
-3.561526e-06
-1.938673e-06
-2.910862e-06
-1.127622e-06
4.787212e-07
-9.346603e-07
9.903941e-07
3.934898e-07
-3.408075e-08
6.507605e-07
1.330733e-07
-2.253639e-07
4.947801e-07
6.820033e-08
-2.485709e-07
-1.840582e-05
-5.276119e-05
-7.229319e-05
1.963332e-05
-4.989814e-05
-9.110224e-05
1.631461e-05
-1.910618e-05
-1.074730e-04
-4.040382e-07
-1.406650e-06
-1.196397e-06
2.675352e-07
-2.299718e-07
1.588228e-07
3.416199e-07
1.876190e-07
7.453907e-07
9.274366e-07
1.121941e-06
6.343402e-07
1.042531e-06
8.853846e-07
2.709728e-07
2.553702e-07
1.841443e-07
-4.369779e-07
7.947933e-07
-1.648944e-06
-1.747092e-06
-1.167091e-06
-3.727002e-06
-4.529884e-06
5.973783e-07
-1.377260e-06
-1.576143e-06
-1.665198e-07
-8.284841e-08
-1.882824e-07
-1.171987e-07
-2.520471e-08
8.861328e-09
-1.848374e-07
2.083682e-08
5.688936e-08
-8.613988e-09
1.294306e-08
1.897771e-09
2.233106e-08
3.213343e-08
2.948579e-08
3.221244e-09
-8.720436e-09
2.190009e-09
-2.066440e-08
-2.423172e-08
-2.985559e-08
-5.557433e-08
-6.239502e-08
-6.470371e-08
-1.442719e-08
-2.511177e-08
-2.604041e-08
6.192280e-08
1.007770e-08
1.606405e-08
-1.354090e-07
-4.018977e-07
2.429427e-09
1.021874e-08
-2.736750e-07
2.438012e-08
-2.631067e-02
5.602660e-03
5.831449e-02
-2.300310e-02
-1.608912e-02
3.352178e-03
2.645040e-03
-1.686810e-02
-5.273058e-03
-9.927419e-07
-2.727903e-07
-1.189330e-06
-2.739330e-06
-1.915102e-06
-2.082545e-06
-1.169863e-06
-1.849997e-06
-8.201499e-07
-7.450340e-08
3.377888e-07
4.598850e-07
2.715910e-07
7.090007e-07
8.663709e-07
-3.617529e-08
3.449069e-07
5.103416e-07
4.358561e-05
-4.683007e-06
2.254106e-05
9.838041e-06
-3.474129e-05
-6.751826e-06
1.468665e-05
-2.605744e-05
2.216896e-06
2.824092e-04
1.920208e-04
-3.797391e-04
-3.115550e-04
-9.980682e-05
-6.851963e-04
-7.698901e-04
-4.413654e-04
-7.259824e-04
-4.923315e-08
4.262504e-07
8.404870e-07
-5.959471e-07
5.823107e-07
-2.848876e-07
-1.013606e-07
4.899974e-07
4.113194e-07
-5.978780e-07
-5.631547e-07
6.738348e-07
4.316205e-06
5.432106e-06
5.202876e-06
-1.654523e-06
1.779100e-07
4.855203e-07
6.681311e-07
-1.394369e-06
-1.387126e-06
-1.583513e-06
-3.821063e-06
-4.291537e-06
-2.044376e-07
-2.049250e-06
-2.508725e-06
-2.231887e-04
-5.340581e-05
-1.867273e-04
-9.135132e-06
1.765175e-04
9.463712e-05
-1.776509e-04
8.102172e-06
-6.152910e-05
-6.249142e-07
1.495290e-07
-2.335547e-07
1.854470e-06
1.873859e-06
1.410853e-06
-1.129262e-06
-3.974474e-07
3.653853e-06
8.969379e-07
-4.690194e-07
-1.935072e-07
-1.381564e-06
-3.277990e-06
-2.632602e-06
1.264614e-07
-1.813907e-06
-1.073079e-06
2.166813e-06
1.267969e-06
-9.685452e-07
1.311815e-06
1.055984e-06
-1.982323e-06
2.242390e-06
1.439310e-06
-2.367349e-06
-2.284029e-07
-2.305344e-07
1.850926e-07
-5.692955e-07
-4.336388e-07
1.464597e-07
-2.878978e-07
1.456817e-08
5.338271e-07
-1.784607e-08
-1.263709e-08
1.973354e-09
7.426139e-09
2.298306e-08
3.261029e-08
-1.935876e-09
1.171845e-08
1.350227e-08
-3.783986e-10
-4.177036e-09
3.380605e-08
-4.348599e-08
-3.765105e-08
8.995911e-09
-1.915162e-08
-1.951354e-08
1.513321e-08
-2.027228e-07
9.483653e-08
3.102076e-07
-2.840150e-08
2.522781e-07
2.614976e-07
6.521335e-09
1.216765e-07
3.877152e-08
-7.505449e-02
-1.113901e-01
-7.123494e-02
2.812258e-02
-2.014828e-03
2.509146e-03
4.518989e-03
8.758979e-03
3.794642e-02
-5.929796e-07
1.039551e-06
1.506432e-06
-5.216106e-06
-4.167430e-06
-3.186167e-06
-1.677579e-06
-4.442039e-07
1.950081e-06
-1.826944e-07
-1.094725e-07
3.501824e-08
-3.930939e-07
-2.297039e-07
9.763752e-08
-1.224555e-07
1.048153e-08
2.047410e-07
1.497345e-05
-3.797730e-06
-1.681923e-06
3.109047e-05
2.666688e-06
-3.741618e-06
2.156191e-05
-1.811362e-05
-3.797919e-05
3.218447e-04
1.309059e-04
-5.950215e-04
-3.248448e-04
-2.537463e-04
-7.392580e-04
4.519842e-04
9.105785e-04
6.741479e-04
1.394447e-07
2.950437e-07
-6.554878e-07
-6.117841e-08
6.589602e-07
-4.541375e-07
-2.447663e-07
1.132417e-06
-3.827321e-07
-8.830980e-07
-4.113041e-06
3.884608e-06
1.045231e-05
9.655957e-06
1.228844e-05
-2.981609e-06
-4.371913e-06
3.697656e-06
3.367520e-07
2.352904e-07
4.834953e-07
8.489600e-08
-5.414102e-08
-2.529414e-08
-5.805244e-07
-2.500416e-07
1.419271e-07
-2.700688e-05
-2.530804e-05
5.289603e-05
-1.380417e-04
-5.374173e-05
-2.794488e-05
-1.651049e-04
-1.475479e-04
-1.980630e-05
-9.101543e-07
-9.168157e-07
-1.221944e-06
9.965173e-07
-7.699555e-07
-2.839577e-07
9.976350e-07
-2.177084e-07
-1.318801e-06
8.685398e-09
-6.468315e-07
-9.391210e-08
-1.475118e-06
-1.102245e-06
-7.530832e-07
-7.454009e-07
-8.210712e-07
1.449850e-07
1.713531e-06
1.519559e-07
-1.590721e-06
1.101413e-06
-1.664998e-06
-3.487640e-06
2.065609e-06
-1.476565e-06
-3.541325e-06
-8.262285e-08
1.461768e-07
2.058890e-07
-3.734005e-08
1.608083e-07
1.814968e-07
-1.028580e-07
4.529274e-08
-2.886381e-08
-1.202535e-08
-1.521147e-08
-6.217843e-09
-1.654146e-08
-1.134386e-08
-7.730950e-09
-2.733062e-09
-2.611150e-09
2.741007e-09
2.954527e-08
5.416738e-09
-1.693926e-08
3.810325e-08
1.936722e-08
5.943270e-09
-3.996784e-09
-1.962987e-08
-3.452642e-08
1.508092e-07
6.738497e-08
-5.647258e-09
8.591547e-08
-8.427135e-08
1.168626e-08
3.537587e-08
-1.206020e-07
1.136862e-08
-5.917730e-04
-2.780200e-03
-8.186956e-04
5.704068e-04
-1.628967e-03
-1.388946e-03
2.246275e-03
4.171242e-04
-4.570069e-04
3.306103e-07
-1.540839e-08
1.244140e-06
-8.383864e-07
-3.113171e-07
2.690946e-07
-1.524509e-06
-9.175901e-07
-1.018200e-06
2.310100e-07
7.598896e-08
1.463234e-07
2.507650e-07
4.743337e-09
4.875875e-08
2.473469e-07
9.549439e-09
-2.594973e-08
-3.334594e-05
-2.529212e-05
-1.285435e-05
-2.155669e-05
-2.020619e-05
-4.237622e-06
2.991179e-05
2.092329e-05
2.398181e-05
6.980702e-04
5.047477e-04
4.981699e-05
1.037779e-03
1.104082e-03
5.324546e-04
2.656598e-04
3.590814e-04
-1.396434e-04
2.222195e-07
1.987301e-07
-5.270431e-07
8.326386e-08
-1.983386e-07
-6.367364e-07
5.980954e-07
1.778000e-07
-7.362326e-07
-3.220249e-06
-4.066011e-06
1.373329e-06
-3.456762e-06
-3.059232e-06
2.696696e-06
2.431944e-06
2.909641e-06
6.982110e-06
-9.031974e-07
-4.346928e-08
-7.062418e-07
-3.128700e-07
5.239252e-07
-1.720401e-07
-7.183960e-07
-9.009477e-08
-5.273399e-07
5.688116e-05
2.052293e-06
-1.525550e-05
9.178004e-05
5.059821e-05
6.200690e-05
3.930390e-05
-1.151601e-05
6.341479e-06
-3.428649e-07
2.602983e-07
-2.191175e-07
-9.480394e-08
8.763829e-08
3.784685e-09
1.428296e-07
-1.494777e-07
1.313357e-06
1.224471e-07
8.881468e-07
2.495340e-07
1.841647e-07
7.859863e-07
-9.253884e-08
-7.446698e-07
-1.208292e-06
-1.092182e-06
1.256907e-06
-4.562354e-06
-2.068911e-06
-2.590032e-06
-1.045505e-05
-8.498581e-06
-1.005776e-06
-5.397376e-06
-3.304141e-06
-1.592658e-07
2.995552e-07
-2.934367e-08
8.192313e-08
3.543097e-07
7.414805e-08
4.169738e-08
2.715155e-08
5.932192e-09
-2.606149e-08
5.023734e-09
1.217270e-08
2.692539e-08
8.078511e-08
7.958293e-08
1.904162e-08
6.983924e-08
7.662540e-08
4.937046e-08
-1.820603e-08
-1.912643e-08
-4.574062e-08
-1.483290e-07
-1.481160e-07
-2.827775e-08
-1.351797e-07
-1.364389e-07
-2.795867e-07
-5.534875e-09
2.394293e-07
6.519132e-08
-5.660317e-08
5.927662e-07
3.479871e-07
9.249212e-08
2.262095e-07
1.310447e-02
2.754110e-02
-2.458211e-02
4.714156e-04
2.251504e-02
-4.281369e-03
-1.344624e-02
-1.935430e-02
-1.329574e-02
1.313134e-06
1.222919e-07
-2.422217e-06
-9.439189e-07
-3.893662e-06
-4.978524e-06
4.517670e-07
-2.345601e-06
-9.050912e-07
-1.887297e-07
8.546708e-07
7.735385e-07
3.102101e-07
1.492505e-06
1.375584e-06
-3.668317e-07
6.126193e-07
5.667778e-07
1.175692e-05
6.869834e-06
-8.486940e-06
5.495056e-06
5.764469e-06
-4.888209e-06
-2.405872e-05
6.397797e-07
-2.699557e-06
2.987435e-04
-3.355630e-04
1.550889e-03
-5.166566e-04
-1.740864e-03
-5.055200e-04
1.258621e-03
-2.404742e-04
-2.624094e-04
-1.555771e-07
-9.435116e-07
7.267760e-07
-4.210678e-07
-1.562971e-06
-1.063871e-06
4.722990e-07
-1.320897e-06
3.755994e-08
-2.772739e-06
1.655788e-06
-2.143030e-06
4.824855e-06
1.031436e-05
1.079706e-05
4.681656e-07
1.025709e-05
1.008490e-05
9.738593e-07
-3.083270e-06
-3.143560e-06
-1.119160e-06
-6.405964e-06
-7.282620e-06
8.367914e-07
-3.813889e-06
-5.285710e-06
-1.324910e-04
-5.656195e-05
-2.972013e-04
-1.163209e-04
3.287354e-04
1.175606e-04
-6.686447e-05
4.481308e-04
3.510313e-04
-2.218439e-06
2.743907e-08
2.282911e-06
2.321693e-06
5.737691e-06
4.668284e-06
8.714183e-07
5.283751e-06
5.678155e-06
9.099807e-08
-1.253895e-06
-2.914697e-07
-5.560077e-07
-3.772920e-06
-3.087048e-06
7.961631e-07
-3.174423e-06
-2.660175e-06
2.867517e-06
-6.626775e-08
1.457805e-06
-4.231170e-07
-1.845627e-06
1.515479e-06
1.525107e-06
2.923989e-07
5.007877e-06
-2.122638e-07
6.437013e-08
-1.948821e-08
7.587891e-08
2.343742e-07
2.576508e-07
4.150115e-08
1.938126e-07
6.666929e-08
-2.561431e-08
-2.203947e-09
-1.054180e-08
-1.150091e-08
-1.726920e-08
-2.290125e-08
-1.702302e-08
-2.815355e-08
-2.796191e-08
5.650450e-08
7.188239e-09
1.603304e-08
2.927869e-08
-1.518199e-08
-4.479478e-09
2.564171e-08
-8.383210e-09
6.921813e-09
-3.404661e-07
2.159481e-07
6.946913e-08
-1.402115e-07
5.120278e-08
-2.213172e-07
2.350420e-07
-1.456411e-07
-5.173142e-07
2.028882e-03
-3.967597e-02
-2.183648e-02
-1.043262e-01
-6.191584e-02
-1.374534e-02
-6.627472e-02
-4.916118e-02
-1.531235e-03
7.034739e-07
2.450064e-06
-8.123465e-07
1.713561e-07
-9.789803e-08
8.828835e-07
2.975835e-06
-3.538209e-07
-1.805393e-06
-6.009205e-07
-1.613282e-08
1.034033e-08
-2.044307e-07
3.233343e-07
1.458154e-07
-2.552699e-07
3.361507e-07
2.673873e-07
-6.783655e-06
6.282046e-06
1.986230e-05
-4.777452e-06
2.535482e-05
4.183940e-05
5.594803e-06
4.135112e-05
3.947452e-05
6.143278e-04
-7.854153e-04
-2.017160e-04
3.046931e-04
-1.322958e-04
-4.299677e-05
-5.061212e-04
1.107835e-04
2.806685e-04
1.995146e-07
-1.276944e-07
4.818884e-07
-3.120500e-07
-1.745542e-07
-6.837636e-08
-4.261793e-08
8.545315e-07
3.883117e-07
-2.743337e-06
2.005934e-06
-1.252135e-06
2.068583e-08
9.835885e-06
8.072342e-06
-9.466844e-06
6.527300e-07
-7.172333e-06
2.897694e-06
-1.378790e-07
9.766005e-07
6.970387e-07
-1.819151e-06
-4.490710e-07
5.582368e-07
-1.259561e-06
-2.784070e-07
-9.273846e-06
1.698682e-04
-5.554452e-05
3.658120e-06
4.027456e-05
1.743244e-04
-1.583817e-04
-8.631534e-05
9.938543e-05
-3.145379e-06
-2.728866e-07
1.025974e-07
-1.147031e-06
7.766653e-07
-3.717187e-07
-7.159571e-07
3.370936e-06
1.772711e-06
2.003230e-06
-1.335102e-07
2.209051e-07
7.420063e-07
-9.523649e-07
-1.746726e-06
3.512519e-07
-7.473353e-07
-8.812281e-07
1.628961e-06
-8.052826e-07
-1.145986e-06
-1.625209e-06
-4.312611e-06
-3.688461e-06
1.011044e-06
-1.971315e-06
-8.486841e-07
2.088041e-08
8.234093e-08
1.073795e-07
2.261221e-07
1.826379e-07
1.407414e-07
1.288559e-07
1.171157e-07
7.635398e-08
-5.371620e-09
1.369076e-08
-1.031620e-08
3.786170e-08
4.680800e-08
1.865614e-08
4.442581e-10
1.294407e-08
-1.384981e-08
1.862289e-08
-3.405532e-08
-1.675906e-08
-5.453845e-08
-1.041050e-07
-9.215348e-08
2.460188e-08
-1.961938e-08
-8.241992e-09
7.438339e-08
9.007369e-08
-2.035316e-07
2.043660e-07
3.073700e-07
6.305272e-08
-3.472109e-08
6.360882e-08
-1.023427e-07
5.678248e-03
1.982521e-02
2.856187e-02
-2.808283e-02
-2.384445e-02
7.137010e-03
-1.173218e-02
-2.234777e-02
-9.970379e-03
1.396068e-06
-5.815278e-07
7.060368e-07
5.447171e-07
-1.958368e-06
-2.179085e-06
2.417275e-06
4.079951e-09
2.410491e-07
2.734164e-07
7.093635e-07
5.085669e-07
8.600118e-07
1.270631e-06
1.093285e-06
2.605762e-07
6.684058e-07
5.566401e-07
1.672160e-06
-7.847327e-07
-2.940959e-05
-1.072698e-06
3.534374e-06
-2.492358e-05
-2.290703e-05
-1.613780e-05
-3.580602e-05
6.915746e-04
-3.647716e-04
6.714032e-04
3.694864e-04
-1.100877e-03
-2.378793e-04
8.499601e-04
5.856852e-05
9.286846e-04
6.263314e-08
-4.406483e-07
7.691748e-07
-2.402985e-07
-4.497861e-07
4.052433e-07
-2.977453e-07
-1.085514e-06
8.918154e-07
-1.699978e-06
1.725724e-06
-6.994274e-07
4.498313e-06
7.228864e-06
5.417823e-06
3.751720e-08
2.007111e-06
-1.630417e-06
-4.110888e-07
-1.957545e-06
-1.318817e-06
-3.596096e-06
-4.936779e-06
-4.374241e-06
-3.388241e-07
-1.661326e-06
-1.177092e-06
-1.885001e-04
-1.799185e-05
-2.166049e-04
1.686521e-04
2.775062e-04
9.645604e-05
-1.258322e-04
-5.751251e-05
-1.579648e-04
-6.522948e-07
3.274369e-07
-8.951506e-07
2.532588e-06
4.915672e-06
2.566471e-06
-9.674225e-07
7.459986e-07
1.519361e-07
1.007453e-06
-8.409459e-07
-1.370462e-07
-1.308319e-06
-2.927148e-06
-2.291103e-06
6.435583e-07
-8.306399e-07
-1.750212e-07
-7.698192e-06
-1.071823e-05
-7.131885e-06
-8.753063e-06
-8.584631e-06
-6.807779e-06
-6.820218e-06
-5.534878e-06
-1.238959e-06
2.305130e-07
5.163292e-08
6.026420e-07
3.853152e-07
1.107189e-07
-1.574133e-07
4.268251e-07
2.791936e-07
-5.841819e-07
7.457501e-08
3.958737e-08
6.267098e-08
4.246937e-08
-6.446875e-09
8.248144e-09
5.820205e-08
1.499577e-08
-4.296301e-09
-1.395146e-07
-9.087896e-08
-9.269519e-08
-1.190617e-07
-3.782840e-08
-3.923661e-08
-1.376715e-07
-5.829916e-08
-7.633871e-08
6.152897e-07
2.377632e-07
-2.382980e-07
2.587026e-07
2.604935e-07
1.490331e-08
-5.738410e-07
-4.712777e-07
3.838270e-07
2.917616e-02
-5.195930e-02
-5.641499e-02
1.132376e-02
-2.863536e-02
-2.365712e-02
-1.255839e-02
1.429546e-02
7.456453e-02
-2.276289e-06
-7.055462e-06
2.532068e-07
-5.616634e-06
-4.955030e-06
-7.838305e-06
-9.685509e-09
2.925299e-07
-6.931458e-06
2.394629e-06
1.763625e-06
1.017025e-06
2.018539e-06
1.745369e-06
1.437486e-06
1.733359e-06
1.233195e-06
1.280945e-06
-6.486835e-05
-5.413269e-05
-3.177149e-05
-7.377806e-05
-4.954228e-05
-4.598171e-05
-6.323331e-05
-8.391799e-06
-2.994508e-05
4.331075e-04
-6.237551e-04
-1.713211e-03
-8.121725e-04
-2.532372e-04
-3.210875e-04
-1.158033e-04
1.587230e-03
2.023961e-03
7.122395e-07
-1.901780e-06
-2.408936e-06
1.221124e-06
7.925689e-07
1.031026e-06
-1.578359e-06
1.348711e-06
2.424165e-06
1.304654e-05
6.546528e-06
2.066256e-05
1.331223e-05
2.817758e-06
1.353084e-05
1.162599e-05
2.933539e-06
-4.857260e-07
-1.014005e-05
-7.185369e-06
-7.250635e-06
-9.393944e-06
-6.399994e-06
-6.003167e-06
-9.389917e-06
-5.525072e-06
-4.898141e-06
4.778569e-04
2.919961e-04
9.380591e-04
6.052896e-04
-2.416809e-04
4.249741e-04
5.840469e-04
1.025471e-04
3.798570e-04
7.198354e-06
4.205927e-06
6.964060e-06
7.750789e-06
4.010932e-06
7.148411e-06
6.372869e-06
-2.913487e-07
1.253454e-06
-5.694296e-06
-5.114166e-06
-5.821091e-06
-5.692867e-06
-3.157073e-06
-6.990839e-06
-6.438530e-06
-1.656588e-06
-2.366023e-06
-1.885626e-06
-1.329715e-06
3.147066e-06
7.713257e-07
2.358718e-07
3.951363e-06
3.779221e-06
2.429115e-06
5.273835e-06
2.397207e-07
1.244828e-07
-7.478130e-08
1.074178e-07
8.577532e-08
-7.369488e-08
6.642470e-08
1.057817e-07
-3.445435e-08
4.763989e-08
2.889911e-08
2.685676e-08
2.520701e-08
5.858292e-09
1.449308e-08
1.837770e-08
9.473812e-10
6.477222e-09
-7.686555e-08
-6.480642e-08
-4.640123e-08
-4.472590e-08
-2.948143e-08
-2.378488e-09
-1.519595e-08
-9.946602e-09
1.485444e-08
4.784377e-08
2.771001e-07
1.098613e-07
1.269179e-08
2.154683e-07
3.348971e-08
-2.184601e-07
-3.013159e-08
-2.812538e-08
-8.619117e-03
-5.011026e-03
1.622927e-03
-1.098487e-02
-8.611201e-03
-1.047481e-02
-1.840345e-03
-3.399730e-03
-6.417098e-03
-9.552417e-07
-1.562058e-06
-2.607274e-06
-5.924800e-07
-9.121610e-07
-1.693161e-06
1.465268e-07
5.883832e-08
-2.442960e-07
1.968400e-07
3.939482e-07
1.446252e-07
-1.484095e-07
6.855588e-08
-1.301644e-07
-4.847797e-07
-3.369222e-07
-5.222414e-07
1.830146e-05
2.732638e-05
2.917677e-05
-4.026398e-06
1.977457e-06
8.667907e-06
-2.319625e-05
-1.779896e-05
-7.033130e-06
-7.617561e-04
-8.442998e-04
-4.687794e-04
-8.397809e-04
-8.615459e-04
-4.047108e-04
-2.796555e-04
-3.624044e-04
1.486891e-04
-7.530104e-07
-3.776485e-07
6.943567e-07
-3.054960e-07
-3.939713e-07
3.336666e-07
-5.618150e-07
-8.126794e-08
7.397361e-07
4.875691e-06
4.957895e-06
2.083270e-06
2.343234e-06
3.403299e-06
1.294361e-06
2.571247e-07
1.487767e-06
-1.272907e-06
-1.826911e-06
-1.913892e-06
-6.747288e-07
-1.184659e-07
-2.430956e-07
8.444939e-07
8.882534e-07
8.783114e-07
1.882353e-06
1.577600e-04
2.118447e-04
1.091460e-04
6.669439e-05
1.452407e-04
7.806211e-05
-9.777543e-06
5.729176e-05
1.371271e-05
3.712758e-06
4.229138e-06
3.459128e-06
2.282807e-06
3.017039e-06
7.266831e-07
7.055511e-07
1.403375e-06
-2.430557e-06
-1.960110e-06
-2.239489e-06
-1.042315e-06
-1.410989e-06
-1.245224e-06
-5.954373e-07
-9.506640e-07
-1.074704e-06
-1.011286e-07
-5.774086e-06
-1.104598e-06
-3.371223e-06
3.370973e-06
-2.968131e-07
-4.931379e-06
-1.900321e-06
8.073280e-08
-5.603546e-06
2.283206e-07
4.715842e-08
4.358177e-08
8.261188e-08
-1.211899e-08
1.457896e-07
-8.151721e-08
-1.354801e-07
1.922732e-07
1.261817e-08
2.380395e-08
4.349863e-08
1.198359e-08
5.739872e-08
4.608906e-08
-4.598011e-09
5.577908e-08
4.928865e-08
-2.377440e-08
-9.366813e-08
-8.044499e-08
-1.614933e-08
-1.298386e-07
-1.068263e-07
-1.880693e-08
-1.337981e-07
-1.289665e-07
6.967896e-08
2.136977e-07
-1.104985e-07
2.045675e-07
2.650502e-07
2.279398e-08
-4.280097e-07
1.171768e-07
-5.717553e-07
8.579053e-03
-1.802227e-02
-3.937022e-02
6.061240e-02
5.833291e-02
4.479690e-02
1.821347e-02
7.385779e-02
9.481112e-02
1.009660e-06
-5.212335e-06
-2.751693e-06
-6.674395e-07
-6.135857e-06
-4.315784e-06
2.764269e-07
-3.983037e-06
-5.083600e-07
9.063381e-07
8.240139e-07
7.167899e-07
2.193543e-07
6.787851e-08
1.317459e-07
-3.430928e-07
-4.447678e-07
-5.600546e-07
-2.223090e-05
-4.992965e-05
-6.393760e-06
-1.049252e-06
-1.847759e-05
4.953971e-06
1.501239e-05
1.036595e-06
-5.410539e-06
3.855316e-04
9.095605e-04
-2.156760e-04
-7.713912e-05
-1.339077e-04
-6.671915e-05
-8.527568e-04
1.953617e-03
-1.032829e-03
-6.032879e-08
-3.687381e-07
5.587788e-07
6.393076e-07
8.575662e-07
-8.416212e-08
-7.176573e-07
6.324416e-07
6.727639e-07
2.378038e-06
6.150296e-06
8.241582e-06
-1.311403e-06
5.785037e-06
1.095958e-05
-3.357839e-06
3.356883e-06
1.410951e-05
-3.637376e-06
-2.047394e-06
-4.416652e-06
-4.178731e-07
-1.679842e-07
-1.755690e-06
3.739673e-07
5.706218e-07
-3.379302e-07
-3.532926e-05
2.504771e-04
1.431913e-05
7.203338e-05
3.684280e-04
1.458050e-04
3.065610e-05
3.283988e-04
1.295241e-04
1.019876e-06
3.878627e-06
2.982229e-06
9.106423e-08
4.109819e-06
3.123865e-06
8.487240e-07
3.784977e-06
2.433717e-06
-1.298680e-06
-2.798792e-06
-2.703671e-06
6.510908e-07
-2.044408e-06
-1.170564e-06
-2.199800e-07
-1.358392e-06
-1.887110e-06
1.892588e-06
2.710212e-07
1.291494e-06
6.743035e-07
6.890132e-07
7.086867e-07
-7.585155e-07
1.163558e-07
5.445415e-07
8.920983e-09
-7.410656e-08
-5.200505e-08
-4.091166e-08
-7.712317e-08
-3.140836e-08
-5.160502e-08
5.033142e-10
3.250096e-08
-1.889396e-08
-1.942981e-08
-2.028205e-08
-7.742647e-09
-7.929481e-09
-1.088703e-08
-4.302005e-09
-1.714199e-09
-7.909442e-09
1.757802e-08
1.993369e-08
1.261598e-08
6.576640e-09
7.869809e-09
-2.046344e-09
3.626547e-10
7.159641e-09
-8.977844e-10
2.775377e-07
2.727299e-07
1.095747e-07
1.238952e-07
3.629357e-07
2.279533e-07
4.363144e-08
1.106782e-07
1.119208e-07
-1.210834e-02
-1.134234e-03
-3.167047e-03
-2.103071e-02
-7.292727e-03
1.902791e-03
-3.649942e-02
-2.883387e-02
-1.939658e-02
6.934455e-07
3.209363e-07
-2.099642e-07
6.802489e-07
1.229218e-06
3.832498e-07
-5.486595e-07
6.413575e-07
8.552350e-07
1.058628e-07
3.918585e-08
-2.987227e-09
-3.418767e-08
-8.822474e-08
-1.191491e-07
1.720762e-08
-4.418096e-08
-1.175222e-07
-2.857814e-06
-9.142515e-06
-1.343814e-06
-1.996881e-05
-2.778970e-05
-1.691053e-05
-2.166581e-05
-2.901650e-05
-1.735989e-05
1.941956e-04
3.317907e-04
-1.163036e-04
2.228028e-04
4.121501e-04
-2.247093e-04
4.433499e-04
5.791386e-04
1.807723e-04
6.314508e-07
-2.337375e-07
1.190722e-06
-1.178468e-07
-6.655729e-07
5.228718e-07
-1.462199e-07
-5.245510e-07
4.852468e-07
-2.287292e-06
-1.795834e-06
-2.565412e-06
-2.299946e-07
-8.263791e-08
-4.101705e-07
-2.907103e-07
7.089013e-07
2.870659e-07
2.978480e-07
4.179568e-07
4.538165e-07
1.212612e-07
4.485870e-07
5.895722e-07
-7.363471e-08
2.435345e-07
6.538820e-07
-8.635958e-05
-1.068916e-04
-8.638573e-05
1.118274e-05
1.658545e-06
3.250562e-05
4.002185e-05
4.456192e-05
5.123730e-05
-1.531785e-06
-1.298528e-06
-6.764349e-07
-1.953555e-06
-2.207895e-06
-1.567428e-06
-3.145857e-07
-1.402334e-06
-1.170771e-06
1.344648e-06
1.686805e-06
1.512881e-06
7.421672e-07
6.782227e-07
8.288337e-07
5.098529e-08
3.812243e-07
4.469986e-07
