1.423292e+00
1.346313e+00
2.378433e+00
2.211437e-01
-1.277472e+00
1.362177e+00
2.092213e+00
1.091200e+00
1.722556e+00
1.391197e+00
1.773074e+00
1.217520e+00
1.327092e+00
2.637576e+00
2.035248e+00
-2.170308e+00
-4.032032e+00
6.962646e-01
1.184704e+00
1.206450e+00
9.043669e-01
2.117639e+00
2.415357e+00
2.532881e+00
1.268934e+00
1.308350e+00
1.552957e+00
-9.531227e-01
9.121110e-01
-8.289894e-01
1.026082e+00
7.529361e-01
1.323166e+00
1.922648e+00
9.167036e-01
1.510136e+00
1.589276e+00
9.621879e-01
5.372221e-01
1.446257e+00
9.591438e-01
1.064263e+00
8.483800e-01
5.369370e-01
3.998374e+00
-1.375512e+00
1.807807e+00
5.198547e-01
1.403765e+00
1.724504e+00
1.452703e+00
-5.047188e+00
2.884964e+00
2.750590e-01
1.287446e+00
1.286722e+00
1.280380e+00
2.519282e+00
-5.750470e+00
-3.231032e+00
7.293989e-01
1.341863e+00
2.323727e+00
1.100501e+00
