-5.017016e-02
-4.877957e-02
2.315485e-01
2.590420e-02
-1.847639e-01
-3.471020e-02
-5.108922e-02
-7.977190e-02
2.955163e-02
4.002596e-02
1.596961e-01
2.367213e-01
-2.212127e-01
-4.101851e-02
-7.843100e-02
4.221229e-02
-6.159649e-02
1.038520e-02
-1.687136e-02
9.345265e-03
5.194216e-04
3.338679e-02
5.195640e-03
2.547981e-02
-1.134074e-01
-7.189222e-02
3.205267e-02
-2.247709e-01
1.228859e-02
-1.143266e-01
1.846664e-01
-5.126072e-02
-3.505758e-02
2.642138e-02
-1.427296e-01
-2.195912e-02
7.176911e-03
-6.207855e-02
1.991215e-01
8.127279e-03
-3.198698e-02
-7.909644e-02
2.430029e-02
2.375065e-01
1.419741e-01
-1.061926e-02
-2.240224e-01
-3.632591e-02
-4.286386e-02
4.456687e-02
-2.642064e-01
1.313717e-01
-1.074877e-01
1.865694e-01
1.075341e-01
-5.035643e-02
-1.445271e-01
-2.940491e-02
1.033147e-01
-7.946506e-02
-1.800890e-02
-1.085827e-01
1.758879e-01
-2.139919e-02
