3.084395e-02
1.875804e-02
2.233697e-02
4.142212e-02
3.026299e-02
2.249399e-02
2.435178e-02
1.972344e-02
1.136728e-02
-1.131447e-02
-1.587561e-02
-4.038990e-02
-2.138804e-02
-2.959613e-02
-5.277173e-02
-4.855957e-02
-5.919503e-02
-6.835862e-02
1.546821e-03
-3.811676e-03
-1.325529e-02
-1.359418e-02
-1.199243e-02
-1.831169e-02
-1.645383e-02
-1.436722e-02
-1.277864e-02
-5.989682e-03
-1.377996e-02
1.675101e-03
-1.398002e-02
-2.312387e-02
-6.428130e-03
-2.923370e-02
-2.588070e-02
-1.488725e-02
-1.164106e-02
1.005985e-03
-4.460834e-03
-8.126717e-03
-9.565695e-03
-1.143556e-02
-2.551362e-02
-3.474135e-02
-3.379601e-02
-1.104233e-02
-1.062732e-02
-6.596936e-03
2.314681e-03
1.549376e-03
5.989200e-03
1.280665e-02
1.357432e-02
1.677399e-02
-1.110448e-02
-8.568702e-03
-1.684576e-02
-1.303883e-02
-1.291026e-02
-1.961656e-02
-1.887893e-02
-1.741207e-02
-1.890032e-02
-9.020596e-03
-2.637107e-03
1.343896e-03
-1.048284e-02
-1.733085e-02
-1.373016e-02
-1.999492e-02
-9.527753e-03
-2.158954e-02
1.169153e-02
1.223779e-02
1.262112e-03
1.148342e-02
1.249059e-02
1.165666e-03
8.628945e-03
5.363388e-03
-1.407995e-03
-1.711979e-02
-1.156098e-02
-4.517484e-03
-8.645833e-03
-1.515088e-02
-4.044597e-03
-8.434554e-04
-7.370398e-03
-5.923967e-03
1.010701e-03
3.463777e-03
4.702230e-03
4.309351e-03
7.651492e-03
6.320488e-03
1.086371e-03
6.063923e-03
6.091693e-03
1.447712e-02
-1.147443e-02
-1.888490e-03
6.587009e-03
5.901726e-03
-6.480198e-03
7.880189e-03
4.081253e-03
2.191330e-02
3.485113e-03
-1.333264e-03
3.720065e-03
4.819419e-03
7.472159e-04
3.842228e-03
1.398109e-02
1.063637e-02
1.180420e-02
5.183352e-04
-7.184188e-05
3.155904e-04
-1.553870e-04
-3.617482e-04
-3.823166e-04
-4.279987e-04
9.328725e-05
-9.024054e-04
-1.491960e-02
-7.556936e-03
-3.809818e-03
-1.785664e-02
-1.292225e-02
-1.782084e-02
-2.763657e-02
-2.224455e-02
-2.374025e-02
-7.249545e-03
-9.395772e-03
-1.019289e-02
-2.264692e-02
-2.003713e-02
-1.691514e-02
-2.434920e-02
-1.566803e-02
-1.137885e-02
1.101409e-02
2.544406e-02
1.729417e-02
-2.399609e-02
-1.956639e-02
-1.340463e-02
-2.212483e-02
-4.467143e-02
-6.222830e-03
1.016584e-01
5.370641e-03
4.895815e-02
7.330264e-02
-1.652224e-01
-3.027632e-02
1.920404e-02
5.231202e-02
-5.821033e-04
6.089586e-03
-3.057678e-03
4.477962e-02
-5.256613e-02
-7.611390e-02
2.659965e-02
-2.295351e-02
1.631085e-02
5.241946e-02
-1.845250e-02
-3.129130e-03
3.396574e-02
-5.620741e-02
1.806448e-02
2.568424e-02
-3.620100e-02
-9.866494e-03
-3.120738e-02
1.025323e-02
-1.314338e-02
3.509306e-02
-3.569657e-02
1.194670e-01
6.017259e-03
-4.121021e-02
7.175570e-05
-1.888039e-02
-5.004549e-02
-5.988946e-02
-4.969431e-02
-4.108212e-02
2.560711e-02
-3.086037e-03
-1.375621e-02
2.659482e-02
7.364311e-03
-1.024686e-02
-4.688129e-02
-8.685205e-02
3.889011e-02
6.643257e-02
-5.006875e-02
-2.572550e-02
3.629656e-03
-5.256887e-02
-4.821145e-02
-1.636259e-01
-3.840974e-02
3.961825e-02
1.607083e-01
4.997061e-02
3.069604e-02
7.337569e-02
3.585920e-03
-4.430556e-02
-1.370280e-01
-4.866135e-02
-1.568841e-02
3.332906e-02
1.306317e-02
1.285132e-02
3.066364e-02
3.215111e-03
2.126842e-02
-4.021154e-02
-1.472504e-02
-7.154173e-02
1.082122e-01
-4.028438e-02
-5.276416e-02
-7.385924e-02
-4.658246e-02
-1.311371e-02
-1.731354e-03
-2.609380e-03
-1.028055e-02
-1.258882e-02
6.850260e-03
-3.585020e-03
2.389175e-03
-7.273414e-03
-2.694197e-02
1.082896e-01
2.083165e-03
1.170694e-02
-3.064491e-01
7.848798e-02
-1.003768e-02
1.581344e-02
2.703828e-02
3.341339e-03
1.676153e-02
1.045013e-02
-6.690300e-03
1.081957e-02
2.606826e-02
-3.450219e-02
-1.488096e-02
8.572126e-03
-2.232292e-03
-3.680265e-03
-2.162551e-03
7.028133e-04
3.134361e-04
8.529503e-04
8.068891e-04
9.087903e-04
6.176472e-04
-1.823910e-02
1.049192e-03
5.146038e-02
5.066598e-02
6.260360e-02
1.038061e-01
7.532565e-03
-7.012074e-03
8.520015e-02
-9.521450e-03
-2.854104e-02
4.150283e-02
-2.714752e-02
-2.308301e-02
3.330019e-04
1.457250e-02
4.547664e-02
5.659293e-02
-8.010066e-03
1.067608e-02
1.152855e-02
-1.787780e-02
1.033032e-03
5.233152e-03
-1.478166e-02
-3.176013e-03
-7.806982e-03
1.762471e-02
-2.935113e-02
-2.716310e-02
2.154368e-02
-3.818965e-02
-2.243862e-02
1.486562e-02
8.388958e-04
-1.709745e-02
1.422533e-02
-1.882448e-03
-1.278453e-02
3.291148e-03
-2.127819e-02
-1.597442e-02
7.647158e-03
3.793151e-03
-1.436956e-03
-7.731057e-03
-1.531236e-02
2.253714e-02
-2.105769e-02
-2.143165e-02
1.181381e-02
-3.616413e-02
-1.088193e-02
7.264911e-03
-3.253377e-03
8.438013e-04
1.149236e-02
-2.213999e-02
7.428148e-03
-3.151564e-03
3.724672e-03
4.014721e-03
1.229490e-02
2.184877e-03
-4.434512e-03
7.429830e-03
6.894145e-04
-6.301976e-04
1.329411e-02
-7.615068e-03
5.441502e-03
1.961384e-02
1.713270e-02
1.139307e-03
-1.259521e-02
1.730577e-02
-2.044549e-03
-7.731745e-03
8.011758e-03
-5.180569e-03
8.162211e-03
-5.685500e-03
-4.198606e-02
-2.575823e-02
-1.587954e-02
-1.735434e-02
-4.174276e-02
-2.072115e-02
3.504535e-03
7.021919e-03
-3.305040e-03
-1.516515e-02
-6.236980e-03
7.812114e-03
-4.117636e-03
-2.172280e-02
-7.896255e-03
-4.034608e-03
-1.859993e-03
-1.946055e-02
-5.779836e-04
-2.718725e-03
-5.278010e-02
3.103077e-02
-5.480797e-03
-2.818012e-02
-2.405568e-03
-2.802850e-04
-6.367728e-03
-6.756070e-03
4.480303e-04
-1.003089e-02
-9.368273e-03
1.719703e-03
-1.816503e-02
-9.318559e-03
-1.144964e-03
2.155111e-02
1.597881e-02
3.877031e-02
4.713304e-02
-5.020400e-02
4.833269e-02
2.711858e-02
-2.586931e-02
-8.264547e-03
8.056872e-03
1.746635e-02
2.392016e-02
2.098905e-04
3.713827e-03
6.815175e-03
-8.495475e-03
-7.055418e-03
-1.511754e-03
1.309432e-04
-3.653160e-04
-4.603477e-04
-2.254994e-04
3.806475e-04
-6.360627e-04
-1.061174e-03
1.002368e-03
-4.987979e-04
1.265725e-03
-2.271757e-02
-1.750929e-02
9.234502e-03
-1.357583e-02
-1.224455e-02
1.259329e-02
-1.899231e-02
-6.805224e-05
-9.794616e-03
-1.383732e-02
-2.398453e-02
-1.091244e-02
-2.805546e-03
-1.640587e-02
-1.334860e-02
1.173902e-02
8.645845e-03
-2.517623e-02
-3.136694e-02
-2.800542e-02
-4.015700e-02
-3.783496e-02
-1.372440e-02
-1.451860e-02
-8.200935e-03
3.378683e-02
2.804343e-02
2.351961e-02
-2.169198e-02
-3.638471e-02
5.693062e-02
5.111372e-02
-7.460868e-02
-3.413584e-02
4.996413e-03
8.291164e-03
-4.947297e-03
-8.036694e-03
-1.927823e-03
2.067007e-02
2.424141e-02
2.225826e-03
-2.656054e-02
1.138757e-02
2.998853e-02
1.498045e-04
-6.680755e-03
2.050800e-02
-2.480980e-03
-1.896733e-02
-7.270528e-03
-1.483668e-02
-9.875389e-03
-2.729279e-02
3.872132e-02
-6.921805e-03
3.856508e-02
4.384917e-02
6.957524e-03
1.476412e-02
5.207478e-02
2.308334e-02
-1.685724e-02
7.018322e-03
1.516680e-02
3.400872e-03
-1.126624e-02
-7.974748e-03
-6.765354e-03
-2.518420e-02
-1.225013e-02
4.061971e-03
-1.502936e-03
-9.343896e-03
-1.544066e-02
-5.695501e-02
-5.572885e-02
-3.736610e-02
-6.781127e-02
-4.044769e-02
3.389001e-02
7.577425e-02
3.387447e-02
-1.265841e-02
-6.989366e-02
-7.696645e-02
-6.490732e-02
-3.841088e-02
-3.041314e-02
-2.413257e-03
5.930363e-03
-2.032787e-03
-5.137919e-03
-4.076747e-02
-5.173516e-02
-7.287658e-02
-5.671322e-02
-5.157711e-02
-3.405560e-02
2.639432e-02
1.803534e-03
-3.707952e-03
-3.980279e-02
-6.901626e-02
-6.649382e-02
9.590904e-03
2.236136e-02
-1.047730e-03
-5.762151e-03
-3.308950e-03
-7.438118e-03
-1.190107e-02
-7.665704e-03
-1.036784e-02
-2.538362e-02
-1.250547e-02
4.988377e-03
-6.859152e-02
-3.341902e-02
3.382668e-02
5.661511e-02
9.303608e-02
-6.693123e-03
3.856431e-03
5.274007e-02
-5.204398e-03
-1.768145e-02
-1.376734e-02
-2.614708e-03
-1.594371e-02
-1.180378e-02
2.321082e-02
2.559731e-02
2.829421e-02
6.112251e-05
2.525778e-03
2.033583e-03
-9.179962e-04
-5.800615e-04
7.171975e-06
-3.135395e-03
-2.966141e-03
-2.156264e-03
4.017046e-02
1.510179e-02
9.274711e-03
2.884611e-02
-1.478064e-02
3.515745e-03
3.719552e-02
4.686094e-02
3.401799e-02
4.559628e-02
3.235001e-02
1.785845e-02
-1.389492e-02
-3.831969e-03
1.478293e-02
-6.514632e-02
-9.347475e-02
-7.868405e-02
-4.054314e-03
1.914027e-02
1.176776e-02
-2.475635e-02
-3.303447e-03
-7.561071e-03
-4.237163e-02
-2.278772e-02
-2.556213e-02
1.740346e-02
-1.683668e-02
2.008260e-03
2.549994e-02
-2.940376e-02
-1.456153e-03
7.494478e-02
4.374744e-02
1.589772e-02
9.270118e-03
8.948441e-03
1.424204e-02
4.161225e-03
-6.614767e-03
-5.905394e-03
2.874418e-02
9.442573e-03
-1.380590e-02
1.229356e-02
9.469598e-03
2.297744e-02
5.506473e-03
4.799335e-03
2.075825e-02
5.955287e-03
-2.758906e-03
1.371539e-02
-2.243231e-03
5.111745e-03
1.654127e-02
-1.744681e-03
1.266592e-02
3.701285e-03
5.248282e-03
-6.568758e-03
-4.465411e-03
-1.620392e-03
-1.128109e-02
-1.297599e-02
9.678479e-03
1.750873e-03
-1.040775e-02
1.434200e-02
1.100439e-02
5.065124e-03
1.074281e-02
-1.222556e-02
-1.389631e-02
4.292463e-03
-1.258862e-02
-2.426699e-02
1.823282e-02
8.646885e-03
-7.487400e-03
-8.980243e-03
-5.985316e-03
1.179488e-02
7.253992e-03
8.901075e-03
-2.226998e-02
3.077195e-02
2.099098e-02
1.675250e-02
3.794912e-03
-1.666717e-02
-2.484847e-04
-9.282908e-03
-2.047668e-02
-2.008808e-02
-8.804415e-03
-4.100221e-03
-2.400532e-03
-2.302231e-02
2.463105e-02
1.301043e-02
1.678092e-02
8.209760e-02
1.451685e-02
-1.143505e-03
2.657303e-02
1.225865e-02
1.232683e-03
-5.713724e-03
-2.279502e-03
-5.008018e-03
-7.613698e-03
-6.018061e-03
-1.104833e-02
-1.208139e-02
-1.247032e-02
8.903825e-02
4.031978e-02
1.941399e-02
-2.453047e-02
-3.357792e-02
2.262443e-02
-7.870160e-03
4.317856e-03
-1.285414e-02
2.110123e-02
1.943373e-02
2.097527e-02
-4.182194e-03
2.964167e-03
1.725523e-02
-1.667020e-02
-8.096704e-03
5.730788e-03
-5.566224e-04
-1.776135e-03
-9.178903e-04
-1.258249e-04
-9.366015e-04
-9.119370e-04
-1.160968e-03
-1.166197e-03
-1.069703e-03
1.528617e-02
4.436763e-03
9.567520e-03
2.055917e-02
-3.066618e-03
-6.776049e-03
2.986730e-02
6.337346e-03
4.378659e-04
2.698319e-02
1.546547e-02
2.311545e-02
-8.252548e-03
-1.505130e-02
-6.840690e-03
-5.053347e-03
-1.048345e-02
-1.977354e-02
-6.338740e-03
-1.242859e-02
6.314284e-03
-4.720478e-02
-5.391991e-02
-3.340687e-02
-1.379555e-02
-2.126634e-02
-4.155370e-03
-1.261309e-02
8.268933e-02
2.999110e-02
9.811064e-03
1.552439e-01
6.446880e-02
3.912645e-02
8.878272e-02
6.153074e-02
5.519653e-02
3.754259e-02
3.484931e-03
9.773423e-03
1.999087e-02
-2.932838e-02
2.299702e-02
1.615168e-02
-1.845233e-03
1.425798e-02
-1.637687e-02
-3.930048e-02
3.010068e-02
-1.776707e-02
-3.404010e-02
7.885820e-03
-3.143814e-02
-3.977167e-02
-3.929025e-03
-3.326280e-02
-4.368863e-02
5.814959e-02
-7.218879e-02
1.809425e-03
3.907227e-02
-7.444295e-03
-2.631697e-03
-5.462787e-02
-5.718745e-02
-7.982925e-02
4.964080e-03
-1.179462e-02
-3.270191e-02
-5.547951e-03
-1.824198e-02
-2.700836e-02
-2.013147e-02
1.163374e-02
4.263325e-02
-2.335923e-02
7.172768e-03
3.165785e-02
-2.537714e-02
1.487716e-02
1.692773e-02
5.063470e-02
9.598807e-02
2.168202e-02
2.206729e-03
-6.661092e-02
4.402681e-03
1.341928e-02
4.695993e-02
2.765674e-02
-1.356666e-02
-1.015714e-02
-2.776618e-02
1.194447e-02
-1.622781e-02
3.486730e-05
-1.114384e-03
-2.527700e-03
3.244297e-02
-2.149392e-02
-6.058486e-02
3.517376e-04
3.030046e-02
-1.372443e-01
3.943415e-02
-7.509848e-02
-8.639671e-02
9.689063e-04
2.372033e-03
-6.757030e-03
-1.084693e-02
1.546202e-03
-1.074524e-02
-1.785965e-02
5.378099e-03
-1.280290e-02
-1.342764e-02
1.520981e-02
2.006220e-02
-3.927111e-02
2.833090e-03
5.321277e-02
-6.353138e-02
6.373688e-02
3.823894e-03
-1.439798e-02
-2.117193e-02
-1.764536e-02
1.004872e-03
-2.285772e-02
-2.506281e-02
-1.016595e-02
-4.093807e-03
-1.049602e-02
-4.244161e-03
-2.005494e-03
-1.101712e-03
-2.529509e-03
-8.855967e-04
-6.198300e-04
-8.836975e-04
-3.308250e-03
-3.689114e-03
-3.174745e-03
6.586153e-02
4.864632e-02
-2.843260e-02
2.354668e-02
1.945452e-02
-6.856147e-02
5.022552e-02
6.325737e-02
-4.613828e-02
4.571934e-02
7.849917e-02
3.979799e-02
2.233021e-02
5.957798e-02
2.866409e-02
-2.061581e-02
-4.609533e-03
-2.442821e-02
-9.686390e-03
-8.191487e-03
-6.590333e-03
-1.131274e-02
-1.302992e-02
-8.552665e-03
-1.030157e-02
-1.411057e-02
-6.731105e-03
2.667118e-02
4.175990e-03
4.045764e-03
3.620685e-03
-2.051485e-02
1.328778e-03
-8.690727e-03
-6.041797e-03
-2.626143e-03
-4.907594e-03
-6.136988e-03
-8.909795e-03
-3.015217e-03
-5.973366e-03
-2.131153e-03
6.508343e-03
4.795599e-03
-1.955370e-03
4.493118e-03
9.973109e-03
1.103085e-02
4.952378e-03
1.666404e-02
7.869543e-03
7.809747e-03
9.490083e-03
2.412395e-03
-6.071337e-03
8.778696e-03
-1.993147e-03
-6.088386e-03
2.857182e-02
-3.924233e-03
1.431760e-03
3.410329e-03
-8.261771e-03
-3.508649e-03
-5.791349e-03
-2.927141e-03
3.522181e-03
8.585138e-03
-1.128753e-03
4.913180e-03
1.917708e-03
-6.585318e-03
2.292865e-02
1.324665e-02
3.273658e-03
1.639824e-02
5.567962e-03
-1.072102e-02
-5.506168e-04
-8.759566e-03
-1.187601e-02
-4.885652e-03
4.171466e-03
9.445095e-03
6.938781e-03
3.212715e-02
-1.105546e-04
1.671464e-02
1.774643e-02
1.971151e-02
2.290039e-03
-7.783324e-03
-2.261347e-03
1.378056e-02
8.582128e-03
-6.214182e-03
2.217424e-04
2.012121e-03
-5.481183e-03
3.718459e-03
1.262000e-02
-2.002242e-02
-1.410400e-02
2.466667e-02
-1.967598e-02
-1.051851e-02
-2.998224e-02
-1.361496e-02
-2.202763e-03
-4.013942e-03
1.261832e-03
-2.440739e-03
-3.608879e-03
-1.450512e-03
-1.998977e-03
-3.431054e-03
-6.486369e-03
-3.532966e-03
-1.009560e-02
2.004868e-02
-1.375055e-02
-4.306177e-02
3.051945e-02
-1.124210e-02
4.907966e-03
-4.029528e-03
-7.391098e-03
-4.085467e-03
1.266680e-03
-3.560728e-03
-2.645816e-04
2.718561e-03
-2.119342e-03
1.135175e-03
2.909696e-03
8.251534e-07
-8.699652e-04
-4.513149e-04
2.134540e-04
-4.466398e-04
-2.327710e-04
1.181803e-04
-4.077377e-04
-2.563908e-04
-6.229147e-03
-6.738054e-03
-7.121438e-03
4.052787e-03
6.597140e-03
1.046271e-02
5.078842e-03
1.050029e-02
1.832845e-02
-4.319479e-03
-5.613963e-03
4.834084e-03
-9.895322e-05
1.077479e-03
6.876037e-04
-6.344768e-05
8.981795e-04
-7.745675e-03
-2.489848e-02
-2.854310e-02
-3.732195e-02
-1.940739e-02
-2.165958e-02
-2.350888e-02
-1.715681e-02
-1.568812e-02
-1.086978e-02
4.381336e-03
-2.330177e-02
1.498981e-03
3.553916e-03
-1.594714e-02
2.744710e-02
-6.296771e-03
-4.181113e-02
-7.290762e-03
-2.065649e-02
-7.750240e-03
-3.034408e-04
-2.727691e-02
-5.092631e-03
1.104908e-02
-3.428945e-02
-2.067338e-02
-1.261058e-02
3.829246e-02
4.900645e-02
6.645096e-03
3.178060e-02
4.646186e-02
-1.195347e-03
1.508654e-02
3.232126e-02
-4.865683e-03
1.563606e-02
2.429950e-02
3.232256e-02
1.739003e-02
2.359740e-02
1.361193e-02
5.217866e-03
1.582860e-02
-1.557569e-03
5.207872e-03
1.209545e-02
-2.442270e-03
1.374048e-02
1.550364e-02
-7.647487e-03
5.432121e-03
4.743373e-03
-1.605426e-02
4.352198e-02
4.265813e-02
5.336128e-03
4.174084e-02
3.448323e-02
-9.854044e-03
2.127198e-02
1.982990e-02
-2.194186e-02
-4.349836e-04
2.069229e-02
1.961261e-02
1.098058e-02
1.455668e-02
-1.842211e-02
1.247235e-02
8.524884e-05
-3.164975e-02
3.874453e-02
2.250337e-02
1.214654e-02
3.800302e-02
2.658693e-02
1.656134e-02
1.317647e-02
-1.149316e-03
-1.436121e-02
2.597106e-02
-9.333385e-03
2.555529e-02
2.936699e-02
-4.853080e-03
4.791579e-03
-4.140405e-03
-1.544144e-02
-8.269928e-03
-3.442493e-03
1.569576e-03
-1.480634e-02
4.627710e-04
3.373073e-03
-1.137428e-02
3.120204e-03
6.873200e-03
-6.698926e-03
-2.822249e-02
-1.827069e-02
-1.878123e-02
-1.801648e-02
-7.688545e-04
1.979211e-02
-1.853666e-02
1.839426e-04
1.248826e-02
-1.055927e-02
-1.777445e-02
-2.878725e-02
1.321587e-03
-1.676816e-03
-1.182256e-02
9.193688e-03
9.988090e-03
-1.589336e-03
1.499115e-03
9.937558e-04
4.475604e-04
7.641508e-04
4.677364e-04
-1.129141e-04
1.022663e-03
7.032469e-04
1.591961e-04
-6.450268e-03
3.675361e-02
7.460700e-02
-8.808902e-03
5.365273e-03
3.665452e-02
-2.092193e-02
-1.740960e-02
4.587687e-03
-1.292406e-02
-8.684628e-03
1.368085e-03
-1.721971e-04
1.594579e-02
2.263764e-02
1.004146e-02
2.207344e-02
1.906060e-02
1.920793e-02
1.681718e-02
4.873336e-03
1.374397e-02
1.934711e-02
1.240007e-02
1.244071e-02
1.074068e-02
9.129105e-03
4.979982e-03
3.117118e-02
9.195464e-03
-1.922954e-02
5.117554e-04
-2.572649e-03
-9.925014e-03
8.983677e-03
1.554614e-02
2.725626e-03
-1.347506e-02
-2.241851e-02
3.233780e-02
2.985936e-02
1.741051e-02
-6.661460e-03
-1.235119e-03
-7.792140e-03
-7.695596e-03
3.205648e-03
-4.480696e-03
-8.941195e-03
-6.736878e-03
-1.007127e-02
-5.319797e-03
-6.103984e-03
-6.604068e-03
-1.642035e-02
-1.533749e-02
-1.453341e-02
-4.141445e-03
-2.296082e-02
-1.754847e-02
1.268288e-02
6.478752e-03
-5.500180e-03
-2.821632e-02
4.519148e-03
-3.356289e-03
-2.697631e-02
-1.135933e-02
-1.170336e-02
-1.465872e-02
-5.871397e-03
-3.699061e-03
1.769751e-02
-1.464401e-03
1.440821e-02
-1.150245e-02
2.635620e-03
1.762353e-02
-7.614347e-03
-4.714950e-03
-2.246950e-04
3.488972e-03
-1.212535e-02
5.501274e-03
6.578630e-03
-1.129473e-02
1.223980e-02
4.328456e-02
1.587924e-02
2.268141e-02
9.530862e-03
-7.712605e-04
-2.168176e-02
1.028577e-03
-1.168353e-02
-1.247854e-02
6.410500e-03
-1.825479e-03
2.866999e-03
-5.954243e-03
-1.699691e-02
-1.889263e-02
9.585136e-03
-9.526951e-03
-2.113792e-03
1.693341e-02
1.298904e-02
1.517073e-02
-1.271262e-02
5.036389e-04
-1.733902e-04
-1.241754e-02
2.146541e-04
-1.515300e-03
-6.343240e-03
1.258383e-03
3.239594e-03
6.147946e-02
2.774958e-02
3.138783e-02
-2.156614e-02
1.286268e-02
-2.231092e-03
-6.913463e-02
-5.371588e-02
-4.599048e-02
2.887164e-02
2.934107e-02
3.127917e-02
2.311838e-02
2.675753e-02
2.593183e-02
1.651371e-02
1.623871e-02
1.452403e-02
-6.939878e-04
-6.083912e-04
-2.187771e-03
-6.326179e-04
2.879102e-04
-6.091927e-04
-3.336014e-04
3.526984e-04
-4.213178e-04
3.179153e-02
-1.223728e-02
2.691545e-03
4.956674e-02
1.310024e-02
1.298233e-02
1.661560e-02
2.329975e-02
1.948888e-02
-4.596284e-02
-4.589944e-02
-3.356805e-02
-4.199751e-02
-2.953267e-02
-1.668428e-02
-2.194837e-02
-1.388751e-02
-5.886193e-03
1.197067e-03
1.359130e-03
2.136087e-03
7.547133e-04
6.364528e-04
1.211635e-03
8.005468e-04
4.510892e-04
3.533924e-04
-8.656171e-04
4.566908e-04
1.351481e-03
-2.408224e-03
-2.820656e-03
-5.617753e-04
-1.796337e-03
1.068681e-03
-8.118297e-04
-2.174874e-05
9.918712e-04
2.793722e-04
-7.833581e-04
-8.701516e-04
1.125287e-05
-6.241243e-05
7.866096e-05
1.291070e-04
-2.903110e-03
-1.231036e-03
-1.809834e-03
-4.098347e-03
-2.909142e-03
-2.431919e-03
-4.681583e-03
-3.654337e-03
-2.566581e-03
3.549676e-04
-7.419917e-04
-3.107368e-04
-2.688757e-03
7.376642e-04
-2.524366e-03
-2.301628e-03
-1.208095e-03
-1.249917e-03
8.671637e-04
-1.679361e-04
-5.435022e-04
1.975089e-03
1.172363e-03
3.442188e-04
-7.464144e-05
-7.156740e-04
-1.589495e-03
9.837748e-04
-7.839273e-04
-1.424455e-03
1.097730e-03
5.389163e-04
-8.319644e-04
2.528054e-04
-7.298710e-04
-1.714039e-03
-3.247541e-03
-4.552887e-03
-1.919736e-03
-1.948147e-03
-1.891865e-05
-9.647767e-04
-2.884932e-03
-2.826170e-03
-3.266436e-03
-9.360309e-04
-8.675223e-04
-8.839041e-04
-3.803331e-03
-2.516215e-03
-1.782108e-03
-4.128014e-03
-4.389770e-03
-3.480719e-03
-1.458506e-03
-1.126914e-03
-2.778801e-03
-1.972833e-03
5.011578e-03
4.087995e-04
-9.185012e-04
7.528029e-04
1.178489e-03
6.239607e-04
4.303975e-04
8.903414e-04
6.707735e-04
-3.522300e-04
7.874269e-04
5.348587e-04
2.214457e-04
1.168252e-03
2.229535e-03
1.201914e-03
1.976507e-04
2.956043e-03
-3.563645e-03
2.597113e-03
4.093016e-03
2.891864e-03
1.580681e-03
1.108443e-03
1.498570e-03
1.335494e-03
5.383321e-05
4.841450e-04
1.968791e-05
-1.313324e-04
3.986775e-04
-1.731854e-04
-5.857029e-05
-2.209597e-04
-3.308477e-05
-6.669933e-05
-2.327576e-04
-9.451878e-05
2.111637e-05
-8.699758e-05
2.999542e-05
-2.224316e-03
2.357515e-04
-8.257305e-04
8.164474e-04
1.698706e-04
-1.477226e-03
-1.074273e-03
-1.899899e-03
-8.204746e-04
-1.686076e-03
5.176652e-04
2.100729e-04
-1.971266e-03
4.800013e-04
-3.690817e-04
-2.111457e-03
-4.404992e-04
6.815615e-06
-7.475049e-04
-1.366908e-02
-1.075328e-02
-1.190540e-02
-2.484341e-02
-2.663986e-02
-1.379304e-02
-1.911527e-02
-1.879956e-02
-1.800668e-02
7.589981e-03
-3.087932e-02
2.347510e-02
7.210257e-02
1.319045e-02
1.579733e-02
5.746549e-02
2.212371e-02
1.080348e-02
8.320746e-03
-2.020660e-02
3.862942e-02
4.231325e-02
9.936331e-05
2.999459e-02
3.751542e-02
2.506530e-02
3.069162e-02
-9.502283e-04
-2.055451e-02
5.367135e-02
1.313864e-02
-6.684509e-03
7.219215e-02
3.881130e-02
1.988071e-02
4.788225e-03
-4.049074e-02
-4.212383e-02
3.862690e-02
-3.699209e-02
-1.798896e-02
7.320789e-02
3.016911e-02
2.369009e-02
6.668769e-03
4.293468e-03
-1.304570e-02
3.676146e-03
-1.047305e-02
-1.255514e-02
1.801621e-02
6.507036e-03
-1.172905e-03
-1.082406e-02
-1.773232e-02
6.776913e-03
2.598711e-03
-8.725932e-03
2.605160e-02
3.126960e-02
2.328115e-02
4.635802e-02
-6.388882e-03
-6.823419e-04
-1.397547e-02
4.564660e-03
-1.719777e-02
1.951570e-02
4.056503e-02
2.835468e-02
7.125954e-03
-2.123710e-03
4.132416e-03
1.561655e-02
-1.822325e-04
-1.668857e-02
1.420139e-02
1.201340e-02
5.018630e-04
3.630934e-02
1.433762e-03
-2.591906e-02
-1.496713e-02
7.893392e-03
-6.562750e-02
1.826171e-03
9.845803e-03
-8.065622e-03
1.904894e-02
8.243604e-03
5.116428e-03
-6.842686e-03
1.027064e-02
3.140351e-03
-1.059318e-02
1.077624e-02
-2.955984e-04
-3.419000e-03
-2.861386e-02
-9.721923e-03
-3.095376e-02
-2.800752e-02
1.757286e-02
-6.793035e-02
-3.895774e-02
-4.231508e-02
-4.705637e-02
-1.856433e-02
-2.732976e-02
-2.286700e-02
-2.056705e-02
-3.304703e-02
-3.393276e-02
1.450751e-03
-1.410802e-02
-2.128899e-02
1.399810e-03
1.214826e-03
5.972151e-04
1.174505e-03
8.935559e-04
1.327999e-03
2.236770e-03
1.717326e-03
1.936524e-03
1.633177e-03
5.476113e-03
-4.084629e-02
9.045392e-03
2.248539e-02
-2.051934e-02
2.896259e-02
3.476837e-02
-1.645779e-02
1.600215e-02
2.728933e-02
1.973502e-02
2.120023e-02
3.541909e-02
2.658446e-02
1.246497e-02
2.479011e-02
2.304272e-02
-3.388652e-02
-3.216916e-02
-1.730098e-02
-2.993223e-02
-2.868855e-02
-1.705172e-03
-2.320648e-02
-2.201866e-02
-7.010672e-03
-1.567535e-02
1.006366e-01
1.083750e-01
-5.673435e-02
6.883225e-02
5.943825e-02
-7.451101e-02
-9.214812e-02
-8.738158e-02
2.515779e-03
4.859142e-02
6.171275e-02
-3.947503e-02
1.119264e-02
1.894271e-03
-4.208921e-02
-4.567942e-02
-5.026077e-02
5.384519e-02
7.626464e-02
8.225071e-03
2.806320e-02
4.011726e-02
-3.648478e-04
-3.175891e-02
-1.039959e-02
-2.157029e-02
2.082869e-02
8.790950e-02
-9.625592e-03
2.094167e-02
2.118499e-02
1.967709e-03
-3.367676e-02
-4.534564e-03
-3.883874e-02
6.284987e-03
7.130422e-03
-1.845499e-02
1.611703e-02
3.781167e-03
-1.599478e-02
1.803233e-02
-1.599423e-03
-3.513810e-02
5.243282e-02
7.612029e-02
5.619699e-02
3.885593e-02
4.590252e-02
2.771535e-02
-2.295647e-02
-1.856285e-02
-3.995744e-02
2.092993e-03
5.643929e-02
5.530918e-03
8.707160e-03
-2.715630e-02
1.346118e-02
3.086263e-02
1.939101e-02
-1.655309e-02
1.974021e-02
5.959910e-02
3.758143e-02
3.715658e-03
2.625592e-02
1.120366e-02
-1.176282e-02
-2.627105e-02
-3.091522e-02
-3.709354e-02
4.618072e-02
-2.866230e-02
-1.980667e-02
-5.427968e-02
-1.621242e-02
9.930091e-03
1.576723e-02
-7.577599e-03
-6.126924e-03
-1.499387e-02
-1.526516e-02
4.720110e-03
-6.384521e-03
-1.190474e-02
1.936459e-03
-1.157193e-02
-1.343233e-02
-1.601148e-02
-8.282674e-02
-2.584598e-02
2.704400e-02
4.511554e-02
-1.387770e-02
4.679367e-02
1.339994e-02
1.959793e-02
6.801649e-03
-2.191627e-03
-1.808709e-02
1.162951e-04
9.529821e-03
6.083300e-03
-1.574780e-02
4.226734e-03
1.786371e-02
1.501578e-03
1.049860e-03
2.726988e-03
1.314748e-03
-8.880834e-05
3.928021e-04
3.002065e-03
1.359835e-03
5.862717e-04
2.549584e-03
5.604743e-02
8.072336e-02
-2.797629e-02
-6.966936e-03
3.092969e-02
-3.058263e-03
-2.076799e-03
-1.299279e-02
9.117260e-03
4.128877e-02
4.381786e-02
5.409420e-04
1.957516e-02
1.034697e-02
-2.378288e-02
-1.745802e-02
-2.880679e-02
-1.058330e-02
-1.030849e-02
-1.148485e-02
-1.396383e-02
-8.744963e-03
-1.607032e-02
-1.468621e-02
6.517682e-04
-4.141787e-03
-7.871252e-03
-1.722295e-02
-3.725389e-02
-1.845808e-02
-3.266821e-02
-3.556440e-03
2.510483e-02
-1.637619e-02
-1.328048e-02
2.590474e-02
1.373411e-02
-1.184389e-03
1.101954e-02
1.139375e-02
1.682439e-02
2.805455e-02
1.890553e-02
2.084140e-02
2.444215e-02
3.088543e-02
1.615103e-02
2.039006e-04
-6.221456e-03
1.659178e-02
1.391445e-03
8.117556e-03
2.166252e-02
2.224524e-02
5.310192e-02
2.660823e-02
1.741145e-02
1.650055e-03
1.159633e-02
-5.244785e-03
-1.655027e-02
1.069697e-02
1.731830e-02
1.767134e-02
-1.327492e-03
1.395098e-02
1.069240e-02
2.192063e-02
1.251357e-02
1.308340e-02
2.252512e-02
6.570525e-03
-1.769469e-02
-1.162856e-02
-3.309122e-03
-5.024256e-03
-3.801951e-03
-3.659084e-03
-1.434109e-02
-6.138188e-03
3.763266e-02
1.943169e-02
-2.390443e-02
-1.453172e-03
-4.495919e-03
1.002681e-03
-3.957383e-02
-5.892840e-02
-1.502276e-02
3.760506e-02
4.262794e-02
-1.277902e-02
-3.568358e-03
-3.625581e-02
-6.344659e-03
4.342899e-03
-7.645550e-03
1.747817e-02
-1.447749e-03
4.347328e-02
4.389724e-02
-1.437635e-02
1.794778e-02
-5.550641e-02
-1.281995e-02
-3.085196e-02
-3.135177e-02
2.740678e-04
4.482556e-03
1.742804e-03
-3.776668e-03
-2.666341e-03
2.760943e-03
2.655772e-03
6.286827e-03
1.134565e-02
-1.831489e-02
3.873157e-02
-4.530910e-02
-2.949804e-02
-8.743437e-03
2.909539e-02
1.999088e-02
2.027250e-02
-5.799581e-03
-6.313330e-03
-9.881892e-03
-9.573854e-03
-9.237411e-03
-2.993130e-03
1.689036e-03
-6.410319e-03
3.240974e-03
9.376325e-03
1.816157e-04
1.555207e-03
1.430934e-03
5.507622e-04
6.691238e-04
4.105897e-04
1.108455e-03
1.083247e-03
1.489291e-03
1.159514e-02
2.418485e-02
1.745841e-02
1.018316e-02
4.958385e-03
-8.776120e-03
-2.582702e-04
-1.103429e-02
-1.008432e-02
1.423165e-02
2.297454e-02
1.049768e-03
-7.165324e-03
-1.006053e-02
-2.603228e-02
3.823509e-03
-9.748688e-03
1.034827e-02
2.948203e-02
6.569437e-03
-2.755546e-03
1.260032e-02
-1.554404e-02
-2.741379e-02
3.662135e-02
1.043345e-02
-1.139099e-03
-3.760943e-02
-5.637924e-04
3.266490e-02
-4.057755e-02
5.602834e-02
8.855372e-02
-8.155742e-03
4.593049e-02
7.145345e-02
1.937473e-02
2.802644e-03
-1.360488e-02
-1.159452e-02
-1.073535e-02
-4.462850e-02
8.144311e-03
-2.124869e-02
-5.082798e-02
-2.480298e-02
-8.200317e-03
-1.700165e-03
-1.160072e-02
1.571786e-03
8.350126e-03
-1.603852e-02
-2.096110e-03
9.937319e-03
-1.133445e-02
-5.231916e-03
3.633053e-02
2.772957e-02
7.168848e-03
7.750641e-02
4.169297e-03
2.744831e-02
4.622934e-02
-1.241194e-02
6.247508e-03
-2.072899e-02
-4.754155e-03
-1.033822e-02
-3.031724e-02
-1.951472e-02
-1.811582e-02
-2.252993e-02
-4.580403e-02
-1.376613e-02
4.041789e-02
-1.882702e-02
9.101309e-03
4.087117e-02
-3.941088e-03
1.952289e-02
2.979083e-02
-1.573614e-02
9.063553e-03
3.760244e-02
-1.685909e-02
-3.185797e-02
2.454878e-02
8.140913e-03
2.840226e-03
3.165714e-03
-1.779008e-02
-4.327759e-02
-5.593714e-02
-3.677779e-02
-7.038901e-02
-6.307948e-02
-3.862592e-02
-5.159647e-02
-3.116779e-02
-1.618857e-02
-5.913261e-02
-1.050709e-02
-7.594944e-03
-1.181164e-01
2.898393e-05
-8.195047e-03
-3.980727e-02
-3.092203e-02
-5.678209e-03
1.086494e-03
-1.299773e-02
-8.042471e-03
-7.411404e-03
-2.321461e-02
-1.212039e-02
-1.438322e-02
-2.255758e-02
1.520781e-03
2.696623e-02
-2.908119e-02
-8.452243e-03
6.251490e-02
-1.091447e-02
1.044021e-02
1.704111e-02
3.430923e-04
6.970558e-04
7.074823e-03
1.114814e-02
1.384745e-03
4.429730e-03
8.317865e-03
2.289898e-02
2.611684e-02
1.786109e-02
-7.560120e-04
-1.056435e-03
-2.957134e-03
-1.044532e-03
-2.072946e-03
-3.341310e-03
-2.602532e-03
-4.222766e-03
-4.770691e-03
1.457652e-02
1.805023e-02
-9.100394e-03
4.084149e-03
2.244328e-02
-8.602786e-03
2.149628e-02
4.317536e-02
-7.574686e-03
1.911386e-02
4.535253e-02
-1.089595e-03
-1.323062e-02
1.682714e-02
-3.273121e-02
-4.449591e-02
-4.460979e-02
-7.295177e-02
-1.360991e-02
-1.235543e-02
5.725627e-03
-3.339836e-04
-7.184682e-03
1.095674e-02
4.480623e-03
-6.212405e-04
6.831190e-04
8.890412e-02
2.613597e-02
3.949216e-03
9.063628e-02
-5.947480e-03
-5.653593e-02
-1.949308e-02
-5.438666e-02
-5.324775e-02
9.883541e-03
3.700594e-03
1.292936e-02
-7.347615e-03
-3.638040e-02
-2.492230e-02
-3.006809e-02
-2.038089e-02
-2.267956e-02
-6.593530e-04
8.158792e-03
-1.562830e-02
-9.400176e-03
-7.746878e-03
-3.083400e-02
-1.974372e-02
-2.330215e-02
-4.174424e-02
-7.733914e-03
3.725122e-02
-1.168865e-02
-1.290241e-02
5.180968e-02
1.543368e-03
-2.816623e-02
-3.560865e-02
-6.743887e-02
-1.560430e-03
-1.309187e-02
-7.394051e-03
-1.956348e-02
-8.863736e-03
-3.327510e-03
-7.802976e-05
8.214112e-03
1.532239e-02
2.329779e-02
3.249648e-02
-1.813000e-02
1.476512e-02
2.949646e-02
5.018228e-03
-4.248680e-03
-4.092846e-03
-8.290024e-03
5.558569e-02
4.093055e-02
-2.689866e-02
2.339538e-02
4.339948e-02
4.567892e-02
-2.398449e-02
-2.318433e-02
-1.240673e-04
1.566952e-02
4.489573e-03
-4.702104e-02
-3.509966e-02
-1.302181e-02
-5.045955e-02
-1.405446e-02
-1.241503e-02
-3.212663e-02
-5.590062e-02
2.913394e-02
-4.141324e-02
-6.812496e-02
5.263532e-02
1.690913e-02
3.586454e-02
-3.475054e-03
-2.981307e-02
-7.262428e-03
-1.361897e-02
-3.418332e-03
-5.933202e-03
-1.018665e-02
-4.803007e-03
-5.065781e-03
-1.281580e-03
-8.894842e-04
3.073385e-04
-2.915298e-02
7.565305e-02
2.378525e-02
-8.344682e-02
-1.346475e-02
4.751767e-02
4.599656e-02
4.761101e-02
-6.759915e-03
2.044336e-03
1.306552e-02
5.915273e-03
2.067502e-02
3.388644e-02
2.123573e-02
2.810915e-02
3.896071e-02
-7.238928e-04
-2.100251e-03
-2.057926e-03
-1.363329e-03
-1.965603e-03
-2.317101e-03
-1.523609e-03
-1.444298e-03
-1.211710e-03
1.881975e-02
-1.347623e-02
5.557611e-03
2.802150e-02
1.334702e-02
3.146144e-02
2.237370e-03
-3.142841e-02
-9.397054e-03
5.044175e-02
1.146272e-02
5.354217e-03
4.619909e-03
-7.537008e-03
-1.831769e-02
6.935537e-04
1.116288e-02
3.767385e-02
-7.008491e-03
6.043474e-04
1.793059e-02
-6.489803e-03
1.101023e-02
-5.177349e-04
-4.789319e-03
1.453376e-02
5.177022e-03
-9.127648e-02
-9.292255e-03
-2.382912e-02
-1.042622e-01
1.213200e-01
8.972271e-03
-1.073274e-02
6.928364e-03
5.995419e-02
1.198310e-02
2.081914e-05
-8.981490e-04
2.017008e-02
3.597874e-02
-2.359959e-02
2.804992e-02
-2.004689e-02
-8.730727e-03
-7.252028e-03
-2.780465e-05
8.603233e-03
1.066208e-02
-2.188183e-02
-1.876712e-02
1.549092e-02
-1.626916e-02
6.997990e-03
-7.811516e-03
9.421268e-03
-7.656049e-03
7.782108e-02
-1.286401e-01
5.040086e-02
2.208830e-02
-4.199835e-03
5.976633e-03
-5.231230e-03
1.393559e-02
-6.980503e-03
7.083640e-03
-3.055374e-02
-2.004365e-02
-2.988794e-03
-4.180232e-02
-3.025248e-02
-1.278358e-02
-3.329743e-02
2.934207e-02
-1.441933e-02
-6.197773e-02
2.171613e-02
-1.189120e-02
-3.063553e-02
-2.712683e-03
-4.133313e-03
1.056331e-01
-2.482348e-02
1.110133e-02
-1.392515e-01
3.615587e-02
4.383732e-04
6.853633e-02
-2.306861e-03
-3.178280e-03
4.284932e-02
6.469326e-03
3.453710e-02
-3.729512e-03
-2.710769e-02
2.771251e-02
-3.718772e-04
-4.138495e-04
3.229446e-02
-8.386088e-03
4.751555e-02
2.447688e-02
-2.319645e-01
3.759563e-02
-2.477738e-02
2.601362e-02
2.072970e-02
-6.861603e-03
-8.876604e-03
-3.212630e-03
-1.185142e-04
-6.170881e-03
-1.083848e-02
3.583582e-03
-1.565645e-02
-9.179625e-04
-9.811064e-03
-3.975997e-02
-3.562046e-02
-1.593278e-02
2.007450e-01
-1.270836e-01
1.346687e-02
-5.959677e-02
-3.489733e-02
3.197036e-03
-2.438684e-03
-5.202972e-04
-9.070112e-03
-8.685569e-03
-1.793580e-03
-1.420020e-02
-1.256438e-02
-6.445918e-03
-2.581422e-03
1.078274e-03
-4.043654e-03
-1.878442e-03
2.178006e-04
-2.503102e-03
-2.820179e-04
3.813624e-04
-2.516010e-03
6.500083e-02
3.104387e-02
-2.590703e-02
-1.117277e-02
1.984040e-02
-2.810121e-02
5.520151e-02
9.752910e-02
-3.951564e-02
-1.234473e-02
1.276267e-02
-1.058457e-02
-5.089825e-03
1.813577e-02
1.513325e-02
-8.969662e-03
-2.847216e-02
-3.912669e-02
