-3.008299e-02
-6.289544e-02
-4.407138e-02
-6.641808e-03
-6.473631e-02
-7.942989e-03
-1.928546e-03
-1.500760e-02
-7.314333e-02
-4.604896e-02
-3.119460e-02
-2.016422e-02
1.080883e-02
4.788701e-03
-2.621623e-02
3.272887e-02
1.596392e-02
1.841902e-02
3.432107e-03
-5.096877e-03
5.443667e-02
-5.083805e-02
6.831823e-03
2.161153e-04
-3.853752e-02
-4.709537e-02
-4.079529e-02
2.740062e-02
-2.954266e-02
-2.869546e-02
1.926922e-02
9.615626e-04
-1.574608e-02
-5.177887e-03
2.054500e-03
1.364188e-02
3.110968e-02
9.855031e-03
-2.510920e-02
-3.666981e-02
3.812181e-03
1.027583e-02
-3.107519e-03
2.111494e-02
6.191563e-04
1.136552e-02
-3.028677e-02
1.185646e-02
-5.398885e-03
1.357838e-02
-9.915213e-03
-2.048111e-02
-1.657278e-02
4.336589e-02
-4.428057e-02
-2.225536e-02
-4.887244e-03
-1.106909e-02
1.476400e-02
-9.616645e-03
-4.626054e-02
-3.245714e-02
-2.368717e-02
-2.394140e-02
