4.593190e-04
1.278533e+01
1.422038e+01
3.019115e-03
1.050270e+01
8.446429e+00
1.282296e+01
1.181762e+01
3.316015e+00
7.860154e+00
4.047820e-04
3.595548e+00
1.314400e+01
1.434860e+01
7.915926e+00
2.563178e-02
6.808027e+00
7.324197e-01
9.810290e-06
7.300001e-01
1.984401e+00
8.320760e-04
2.861552e-03
6.110038e-01
4.904737e+00
1.098127e+01
1.408328e+01
5.798869e+00
5.345359e-04
7.726036e+00
5.830547e-04
1.352711e+01
3.551553e-04
1.275456e-04
3.672440e+00
9.037700e+00
6.802767e+00
1.112163e+01
1.306784e+01
8.466415e+00
8.477440e-05
1.216783e+01
7.577248e+00
4.940949e-04
1.230347e+01
1.329039e-01
3.519447e-04
9.514809e+00
8.018422e+00
7.812277e+00
1.798543e-03
5.637861e-04
6.492440e+00
2.905990e-04
1.441212e+01
1.288448e+01
8.673398e-04
5.999785e-05
1.380698e+01
5.056300e+00
7.418602e+00
3.361509e-02
1.006179e+01
6.254251e-06
