8.137626e-03
1.512977e-02
1.282895e-02
1.816019e-02
1.951612e-02
7.751758e-03
-7.973692e-04
2.961482e-03
1.164454e-03
4.618173e-04
-2.255223e-03
3.040018e-03
-3.863841e-03
-1.493527e-02
-3.351527e-03
-7.038509e-03
-1.146620e-02
1.227348e-04
-1.080760e-02
-1.363505e-02
-3.416643e-03
-9.532001e-03
-2.077419e-03
3.721966e-03
-2.387253e-03
-5.895057e-04
5.289369e-03
-2.238409e-04
-6.542302e-03
-1.965390e-03
-3.285743e-03
-1.340385e-02
7.206247e-03
3.144013e-03
-4.709098e-03
-2.829090e-03
-4.113797e-04
-6.898857e-04
5.743185e-04
9.991272e-05
-3.043061e-04
-5.613634e-04
6.773334e-04
1.204213e-03
1.137738e-03
2.813719e-03
1.179598e-02
1.344052e-02
1.000826e-02
2.926413e-02
1.881479e-02
1.611442e-03
1.177568e-02
7.702386e-03
1.048144e-02
4.970505e-03
3.128941e-03
1.091880e-02
5.591651e-03
5.842436e-03
5.310569e-03
6.173286e-04
-9.582920e-03
-5.012987e-03
-3.022879e-03
6.967946e-03
-9.549976e-04
-2.597989e-02
-5.074229e-03
-7.714937e-03
-1.339150e-02
4.847419e-04
-1.607373e-03
-3.715532e-03
1.152769e-03
-3.327925e-03
1.984120e-03
3.716497e-03
-1.623224e-03
2.778646e-04
3.367538e-03
-1.442820e-02
-1.377227e-02
-1.224926e-02
-5.624508e-03
-1.243286e-02
-4.761285e-03
1.410009e-03
-5.549596e-03
-2.104412e-03
6.631862e-03
1.482265e-02
1.855943e-03
2.187256e-02
1.890575e-02
6.837323e-03
1.533724e-02
1.433410e-02
3.594644e-03
-1.749727e-02
-4.254581e-02
-2.138663e-02
-3.935662e-02
-8.398848e-02
-4.595923e-02
-2.343103e-02
-5.860800e-02
-3.629678e-02
-3.304162e-03
-1.586092e-02
-7.417514e-03
2.052053e-03
-1.675468e-02
-9.049895e-03
-2.016685e-03
-1.509032e-02
-8.499581e-03
4.179498e-03
1.235307e-03
5.533120e-03
-1.053463e-03
2.933716e-03
3.655077e-03
-6.588648e-03
-5.478818e-03
-1.219142e-03
1.237887e-02
5.719060e-03
-5.557323e-03
1.714005e-02
8.594379e-03
-2.508019e-02
-3.315355e-03
9.495210e-04
3.096806e-05
-9.931365e-04
2.690130e-04
6.858642e-04
-1.646318e-03
-2.046542e-05
7.761236e-05
-1.741385e-03
-1.304478e-03
4.535310e-04
-1.719428e-03
-1.359859e-02
-2.734357e-02
-1.839109e-02
-2.060642e-02
-2.866926e-02
-1.238105e-02
-2.156204e-02
-2.494509e-02
-6.068397e-03
2.487974e-03
8.240514e-04
1.597789e-03
1.645233e-02
1.808983e-02
-3.680335e-03
2.492686e-03
1.092482e-02
1.222377e-02
7.268593e-03
2.086905e-03
1.109996e-02
2.583440e-03
2.777802e-03
8.412353e-03
4.178406e-03
7.289008e-03
7.339114e-03
2.053891e-02
5.552424e-03
1.862992e-02
4.635242e-02
1.998470e-02
4.812942e-03
2.100323e-02
1.835646e-02
2.544807e-03
-3.043394e-04
3.580219e-03
1.889844e-03
-1.950169e-04
1.319670e-03
1.784952e-03
7.815569e-04
-1.391472e-04
3.945732e-03
-1.286784e-03
-8.974546e-03
-1.028672e-02
-1.367430e-02
-1.790734e-02
-8.330083e-03
-1.519329e-02
-6.577678e-03
2.094144e-03
1.460188e-02
5.159188e-03
1.626896e-02
3.120762e-02
1.588985e-02
1.931921e-02
3.384688e-02
2.857377e-02
-3.030168e-02
-1.198529e-02
6.307362e-03
2.028094e-02
3.708540e-02
3.962499e-02
8.897703e-03
1.923250e-02
3.296796e-02
2.960995e-03
-2.772648e-03
-2.501677e-03
-1.292023e-03
3.495739e-04
-1.040625e-03
-6.989814e-04
1.475508e-04
-3.942926e-03
1.205645e-02
8.525815e-03
4.038396e-03
-1.433495e-02
-1.711235e-02
-2.253539e-02
-1.765085e-02
-1.525202e-02
-1.484535e-02
-1.989227e-03
1.036671e-02
-6.003585e-04
1.432547e-03
2.782317e-03
-1.542058e-02
2.288949e-03
-1.566800e-03
-5.457710e-03
-1.874925e-03
2.473497e-02
1.536317e-02
2.463738e-02
7.967298e-02
3.784941e-02
1.438425e-02
6.360069e-02
4.710380e-02
4.348059e-03
5.797148e-03
-3.096073e-03
-2.883148e-03
-2.514078e-06
-1.575395e-02
8.153660e-03
8.731021e-03
-1.242553e-02
-6.029544e-03
-5.244570e-03
-8.854132e-03
-3.472064e-03
-4.681074e-03
7.090679e-03
3.163865e-03
9.217025e-03
1.138363e-02
1.391519e-02
-4.733227e-03
-2.390845e-02
1.375038e-02
-3.054731e-03
-2.592742e-02
9.865678e-03
-8.012443e-03
-2.402075e-02
3.360333e-05
-3.120181e-04
-8.715607e-04
3.431630e-04
-7.661810e-04
6.910772e-04
9.105866e-04
-8.393909e-04
2.276970e-04
-3.114007e-03
-1.155742e-03
-6.802562e-03
-7.718180e-03
-1.920341e-02
-1.887159e-02
-9.410625e-03
-1.755828e-02
-8.910683e-03
-1.718904e-03
1.881094e-02
2.157421e-02
2.000949e-02
2.903279e-02
3.721547e-02
1.048356e-03
1.476212e-02
2.232480e-02
9.635578e-03
-6.307751e-03
-6.727141e-03
1.986888e-02
1.289421e-02
-2.821171e-03
2.747051e-02
2.405971e-02
9.945143e-03
-1.030918e-02
-7.600918e-03
8.958343e-03
-2.468710e-02
-3.084414e-02
-4.593318e-03
6.853044e-03
1.528967e-02
1.313106e-02
2.023535e-03
1.523310e-03
7.978618e-04
2.518040e-03
2.578164e-03
3.777454e-03
3.713960e-03
3.012036e-03
3.263626e-03
2.000126e-03
-1.724364e-03
1.049645e-03
1.582825e-02
1.081206e-02
1.007453e-02
4.022410e-03
1.182358e-03
-4.485684e-03
-1.996611e-02
-3.434912e-02
7.516471e-03
-3.225019e-02
-7.259773e-02
-2.974819e-02
-6.006469e-03
-3.412412e-02
-1.450738e-02
-2.443321e-02
-2.549252e-02
-1.226526e-03
-5.405037e-02
-4.940244e-02
-2.042626e-02
-1.473041e-02
-2.162865e-02
1.228205e-02
-1.583684e-03
3.432967e-04
-1.722865e-03
-2.197569e-03
-1.319094e-03
-1.252059e-03
-2.580234e-03
-2.105036e-03
-1.657403e-03
-3.182340e-03
1.389881e-02
3.081319e-02
-4.334773e-03
1.159403e-02
2.452680e-02
-1.482404e-02
-3.066171e-03
-1.308950e-03
3.793951e-03
3.359213e-02
1.475943e-02
-8.273576e-03
1.255533e-02
-1.494696e-02
-1.276249e-02
-3.233599e-04
-3.306539e-02
-1.992590e-02
-1.454080e-02
-1.558790e-02
-1.608304e-02
-1.450746e-02
4.713908e-04
1.401361e-02
2.341445e-02
4.095421e-02
-9.076858e-03
-1.169685e-02
-8.125460e-03
7.375202e-03
-3.093863e-03
4.474115e-03
7.915654e-03
-1.870956e-03
-1.077455e-05
-2.068821e-02
-1.324602e-02
-1.001354e-02
-3.504790e-02
-3.400825e-02
-3.420486e-02
-1.932469e-02
-2.342125e-02
-2.007559e-02
-6.054141e-03
2.243889e-03
1.811374e-03
-3.057307e-02
-1.568337e-03
1.718105e-03
-1.893417e-02
-2.235225e-02
-1.434757e-03
-1.743229e-03
-1.450058e-03
-2.300824e-03
-8.871996e-04
-1.884825e-03
-1.858056e-03
-2.144484e-03
-1.063125e-03
-1.412082e-03
-1.098006e-02
-1.645581e-02
-1.679542e-02
-1.623144e-02
-2.002507e-02
-2.055814e-02
-7.960479e-04
-5.101158e-03
-8.469126e-03
3.556347e-03
1.313203e-02
1.349347e-02
5.598661e-03
1.678545e-02
1.505341e-02
5.989825e-03
1.225913e-02
7.981590e-03
-9.455369e-03
-1.069558e-03
-3.830763e-04
-1.147656e-02
-5.625593e-03
7.614876e-04
-1.715936e-02
-1.024225e-02
4.027319e-03
1.924288e-02
2.214154e-02
9.058717e-03
2.468945e-02
3.165571e-02
1.045845e-02
3.609983e-03
9.367144e-03
-3.103412e-05
3.780684e-04
6.700893e-04
1.224762e-04
5.621048e-04
1.123440e-03
-4.909103e-04
5.298734e-05
1.211262e-03
-2.779317e-04
2.410552e-03
-4.349336e-03
-3.271793e-03
-9.231715e-03
-1.016116e-02
-1.186616e-02
-1.049198e-02
-1.523974e-02
-6.595253e-03
1.792138e-02
2.319871e-02
3.963285e-03
2.902010e-02
4.619042e-02
2.229660e-02
2.017316e-02
3.330396e-02
1.558510e-02
1.286474e-02
9.017690e-03
-5.945055e-03
1.972703e-02
3.487667e-02
8.788826e-03
3.080294e-02
2.648230e-02
3.778622e-03
1.028824e-03
-9.152635e-04
-7.387672e-04
-1.967820e-03
-8.575054e-05
1.118653e-03
-1.203251e-03
4.551360e-04
4.116672e-04
-6.802717e-03
-6.214935e-03
1.257658e-04
-2.184027e-02
-1.436772e-02
-2.692184e-03
-2.002796e-02
-1.008633e-02
3.735976e-03
2.122876e-02
2.144994e-03
1.365091e-02
1.858823e-02
-1.392030e-03
1.270126e-02
2.441109e-02
1.305915e-02
1.606737e-02
8.302006e-03
7.466637e-04
-4.252925e-03
1.279623e-02
1.245227e-03
-6.124616e-03
9.064357e-03
-1.329796e-03
-1.695412e-02
-4.368927e-03
4.668486e-03
2.386539e-03
-7.960238e-03
-2.001460e-03
-2.012727e-03
-5.836255e-03
-2.501749e-04
2.122006e-04
1.246260e-02
1.006362e-02
-6.023301e-04
1.234592e-02
1.587068e-02
1.028216e-02
4.076820e-03
7.992231e-03
2.895156e-03
-1.212195e-02
-2.040979e-02
-1.651081e-02
-1.224618e-02
-1.176964e-02
-2.895557e-03
-3.607204e-03
3.578408e-03
3.169559e-03
-2.021923e-04
6.001192e-04
-1.311724e-04
-7.222657e-04
-1.663353e-04
-6.305946e-04
-2.255024e-05
-9.081695e-04
-1.054859e-04
-9.724408e-03
-1.443334e-02
-1.379978e-02
-2.073117e-02
-2.458260e-02
-2.784947e-02
-1.543350e-02
-1.525338e-02
-1.916596e-02
8.876803e-03
1.095005e-02
3.074440e-03
3.207714e-02
2.791476e-02
7.667885e-03
1.701502e-02
2.098541e-02
9.136639e-03
6.537092e-03
8.355535e-03
1.524904e-02
8.612323e-03
4.512569e-03
2.173506e-02
6.713893e-03
2.183614e-03
9.058149e-03
1.578315e-04
6.699947e-03
9.283714e-03
-8.237114e-03
-1.227399e-02
-1.848291e-03
-3.350164e-03
-1.930314e-02
-2.257715e-02
2.493263e-03
3.487298e-03
4.494639e-03
2.456176e-03
3.035112e-03
1.710360e-03
8.171406e-04
1.291114e-03
1.476372e-03
7.905375e-03
-3.544200e-03
1.882676e-04
5.418636e-03
-1.065230e-02
-8.819652e-03
6.622321e-04
-6.804085e-03
-1.550382e-02
9.081283e-04
5.905651e-03
8.911822e-03
-5.390052e-03
1.768450e-02
2.719930e-02
-1.774902e-02
1.230147e-02
2.047406e-02
-1.180567e-03
-4.909830e-03
1.469149e-02
-4.515383e-03
1.715468e-02
2.507059e-02
-1.581319e-02
1.860705e-03
1.954068e-02
-2.735743e-03
-2.271706e-03
-5.666875e-03
-2.719936e-03
-5.105213e-03
-3.853737e-03
-3.172510e-04
-1.449172e-03
-1.765436e-03
1.436774e-02
-3.998594e-03
-2.343997e-02
2.103268e-02
8.605929e-04
-2.133040e-02
2.648875e-02
1.473736e-02
-1.545945e-03
-6.675104e-03
-1.607722e-02
-1.429147e-02
7.587801e-03
-8.746387e-03
-4.400545e-03
1.005663e-02
1.052715e-02
5.257312e-03
-8.149723e-03
4.640166e-03
1.359528e-02
-1.469946e-02
5.825266e-03
2.278209e-02
-3.654457e-02
-2.728247e-02
-3.185144e-03
-1.158528e-02
6.462020e-04
7.237992e-03
-3.438602e-03
4.628372e-03
2.944656e-03
-7.458446e-03
8.701117e-03
6.873010e-03
1.770179e-02
-2.707613e-03
-8.057188e-03
6.751797e-03
-8.629685e-03
-4.979345e-03
5.019498e-03
7.872254e-04
5.268698e-03
-1.052880e-02
-1.721468e-02
-1.364729e-02
-1.408239e-02
-8.305524e-03
5.704748e-04
-1.859902e-02
-1.099417e-02
1.639334e-02
6.211639e-04
7.400391e-04
7.008362e-04
-9.081876e-04
8.751719e-04
-1.631105e-04
-4.958953e-04
-7.360133e-04
3.168870e-04
-1.813995e-02
-2.435715e-02
-2.301265e-02
-2.605839e-02
-2.512696e-02
-1.803525e-02
-1.605581e-02
-1.693572e-02
-1.014482e-02
3.182399e-03
-1.370898e-02
-6.271774e-03
4.870588e-03
-1.327155e-02
-1.319924e-02
3.677979e-04
-2.191712e-02
-2.363627e-02
-4.435035e-03
-3.077985e-03
1.118261e-04
2.962666e-03
1.795707e-03
1.413905e-02
1.903985e-02
1.573711e-02
1.818945e-02
-1.232605e-02
1.597989e-03
8.799623e-03
-4.368298e-03
1.842589e-02
2.512707e-02
-4.133967e-03
1.009009e-02
9.451552e-03
5.212578e-03
5.379652e-03
4.059252e-03
3.905174e-03
1.845900e-03
1.169808e-03
3.288417e-03
1.889781e-03
3.711076e-04
-8.069039e-03
7.516888e-05
-1.460021e-02
-9.143814e-03
-4.186148e-03
-1.090681e-02
-2.665283e-03
-4.148122e-03
-4.641057e-03
-1.590302e-02
5.533128e-03
3.078322e-03
-3.918080e-03
5.409411e-04
9.512858e-03
-5.145013e-03
4.118836e-03
2.397302e-02
-4.905725e-04
-1.605392e-03
1.919482e-02
2.154881e-02
3.295189e-02
3.943023e-02
-4.604798e-03
1.693401e-02
4.675796e-02
-2.808628e-03
-4.942107e-03
-5.221514e-03
-9.842159e-04
-6.003347e-03
-4.897101e-03
-1.915802e-03
-4.883738e-03
-2.585388e-03
3.549644e-02
2.632594e-02
6.776056e-03
1.744275e-02
5.228448e-03
-1.582409e-02
1.890970e-04
-1.636053e-02
-3.295149e-02
-3.382035e-03
-2.992781e-03
-2.512446e-02
-1.352701e-02
-1.691619e-02
-2.815930e-02
-1.499511e-02
-2.399622e-02
-3.182348e-02
-7.900566e-03
-1.326645e-02
9.185336e-03
-3.222954e-02
-3.137696e-02
6.341097e-03
-1.562601e-02
-2.872644e-02
1.852733e-04
3.248339e-02
1.740243e-02
8.903020e-03
1.629682e-02
8.802313e-03
-1.562542e-02
9.574758e-03
-3.546669e-03
-2.570716e-02
-1.075563e-02
-1.138302e-02
-2.769222e-03
-2.298023e-02
-1.068358e-02
1.973428e-03
-1.400957e-02
-6.403605e-03
1.038441e-02
-2.173526e-02
-2.305031e-02
-2.375527e-02
-7.729267e-04
-1.419037e-03
-7.843174e-03
2.897031e-03
4.797834e-03
1.244098e-02
1.114802e-04
-6.344899e-04
-9.849767e-04
-2.213254e-03
3.489391e-04
-8.534499e-04
-1.933470e-03
-1.899833e-03
-2.246585e-04
-1.212258e-02
-1.790103e-02
-1.896481e-02
-1.908392e-02
-2.078768e-02
-2.026601e-02
-7.916444e-03
-1.034850e-02
-1.137770e-02
-1.407034e-03
6.436313e-04
8.932877e-04
-4.211638e-03
2.214822e-03
2.005044e-03
-9.918459e-05
4.878935e-03
8.346905e-04
-8.125903e-03
-2.662434e-03
1.066523e-03
-4.410205e-03
-3.050920e-03
5.648936e-03
-8.534336e-04
1.789244e-03
1.160526e-02
1.340071e-02
2.391585e-02
1.436046e-02
2.985047e-02
4.949301e-02
2.895815e-02
7.340630e-03
1.943044e-02
1.162835e-02
2.771597e-03
1.720833e-03
8.067669e-04
1.771156e-03
4.679589e-04
-1.121198e-03
9.154253e-04
1.012078e-03
-9.705769e-04
-5.804889e-03
-1.817131e-03
-3.400794e-03
-8.750318e-03
-7.253629e-03
-7.266976e-03
-5.115239e-03
-7.004393e-03
8.680199e-04
1.381018e-02
2.419254e-02
1.405832e-02
1.915784e-02
4.528793e-02
2.964409e-02
9.120923e-03
2.543514e-02
2.077971e-02
1.282358e-02
1.539682e-02
1.444611e-02
2.992212e-02
4.205282e-02
3.032345e-02
1.849764e-02
3.081999e-02
2.044355e-02
6.156155e-06
-2.208746e-03
-2.066900e-03
-1.993719e-03
-1.335461e-03
-9.641620e-04
-3.192398e-04
-4.360202e-05
-5.468410e-04
1.690633e-03
-8.081067e-04
-3.570190e-03
-1.082109e-02
-1.297663e-02
-1.276073e-02
-9.590744e-03
-6.040619e-03
-2.550200e-03
7.299775e-03
-2.944540e-03
-1.036262e-02
-1.708510e-03
-1.089407e-02
-4.518272e-03
8.945104e-03
-7.820405e-03
-4.570924e-04
-5.292066e-03
-7.383942e-03
1.138938e-03
-2.570931e-03
1.089314e-02
1.095868e-02
-6.016642e-03
-4.270234e-03
1.517912e-03
9.843761e-03
7.168549e-03
-2.521376e-03
-2.544024e-03
2.167375e-04
-1.477574e-02
-4.252915e-03
-4.399462e-03
-1.491278e-02
3.995135e-03
9.988723e-03
5.440230e-03
1.531743e-02
2.659803e-02
2.855086e-02
8.028644e-03
1.873080e-02
1.852436e-02
7.605298e-04
-5.237175e-03
-4.452725e-03
-4.556733e-03
-5.252534e-03
-1.263608e-02
-6.481893e-03
-8.029904e-03
-7.520922e-03
-8.771008e-05
-6.986739e-04
-4.183971e-04
-9.392861e-04
-2.991688e-04
-4.096211e-04
-2.004154e-04
-9.326746e-04
-1.596985e-04
3.322000e-04
-1.007023e-02
-1.104927e-02
-1.171608e-02
-1.892497e-02
-1.763199e-02
-1.447360e-02
-1.652678e-02
-1.161586e-02
1.411633e-02
1.344922e-02
1.125260e-02
1.979188e-02
2.754244e-02
1.620495e-02
9.014202e-03
1.124388e-02
6.710263e-03
3.834473e-03
1.540941e-03
7.248777e-03
5.486173e-03
6.432114e-04
6.745253e-03
8.589155e-03
2.945832e-03
3.363746e-03
2.977866e-05
1.103879e-02
1.388168e-02
-7.710142e-03
-6.211175e-03
-6.373314e-03
-4.360472e-03
-1.107986e-02
-1.385024e-02
2.217520e-03
2.386520e-03
2.076853e-03
2.361292e-03
1.639588e-03
-1.342515e-04
7.649135e-04
7.633634e-04
8.335012e-04
4.522719e-03
-3.474716e-03
-4.815027e-03
9.259466e-03
-2.509288e-03
-9.077161e-03
1.306410e-02
8.983385e-04
-1.502744e-02
-1.840993e-02
-1.649646e-04
1.803637e-02
-1.454012e-02
2.229118e-02
3.115183e-02
-1.642998e-02
3.969525e-03
2.045903e-02
-6.432415e-03
2.396618e-03
1.996415e-02
-1.225347e-02
1.387342e-02
1.568021e-02
-2.064378e-02
-5.967309e-03
1.485505e-02
3.712414e-04
-1.953744e-03
-2.134158e-03
-1.976434e-03
-5.795801e-03
-4.160914e-03
-2.229916e-04
-2.720830e-03
-1.803173e-03
3.794299e-02
2.092313e-02
1.781331e-03
2.175089e-02
-1.082708e-03
-2.021893e-02
3.833278e-03
-1.445065e-02
-2.572971e-02
1.517665e-02
1.128061e-02
1.696476e-04
2.271024e-02
1.112499e-02
8.380993e-03
1.744981e-02
1.976179e-02
1.630433e-02
3.193812e-03
1.235165e-02
1.444773e-02
-2.116630e-03
1.190456e-02
1.376789e-02
-2.342208e-02
-6.600796e-03
7.182883e-03
-6.106502e-03
-1.907001e-03
-5.628083e-03
-6.502974e-03
-1.436677e-03
-5.709957e-03
-1.060466e-02
3.447990e-04
-2.273671e-03
1.068853e-02
3.231972e-03
9.370584e-03
2.600268e-03
-3.041775e-03
-2.440939e-03
2.238450e-03
-8.749434e-03
-4.379024e-03
2.966886e-03
-4.988385e-04
8.157341e-03
-1.562373e-02
-2.634294e-03
1.150650e-02
-3.652977e-02
-1.321132e-02
-1.545718e-03
-6.141849e-04
-8.660278e-04
-5.980292e-04
-9.438530e-04
-1.660090e-05
-8.829659e-04
-2.082418e-04
-8.975464e-04
-4.492998e-04
-9.015447e-03
-4.684906e-04
-1.934488e-03
3.862450e-04
8.067627e-04
1.718155e-03
-3.989622e-03
-2.704398e-03
-5.038859e-04
5.166795e-03
1.263585e-02
1.063017e-02
9.051661e-03
2.401039e-02
1.661613e-02
3.431442e-03
1.659665e-02
8.207599e-03
-6.039220e-03
-1.720301e-03
5.636899e-04
3.060826e-03
5.123222e-03
1.209988e-03
1.414203e-02
2.324532e-02
1.322750e-02
-5.112588e-03
1.247988e-02
2.491308e-03
2.425542e-02
3.893842e-02
2.164511e-02
1.724512e-02
3.832600e-02
2.269060e-02
4.318234e-03
3.341535e-03
1.830089e-03
1.168940e-03
-2.748639e-05
-1.403204e-04
3.251103e-04
9.663279e-05
-3.687001e-04
-1.147798e-02
-1.092287e-02
3.912901e-03
-3.649122e-03
-3.964040e-03
1.692215e-03
-4.042374e-03
-3.983864e-03
9.989640e-03
-1.050508e-03
-2.694699e-03
1.193603e-02
-1.851561e-02
-3.436820e-02
-8.548562e-03
-2.431360e-02
-3.549679e-02
-1.212438e-02
4.733634e-03
5.684251e-04
-1.018737e-02
2.368617e-02
3.796025e-02
1.607464e-02
2.030065e-02
1.326072e-02
1.870688e-03
-1.385040e-03
1.917949e-03
-1.445755e-03
-2.331114e-03
-3.370854e-03
-8.438118e-04
-2.329619e-03
1.434270e-03
1.467874e-03
-1.085837e-03
9.249173e-03
6.387662e-03
3.211430e-03
1.226962e-02
8.932802e-03
5.224085e-03
1.850254e-02
1.121086e-02
-2.833509e-02
-1.849738e-02
-2.902124e-02
-3.079049e-02
-2.617730e-02
-5.457070e-02
-2.444380e-02
-3.889935e-02
-3.875079e-02
-5.667802e-03
-1.509962e-03
-1.778786e-02
7.009988e-04
-1.707465e-03
-5.660092e-03
-1.598540e-02
-6.494058e-03
-6.509665e-03
1.614800e-02
1.540095e-02
5.994315e-03
1.002647e-03
6.168260e-03
-4.733368e-03
-5.235089e-03
-8.849581e-03
-1.290746e-02
-1.266137e-02
-3.655657e-03
-3.563720e-03
1.441092e-02
3.786909e-02
2.085817e-02
1.120036e-02
2.894813e-02
1.855478e-02
-8.203003e-03
1.123755e-02
1.841008e-02
-1.842998e-02
2.221413e-03
1.217931e-02
-8.062193e-03
-9.769176e-03
4.651297e-03
-1.118454e-03
-1.770186e-03
-2.614928e-03
-7.464248e-04
-2.190890e-03
-1.674048e-03
-1.241641e-03
-2.304525e-03
-2.034321e-03
-1.174395e-03
-1.426645e-02
-7.936419e-03
-6.756109e-03
-1.083255e-02
3.748590e-04
-1.194932e-02
-2.793049e-02
-1.450549e-02
1.149615e-02
2.471844e-02
1.604257e-02
1.078568e-02
3.406886e-02
2.571338e-02
1.638471e-02
2.084210e-02
1.956025e-02
-4.924020e-03
-6.063963e-03
-6.208400e-03
1.009163e-03
3.740824e-03
-1.804793e-03
3.953474e-03
1.579458e-02
1.297834e-02
8.774625e-03
9.309235e-03
-2.392790e-03
1.161123e-02
2.766106e-02
3.520661e-03
3.535133e-03
9.633218e-03
-2.424031e-03
7.201178e-03
2.841771e-03
-1.075636e-03
1.898013e-03
9.504497e-04
-4.229082e-03
8.861244e-04
6.853563e-04
-8.911585e-04
-1.617024e-02
-1.917098e-02
-1.079024e-02
-3.454926e-02
-2.647429e-02
-1.216573e-02
-2.408853e-02
-3.635692e-02
-1.531840e-02
2.119722e-04
-9.624384e-03
-1.620427e-02
-2.319409e-03
-9.385580e-03
-8.176213e-03
3.570372e-03
2.408519e-03
-8.291968e-04
-7.055953e-03
-5.535821e-03
-2.577854e-02
6.700012e-02
3.743611e-02
-7.388946e-03
2.618485e-02
2.892528e-02
1.475570e-02
-1.895626e-03
6.876666e-04
1.233850e-03
-4.355821e-03
-4.350400e-03
-1.729600e-03
-2.000933e-03
-5.319858e-03
-3.930881e-03
4.351939e-03
1.213726e-02
1.779096e-02
-2.228610e-03
-8.103831e-04
3.494707e-03
-1.536774e-03
4.095432e-03
2.137842e-03
-1.147223e-02
-8.383602e-03
-7.194041e-03
-2.722074e-02
-2.015712e-02
-1.813738e-02
-2.174225e-02
-2.128691e-02
-3.430992e-02
1.593174e-02
2.004237e-02
-8.402599e-03
8.593739e-02
1.015842e-01
2.891819e-02
5.431843e-02
1.020098e-01
4.372183e-02
6.230316e-03
1.759198e-02
1.505420e-02
4.434391e-03
1.572313e-02
5.515531e-03
1.822223e-02
1.669884e-02
3.248132e-03
-1.157907e-02
-1.681601e-02
-1.467786e-02
-1.760640e-03
-7.156829e-03
-8.912539e-03
8.262401e-03
5.581027e-03
-1.896661e-03
3.954701e-03
1.514473e-02
1.511659e-02
-1.581667e-02
-2.414757e-03
1.303983e-02
-7.578299e-03
-3.974617e-03
-1.019882e-02
-1.890355e-04
6.968060e-04
-1.795773e-03
7.577008e-04
-2.180318e-03
2.053273e-04
1.010587e-03
4.794616e-05
-1.075710e-03
-1.229895e-02
-1.344111e-02
-5.417917e-03
-2.308260e-02
-2.325449e-02
-1.537235e-02
-3.673223e-03
-7.507348e-03
-4.070789e-03
-1.952081e-03
8.511720e-03
-8.486776e-05
1.980834e-02
1.448722e-02
-1.371996e-03
1.792546e-02
1.410407e-02
3.345489e-03
-6.518300e-03
-7.715714e-03
-5.803064e-04
-3.871287e-03
9.183463e-04
6.375699e-03
5.561708e-03
5.604366e-03
1.272435e-02
-4.222598e-03
-1.226913e-02
-8.641450e-03
3.686566e-03
-9.585024e-03
-1.287776e-03
6.469857e-03
7.085048e-03
-2.388316e-03
1.102310e-03
6.469024e-04
-2.464932e-03
3.688398e-03
3.932337e-03
-9.236308e-05
2.194958e-03
2.084171e-03
2.852582e-04
-1.375256e-03
2.764720e-03
1.601362e-02
-1.020517e-02
-1.779168e-02
-3.536245e-03
-6.850127e-03
-1.419919e-02
-4.343736e-03
-1.125971e-04
1.915251e-02
7.874914e-03
9.399737e-03
1.776281e-02
1.155274e-02
-7.038758e-03
9.770134e-03
9.167863e-03
1.738247e-02
-1.241925e-03
-2.772417e-02
2.062434e-02
2.195274e-03
-4.330703e-03
1.270805e-02
7.728490e-03
4.315894e-03
-7.661881e-04
-1.575386e-03
-2.282726e-04
-3.660358e-03
4.369586e-04
-1.668231e-03
-1.529973e-03
7.137086e-04
2.220870e-03
1.888504e-02
-3.938093e-03
-2.292286e-02
1.357824e-02
-8.586299e-03
-2.668666e-02
2.815591e-02
6.528212e-03
-1.694940e-02
1.229040e-02
-3.826679e-03
1.902475e-02
-2.025269e-04
-7.894282e-03
2.664592e-03
-9.341395e-03
-1.523179e-02
-5.901329e-03
-6.277655e-03
-4.839427e-02
-5.605439e-02
2.755904e-02
-3.778092e-02
-5.828244e-02
5.088468e-02
1.671272e-02
-6.872410e-03
-8.552040e-03
-2.270580e-03
-1.764861e-03
-9.782461e-03
1.284703e-03
5.432311e-03
-2.364832e-04
6.753151e-03
1.064894e-02
1.304686e-02
4.457452e-05
-8.238215e-03
2.235646e-03
-2.838483e-03
-1.473490e-02
6.898092e-04
2.947766e-03
8.154412e-04
-1.702343e-02
-6.675200e-03
7.475453e-03
-1.051113e-02
4.924778e-03
7.457647e-03
-1.247650e-02
-5.609312e-03
4.246753e-03
6.880380e-04
3.180015e-04
-6.897621e-05
-8.069810e-04
2.761827e-04
-8.052565e-04
-9.774495e-04
-2.248725e-04
-3.470493e-06
-3.451764e-03
2.644154e-03
-9.047897e-03
-5.680617e-03
-7.575854e-03
-1.421094e-02
-1.796058e-03
-1.019751e-02
-3.997484e-03
-6.787575e-03
-2.201149e-02
-2.150514e-02
-1.035156e-02
-4.447052e-03
-2.881692e-03
-5.293874e-03
-3.453103e-03
-4.478652e-03
7.482347e-03
4.690386e-03
2.930298e-03
-2.726038e-03
-1.581194e-03
2.523937e-03
2.901056e-03
9.162890e-03
1.534851e-02
9.273288e-03
2.006449e-03
-6.792120e-03
-2.838925e-03
-5.056011e-03
-1.753129e-02
9.199157e-04
-6.440319e-03
-9.446056e-03
-3.283051e-04
6.712150e-04
2.707250e-03
-1.069364e-03
-8.295141e-05
1.253912e-03
-2.701063e-03
-1.641755e-03
-4.529107e-04
-4.209895e-03
-7.593716e-04
-6.361937e-03
-1.454030e-02
-1.272152e-02
-1.065639e-02
-9.427518e-03
-4.320473e-03
-7.912808e-03
2.362214e-02
3.906991e-02
2.127748e-02
2.857746e-02
4.788328e-02
3.413477e-02
2.797194e-02
4.222730e-02
3.604467e-02
-6.240861e-03
3.778722e-03
-2.926987e-03
2.225644e-02
2.178122e-02
6.209285e-03
7.903816e-03
1.027122e-02
7.869772e-03
-1.337468e-03
-1.557853e-03
-7.652948e-04
-1.206752e-03
-2.274127e-03
-1.512541e-03
-9.640652e-04
-3.671513e-03
-2.830769e-03
5.709265e-03
1.056835e-02
1.230198e-02
-2.945541e-03
-2.101941e-06
1.342124e-02
-4.422448e-03
-1.517142e-03
9.623016e-03
-6.673641e-03
-1.943542e-02
-1.281874e-04
-9.782110e-03
-9.040734e-03
-1.016771e-02
-9.280031e-03
-1.480113e-02
-2.991682e-02
5.001691e-03
1.514445e-02
9.733091e-03
2.435653e-02
2.351841e-02
2.835947e-03
3.192962e-02
2.783542e-02
-1.950512e-03
1.801367e-03
7.764652e-03
7.604017e-03
-8.193784e-03
1.250889e-02
3.581258e-03
2.251540e-03
5.271252e-03
-4.858778e-03
-5.286432e-03
-5.208737e-03
-5.916126e-03
-1.364198e-02
-9.237190e-03
-1.027667e-02
-1.414003e-02
-1.472201e-02
-8.476784e-03
2.632925e-02
2.144678e-02
1.847341e-02
2.221772e-02
-1.346435e-02
1.507602e-02
2.118346e-02
2.156728e-02
2.502365e-02
-5.951758e-04
2.010023e-04
-4.910111e-04
-1.318960e-03
-1.109766e-04
6.179261e-04
-1.038130e-03
-7.527691e-04
-3.279268e-04
7.115313e-03
1.176157e-03
-9.550338e-03
1.994554e-02
8.045207e-04
-7.821416e-03
-7.561476e-03
-9.766278e-03
-9.583908e-03
-6.240312e-03
-1.432848e-02
-5.497686e-04
-1.209411e-02
-2.099833e-02
-1.106764e-02
-1.601826e-02
-1.097050e-02
-1.146903e-02
1.126410e-02
8.768001e-03
4.912513e-03
9.028410e-03
5.599665e-03
1.070173e-02
-1.855619e-03
2.014912e-03
6.392004e-03
-1.016942e-02
-1.878318e-02
-6.346202e-03
-3.697868e-02
-3.095596e-02
-1.604190e-02
-2.101447e-02
-2.652372e-02
-1.379094e-02
2.549208e-04
-7.075396e-04
3.079020e-03
1.267446e-04
-5.684252e-04
4.190941e-03
2.052733e-03
1.888847e-03
5.639996e-03
8.317717e-03
1.659348e-03
-8.496922e-03
9.036061e-03
1.026254e-03
-1.202689e-02
-2.657949e-03
-1.031286e-02
-1.647114e-02
1.272034e-02
3.043969e-02
1.889599e-02
2.942365e-02
5.344724e-02
3.728545e-02
1.502340e-02
3.757634e-02
2.602093e-02
-2.694588e-02
-9.850358e-05
-3.197415e-03
-2.173609e-02
-3.369003e-03
-5.632806e-03
-2.595760e-02
-1.518342e-02
-6.791268e-04
-5.075512e-03
-7.642395e-03
-4.113081e-03
-4.708079e-03
-9.943741e-03
-2.531356e-03
-3.913136e-03
-6.417166e-03
-3.411359e-03
-1.483092e-02
-2.536750e-02
-3.551133e-03
-2.816005e-02
-3.014034e-02
-1.347916e-02
-1.573794e-02
-2.667021e-02
-9.552152e-03
2.650915e-02
1.801333e-02
1.797473e-02
4.534368e-02
4.955183e-02
4.319533e-02
2.675808e-02
1.981129e-02
1.573617e-02
2.281855e-03
-9.104160e-04
-2.483584e-03
2.050215e-02
1.623016e-02
8.246847e-03
1.258067e-02
1.060384e-02
-3.167877e-03
-6.021546e-03
5.977844e-04
1.344446e-03
2.816583e-03
6.015056e-03
-1.195846e-03
7.174195e-03
1.148868e-02
4.655765e-03
-1.943761e-02
-3.321232e-02
-2.060200e-02
-3.593686e-02
-4.917473e-02
-3.695728e-02
-2.379126e-02
-4.109231e-02
-2.153905e-02
2.152721e-02
-8.692537e-03
-1.500796e-04
5.383719e-03
-9.409591e-03
8.918613e-03
8.907882e-03
6.988135e-03
-3.831847e-03
-1.090186e-03
1.108668e-04
1.958391e-04
-1.739138e-03
9.551866e-06
-6.042479e-04
-9.380415e-04
-2.262824e-04
-1.076492e-03
4.116334e-03
3.518208e-03
1.980196e-03
1.480751e-02
5.895147e-03
9.932708e-03
8.442004e-03
4.076014e-03
1.245665e-03
1.491800e-03
2.005858e-02
1.240135e-02
-4.860080e-03
8.983631e-03
8.877202e-03
-5.289945e-03
5.980559e-03
7.704766e-03
-3.170382e-02
-3.324300e-02
-1.905708e-02
-2.159976e-02
-1.047276e-02
-5.763372e-03
-8.037190e-03
-3.741086e-04
9.703911e-03
6.713309e-03
-2.174287e-03
-7.338621e-03
1.207280e-03
-7.372459e-03
-1.427753e-02
-9.819393e-04
-3.880328e-03
-1.197094e-02
-2.207684e-03
-3.163204e-04
-9.564705e-04
-2.447209e-04
1.306680e-03
-4.816740e-04
-3.052340e-04
9.469396e-04
6.911323e-04
5.410193e-03
8.275136e-03
-1.405541e-03
-1.240979e-02
-1.397923e-02
-4.833293e-03
-1.022592e-02
-1.500607e-02
-1.113278e-02
1.025678e-02
3.060692e-02
1.092623e-02
7.012261e-03
1.518308e-02
9.520642e-03
-1.238311e-02
-8.625893e-04
-5.777183e-03
1.316257e-02
5.566270e-03
6.071660e-03
8.516678e-03
2.368268e-03
-2.497267e-02
1.503395e-02
2.167876e-03
-1.340192e-02
-2.368923e-03
-5.835330e-04
-9.743381e-04
-2.808139e-03
-4.660143e-03
-2.444221e-03
-3.828992e-04
-1.377843e-03
-6.802530e-04
-3.202813e-02
-3.819913e-02
-2.445753e-02
-2.205757e-02
-1.438126e-02
6.478955e-03
-5.773298e-04
1.698888e-02
3.774390e-02
2.586680e-02
2.069106e-02
2.248944e-02
1.239636e-02
5.632540e-03
2.689950e-02
-1.703782e-02
-1.565899e-02
6.514294e-03
9.899019e-04
-3.267933e-02
-2.340039e-02
1.931519e-02
-2.356301e-02
-2.414538e-02
1.666488e-02
-7.879977e-04
-3.680502e-03
-9.565746e-04
2.070161e-03
1.168016e-02
-1.047873e-02
-1.072331e-03
1.789148e-02
-8.128862e-03
-9.444206e-03
4.029439e-03
2.861342e-02
3.015766e-02
8.342518e-03
1.900833e-02
2.221056e-02
4.616615e-03
-4.326897e-03
-4.555867e-03
-4.801679e-03
-2.096554e-02
-1.090570e-02
3.655050e-03
-1.454267e-02
1.806809e-03
1.715561e-02
-1.330930e-02
-1.776273e-03
2.309657e-02
2.691317e-04
2.099884e-04
-7.651834e-04
-7.765074e-04
-7.754437e-04
-1.304524e-03
-1.250224e-03
-1.260579e-03
-8.953537e-04
2.283637e-02
3.045871e-02
1.921639e-02
3.243662e-02
3.177147e-02
3.291920e-02
2.712464e-02
3.399710e-02
2.618737e-02
4.844205e-03
2.209185e-02
1.831360e-02
3.135036e-03
3.230916e-02
2.656576e-02
-7.557961e-03
2.050501e-02
1.066999e-02
-1.362310e-02
-1.495599e-02
-3.782811e-03
-1.205932e-02
-1.246578e-02
-1.391160e-02
5.748427e-03
-6.094995e-03
-1.890034e-02
1.268104e-02
4.542161e-02
3.555961e-02
3.142297e-02
6.080547e-02
4.621945e-02
1.442304e-02
4.151488e-02
2.061087e-02
-1.509908e-03
-2.028211e-03
-2.301257e-03
-4.314425e-04
-2.513815e-03
-4.282574e-03
-1.337305e-03
-5.091643e-03
-4.971934e-03
3.999854e-03
1.420329e-02
1.619288e-02
2.712208e-03
3.979982e-02
3.858742e-02
5.125511e-03
2.426318e-02
1.668953e-02
-1.084151e-02
-3.160799e-02
-1.180845e-02
-1.811115e-02
-6.949218e-02
-4.421146e-02
-1.175878e-02
-3.885281e-02
-2.047386e-02
-1.089246e-02
2.197232e-02
4.568298e-02
-8.893827e-03
1.220638e-03
3.028019e-02
-1.615886e-02
-5.279998e-03
4.328986e-03
2.039345e-03
1.158667e-03
1.091872e-03
4.392610e-03
1.623661e-03
8.360382e-03
6.009792e-03
9.751681e-03
7.317606e-03
-4.824628e-03
4.395115e-03
-2.292662e-03
1.998858e-04
2.820928e-03
7.521355e-03
-1.190147e-02
1.119223e-02
8.153487e-03
-1.840599e-02
-1.200358e-02
-3.381812e-02
3.328216e-03
1.529891e-02
-9.317527e-03
-7.106865e-03
8.073574e-03
7.939233e-03
1.526134e-02
3.455963e-03
9.812679e-03
-1.545281e-02
-6.149659e-02
-3.481890e-02
-1.808923e-02
-5.407161e-02
-4.011789e-02
1.678120e-02
-7.968218e-03
-2.131412e-02
1.404646e-02
-5.280973e-03
-1.364385e-02
-1.300360e-03
-8.238511e-03
-7.171335e-03
2.497960e-02
4.694667e-02
2.110053e-02
2.600078e-02
7.913655e-02
5.216712e-02
8.192268e-04
4.457970e-02
3.016797e-02
1.592589e-02
7.569079e-03
-6.823210e-03
1.223617e-02
2.690173e-02
-1.927599e-03
3.461956e-03
2.535981e-02
4.362451e-03
-3.703095e-04
-1.103687e-03
-1.340299e-03
3.276246e-04
6.213169e-04
-1.872085e-03
4.375676e-04
-1.348924e-03
-8.039798e-04
-3.259157e-03
-7.085726e-03
-8.194192e-03
-6.641617e-03
-1.162934e-02
-1.111332e-02
-3.961069e-03
-7.203382e-03
-9.183651e-03
5.927859e-04
1.275089e-02
1.155956e-02
5.142066e-03
1.345612e-02
1.768853e-02
4.900317e-04
7.610378e-03
9.340740e-03
-1.520734e-03
8.411343e-04
3.593111e-04
3.017190e-03
3.796316e-03
2.986259e-03
3.455708e-04
4.306627e-03
4.816737e-03
-6.583904e-04
4.956660e-05
-1.974150e-03
3.924144e-04
-3.648666e-03
-7.556529e-03
1.540407e-03
5.850777e-04
-4.564593e-03
1.197162e-03
1.776422e-03
1.633758e-03
9.835389e-04
1.677230e-03
1.415975e-03
6.583087e-04
8.801018e-04
1.552279e-03
1.436628e-03
-2.167999e-03
-2.808329e-03
4.003915e-03
-1.217339e-03
-4.585257e-03
-4.085734e-04
-3.972044e-03
-6.225966e-03
-2.626551e-03
-5.188992e-03
-1.378984e-03
-1.764394e-03
-3.881849e-03
-2.248193e-03
3.997102e-03
-3.350948e-03
-6.933370e-03
-4.387588e-04
-5.797936e-03
-3.127821e-03
1.043670e-02
8.223545e-03
3.034383e-03
1.049808e-02
6.280698e-03
1.446620e-03
-1.333709e-03
-8.130227e-04
-5.303946e-04
-6.741048e-04
-4.767240e-04
-9.307302e-04
-7.821944e-04
9.141654e-05
-2.234343e-04
-4.418442e-03
2.930153e-03
9.520778e-03
-8.663784e-03
1.077508e-04
7.204641e-03
-8.093799e-03
1.539323e-03
7.553501e-03
1.430352e-03
2.437184e-03
-2.606710e-03
-2.075949e-03
-2.513225e-03
-3.321670e-03
2.305710e-04
4.666539e-04
1.011635e-03
-4.730691e-03
-5.289701e-03
-3.718306e-03
-6.714890e-06
2.702747e-03
3.537002e-03
-1.057796e-02
1.345298e-04
5.982082e-03
-5.651022e-03
-7.434884e-04
2.302688e-03
-8.572751e-03
-4.601010e-03
3.459288e-03
-4.600958e-03
-2.126908e-03
4.685212e-03
1.945730e-03
9.360479e-04
-1.353620e-04
1.752586e-03
1.983111e-04
-3.625722e-03
3.298402e-03
1.360864e-03
-5.113798e-03
-9.585878e-03
-1.076361e-02
-1.860991e-03
-1.602227e-02
-1.024613e-02
-7.355439e-03
-7.768097e-03
-1.505880e-02
-4.326734e-03
-1.466563e-04
-2.841838e-04
-5.178080e-04
-4.204457e-05
-2.579732e-04
-3.166576e-04
-8.593307e-05
3.082374e-05
8.225787e-05
-9.334189e-04
-2.061205e-03
-3.235482e-03
1.064331e-03
1.190298e-03
-5.387384e-04
-4.952734e-03
-5.893876e-03
-2.315841e-03
-3.863629e-03
-2.162611e-03
1.767207e-03
-3.053671e-03
-4.764134e-03
-5.811125e-04
4.260974e-04
-2.585129e-03
-1.405602e-03
5.579076e-03
1.463967e-03
-9.411512e-04
5.850386e-03
2.455678e-03
8.092817e-04
4.633856e-03
4.892692e-03
5.264128e-03
-4.658167e-03
-7.360606e-03
-8.328370e-03
-6.424155e-03
-1.420099e-02
-7.963685e-03
-4.120324e-03
-3.137937e-03
-2.992838e-03
6.833632e-04
4.856933e-04
3.273593e-04
3.155517e-04
2.200460e-04
7.504601e-04
8.427937e-04
5.760969e-04
6.151306e-04
-7.878815e-04
-4.135642e-03
1.697490e-04
2.172075e-03
-1.439326e-03
3.120569e-03
-6.004881e-04
-1.566710e-03
2.214976e-03
-1.733453e-04
8.837788e-04
6.246910e-03
-3.108233e-03
-5.075329e-03
-2.270204e-03
-1.777249e-03
-7.094200e-03
-3.404849e-03
-1.670420e-03
-5.923431e-03
-3.349305e-03
-2.279923e-03
-1.136095e-02
-8.870265e-03
-2.084706e-03
-7.118372e-03
-5.105176e-03
-1.876394e-03
-2.998173e-03
-2.896489e-03
-5.912493e-04
-3.503828e-04
-2.144336e-03
-1.344405e-03
-1.581936e-03
-2.255395e-03
-5.619943e-03
-2.347059e-03
-5.108383e-08
-2.027056e-03
4.516472e-04
7.060408e-04
2.008442e-03
7.850709e-04
-2.023315e-03
-8.073614e-03
4.601986e-05
-1.272629e-03
-1.489097e-02
-2.768737e-03
-4.660018e-03
-6.329292e-03
-8.439155e-03
-9.481904e-03
3.000726e-03
-1.502897e-03
-1.731544e-03
-1.124877e-03
-9.023638e-03
-6.165562e-03
2.044508e-03
-2.660253e-03
-1.476749e-03
-6.425796e-04
2.858080e-03
4.091751e-03
1.269999e-03
4.767893e-03
6.333779e-03
3.272566e-03
2.040961e-03
2.518496e-03
-9.181591e-03
-7.981545e-03
-4.098131e-03
-5.593684e-03
-9.463307e-03
-5.642394e-03
-1.297031e-03
-4.170773e-03
-3.714875e-03
2.920165e-03
4.391734e-03
2.017502e-03
-1.277535e-03
1.100669e-03
5.412638e-04
-8.600907e-05
-6.399931e-03
-4.778467e-03
-5.131021e-04
4.608585e-06
-3.733654e-04
-3.205832e-04
-2.648023e-04
8.908645e-05
-9.619931e-04
-1.968018e-05
-3.159169e-04
1.280666e-03
3.569903e-04
1.273139e-03
1.868771e-03
4.160998e-03
1.085772e-03
-1.586912e-02
-2.542524e-02
-1.602617e-02
7.790849e-03
1.040486e-02
1.144522e-02
2.783858e-03
1.266820e-02
1.663967e-02
-3.156159e-03
6.236472e-04
1.135760e-03
1.244356e-02
3.385092e-03
1.151189e-03
1.124114e-02
6.592662e-03
2.455902e-03
1.941495e-02
2.457101e-02
1.798807e-02
-4.135313e-03
-1.066146e-02
-1.202214e-02
1.049349e-02
6.315506e-03
-1.587710e-03
-2.142539e-04
4.454338e-03
2.438813e-03
3.352134e-03
2.833408e-03
1.460127e-03
6.711809e-04
-1.343904e-05
4.431409e-04
1.389380e-03
2.630600e-03
1.765441e-03
-1.513354e-02
-1.967823e-02
-4.114887e-03
-1.679147e-02
-9.944957e-03
1.126693e-02
-4.308529e-03
-1.530725e-02
7.975819e-03
-5.194869e-03
-1.792051e-02
-4.310641e-03
-7.103438e-03
-2.394423e-02
-2.042972e-02
-3.329418e-03
-2.091201e-02
-2.357160e-02
-2.268677e-03
-4.777517e-03
-1.224738e-02
1.056936e-02
-6.226902e-03
-2.189301e-02
-4.532536e-03
-1.196403e-02
-1.826597e-02
-1.702075e-03
-2.147923e-03
-2.620196e-03
-2.780632e-03
-3.180603e-03
-1.714537e-03
-4.513056e-03
-2.680714e-03
-2.512928e-03
-5.416786e-03
6.179776e-03
1.377555e-02
-6.989290e-03
1.147944e-02
6.958030e-03
-9.023381e-03
-2.357829e-03
-2.393195e-03
-2.645287e-02
-1.238195e-02
-1.080567e-02
-2.072832e-02
-8.996273e-03
-3.299786e-02
-1.085135e-02
-1.249570e-02
-2.178233e-02
3.249479e-02
2.665309e-02
-5.554315e-03
3.982261e-02
3.899305e-02
-1.615760e-02
-1.071608e-02
1.971577e-04
-2.905267e-02
2.188024e-02
2.367675e-02
1.827408e-02
9.215534e-03
1.277935e-02
1.000702e-02
1.164828e-02
3.015256e-03
-6.640471e-03
-1.599964e-02
-1.183640e-02
5.985905e-04
-2.716330e-03
-6.147752e-04
3.468131e-03
6.381046e-03
6.107588e-03
2.546089e-03
1.888163e-02
1.133880e-02
8.839324e-03
5.960059e-03
6.247926e-03
-1.270895e-03
-1.042481e-02
-2.059977e-02
-2.857659e-02
-1.051998e-03
1.438642e-04
-1.580014e-04
3.951589e-05
-8.094184e-04
-1.261745e-04
-3.309402e-04
-6.158596e-04
-1.016695e-03
1.139628e-02
1.570576e-02
1.177521e-02
1.199717e-02
9.216429e-03
1.513925e-02
-1.606024e-03
1.908439e-03
7.061680e-03
-2.556739e-03
-1.466646e-02
-7.387299e-03
-7.628216e-03
-3.205053e-02
-1.605542e-02
-7.187410e-03
-1.349108e-02
-1.112045e-02
-9.879070e-03
-1.266993e-03
1.217954e-02
-4.530834e-03
4.839016e-03
1.983230e-02
-1.283953e-05
1.202269e-02
2.247105e-02
-3.357313e-03
-4.782495e-03
-7.053925e-03
7.257679e-03
-3.087513e-03
1.322300e-02
1.010385e-02
4.741493e-03
-4.749195e-03
-1.509897e-03
-6.238355e-04
2.210949e-03
-9.369535e-04
-4.673887e-04
1.383352e-03
-1.273859e-04
3.882608e-04
3.375273e-03
1.354512e-02
2.006574e-02
9.195913e-03
3.525390e-02
4.626162e-02
2.982447e-02
1.877960e-02
2.969671e-02
1.129331e-02
1.133539e-02
7.277755e-03
1.627914e-02
4.476094e-03
-1.103626e-02
7.176151e-03
3.713562e-03
-7.632818e-03
-4.678674e-03
9.319074e-03
-2.071791e-02
-5.449423e-03
6.584620e-03
-2.018348e-02
-2.047715e-02
-2.325513e-03
-2.147378e-02
4.253522e-03
-4.682759e-03
-7.160522e-03
-3.989744e-03
-6.723674e-03
-9.330625e-04
-3.241603e-03
-1.976765e-03
-9.825847e-04
1.990069e-03
-2.994929e-02
-1.266212e-02
-4.578806e-03
-2.765642e-02
-1.924705e-02
-5.055626e-03
-1.686230e-02
-9.014762e-03
-6.410243e-03
7.555670e-03
1.483709e-03
-9.432493e-03
2.976814e-02
2.143040e-02
-1.581997e-02
2.299330e-02
7.190813e-03
-1.925593e-02
-1.756110e-02
-4.754363e-02
1.566125e-02
-7.544556e-02
-1.163905e-01
-3.517498e-02
-6.552783e-02
-9.001194e-02
-3.591916e-02
-1.261962e-03
-1.188500e-02
-3.044371e-04
-2.491024e-03
-1.924574e-02
-4.537996e-04
-1.745898e-03
-1.979936e-02
-8.131772e-03
-1.700850e-02
-1.120546e-02
-1.912232e-03
2.231197e-05
5.239315e-03
1.060851e-02
1.497866e-03
1.296048e-03
-1.190354e-03
-5.975182e-03
1.289125e-02
3.068856e-02
-1.125046e-02
1.390186e-02
2.633987e-02
3.285210e-04
-5.573957e-03
6.448904e-03
-1.678205e-03
-1.742128e-04
1.063554e-03
-2.337656e-03
4.792242e-04
-1.018346e-03
-1.568800e-03
-1.885760e-03
-6.557889e-05
2.524550e-03
2.526026e-03
7.184341e-03
-1.129085e-02
-3.235845e-02
-3.338853e-02
-9.401822e-04
-2.038921e-03
-1.503866e-02
4.043149e-03
6.083475e-03
1.510475e-02
4.425444e-04
-6.587515e-03
-1.332188e-03
4.839269e-03
-9.996546e-03
-1.212204e-02
2.064292e-02
1.998566e-02
6.600547e-03
8.032992e-03
1.469076e-02
4.364068e-03
-6.650564e-03
2.112610e-03
1.749484e-03
1.954986e-02
2.463615e-03
-5.770170e-04
1.475075e-02
-1.323481e-04
-1.141026e-02
4.767357e-03
-1.191606e-03
-9.703459e-03
1.886289e-03
3.343000e-03
4.196043e-03
1.829282e-03
2.386685e-03
8.576279e-04
-7.315230e-04
-6.456454e-04
1.306243e-03
-7.567454e-03
-1.069122e-02
7.099320e-03
-6.775856e-03
-1.080957e-02
4.399100e-03
7.271986e-03
5.994251e-03
2.186042e-02
-1.584816e-02
-1.034441e-02
-1.659068e-02
1.159400e-02
4.795374e-03
-4.464013e-03
7.080523e-03
-1.957025e-03
1.003430e-02
1.277269e-02
1.804914e-03
-1.660431e-02
3.163558e-03
-3.769774e-03
-5.677260e-03
-6.054676e-03
-2.723622e-02
-1.253102e-02
2.258661e-04
1.066234e-03
8.717165e-04
-9.046261e-04
-5.237899e-03
3.010408e-03
1.129454e-03
-2.673566e-03
3.624210e-04
1.964261e-02
1.326141e-02
1.368114e-02
6.353108e-03
-7.572034e-03
-1.766186e-02
-4.175381e-03
-3.567129e-02
-5.088370e-02
2.573179e-02
1.076768e-02
2.539180e-02
2.640283e-02
7.192353e-03
3.388832e-02
2.732922e-02
1.639930e-02
4.089878e-02
4.987987e-02
2.041644e-02
-1.361615e-02
5.716415e-02
-1.223829e-02
-6.809320e-02
2.676930e-02
-4.513668e-02
-9.299722e-02
-9.954759e-04
-2.240780e-03
5.643177e-03
2.568502e-03
-5.565040e-03
-7.473592e-03
7.451474e-03
7.889962e-04
-5.283809e-03
-6.072169e-03
-4.026454e-03
-9.795958e-03
-1.218885e-03
-1.718717e-02
-2.110616e-02
9.178127e-03
-8.580389e-03
-9.248753e-03
-1.725414e-02
-1.099082e-02
1.269754e-02
1.963265e-02
-5.378506e-03
2.229382e-06
1.056320e-02
2.301143e-02
2.039968e-02
-1.125675e-04
1.476026e-05
-6.343116e-04
-4.158311e-04
-3.221878e-04
-2.079573e-03
-1.112028e-03
-1.556224e-03
-1.332361e-03
-1.255584e-02
-1.402303e-02
-1.467399e-02
-8.451071e-03
-1.805779e-02
-1.656999e-02
-5.730575e-03
-7.781484e-03
-4.030261e-03
-1.415818e-02
-1.648823e-02
-2.476787e-02
-2.403720e-02
-2.176514e-02
-1.304874e-02
-2.010010e-02
-7.720347e-03
4.409885e-03
4.294390e-03
-4.965663e-03
-6.572525e-03
2.529901e-02
7.255524e-03
8.666850e-04
4.115786e-02
2.073972e-02
7.722102e-03
-8.148151e-03
-1.641663e-03
5.553172e-03
-2.693404e-02
-2.302198e-03
1.506973e-02
-2.958364e-03
7.711210e-03
1.080442e-02
2.653474e-03
1.132246e-03
2.907694e-04
4.136503e-03
2.825432e-03
1.354288e-03
4.233818e-03
1.585130e-03
8.480444e-04
1.376779e-02
9.617764e-03
1.768646e-02
1.934788e-02
1.135272e-02
8.266310e-03
1.289950e-02
1.315820e-02
3.516759e-03
1.024356e-02
1.404365e-02
2.790350e-02
-1.038526e-02
2.199774e-02
3.418873e-02
-1.207008e-02
8.178572e-03
1.088491e-02
-1.410257e-02
-2.506514e-02
2.790861e-03
-3.353944e-02
-3.239332e-02
6.886741e-03
-2.471204e-02
-9.224496e-03
2.159807e-02
-3.074141e-03
-2.280453e-03
2.038898e-03
-4.727955e-03
-6.839264e-03
-9.946774e-04
-2.295480e-03
-1.838407e-03
-1.536433e-04
-9.932213e-03
6.731745e-04
1.545802e-03
-1.316510e-02
-8.291570e-03
4.712604e-03
-7.141340e-03
2.015171e-03
1.632627e-02
1.142055e-02
2.805875e-02
2.942567e-02
-1.816289e-03
2.153257e-02
8.642878e-03
-1.129657e-02
2.480399e-03
-1.544569e-02
-5.751061e-02
-4.230434e-02
1.043977e-02
-5.493005e-02
-2.590235e-02
5.882524e-02
-1.349839e-02
2.747768e-02
7.529142e-02
-1.269415e-02
-9.074782e-03
-8.148142e-03
-1.091095e-02
-4.086476e-04
-6.877097e-03
-7.980807e-03
-6.118926e-03
-4.736891e-03
-1.648275e-03
6.029713e-03
1.750001e-02
-1.254795e-02
-4.291170e-05
1.295165e-02
-4.819262e-03
-3.857708e-03
7.712238e-03
6.655447e-03
6.959556e-03
4.142347e-03
8.773573e-03
-1.922547e-03
6.876963e-03
-1.831921e-03
-2.695755e-02
-1.799614e-03
-3.226836e-04
-3.387887e-04
1.234313e-03
-2.681060e-03
-7.500409e-04
4.306715e-04
-1.395684e-03
-1.109527e-03
8.446149e-04
-8.003827e-03
-1.992361e-02
-2.621254e-02
-1.664363e-02
-2.309166e-02
-2.792195e-02
-1.218294e-02
-2.253068e-02
-2.242181e-02
-4.323054e-03
1.173510e-02
1.224359e-02
1.743763e-03
2.191645e-02
2.143753e-02
3.057066e-03
1.585388e-02
1.563329e-02
1.013941e-02
6.953093e-03
1.302325e-04
1.404731e-02
8.027007e-03
5.789452e-03
1.179296e-02
1.724789e-02
1.594140e-02
1.177006e-02
2.274257e-02
9.038547e-03
1.692247e-02
4.013864e-02
1.424557e-02
3.094069e-03
1.616933e-02
8.438149e-03
3.573778e-03
2.067794e-03
2.917241e-03
4.163492e-04
2.262903e-04
-2.305761e-04
1.565522e-03
1.493922e-03
1.213837e-03
1.626142e-04
-1.263775e-02
-7.782737e-03
-1.832037e-03
-1.056971e-02
-9.006362e-03
-7.487981e-03
-2.072935e-02
-4.790253e-03
1.085648e-02
1.233398e-02
7.286386e-03
1.592417e-02
2.457533e-02
1.284088e-02
1.158788e-02
1.567379e-02
1.037042e-02
-3.356504e-03
6.091412e-03
1.101151e-02
3.366402e-02
3.938083e-02
2.761983e-02
1.612980e-02
2.139375e-02
1.929883e-02
2.742918e-03
-1.586060e-03
-2.759905e-03
-1.084783e-03
2.004263e-03
1.023600e-03
-1.918558e-03
1.668128e-03
-2.771645e-03
-5.804561e-03
-1.916123e-03
7.211834e-03
-2.496636e-02
-1.337362e-02
-2.670965e-03
-1.436789e-02
1.246607e-03
1.041318e-02
-6.987520e-03
-2.860271e-03
-7.103419e-03
-1.023095e-02
-1.854251e-02
-1.629748e-02
-4.054254e-03
-7.421915e-03
3.849864e-03
1.026497e-02
2.544937e-02
2.436812e-03
2.931500e-02
6.830771e-02
3.294964e-02
1.180988e-02
5.049970e-02
2.756721e-02
-1.794734e-03
4.959243e-03
-2.216943e-04
-7.029665e-03
-3.114341e-03
-1.342890e-02
-5.918692e-04
-4.930781e-04
-1.489160e-02
-1.392225e-04
2.853845e-03
2.207820e-03
8.072632e-03
1.013880e-02
1.262704e-02
1.096280e-02
1.572438e-02
1.066112e-02
-1.326185e-03
-8.697583e-03
-8.168145e-03
-3.095872e-03
-2.082603e-03
-1.654438e-02
-5.368093e-03
-2.312814e-02
-2.282497e-02
-1.733213e-04
-2.521902e-04
-1.097507e-03
5.350861e-04
-5.740015e-04
5.753517e-04
9.055454e-04
-4.538957e-04
5.498478e-04
-2.206946e-02
-1.479734e-02
-9.393632e-03
-2.116317e-02
-2.128431e-02
-1.452445e-02
-2.909504e-03
-3.205371e-03
-1.493939e-03
1.338322e-02
2.403387e-02
1.172623e-02
1.545257e-02
2.023758e-02
1.164271e-02
2.336404e-03
-2.904903e-03
-1.041699e-02
4.027589e-03
2.978822e-03
-9.886071e-04
1.754120e-02
1.304821e-02
-3.199577e-03
2.513475e-02
2.291534e-02
2.899261e-03
1.157851e-02
2.451155e-02
1.571163e-02
1.326735e-02
4.308493e-02
2.066384e-02
1.823810e-02
4.030079e-02
2.291783e-02
5.301138e-03
2.585124e-03
-4.049940e-05
2.829259e-03
1.161928e-03
9.065039e-04
1.305053e-03
-2.251602e-05
1.159380e-03
-7.305849e-03
8.781613e-03
-1.916264e-03
-1.520205e-02
-1.142336e-02
-1.424354e-02
-1.922393e-03
-3.799273e-03
-4.337407e-03
-2.449265e-02
-1.491869e-02
-9.656253e-03
-1.264192e-02
-2.984484e-02
-1.529649e-02
1.070334e-02
1.175640e-02
2.245240e-02
-2.792652e-02
-2.883292e-02
-2.870703e-02
1.780995e-02
1.607150e-02
-3.497521e-03
5.349275e-03
1.908585e-02
1.406740e-02
2.370851e-03
-1.577588e-04
1.246461e-03
-5.208905e-04
1.294919e-03
-7.277828e-04
-4.841685e-04
1.119144e-03
1.729154e-04
3.497779e-02
3.145541e-02
1.845474e-02
2.257403e-03
-8.780750e-03
-1.378807e-02
-2.246613e-02
-2.675646e-02
-3.792095e-02
1.325512e-02
5.548126e-02
8.368382e-03
-1.314438e-02
1.295447e-02
-1.311858e-02
-2.220514e-02
-1.479349e-02
-1.895770e-02
2.574048e-03
-2.991284e-02
-4.718355e-02
4.113078e-02
3.994307e-02
-4.106455e-02
5.177495e-02
6.637003e-02
-6.128408e-03
1.593567e-03
8.504332e-03
4.600655e-03
-1.209003e-02
-1.113009e-03
-6.212774e-03
7.518801e-03
-4.066617e-03
-1.206686e-02
-2.641204e-02
-2.169009e-02
-2.424732e-02
-3.115737e-02
-2.436613e-02
-2.402295e-02
-1.133417e-02
-5.555907e-03
-4.908730e-03
-2.721601e-02
1.635769e-03
-4.229462e-03
-1.731291e-02
7.698845e-03
2.340548e-02
9.429736e-03
3.350911e-02
3.264943e-02
-1.238234e-03
-8.429933e-04
-2.211512e-03
-1.524016e-03
-2.977313e-03
-1.439008e-03
-1.059339e-03
-1.841833e-03
-1.917948e-03
-1.515856e-02
-6.241180e-03
-1.798291e-02
-7.043881e-03
-1.007391e-02
-1.513348e-02
-6.768299e-03
-2.951676e-03
-6.814504e-03
1.252090e-02
-4.061121e-03
-3.624546e-03
-7.622860e-03
-1.794572e-02
-7.822684e-03
-1.271105e-02
-1.922808e-02
-1.625407e-02
1.521218e-02
1.231948e-03
8.577136e-03
9.400707e-03
-8.175589e-03
-3.112269e-03
1.632981e-02
4.894122e-03
1.382314e-02
3.017043e-04
-1.650101e-04
-3.187893e-03
-5.342836e-03
-2.765289e-03
-8.027163e-03
8.986296e-03
1.007633e-02
6.071226e-03
-3.481178e-04
-7.477065e-04
-4.881991e-04
-8.166771e-04
-3.565460e-03
2.763589e-04
-1.528403e-05
6.973628e-04
3.106890e-03
-2.026316e-03
-4.411421e-03
4.292752e-04
-8.626713e-03
-1.090229e-02
-3.458824e-03
-2.547342e-03
-1.230504e-02
-3.634592e-03
1.429688e-02
5.064523e-02
4.314764e-02
2.898391e-02
7.954539e-02
7.292540e-02
1.892939e-02
5.869964e-02
5.374103e-02
-1.230212e-02
-5.378770e-03
-5.955990e-04
-4.192956e-03
1.222375e-02
7.167268e-03
-7.898099e-03
3.173742e-03
1.539795e-02
-4.015768e-03
-3.795871e-03
-5.629641e-03
-4.732628e-03
-5.145141e-03
-3.781369e-03
-2.862165e-03
-7.983572e-03
-5.627590e-03
2.532525e-02
1.486670e-02
9.092127e-03
-2.110237e-03
-4.440164e-03
-6.568196e-04
-8.588931e-03
-1.153143e-02
2.097906e-04
4.205456e-03
-7.295738e-03
-6.750559e-03
3.149942e-03
-2.331536e-02
-5.662491e-03
1.044684e-02
-1.400198e-02
-2.546194e-02
-1.709385e-03
-6.546087e-03
-2.346718e-02
5.045930e-04
-3.117611e-03
-3.882656e-02
3.754125e-03
-1.210645e-02
-2.124150e-02
1.702241e-02
9.686840e-03
1.290839e-03
1.100748e-02
2.059149e-02
-1.256957e-02
8.975719e-03
8.350158e-03
-1.637780e-02
-1.119805e-02
-2.196449e-02
-1.125530e-02
-2.909945e-02
-2.606138e-02
-2.086211e-02
-2.643646e-02
-2.537773e-02
-1.387343e-02
1.254279e-02
2.962791e-02
2.642107e-02
1.738717e-02
1.821797e-03
1.470163e-02
1.189031e-03
9.013044e-03
2.374867e-02
-1.070119e-03
-7.048987e-04
-7.950414e-04
-1.692774e-03
-1.698350e-04
-1.011363e-03
-1.117177e-03
-1.728154e-03
-1.969127e-03
-1.856448e-02
-2.876673e-02
-3.776107e-02
-3.198597e-02
-3.793583e-02
-3.725037e-02
-6.972969e-03
-1.305314e-02
-1.854711e-02
-3.664290e-03
7.203506e-03
1.059703e-02
-1.554820e-02
-1.414613e-03
6.882481e-03
-8.772905e-03
3.326877e-04
1.561357e-03
-1.285578e-02
-4.452812e-03
-1.365529e-03
-6.710788e-03
-4.115516e-03
5.173311e-03
5.705008e-04
2.594308e-03
1.978122e-02
2.571029e-02
4.403358e-02
2.369892e-02
5.171192e-02
8.853254e-02
4.905557e-02
1.108273e-02
4.038493e-02
2.807831e-02
3.597947e-03
1.621977e-03
1.499867e-03
2.325657e-03
3.189904e-04
-1.158718e-03
2.196522e-03
1.669742e-03
-1.104308e-03
-4.173033e-03
5.716045e-03
-4.961723e-03
-1.388263e-02
-5.125884e-03
-1.265551e-02
-1.279145e-02
-1.130179e-02
1.836172e-03
2.191459e-02
3.620066e-02
1.104779e-02
4.311552e-02
7.327402e-02
4.134694e-02
2.853342e-02
4.588278e-02
3.490796e-02
1.925577e-02
2.528668e-02
2.492619e-02
5.227788e-02
6.993541e-02
4.883515e-02
3.672799e-02
5.482006e-02
3.792508e-02
3.991915e-03
-1.765001e-03
-4.994147e-04
-2.855784e-03
1.680627e-03
2.551586e-03
-2.014006e-03
3.092872e-03
-5.140298e-05
-3.808357e-03
2.216912e-03
1.107121e-02
-3.850618e-02
-2.587110e-02
-8.365214e-03
-4.246069e-02
-2.133245e-02
1.219126e-03
9.195926e-03
-5.893561e-05
-4.052768e-03
-5.483811e-03
-2.647338e-02
-9.500820e-03
4.275405e-03
-7.065210e-03
3.072431e-03
-1.089329e-02
-1.825144e-02
-7.285202e-03
-6.650862e-03
1.264893e-02
1.070520e-02
-1.046461e-02
6.666488e-03
1.435706e-02
1.791715e-02
1.232989e-02
-2.788201e-03
-8.885293e-03
-4.228899e-03
-2.803835e-02
-6.542554e-03
-1.342059e-02
-3.010120e-02
6.368920e-03
1.897661e-02
9.926402e-03
1.573057e-02
3.962571e-02
4.548599e-02
9.446650e-03
2.856032e-02
3.071567e-02
-1.950736e-03
-1.956073e-02
-1.365927e-02
2.569135e-03
-6.484294e-03
-2.265652e-02
5.152542e-03
-8.105690e-03
-1.522861e-02
9.575472e-04
2.584536e-04
8.255625e-04
-3.929234e-04
5.486448e-04
1.000773e-03
-1.211681e-04
-1.886340e-03
3.858425e-04
-4.492258e-03
-1.581942e-02
-2.069981e-02
-7.565346e-03
-1.547743e-02
-2.086931e-02
-1.538931e-02
-3.156100e-02
-8.969196e-03
-1.214318e-02
-1.178708e-02
-9.771977e-04
-5.063616e-03
7.829175e-03
1.087372e-02
-6.626185e-03
8.631217e-03
9.017499e-03
1.538737e-02
-4.525290e-03
-1.803907e-02
2.340953e-02
3.421266e-03
-1.310686e-02
3.535428e-02
2.710462e-02
1.369498e-02
-2.104614e-02
-1.768361e-02
-5.674280e-03
1.359825e-04
4.970619e-03
4.219316e-03
-1.088467e-02
1.083643e-03
5.774664e-03
4.814281e-03
4.239172e-03
1.912186e-03
3.869664e-03
1.433325e-03
7.698876e-04
3.304946e-03
2.601876e-03
1.105609e-03
-1.490160e-02
-1.358057e-02
-4.262377e-04
-8.153955e-03
-4.242648e-03
1.096355e-02
-7.279576e-04
-9.727801e-03
1.284240e-02
-1.587690e-02
2.067689e-03
1.689503e-02
4.315510e-03
6.265165e-03
2.057248e-02
-2.625112e-02
-2.587548e-02
-1.822621e-02
-8.999321e-03
4.988066e-03
1.785662e-02
-8.683000e-04
2.000386e-02
1.809423e-02
-3.675987e-03
-1.324601e-03
2.424182e-03
-5.812612e-04
-4.735989e-03
-3.637515e-03
-3.714253e-03
-1.512687e-03
-1.383469e-03
-4.632112e-03
-2.841905e-03
-2.684889e-03
-2.352623e-03
-2.259818e-04
1.180400e-02
-9.205263e-03
-1.751706e-03
8.656382e-03
-2.831518e-04
-4.240109e-03
7.256147e-03
-5.617501e-03
8.748995e-03
6.429723e-03
-2.278816e-02
2.655011e-03
-1.862116e-02
3.163801e-04
-1.657415e-02
-1.221651e-02
9.090463e-03
-1.071604e-02
-3.379250e-02
3.500019e-02
6.647250e-03
-3.426680e-02
4.444430e-03
6.474875e-03
-2.283161e-02
2.151104e-02
1.482683e-02
1.530730e-03
1.388833e-02
1.150318e-02
-7.115998e-03
9.730534e-03
-3.001670e-03
-1.537412e-02
-2.296446e-02
-1.429277e-02
1.117650e-02
-1.098844e-02
-9.742925e-04
8.697885e-03
6.386960e-03
-1.131815e-03
4.220485e-03
1.683562e-02
2.712862e-02
2.351407e-02
-3.592381e-03
-3.240831e-03
2.844527e-03
-2.770382e-02
-3.050691e-02
-1.724903e-02
-7.040046e-04
-1.178949e-03
-1.032637e-03
2.602279e-04
-1.704156e-03
-6.482320e-04
-7.658479e-06
-6.642221e-04
-7.696723e-04
-8.092731e-04
-3.252390e-03
-2.830715e-03
-8.015141e-03
-9.060994e-03
-4.682183e-03
-3.710473e-04
-3.417744e-03
-2.132108e-03
-1.855333e-03
-5.034833e-03
-4.877807e-03
-1.181810e-04
-1.051872e-02
-4.791124e-03
1.058858e-03
-7.089243e-03
-5.822218e-03
-4.476792e-04
3.908220e-03
9.872347e-03
-4.442272e-04
4.875338e-03
1.250825e-02
2.474859e-03
1.167590e-03
1.182239e-02
5.999631e-03
4.950080e-03
5.630189e-03
4.369186e-03
6.278161e-03
7.594616e-03
3.414230e-04
1.419052e-03
-2.961884e-05
1.188925e-03
2.103396e-03
1.465897e-03
2.452618e-03
2.737650e-03
2.239284e-03
1.409266e-03
1.433696e-03
1.373574e-03
1.836893e-03
9.374036e-03
8.958554e-03
-7.453551e-03
3.107077e-03
2.967272e-03
-6.682653e-03
4.786180e-03
-1.119102e-03
9.323074e-03
1.881051e-02
6.034338e-03
2.495903e-02
3.793938e-02
2.070074e-02
8.775416e-03
2.241491e-02
9.738588e-03
1.609202e-02
5.770808e-03
1.162076e-02
8.702302e-03
2.073568e-03
9.322777e-03
1.248144e-02
2.961652e-03
5.223761e-03
-2.020694e-03
-1.924525e-03
-7.186554e-04
-2.338667e-03
-3.893228e-03
-2.456068e-03
-2.159313e-03
-1.853717e-03
-1.922391e-03
-5.794113e-03
-1.251428e-02
-1.699817e-02
-1.475127e-02
-1.666783e-02
-2.057139e-02
-1.615500e-02
-1.730643e-02
-1.238656e-02
4.237784e-03
3.195437e-03
-3.937661e-04
3.367604e-03
5.368035e-03
9.806485e-03
1.051588e-02
1.142929e-02
7.045402e-03
-1.911427e-02
-3.228504e-02
-1.012036e-02
-2.859977e-02
-4.307956e-02
-2.052042e-02
-1.523993e-02
-2.104260e-02
-1.049589e-04
-1.001473e-02
-1.222570e-02
-3.815887e-03
-1.400385e-02
-1.133651e-02
-6.781377e-03
-3.947783e-03
-4.806567e-03
6.585013e-04
1.347337e-02
8.095598e-03
8.873385e-03
8.200408e-04
3.214259e-04
6.772921e-03
-2.185890e-03
2.879704e-05
1.595969e-03
-5.108858e-03
6.446671e-04
-1.186412e-02
3.714215e-04
1.181131e-02
8.028162e-03
3.620128e-03
1.989027e-03
5.266762e-03
-3.821892e-04
-2.550040e-04
3.782904e-04
-1.613236e-03
4.822026e-05
-8.917547e-04
-1.566736e-03
-1.128817e-03
3.961775e-04
-5.053521e-03
-1.486908e-02
-1.863434e-02
-1.555429e-02
-2.663590e-02
-2.485642e-02
-9.614514e-03
-1.879443e-02
-2.005622e-02
2.629169e-03
1.958756e-02
1.750251e-02
1.372636e-02
2.648668e-02
2.983225e-02
3.759210e-03
1.458550e-02
1.788586e-02
3.442390e-03
1.466128e-03
-1.649129e-03
1.079990e-02
7.812716e-03
1.843254e-03
7.876417e-03
1.000647e-02
4.585564e-03
-5.832030e-03
-3.303329e-03
-9.135512e-04
-4.983947e-03
-2.260092e-03
-6.011225e-03
5.287176e-03
6.826456e-03
2.963040e-03
2.229514e-03
3.208871e-03
3.154677e-03
2.019199e-03
3.096801e-03
2.492745e-03
1.779095e-03
2.291364e-03
3.416622e-03
2.865130e-03
-3.864299e-03
-7.445225e-03
3.444606e-03
-7.263999e-03
-1.351230e-02
3.010720e-04
-1.010633e-02
-1.283975e-02
-1.149286e-02
-9.615538e-03
-1.494842e-03
-7.968780e-03
-7.201633e-03
-7.595953e-03
1.924335e-03
-5.157126e-03
-4.789919e-03
-1.154109e-02
-1.326145e-02
-5.030034e-03
1.159223e-02
1.950195e-02
1.697645e-02
5.365754e-03
1.093445e-02
1.280402e-02
-2.342903e-03
-3.041926e-03
-1.343083e-03
-2.871446e-03
-4.864785e-03
-3.082233e-03
-1.859865e-03
-5.239218e-04
-8.624170e-04
8.993973e-03
1.038431e-02
1.190989e-02
-1.631920e-03
1.017253e-03
2.440831e-04
-2.234762e-03
2.212211e-03
1.301913e-03
9.777144e-03
1.782637e-02
6.771960e-03
-2.070176e-03
2.626110e-03
-3.751408e-03
-1.657935e-03
-1.569837e-03
1.118578e-03
-1.196044e-02
-1.461562e-02
-1.131842e-02
8.550578e-03
1.744168e-02
7.009752e-03
9.619083e-04
2.001222e-02
1.822306e-02
-5.285359e-03
-1.218672e-04
3.025194e-03
-1.197239e-02
-9.525896e-03
1.348070e-03
-3.414552e-03
-2.700015e-03
3.411797e-03
-6.962021e-04
-4.183616e-03
-4.867431e-03
-7.203954e-03
-1.198492e-02
-1.181032e-02
2.629560e-03
-2.157520e-04
-6.278088e-03
-8.809683e-03
-1.738627e-02
-7.910543e-03
-1.871609e-02
-1.402666e-02
-1.606167e-02
-1.177898e-02
-3.182602e-02
-1.723274e-02
-5.305907e-04
-8.845244e-04
-1.106174e-03
-5.759996e-04
-1.094613e-03
-1.011905e-03
-6.059050e-04
-6.775630e-04
-5.083168e-04
-1.669972e-02
-1.809960e-02
-9.135106e-03
-2.518674e-03
-6.359052e-03
-4.407273e-03
2.343946e-03
2.775746e-04
7.972880e-03
-6.854314e-03
-1.098098e-02
-3.421575e-03
4.835621e-03
-7.571076e-03
-1.140320e-02
6.436465e-03
-9.679849e-03
-1.046252e-02
2.434248e-03
-8.590836e-03
-6.860286e-05
-3.532811e-03
-2.946318e-03
2.661831e-03
-1.573117e-02
-5.441733e-03
-3.268071e-03
-2.680867e-02
-3.656800e-02
-4.524463e-02
-3.218226e-02
-5.933989e-02
-3.978613e-02
-2.250615e-03
-1.691472e-02
-1.405348e-02
4.566658e-03
4.164680e-03
4.474097e-03
3.069779e-03
3.506320e-03
2.239344e-03
4.010681e-03
3.285228e-03
1.991669e-03
-1.020443e-02
-1.596072e-02
-2.960313e-02
-1.501280e-03
-1.562521e-02
-1.289038e-02
-4.772686e-03
-8.503639e-03
-1.991891e-02
5.496252e-03
1.717254e-02
1.788753e-02
-1.187375e-02
2.420434e-03
1.528057e-02
9.036161e-04
2.796919e-03
-2.714152e-03
-3.769989e-03
-2.677393e-02
-1.254609e-02
-1.264588e-03
-2.561626e-02
-2.226210e-02
-2.064219e-02
-2.345737e-02
-1.570603e-02
-3.889599e-03
-4.933007e-03
-4.733298e-03
-2.094607e-03
-3.885338e-03
-2.254559e-03
-3.049663e-03
-4.382698e-03
-3.376971e-03
-2.629330e-02
-3.776814e-02
-3.142647e-02
-8.553941e-03
-1.333066e-02
-1.832006e-02
9.902686e-03
-8.396654e-03
-1.458320e-02
1.939486e-03
2.063525e-02
3.034853e-03
1.295635e-02
3.200041e-02
1.160341e-02
-9.241379e-03
-6.581251e-03
-5.264275e-03
-1.994127e-04
-2.199746e-02
-1.299326e-02
-5.890163e-03
-3.826289e-02
-2.989693e-02
3.610148e-03
-2.443262e-02
-1.659640e-02
-8.144711e-04
1.440643e-02
2.873305e-02
-3.045476e-03
2.841401e-03
2.152985e-02
-4.823405e-03
-8.449081e-03
1.407957e-02
-2.631341e-02
-4.703819e-02
-4.635586e-02
-2.448879e-02
-5.496934e-02
-4.093968e-02
-4.781475e-03
-2.691953e-02
-2.969145e-02
-2.105140e-02
-1.663435e-02
-1.694262e-02
-1.051808e-03
2.039930e-03
3.323320e-03
-1.182724e-02
4.639774e-03
7.545974e-03
-8.035878e-04
7.167982e-04
-3.445389e-04
-4.910644e-04
1.368753e-03
-7.732862e-04
-1.868749e-03
2.203132e-04
-1.128250e-03
-9.801765e-03
-6.113103e-03
-2.084555e-03
-1.264902e-03
-4.275556e-04
-2.957158e-04
-6.048656e-03
-4.171614e-03
3.312094e-03
-2.047180e-02
-2.379757e-02
-4.697321e-03
-3.097071e-02
-3.324625e-02
-1.840270e-02
-3.007836e-02
-2.566560e-02
-4.334202e-03
1.857287e-02
4.177650e-03
-9.572714e-03
1.895309e-02
1.140014e-02
5.112246e-03
5.181360e-03
6.521164e-03
9.946849e-03
-2.304977e-02
-3.786677e-02
-1.980678e-02
-3.775814e-02
-4.683064e-02
-1.142000e-02
-1.208248e-02
-2.040426e-02
-4.898780e-03
3.465834e-03
1.569712e-03
-7.657279e-04
2.808852e-03
1.328887e-03
5.213814e-04
2.901606e-03
2.298458e-03
1.221135e-03
-6.120319e-03
-7.311609e-03
7.396063e-03
-1.149826e-02
-9.021725e-03
1.575163e-02
-9.573445e-03
-9.354432e-05
1.254391e-02
2.822636e-02
2.131031e-02
1.650155e-02
2.672862e-02
2.110863e-02
2.600033e-03
1.289267e-02
-1.617178e-03
-1.563301e-02
-1.079488e-02
-1.900535e-02
-1.293465e-02
-7.327379e-03
-3.197467e-02
-4.309474e-02
-2.413335e-02
-3.979808e-02
-2.693297e-02
-7.689500e-03
-5.498806e-03
-5.019552e-03
-6.843250e-03
-7.787799e-03
-2.150222e-03
-5.204288e-03
-5.759610e-03
-2.080574e-04
-5.546081e-02
-3.826884e-02
2.709893e-03
-5.592425e-02
-2.973803e-02
1.671699e-02
-2.770996e-02
-2.066389e-02
1.972115e-02
7.681327e-03
1.947844e-02
4.065890e-02
1.074499e-02
4.087750e-02
4.067562e-02
-2.174969e-03
1.874396e-02
1.584173e-02
1.173362e-03
-9.698706e-04
4.317726e-03
-3.079135e-03
-2.436489e-02
-2.683805e-02
8.471210e-03
-1.663716e-02
-5.800709e-04
5.614807e-04
-5.445833e-03
3.235632e-03
5.019451e-03
-3.107168e-03
-2.012060e-03
1.685906e-02
2.611162e-03
-6.477755e-03
-3.605454e-02
-4.175404e-02
-2.238591e-02
-3.896401e-02
-5.478881e-02
-2.050412e-02
-1.888136e-02
-3.483278e-02
-1.501343e-02
4.271859e-03
2.133963e-02
-3.425977e-03
4.248566e-03
-2.456181e-03
1.765816e-02
-5.626294e-03
-1.293143e-03
2.086092e-03
-8.334701e-04
1.014693e-03
7.851337e-04
-1.709077e-03
-5.387042e-04
-2.711199e-04
-1.804795e-03
-1.991530e-04
-7.442627e-04
-1.030306e-03
-2.236426e-03
4.525938e-03
-1.325298e-03
4.703362e-03
2.129148e-02
-7.435043e-03
-1.321213e-02
2.999194e-03
-1.021131e-02
-6.491882e-03
7.085931e-03
-1.354327e-02
-1.134229e-02
-2.604832e-03
-1.392699e-02
-2.185744e-02
-1.273789e-02
2.019382e-02
1.169525e-02
-4.680508e-03
1.031966e-02
1.282225e-02
6.015867e-03
8.718506e-03
1.523830e-02
1.589562e-02
-2.198830e-02
-2.435222e-02
-1.118111e-02
-4.658521e-02
-4.876552e-02
-2.105128e-02
-3.538860e-02
-2.619248e-02
-4.822596e-03
2.879814e-03
2.790687e-03
-2.908598e-04
5.862484e-04
1.295243e-03
6.533570e-04
8.439520e-04
1.705335e-03
2.491327e-03
-8.506496e-03
-2.056267e-02
-7.207587e-03
-3.941390e-03
-1.195229e-02
4.291548e-03
-4.726741e-03
-1.196739e-02
5.176180e-03
-7.025786e-03
-1.255860e-02
-1.491211e-02
-1.257017e-02
-3.070731e-02
-3.175244e-02
-4.798808e-03
-2.840063e-02
-3.285039e-02
-1.456645e-02
-2.254062e-02
-2.099912e-02
-2.618279e-02
-3.644458e-02
-3.658604e-02
-3.393424e-02
-2.045630e-02
-2.398448e-02
-5.947094e-03
-3.729767e-03
-2.158764e-03
-4.795904e-03
-2.680133e-03
-1.692130e-03
-2.976184e-03
-2.355671e-03
-2.421219e-03
-3.821589e-02
-3.039777e-02
6.427709e-03
-1.702922e-02
-1.245691e-02
1.334654e-02
-5.544789e-03
-1.091116e-02
3.537868e-03
-2.132078e-03
-9.380101e-03
1.876855e-02
-1.161234e-02
4.343875e-03
2.043070e-02
-1.042594e-02
-1.110248e-02
1.053345e-03
2.017435e-02
2.714225e-02
1.233779e-02
2.463352e-02
4.216081e-02
2.642824e-02
-1.957313e-02
-6.804120e-03
3.859745e-03
9.291414e-03
1.557564e-02
2.132088e-02
1.439969e-02
1.112303e-02
1.821102e-02
2.683871e-02
1.104620e-02
7.251553e-04
-3.247101e-02
-3.232813e-02
-1.317762e-02
-3.762968e-02
-5.281589e-02
-2.884444e-02
-2.484063e-02
-2.715219e-02
-2.261329e-02
1.029075e-02
3.852338e-03
-2.585736e-03
1.762206e-02
-6.304186e-05
3.612963e-03
1.107843e-02
-3.329379e-03
-5.961732e-03
-2.734838e-03
-7.821748e-04
-1.485736e-03
-6.369313e-04
-2.070487e-03
-1.234853e-03
-1.695552e-03
8.582962e-05
-2.247424e-03
-7.673554e-03
-1.244739e-02
-1.586241e-02
-1.363219e-02
-2.165311e-02
-2.353751e-02
-7.032529e-03
-1.189155e-02
-1.644319e-02
-2.033373e-03
1.745158e-02
1.673405e-02
7.990548e-03
1.847368e-02
2.686488e-02
2.659759e-04
1.248471e-02
1.497404e-02
4.573426e-03
6.706056e-03
3.528705e-03
1.082302e-02
8.356362e-03
8.258977e-03
5.506057e-03
1.213920e-02
1.319547e-02
5.142620e-04
3.069358e-03
-8.820057e-04
2.471681e-03
-1.974102e-03
-1.011408e-02
2.034942e-03
2.369477e-03
-6.584527e-03
2.056373e-03
2.633466e-03
2.790475e-03
1.118627e-03
1.986512e-03
2.621043e-03
1.470336e-03
1.508427e-03
2.875995e-03
3.205721e-03
-4.048024e-03
-3.201427e-03
1.072744e-02
-1.592375e-03
-5.042137e-03
-1.342927e-03
-6.816788e-03
-6.405279e-03
1.268206e-03
-6.242947e-03
-1.428536e-03
3.401918e-03
-3.506010e-03
-1.953262e-03
1.094890e-02
-2.082576e-03
-1.065544e-02
9.034343e-05
-1.045192e-02
-4.235976e-03
1.347925e-02
1.173726e-02
3.807121e-03
1.567431e-02
7.637767e-03
8.695574e-04
-2.503339e-03
-2.820518e-03
-2.767677e-04
-1.973938e-03
-6.061958e-04
-5.576083e-04
-1.460618e-03
-9.853173e-05
-4.882647e-04
-1.381685e-02
8.110128e-04
1.406483e-02
-1.954317e-02
-1.506976e-03
1.251928e-02
-1.439873e-02
4.373773e-03
1.715226e-02
3.352938e-04
8.345945e-04
-4.336849e-03
-7.425461e-03
-9.664591e-03
-1.102977e-02
-9.406338e-04
-2.952906e-03
-2.166088e-03
-7.529760e-03
-3.951703e-03
-5.656181e-03
-1.525816e-03
8.137927e-03
8.749895e-03
-2.210985e-02
1.711445e-03
9.898575e-03
-1.101551e-02
-1.326596e-03
4.670016e-03
-1.541902e-02
-6.962485e-03
2.426627e-03
-7.018386e-03
-3.250574e-03
3.893225e-03
-3.008849e-03
-4.456936e-03
-4.964293e-03
-5.500340e-04
-3.768896e-03
-6.885584e-03
2.287207e-03
2.813315e-03
-9.190658e-03
-1.787782e-02
-2.259653e-02
-7.425858e-03
-2.371832e-02
-1.674991e-02
-1.419941e-02
-6.370130e-03
-2.333087e-02
-4.932434e-03
-2.810701e-05
-1.269711e-04
-6.350623e-04
8.677239e-05
-3.611680e-04
-1.618099e-04
-5.844986e-05
-2.359946e-05
3.618108e-04
