-2.642563e-01
-5.722351e-02
-5.125016e-02
-3.608286e-03
1.581181e-01
-2.915752e-01
-4.001535e-01
-5.835878e-01
-3.156147e-01
-2.871954e-01
-2.161935e-01
-2.496487e-01
-3.833580e-01
-2.298176e-01
1.005050e-02
1.477150e-01
2.779112e-02
-5.519060e-01
7.826997e-02
-3.911500e-01
1.261334e-01
-2.102945e-01
-4.903676e-02
5.100681e-03
-2.224976e-01
-3.236246e-01
-2.867526e-01
4.514833e-03
1.554817e-01
1.322057e-02
-3.898169e-01
-3.292045e-01
-2.470189e-01
1.799810e-03
-4.717256e-01
1.211593e-01
6.444813e-02
-6.145021e-01
-9.536405e-01
-4.612756e-01
-3.196560e-01
-3.589698e-01
-7.058335e-01
-5.149492e-01
1.806100e-02
-3.411472e-02
-2.926043e-01
-5.483277e-01
-2.600850e-01
-3.485121e-01
-2.892362e-01
-1.216113e-02
-2.114891e-01
3.198215e-02
-2.825375e-01
-1.698761e-01
-5.173560e-01
-5.075707e-03
9.853762e-03
7.295328e-02
1.788676e-01
-2.715347e-01
-2.366993e-01
-4.314115e-01
