2.317221e+00
2.392028e+00
2.167279e+00
2.168845e+00
2.204124e+00
2.192425e+00
2.285211e+00
2.476051e+00
2.211961e+00
2.063715e+00
2.301286e+00
2.122772e+00
2.416895e+00
2.295942e+00
2.219581e+00
2.175287e+00
2.237390e+00
2.341190e+00
2.027478e+00
2.476879e+00
2.185848e+00
2.201342e+00
2.153647e+00
1.884406e+00
2.155541e+00
2.206356e+00
2.191735e+00
1.983568e+00
1.967226e+00
2.031220e+00
2.238460e+00
2.165826e+00
2.331523e+00
1.929373e+00
2.140504e+00
1.936030e+00
2.256729e+00
2.146882e+00
2.343949e+00
2.252152e+00
1.996014e+00
2.125904e+00
2.240980e+00
2.136227e+00
1.952684e+00
2.049047e+00
1.793450e+00
2.152209e+00
2.108769e+00
2.043013e+00
1.959034e+00
2.241417e+00
2.365946e+00
1.973840e+00
2.088888e+00
2.141150e+00
1.938683e+00
2.308985e+00
2.061058e+00
2.060529e+00
1.951259e+00
2.106065e+00
2.280034e+00
2.268825e+00
