7.431566e-01
7.223889e-01
1.083843e+00
8.308595e-01
-7.634420e-01
8.083322e-01
1.156072e+00
7.488102e-01
7.887035e-01
4.959495e-01
8.423600e-01
7.086788e-01
6.588999e-01
8.563826e-01
6.326541e-01
-1.006852e+00
-1.126197e+00
5.172650e-01
5.721040e-01
6.327133e-01
5.191484e-01
1.048549e+00
1.008350e+00
8.753347e-01
7.634795e-01
7.774705e-01
8.869362e-01
-1.027133e+00
6.083896e-01
-8.882133e-01
6.638885e-01
4.342367e-01
6.125361e-01
7.898087e-01
5.368142e-01
6.845335e-01
7.538372e-01
6.495039e-01
4.596876e-01
8.912487e-01
7.172500e-01
6.563658e-01
6.272525e-01
4.823076e-01
1.490237e+00
-1.053908e+00
7.800571e-01
4.317443e-01
7.692260e-01
7.804680e-01
7.152506e-01
-1.223359e+00
7.964780e-01
9.094109e-01
5.146289e-01
7.187200e-01
8.860178e-01
7.284538e-01
-1.552553e+00
-9.227352e-01
4.729190e-01
7.450193e-01
9.595032e-01
6.023865e-01
