1.070203e+01
1.091910e+01
9.904092e+00
9.975348e+00
1.008076e+01
9.971921e+00
1.024209e+01
1.056340e+01
1.037760e+01
8.990973e+00
1.057437e+01
9.375593e+00
1.067965e+01
1.054189e+01
9.911814e+00
1.001558e+01
9.565188e+00
1.017747e+01
9.600172e+00
1.103731e+01
1.015749e+01
1.004170e+01
9.981127e+00
8.164502e+00
9.652632e+00
9.753269e+00
1.006388e+01
9.004234e+00
9.529335e+00
9.235936e+00
1.018078e+01
9.861958e+00
1.037577e+01
9.240650e+00
9.946755e+00
9.312517e+00
1.026282e+01
1.030912e+01
1.078617e+01
9.900491e+00
9.084013e+00
1.030907e+01
1.019308e+01
9.623161e+00
9.129360e+00
9.320898e+00
8.036095e+00
9.603612e+00
9.586761e+00
9.358690e+00
8.492158e+00
1.033579e+01
1.115220e+01
8.915627e+00
9.434736e+00
9.995230e+00
9.052917e+00
1.057639e+01
9.257841e+00
9.148823e+00
8.863554e+00
9.463525e+00
1.019194e+01
1.025564e+01
