-1.250649e-01
-1.214655e-01
5.367092e-01
6.484313e-02
-4.434796e-01
-8.668136e-02
-1.275110e-01
-1.970771e-01
7.398435e-02
9.991343e-02
3.820107e-01
5.538647e-01
-5.200437e-01
-1.024336e-01
-1.948112e-01
1.052511e-01
-1.538067e-01
2.598657e-02
-4.219856e-02
2.338722e-02
1.297376e-03
8.353849e-02
1.287309e-02
6.376735e-02
-2.765008e-01
-1.785966e-01
7.995746e-02
-5.305177e-01
3.074453e-02
-2.824035e-01
4.448062e-01
-1.279131e-01
-8.768141e-02
6.611965e-02
-3.508815e-01
-5.488804e-02
1.795061e-02
-1.547575e-01
4.765571e-01
2.035020e-02
-8.001415e-02
-1.957484e-01
6.082153e-02
5.582793e-01
3.477089e-01
-2.659078e-02
-5.267181e-01
-9.050035e-02
-1.069506e-01
1.113322e-01
-6.082007e-01
3.243832e-01
-2.656865e-01
4.393771e-01
2.653157e-01
-1.254709e-01
-3.514652e-01
-7.343513e-02
2.555378e-01
-1.967820e-01
-4.471300e-02
-2.687721e-01
4.272321e-01
-5.310516e-02
