6.605163e-02
2.580081e-02
7.226781e-02
-7.961970e-03
1.502531e-01
5.582821e-02
7.830928e-02
1.074250e-01
1.181947e-01
1.005828e-01
6.371614e-02
8.682442e-02
6.577524e-02
1.342943e-01
4.872058e-03
6.678815e-02
-2.213686e-03
1.090800e-01
1.540453e-01
8.881231e-02
3.482401e-02
5.480402e-02
8.007922e-03
5.757680e-03
5.957565e-02
7.518171e-02
8.337580e-02
-9.906041e-04
-1.462222e-02
-1.777059e-02
9.610993e-02
1.284166e-01
1.044993e-01
-2.929993e-02
1.204984e-01
5.494638e-02
-4.145410e-02
8.857527e-02
1.287991e-01
1.131736e-01
1.339097e-01
8.565245e-02
1.195429e-01
1.288357e-01
-9.036472e-04
2.657562e-03
1.182720e-01
1.429418e-01
9.739540e-02
1.265516e-01
7.140727e-02
2.088256e-02
9.144688e-02
-3.474588e-04
1.112036e-01
9.941043e-02
7.722923e-02
-1.786914e-03
1.004012e-02
5.281749e-02
1.511059e-02
7.295414e-02
7.083387e-02
9.510236e-02
