1.245135e+00
1.485936e+00
1.306096e+00
1.229039e+00
1.396106e+00
1.367644e+00
1.139130e+00
1.225867e+00
1.199988e+00
1.296286e+00
1.307872e+00
1.365116e+00
1.505577e+00
1.409628e+00
1.292130e+00
1.302329e+00
1.313902e+00
1.529987e+00
1.378173e+00
1.228342e+00
1.253451e+00
8.567656e-01
9.856771e-01
1.150042e+00
1.264538e+00
1.132504e+00
1.156668e+00
1.263974e+00
1.361945e+00
1.401131e+00
1.489897e+00
1.268286e+00
1.569113e+00
1.190126e+00
1.526123e+00
1.512844e+00
1.342004e+00
1.335373e+00
1.287933e+00
1.322030e+00
1.275042e+00
1.498800e+00
1.433886e+00
1.412238e+00
1.459440e+00
1.486382e+00
1.305768e+00
1.398963e+00
1.349195e+00
1.401083e+00
1.317078e+00
1.183817e+00
1.333981e+00
1.383415e+00
1.449272e+00
1.201061e+00
1.246248e+00
1.344650e+00
1.418308e+00
1.440247e+00
1.557368e+00
1.630411e+00
1.396488e+00
1.430676e+00
