3.220997e-05
1.783822e-05
1.730606e-05
2.041887e-05
7.087502e-06
4.602319e-06
2.082470e-05
9.766551e-06
5.386319e-08
-1.646066e-09
-1.152595e-08
2.218067e-08
-6.002514e-09
-5.473264e-08
-7.269890e-09
8.904141e-08
4.672308e-08
3.258210e-08
-1.166753e-06
-1.007714e-06
-2.061841e-06
1.076948e-06
9.899840e-07
2.693266e-07
5.902845e-07
8.945237e-07
2.100055e-07
5.898343e-08
3.676124e-08
5.189321e-08
-1.025276e-08
-1.717967e-08
1.894199e-08
1.849492e-08
4.265377e-09
3.220523e-08
6.793318e-07
6.665705e-07
7.908831e-07
-9.096191e-08
-8.790167e-08
3.075717e-08
1.067823e-07
5.902356e-08
3.730181e-07
9.757406e-07
8.698219e-07
1.684688e-06
-9.728504e-08
-7.051032e-07
6.210811e-08
-1.800026e-07
-4.220712e-07
6.551189e-07
-1.250103e-07
-1.148636e-07
-1.738530e-07
4.181911e-08
4.543069e-08
-1.212079e-08
2.563034e-08
1.149744e-08
-8.179228e-08
1.637101e-05
-6.570558e-06
-1.141241e-05
-1.983540e-05
-2.314048e-05
-3.214990e-05
2.971338e-05
1.773979e-05
1.815265e-05
-4.203927e-06
-5.035328e-06
-1.153712e-05
4.368382e-06
4.611032e-06
-1.243843e-07
2.365071e-06
3.884993e-06
-1.868445e-06
2.458188e-08
-7.279870e-10
1.385776e-08
1.258707e-08
4.856118e-09
1.145790e-08
2.496827e-08
2.248568e-08
-1.264127e-08
-6.167277e-03
-5.418675e-03
-3.328139e-03
-4.233653e-03
-4.741533e-03
-4.060321e-03
-1.743365e-03
-4.140027e-03
-4.389707e-03
-4.832694e-08
-8.410596e-08
-1.253144e-07
1.207556e-07
1.407430e-07
1.888456e-09
2.171359e-07
2.019742e-07
9.520245e-08
3.678334e-06
4.921460e-06
1.617779e-05
-6.365754e-06
-1.101086e-05
-1.124016e-06
5.161804e-06
-2.373034e-06
7.797269e-06
-8.566136e-09
-2.102218e-08
-6.069434e-09
-4.619874e-09
-2.083303e-08
-3.618182e-09
2.076835e-08
-4.596942e-09
6.246252e-09
2.119279e-08
1.556354e-08
-7.953872e-09
5.343779e-08
5.239961e-08
4.534614e-10
2.991332e-08
3.709469e-08
5.272434e-09
-1.000470e-08
9.766850e-09
-5.223308e-08
-5.591703e-09
8.813193e-08
7.321697e-09
-4.346334e-08
2.620862e-08
7.745800e-09
-6.497792e-05
-2.041628e-05
3.945567e-05
-4.571152e-05
1.258584e-05
6.940131e-05
-2.642144e-05
4.240234e-05
1.258366e-04
-5.586584e-07
-3.103465e-07
-2.531923e-08
-2.984931e-07
-1.614102e-07
8.475547e-08
2.073727e-07
1.863037e-07
2.648780e-07
-5.285825e-07
-3.528971e-06
-6.845483e-06
1.020913e-06
3.807808e-07
-4.138857e-07
-5.461905e-06
-8.459004e-06
-5.213105e-06
-1.365904e-07
7.392531e-08
1.667017e-07
-5.896468e-08
2.210772e-07
1.609780e-07
6.358680e-08
-1.853555e-09
-2.621782e-08
1.209828e-06
6.049644e-08
2.502079e-06
2.860701e-06
3.356430e-06
1.991688e-07
4.823734e-06
2.860673e-06
-2.834721e-06
7.623247e-06
1.270112e-06
1.281931e-06
3.344764e-06
-1.049778e-06
-2.887958e-06
2.906083e-06
7.631555e-06
8.900521e-06
-1.159088e-06
-7.345790e-07
-6.889670e-08
-7.095662e-07
-4.156047e-07
2.524349e-07
-1.284503e-06
-7.301102e-07
-3.163171e-07
2.116493e-04
2.927130e-04
4.018859e-04
5.034335e-05
2.224489e-04
2.081999e-04
-2.441278e-05
1.714408e-05
4.136760e-04
-5.688936e-06
-6.604827e-06
-2.473447e-06
-1.108039e-05
-1.420376e-05
-1.078084e-05
-1.297364e-05
-1.147492e-05
-9.613676e-06
1.401394e-09
3.086522e-08
1.173749e-07
2.455394e-07
-9.723912e-08
8.308200e-08
6.361939e-08
1.029696e-07
5.930856e-08
-1.652809e-03
-1.079462e-03
1.449038e-03
-6.840740e-04
-1.718249e-03
-1.242975e-03
3.624352e-03
7.325429e-04
1.177448e-04
1.570725e-07
1.064148e-07
3.340230e-07
1.047546e-07
2.715624e-08
4.240079e-07
-8.950016e-08
1.331896e-07
1.418368e-08
3.200524e-05
-1.762040e-05
5.176780e-05
7.407281e-06
-1.769688e-05
5.834299e-05
7.387455e-05
7.791309e-05
1.094746e-04
3.011651e-08
1.058499e-08
2.679147e-08
6.088428e-08
9.447777e-08
1.127114e-07
4.788445e-08
1.244500e-07
1.155136e-07
2.554032e-07
3.144629e-08
-3.378488e-08
2.083701e-07
-4.137746e-08
-5.333395e-08
2.588158e-07
8.027784e-08
4.019037e-09
-3.906471e-07
4.320921e-07
-1.339536e-07
-7.343149e-07
-5.539928e-08
1.646420e-07
-8.540422e-07
-9.511524e-07
-3.196198e-07
-1.957888e-05
4.528370e-05
-3.355892e-05
4.460123e-05
6.426768e-05
7.558564e-05
-3.957164e-06
2.347648e-05
5.783368e-05
2.295568e-08
1.714922e-08
-1.252168e-07
-7.066919e-08
1.677301e-07
-7.080759e-08
-2.951142e-07
-2.241794e-07
-2.991812e-07
5.704182e-06
9.928422e-08
9.217221e-07
3.048200e-06
-9.892830e-06
1.424444e-06
5.476141e-06
-2.934717e-06
1.080972e-05
-1.327379e-07
-3.676026e-08
-7.894505e-08
-8.902785e-08
-7.902823e-08
-5.645391e-08
-1.814172e-07
-4.255856e-08
1.147793e-08
-3.089352e-06
-1.769125e-06
-3.294945e-06
-4.777919e-06
-1.936120e-06
6.943829e-07
-6.007112e-06
-1.969605e-06
-2.922931e-06
-5.879145e-06
-9.938794e-06
-1.018849e-05
-1.404185e-05
-1.082974e-05
-1.357529e-05
-7.784406e-06
-2.131716e-06
-2.679559e-06
2.662728e-07
-1.579319e-07
-3.910273e-07
5.667888e-07
-2.929048e-08
-3.050893e-07
8.196086e-07
3.677239e-07
1.157608e-07
7.821789e-05
-8.354677e-06
6.979093e-05
-9.223125e-05
6.403308e-05
-4.430977e-05
9.410512e-05
3.040941e-06
-1.078769e-04
1.911490e-05
1.888883e-05
1.747559e-05
3.097271e-05
9.478198e-06
1.249966e-05
-1.805478e-06
-1.994889e-05
1.346456e-07
-2.188982e-08
1.298826e-08
-1.135404e-08
-2.578657e-08
4.396030e-08
3.270236e-08
-6.058895e-08
-1.407738e-08
2.611636e-08
1.336219e-02
9.951637e-03
1.800213e-02
1.165949e-02
1.405295e-03
-2.115898e-03
-6.525199e-03
-8.828744e-03
-3.042986e-03
2.158175e-07
1.469597e-07
-4.416410e-07
-3.569308e-07
3.303698e-07
-9.722116e-08
2.139213e-07
-3.812233e-08
-1.943727e-08
-5.038704e-05
-6.878631e-05
-5.557454e-05
-2.425340e-05
-6.644882e-05
3.217938e-05
-7.344610e-06
1.055487e-05
7.619114e-05
-3.378444e-09
-1.515184e-08
-1.883209e-08
-3.384916e-08
-3.045550e-08
-4.394145e-08
-5.298076e-08
-2.310075e-08
-1.260301e-08
-1.844628e-08
2.415578e-08
8.193344e-08
-7.286274e-08
-1.732557e-08
3.486863e-08
-9.391775e-08
-7.250902e-08
-1.889301e-08
5.177635e-07
3.251306e-07
1.433449e-07
5.724121e-07
5.166011e-07
7.201609e-07
5.570228e-07
-1.377697e-07
-1.513092e-07
1.343624e-04
1.400917e-04
-1.869052e-05
1.140788e-04
1.200522e-04
-9.828867e-06
1.462926e-04
7.271495e-05
-8.457197e-05
-7.421629e-08
1.940988e-07
2.212890e-07
-2.560963e-07
-6.997010e-08
-3.206444e-07
-2.094767e-07
-1.360390e-07
-2.422829e-07
3.700800e-06
5.441704e-06
7.844623e-06
-3.869251e-06
-3.684266e-06
-1.370273e-06
-4.737473e-06
-2.979244e-06
2.153659e-07
-1.363129e-07
-1.648105e-07
-6.664489e-08
7.775109e-08
4.341143e-08
1.037914e-07
-5.803766e-08
2.616888e-07
-9.479105e-08
7.517676e-08
1.316195e-07
7.706641e-07
-1.961511e-06
-1.908211e-06
3.821451e-07
-4.830973e-06
-2.648824e-06
-2.174721e-06
-2.820389e-07
5.187090e-07
4.754884e-06
-3.161535e-06
1.066097e-07
7.429539e-06
-6.009283e-06
-3.150999e-06
1.685043e-06
6.725123e-07
7.608426e-07
-9.421314e-08
2.775010e-07
1.925738e-07
-7.151899e-07
5.267046e-07
4.198233e-07
-9.317163e-08
-2.167838e-04
-1.598987e-04
1.309991e-05
-1.425539e-04
5.400281e-05
5.468869e-04
2.099844e-04
3.942357e-04
5.098211e-04
5.545599e-05
4.723005e-05
2.705350e-05
1.221457e-05
-1.474169e-06
-8.413989e-06
2.596087e-05
-1.348626e-05
-9.763116e-06
6.057077e-08
9.964202e-09
-7.244103e-08
-3.407308e-09
3.479941e-08
5.041924e-08
-1.264667e-07
4.084206e-08
-5.475855e-08
3.766271e-03
3.085418e-03
2.208978e-03
-4.991331e-03
2.939959e-03
9.214295e-03
-1.023233e-02
-3.573250e-03
5.935504e-03
5.039712e-09
1.517578e-07
-1.273201e-07
-5.102501e-07
2.888242e-07
4.280913e-07
-4.460509e-07
1.151720e-08
5.152170e-07
-1.520427e-04
-7.966601e-05
-1.506481e-04
-1.214372e-04
-7.928918e-05
-2.439249e-04
-8.250900e-05
-1.360771e-04
-2.671738e-04
-2.409190e-08
2.994872e-08
-5.340398e-08
-7.075597e-08
-1.822395e-08
-1.367016e-07
-4.418244e-08
-2.106645e-08
-1.967609e-07
-6.729311e-08
6.620643e-08
2.237667e-07
-2.365838e-07
-9.847960e-08
1.556350e-07
-2.712672e-07
-1.306992e-07
1.887731e-07
4.540265e-07
-2.539631e-07
-7.205310e-07
8.015925e-07
-6.142974e-08
-7.684424e-07
6.849691e-07
6.454686e-07
-1.217273e-07
-1.473059e-05
-2.217409e-05
-1.445033e-05
-5.730464e-06
-2.161233e-06
-5.337878e-06
-8.202162e-06
-2.847409e-06
5.370641e-06
-2.944440e-08
8.612839e-08
4.513243e-08
-8.005871e-08
3.226199e-08
9.173581e-08
-2.559560e-08
-1.089010e-08
7.697680e-08
-1.146155e-07
5.278753e-07
2.989801e-07
-2.464311e-07
3.896753e-07
1.070228e-07
7.975081e-08
4.893076e-07
-2.355987e-07
1.604914e-08
-2.014539e-09
7.601286e-09
-4.560869e-09
-1.951483e-08
-4.039411e-09
-7.939394e-09
-7.984293e-09
-2.130425e-09
2.508272e-07
6.973208e-07
4.683216e-07
4.139482e-08
2.358095e-07
1.591342e-07
2.190372e-09
2.187779e-07
2.052961e-07
3.841468e-07
1.504820e-07
5.503503e-07
9.355963e-07
1.319569e-07
4.350524e-07
-2.148437e-08
-5.727400e-07
-5.562291e-08
-1.044150e-07
4.787579e-09
2.249748e-08
-4.899464e-08
1.366203e-08
1.584394e-08
-1.042489e-08
2.333003e-08
-1.020787e-08
3.484752e-05
-5.402973e-06
-1.169107e-05
1.813752e-06
-3.650361e-05
-4.727850e-05
2.807100e-05
-2.138219e-05
-5.063288e-05
3.408832e-06
-2.857742e-06
-1.768503e-06
6.220826e-06
5.003955e-06
3.141944e-06
7.068944e-06
6.614395e-06
-1.785659e-06
1.884620e-09
-1.213169e-09
2.298076e-09
5.117025e-09
-1.634724e-08
4.848048e-09
-1.083218e-08
-1.590181e-08
-1.697013e-10
-7.839887e-04
-2.557548e-03
-3.043088e-03
1.310984e-03
-3.819799e-04
2.252990e-04
-1.566273e-04
-5.154473e-04
-4.816475e-05
8.363639e-08
-3.508683e-09
1.718879e-08
3.579353e-08
-9.636274e-09
7.556987e-08
-5.871252e-08
-3.828432e-08
1.775817e-08
1.933853e-05
1.971162e-05
1.820610e-05
-1.475929e-06
3.462436e-06
2.534295e-05
-2.883447e-05
-1.079281e-05
2.828871e-05
-2.746139e-08
-1.033638e-08
-3.193405e-09
-1.072920e-08
-2.726782e-10
1.132964e-08
-3.853509e-10
1.475374e-08
2.065415e-08
1.661321e-08
1.038131e-08
-8.208749e-09
2.975811e-08
9.380056e-09
-1.356101e-08
1.302628e-08
4.617641e-09
-1.586206e-08
9.820369e-08
-1.073324e-08
-8.454389e-08
7.682618e-08
8.444846e-08
2.288043e-08
2.100542e-08
7.489741e-09
5.491266e-10
3.307475e-05
6.704582e-06
-6.300045e-06
-2.796261e-05
-4.150121e-05
1.811403e-05
-2.440563e-05
-3.200607e-05
5.126942e-05
-6.266336e-08
3.509881e-08
-2.743019e-07
6.620896e-08
1.108265e-07
-1.633499e-07
1.815373e-07
1.816720e-07
-4.379410e-09
3.067076e-06
9.314180e-07
6.699119e-07
9.017326e-07
-2.316245e-06
1.604973e-07
-1.423604e-06
-2.416464e-07
1.839383e-06
5.194876e-08
-4.035464e-08
-4.459784e-08
4.135974e-08
-5.741613e-08
-6.106648e-08
-1.920008e-08
-1.060148e-08
-4.689609e-08
-1.166909e-06
1.121754e-06
-4.850541e-07
-6.792441e-07
-7.018944e-07
-1.257187e-06
-4.770372e-07
3.102082e-08
-7.197525e-07
4.552984e-07
1.873939e-06
5.307968e-06
1.057195e-06
1.068956e-06
4.928436e-06
1.430930e-06
6.156542e-07
5.971790e-06
-5.755890e-07
-1.503843e-07
-3.204613e-07
-6.892564e-07
-4.248457e-07
-5.464668e-07
-8.180977e-07
-6.318159e-07
-8.194626e-07
1.944336e-04
1.745910e-04
9.881998e-05
3.698582e-04
2.512610e-04
2.942883e-04
2.973288e-04
2.052384e-04
2.971663e-04
7.494318e-06
1.143252e-05
1.643668e-08
-5.192434e-06
1.060710e-05
4.072685e-06
-9.249437e-06
2.439836e-06
3.374336e-06
5.948695e-08
5.358519e-08
2.055196e-08
1.604113e-08
7.896928e-08
5.939082e-08
2.733195e-08
8.549956e-08
1.270803e-07
-7.971297e-03
-6.258609e-03
4.976563e-03
-3.870363e-03
-3.629993e-03
-5.190037e-03
8.550122e-04
5.546108e-03
2.155124e-03
-2.407695e-07
1.235168e-07
4.209381e-07
-3.209460e-07
-8.155292e-08
3.780865e-07
-1.731289e-07
-1.205467e-07
6.130796e-07
-1.892081e-04
-1.696431e-04
-1.612051e-04
-1.812011e-04
-2.019614e-04
-1.713006e-04
-1.054704e-04
-1.385674e-04
-1.267452e-04
-2.402361e-08
-6.207559e-09
-2.299909e-08
-6.168915e-08
-9.724729e-09
-6.797573e-08
-5.489222e-08
-5.838815e-09
-3.507699e-08
-2.588679e-08
1.397018e-08
1.102291e-07
-2.838386e-08
2.363201e-09
8.121547e-08
-2.012951e-08
-1.145758e-08
6.116605e-08
8.678588e-08
-3.523889e-07
-7.463334e-07
5.973187e-07
4.570899e-08
-1.700339e-07
1.020498e-06
3.034376e-07
3.504447e-07
7.678336e-05
5.289230e-05
-2.365132e-05
-1.347547e-05
4.580848e-05
-3.978047e-05
-9.640581e-05
-1.047412e-04
-1.147563e-04
-2.371581e-07
-3.420079e-08
2.277019e-08
-1.150600e-07
-2.834460e-07
-1.894587e-07
-3.901662e-07
-5.110513e-07
-5.029066e-07
-1.084053e-05
-4.958724e-06
-5.532222e-06
-6.025310e-06
6.968969e-07
-1.077062e-06
-5.511032e-06
1.095650e-07
8.160276e-07
1.664473e-07
1.614929e-07
1.270604e-07
-1.170246e-08
-1.772958e-08
6.000285e-09
4.492651e-08
-5.566977e-08
9.676240e-08
-6.113552e-07
1.582459e-07
2.472521e-07
-2.528720e-06
-2.922207e-06
-1.825551e-06
-3.636708e-06
-4.857493e-06
-3.021549e-06
-1.723296e-06
8.842360e-07
5.019279e-06
-5.125767e-06
-6.020657e-06
-8.711997e-07
-1.009905e-05
-9.160517e-06
-2.143395e-06
-5.468224e-07
-4.430437e-07
-3.988698e-07
-2.299704e-07
-3.538542e-07
-3.525518e-07
2.511457e-07
-5.738548e-08
-8.106475e-08
2.709083e-04
4.427989e-04
3.458680e-04
-3.647977e-04
-3.545623e-04
-1.151938e-04
8.306633e-06
-8.784426e-05
1.142639e-04
1.072606e-05
7.994755e-06
1.477148e-05
2.448214e-05
8.858588e-06
3.923522e-05
1.347444e-05
1.332433e-05
3.968570e-05
-1.521649e-07
-1.940334e-07
-1.356121e-08
-1.444070e-07
-1.577580e-07
-9.687933e-08
-8.505907e-08
-1.390827e-07
-8.518506e-08
-9.327613e-03
-6.436219e-03
1.403728e-03
-3.635982e-03
-1.147546e-03
2.797181e-03
1.405976e-03
2.948927e-03
2.451279e-03
2.666125e-07
2.145755e-07
2.411699e-07
-6.863426e-08
3.008450e-07
3.971708e-07
1.817129e-07
7.558470e-07
8.251054e-07
-2.550785e-05
-2.107057e-05
-4.779682e-05
-5.151784e-05
-9.079203e-05
-1.083141e-04
-9.838784e-05
-1.014047e-04
-1.202303e-04
-1.056781e-07
-1.748779e-07
-1.328775e-07
-2.389814e-08
-1.231140e-07
-8.635156e-08
-9.323759e-08
-1.204506e-07
-9.087701e-08
-7.389561e-08
1.824433e-08
-1.359395e-09
-8.260267e-09
1.163583e-08
-7.828969e-08
-1.412819e-07
-1.516149e-07
-1.777442e-07
1.432696e-08
6.617087e-07
6.384457e-07
-6.876262e-08
1.028584e-06
7.675392e-07
-6.172834e-07
3.919709e-09
7.610458e-07
-1.454364e-04
3.921080e-05
1.693792e-05
1.735798e-04
-1.225493e-04
1.239129e-04
1.602166e-04
1.194459e-04
5.639597e-05
5.165661e-10
-2.972704e-07
-1.583162e-07
-6.959141e-09
-4.156442e-07
-2.197479e-07
5.952402e-08
-2.089715e-07
-1.627399e-07
-3.687084e-07
-9.591652e-07
-8.219877e-06
-3.894831e-06
-4.519049e-06
-7.893123e-06
-3.964292e-06
-4.181135e-06
-5.727708e-06
1.226169e-07
1.421694e-07
3.586841e-08
6.458106e-08
6.353881e-08
6.891381e-08
4.065764e-08
8.615697e-08
1.164230e-07
1.137101e-06
-2.969513e-07
1.286384e-06
-1.484926e-06
-3.225497e-06
-1.910971e-06
2.104874e-06
1.552440e-06
-2.994603e-06
2.868258e-06
7.172223e-07
3.533046e-07
-2.278187e-07
-1.541559e-06
-4.503898e-06
3.527767e-06
3.435982e-06
-2.777491e-06
-5.638792e-07
-8.942129e-07
-4.307394e-07
-7.673698e-07
-1.118951e-06
-2.849860e-07
-6.129617e-07
-8.088842e-07
2.570974e-07
-5.225742e-04
-7.703201e-05
3.432960e-04
2.163235e-04
-3.065157e-04
-1.682424e-04
-1.457362e-04
-6.314015e-04
-2.305700e-05
3.528670e-06
-2.505536e-05
-2.332765e-05
-5.352571e-06
-9.244334e-06
-9.725146e-06
-7.398970e-06
-1.438788e-05
-2.318701e-05
-4.755893e-08
-7.797993e-08
-8.411578e-08
-1.538493e-07
-1.952106e-07
-2.785580e-07
1.853402e-08
-6.889590e-08
-1.540306e-07
-6.725228e-03
-9.268555e-03
-8.315407e-03
-1.158914e-03
-4.975340e-03
-8.141717e-03
1.487714e-03
1.895848e-03
1.189976e-03
4.658994e-07
1.384021e-07
-6.791557e-07
8.771245e-07
8.008766e-07
-5.978990e-07
5.638295e-07
3.781539e-07
-6.072174e-07
8.167962e-05
3.554383e-05
-8.725713e-05
-1.233284e-04
5.538847e-07
3.568348e-05
6.486232e-06
6.005323e-05
1.074583e-04
3.416276e-10
-1.247970e-07
-3.421366e-08
-6.969307e-08
-1.378721e-07
-2.238612e-08
-2.424683e-08
-4.923495e-08
6.417599e-08
6.297651e-09
-5.074476e-08
-3.798019e-07
1.118298e-07
-1.475005e-08
-4.417258e-07
2.046044e-08
-1.371977e-07
-4.310619e-07
-5.878871e-07
-7.796957e-08
5.475292e-07
-7.736544e-07
2.792270e-07
5.460965e-07
-1.390867e-06
-1.262247e-06
-1.024050e-06
1.599706e-04
1.155912e-04
1.114084e-04
7.639587e-05
-4.088240e-05
5.109278e-05
-2.006496e-04
-2.054497e-04
-8.696387e-05
7.653750e-08
1.545780e-07
2.213980e-07
3.340319e-08
4.952411e-08
1.860295e-07
-3.658074e-07
-1.686669e-07
2.944027e-08
6.029887e-06
4.251806e-06
1.316682e-06
1.015219e-05
-8.744832e-07
-2.018904e-06
-1.318260e-06
-6.288185e-06
-5.030343e-06
-4.908845e-08
-9.059747e-08
-1.720002e-07
-4.956769e-08
7.746788e-09
-6.324925e-08
5.837997e-08
1.061639e-07
-2.176994e-08
1.929762e-06
3.313374e-06
1.927652e-06
2.044930e-06
2.501164e-06
7.228196e-07
-1.225963e-06
6.833608e-08
-4.753452e-08
1.014450e-05
5.704454e-06
-4.424091e-06
7.009116e-06
3.343873e-06
-2.288191e-06
1.227435e-06
8.184741e-07
-1.314293e-06
-8.864976e-08
3.867017e-07
4.905994e-07
3.504400e-07
5.994320e-07
4.043464e-07
4.993503e-07
6.198584e-07
-2.477081e-07
8.134578e-05
1.084863e-04
1.857677e-05
-2.419715e-04
2.479998e-05
1.821490e-05
-3.391080e-04
-1.159257e-04
2.972040e-05
-1.077823e-05
6.680469e-06
-4.746754e-06
-1.131419e-05
-8.232518e-06
1.840607e-05
-1.067201e-05
6.579113e-06
6.439024e-06
6.467858e-08
1.102684e-07
1.930405e-07
1.081294e-07
1.398759e-07
1.762441e-07
-2.126095e-08
1.481377e-08
-8.770145e-08
9.431831e-05
-3.113850e-06
-1.635260e-04
-2.664617e-04
-2.399872e-04
-4.101957e-04
-3.626917e-04
-5.204620e-04
-7.193072e-04
-3.815406e-07
-2.210344e-07
3.384579e-07
-9.374138e-07
-2.600439e-07
4.622402e-07
7.660333e-07
-2.762985e-08
4.273684e-07
-1.444079e-04
-3.204033e-04
-2.424859e-04
1.187624e-05
-1.757831e-04
-1.463677e-04
1.592518e-04
2.775594e-05
2.157542e-05
9.806384e-08
8.265380e-08
9.176895e-08
9.731180e-08
4.507883e-08
6.261898e-08
-9.211220e-09
-2.922277e-08
-4.365626e-08
1.132829e-07
2.579448e-08
-7.931409e-08
1.349427e-07
1.643113e-08
-1.318420e-07
4.642634e-08
-1.183094e-07
-1.943536e-07
-1.374639e-07
8.067607e-08
-9.946774e-07
5.134397e-07
1.535934e-07
5.490038e-08
5.092654e-07
4.163011e-07
-2.170234e-07
5.326353e-06
6.106571e-05
-1.844781e-04
-5.076382e-05
-1.174743e-04
-3.570811e-04
6.340366e-05
8.232432e-05
-2.111645e-04
1.370363e-07
-6.885967e-08
-7.917546e-08
5.367160e-08
2.339770e-07
6.919736e-08
-6.317704e-07
-1.709824e-07
1.566007e-07
-6.631156e-06
-8.719940e-06
-5.854287e-06
-2.038087e-06
-1.875230e-05
-9.760121e-06
-1.479804e-05
-5.356391e-06
-1.431107e-05
3.086748e-07
1.653726e-07
6.356058e-08
1.694280e-07
3.796398e-07
4.910825e-07
1.746165e-07
2.193740e-07
4.867442e-07
1.910967e-06
2.109039e-08
6.881989e-06
3.513188e-07
-2.729461e-06
3.291765e-06
-1.999648e-06
-9.863767e-06
4.903637e-07
6.371014e-06
4.293086e-06
7.054875e-06
-1.043627e-05
-6.010854e-06
2.374151e-06
-4.606559e-06
-1.036176e-05
7.579085e-06
-9.426887e-07
-4.173697e-07
-5.305760e-07
-1.489452e-06
-1.265047e-06
-1.177644e-06
-5.539847e-07
-1.569459e-06
-1.102938e-06
3.167428e-04
-1.264621e-05
2.999712e-04
4.047034e-04
2.326211e-04
7.483310e-04
3.501513e-04
1.824514e-04
1.522255e-04
-3.947123e-05
7.578522e-06
2.854524e-05
-2.446654e-05
-4.896503e-07
4.594631e-05
2.862304e-06
-3.496605e-05
9.655553e-05
-2.003258e-08
8.264786e-10
3.428937e-08
-1.497681e-07
-2.463044e-07
-5.375325e-08
8.559903e-08
-2.390122e-08
-1.549424e-07
-7.836514e-03
-6.294668e-03
4.091424e-03
-5.971796e-03
-9.705565e-03
1.032937e-02
9.024084e-03
-1.899408e-03
9.236631e-03
-4.671902e-07
-3.620945e-07
2.173304e-07
-5.542399e-07
-4.285164e-07
-6.281597e-07
6.281223e-07
4.116371e-07
3.028504e-07
4.876046e-06
-8.169362e-05
9.151097e-05
-3.172331e-05
-5.898437e-05
-4.867840e-05
9.075013e-05
-9.243625e-05
-1.358684e-04
-7.827623e-09
1.938946e-09
-5.676643e-08
-1.167062e-07
-1.781662e-07
-2.393461e-07
-7.928772e-08
-1.752906e-07
-2.233124e-07
-8.204240e-08
-7.055007e-08
3.575726e-08
-7.726330e-08
-1.812776e-07
1.014726e-09
-3.377730e-07
-4.416358e-07
-1.717644e-07
-1.221281e-08
-2.029626e-07
-2.769979e-07
7.328018e-07
2.070296e-07
4.106120e-07
1.809152e-07
-1.630582e-07
-4.973631e-07
7.161585e-05
2.796849e-05
2.759064e-05
-7.313547e-05
-1.268949e-04
-2.007574e-04
-2.062590e-04
-6.979212e-05
-4.014966e-04
1.555904e-07
1.863567e-07
-3.247080e-07
-7.792252e-08
6.757269e-08
-4.802545e-08
-1.342300e-07
1.529147e-07
-1.214751e-07
-4.785125e-06
-9.911414e-06
9.280064e-06
7.080762e-06
4.254664e-07
1.262061e-05
-1.826942e-06
1.268439e-05
5.608607e-06
-9.451720e-08
1.284040e-07
2.012489e-08
-7.570516e-09
-1.383064e-09
-1.604394e-07
2.118016e-08
-2.526214e-07
-1.598392e-07
-1.816169e-06
6.999976e-06
-2.085307e-06
5.902154e-06
4.702151e-06
-6.461112e-07
-5.114351e-06
-7.820265e-06
-9.457865e-06
4.678342e-07
-2.696069e-06
1.755681e-06
5.870859e-06
8.234873e-06
-4.612798e-06
-1.078564e-06
-2.127697e-05
1.609941e-06
3.285790e-07
4.721355e-07
-5.088426e-07
-2.440050e-07
-1.242030e-07
-1.052140e-06
5.010231e-07
3.641221e-07
-5.582676e-07
-1.726211e-04
4.516917e-04
2.136367e-04
1.566489e-07
-5.874781e-05
2.999625e-04
3.595684e-04
9.748181e-06
-3.332797e-04
9.318371e-06
2.569675e-05
8.665947e-06
3.717703e-05
1.030804e-04
4.218843e-05
2.872736e-05
1.568298e-04
5.505489e-05
1.171228e-08
1.200676e-07
-1.554778e-07
9.153100e-09
-1.924801e-07
-2.640750e-07
-4.376115e-08
-3.068831e-07
-1.361964e-07
-9.178970e-03
1.701101e-03
4.150659e-04
-1.706008e-03
-2.823880e-03
2.722903e-03
-2.151269e-03
-8.415993e-03
5.321713e-03
-5.089485e-07
4.974051e-07
1.239329e-07
2.597046e-07
1.069003e-06
1.838161e-07
2.215796e-07
4.502273e-07
1.463111e-06
-3.893859e-05
-8.748950e-05
-1.573389e-05
-2.937625e-04
-1.592340e-04
-1.932886e-04
-1.486474e-04
-2.138876e-04
-1.589187e-04
1.679677e-07
-7.973294e-08
-1.471884e-07
-7.215620e-08
-3.758313e-07
-3.549600e-07
-9.129698e-08
-3.265161e-07
-2.165081e-07
-4.629706e-08
-3.978086e-08
7.013000e-08
6.220319e-09
2.421788e-07
2.314459e-07
7.485469e-08
2.417374e-07
2.969566e-08
-3.585363e-07
-1.339089e-07
9.671464e-07
9.801040e-07
-3.657918e-07
2.912009e-06
-2.944794e-07
-8.279753e-08
3.442720e-08
9.043537e-05
-9.481490e-06
4.099901e-05
1.336533e-04
-1.100958e-05
-1.042141e-04
1.978062e-04
9.162263e-05
9.793531e-05
3.050590e-07
-2.092940e-07
-1.199689e-07
2.913626e-08
-1.187167e-07
-5.037075e-08
1.238277e-07
6.591984e-08
2.634789e-07
4.168510e-06
-3.881782e-06
-3.523428e-06
-7.888139e-07
-2.935278e-06
-2.406489e-06
-1.701515e-06
-2.190516e-06
1.525418e-06
-6.304879e-09
1.147798e-07
-1.161563e-08
1.381657e-07
2.280247e-07
1.155984e-07
3.485775e-08
1.462647e-07
5.788620e-08
4.434465e-06
1.260536e-06
-1.994729e-07
2.136515e-06
-1.668998e-07
-1.738362e-06
2.124443e-06
-6.283225e-07
-2.744232e-06
-3.218625e-06
7.405419e-07
8.715514e-06
-3.200507e-06
-1.089220e-06
7.497671e-06
-7.164635e-06
-5.558112e-06
-2.255068e-06
7.027016e-08
4.092212e-08
4.074222e-07
-6.013181e-07
-8.028948e-07
-2.794376e-07
-1.862653e-07
-2.963724e-07
6.315194e-08
-1.141871e-04
-1.274511e-04
-3.047345e-04
-2.531205e-04
-6.208382e-05
-6.513732e-05
1.547123e-04
-9.231805e-05
-7.663999e-06
-9.412914e-06
5.506231e-06
-1.997245e-07
-1.197489e-05
2.024725e-06
-1.956418e-05
-3.233570e-05
-3.230283e-05
-4.751329e-05
7.082431e-08
8.066055e-09
4.891523e-08
3.912089e-08
-1.435211e-07
-1.156225e-07
5.544623e-08
-5.134102e-08
-5.987999e-08
-2.999335e-03
-2.714654e-03
2.287645e-03
-2.877958e-03
-5.541540e-03
3.343670e-04
-4.011965e-03
-3.148826e-04
3.290404e-03
-4.108775e-07
-6.361436e-08
-4.747209e-07
-1.576993e-07
-4.545122e-08
-2.114291e-07
-1.888534e-07
-1.672274e-07
-4.513765e-07
-8.542583e-05
5.504260e-05
1.504905e-04
-4.919132e-05
-4.804405e-08
7.774636e-05
4.059989e-05
1.727718e-05
6.313164e-05
4.120645e-08
-2.393537e-08
8.370692e-09
-2.826443e-08
-1.120772e-07
-7.375377e-08
1.808717e-08
-1.769023e-08
1.424175e-08
2.946296e-08
-1.081008e-07
-6.779058e-08
-7.646141e-08
-1.808798e-07
-1.055628e-07
1.131511e-08
-1.026202e-07
-5.774534e-08
-2.611723e-07
1.949012e-07
4.386931e-07
-8.479248e-07
3.336928e-07
5.857018e-07
-9.143927e-07
-2.633489e-07
2.344197e-07
-5.297342e-05
-6.124554e-05
-3.341723e-04
1.295791e-04
-5.899831e-05
-5.893396e-05
1.342856e-04
2.458583e-04
-1.746619e-04
1.050074e-06
-1.501930e-07
-5.686330e-08
-4.444414e-07
-1.098881e-06
-5.490111e-07
5.620817e-08
-9.360334e-07
-3.754679e-07
2.655114e-05
1.867596e-05
1.392113e-05
1.802751e-05
-1.497608e-05
-7.035293e-06
1.417520e-05
3.358761e-06
-6.287253e-06
-7.070589e-07
-1.426398e-07
-1.270641e-07
-9.110367e-07
2.374924e-07
-6.442377e-08
-1.929812e-07
-3.290593e-07
3.810213e-07
-7.799701e-07
-7.204541e-07
-7.267959e-06
-2.292106e-06
8.320319e-06
-7.300015e-06
-1.106465e-05
-5.205708e-06
-5.269007e-06
8.162743e-06
-8.044293e-06
-2.546239e-05
-1.607893e-05
-2.051785e-05
-2.517313e-05
-1.725981e-05
-5.407867e-06
2.717165e-05
2.115722e-06
-2.269216e-06
3.183434e-06
8.787854e-07
-2.984058e-06
-2.320496e-06
3.796418e-06
4.127241e-07
-1.926259e-06
-7.876686e-04
3.827312e-04
-2.820892e-04
-6.926225e-04
1.388292e-03
3.488992e-04
-3.040061e-04
7.514709e-04
5.107248e-04
1.784268e-04
1.112392e-04
1.223108e-04
7.458059e-05
7.515107e-05
1.257494e-04
7.019938e-05
-4.056146e-06
1.165966e-04
2.422779e-07
-2.145198e-07
2.990394e-07
-4.280894e-07
-6.598095e-08
-3.064179e-07
1.050839e-07
6.882385e-07
-7.725936e-07
2.153921e-03
2.128458e-03
5.801515e-03
8.184167e-03
1.200058e-02
8.846367e-03
7.948015e-03
-2.102515e-03
3.564817e-03
6.556383e-09
7.160285e-07
-1.363278e-06
1.639767e-06
1.341133e-06
1.482854e-06
8.953588e-07
1.860803e-06
9.233481e-07
-2.417719e-04
-6.612658e-05
-1.502321e-05
-2.471531e-04
-2.126174e-05
-1.176272e-04
1.825409e-04
6.817463e-05
2.493656e-04
2.577165e-07
-6.914223e-08
2.048112e-07
3.922106e-08
-3.636536e-08
-1.024315e-07
5.263378e-09
-7.701246e-08
-2.148184e-07
6.635927e-07
2.402688e-07
-1.127561e-07
1.889137e-07
-2.517029e-07
-1.007834e-07
-7.125986e-09
-1.743224e-07
3.674068e-07
-2.134425e-07
2.944025e-06
-1.507856e-06
1.113674e-06
2.805092e-06
2.416300e-06
-8.154336e-07
-1.228253e-06
-5.107180e-07
-2.338897e-04
-1.356839e-04
-8.219218e-06
-2.339341e-04
-9.999127e-05
-7.060664e-06
-1.625282e-04
-8.186747e-05
-4.800536e-05
1.081351e-07
-1.093236e-07
1.532511e-08
-9.362537e-08
-2.645584e-07
1.004239e-08
-1.527403e-07
-1.000292e-07
1.222435e-08
-1.948653e-07
-7.102318e-07
-3.022156e-06
-4.211204e-06
-2.473409e-06
-8.124593e-06
-4.526020e-06
-4.741403e-06
-8.993229e-06
-1.377449e-07
-5.509254e-08
-2.434395e-07
1.566553e-07
2.029271e-07
4.679479e-08
2.249992e-07
2.906842e-07
7.441081e-08
-9.555064e-07
-4.413032e-06
-3.479545e-06
1.467622e-06
-4.696039e-07
-7.622325e-07
-1.211988e-06
-2.598478e-07
-8.097732e-07
-7.859956e-07
1.677861e-06
6.381711e-06
-3.705898e-07
-2.903162e-07
5.008974e-06
-4.099078e-06
-7.222038e-06
-1.379797e-06
-1.790955e-07
3.803217e-07
3.995814e-07
-8.318501e-07
-1.153763e-07
-1.487297e-07
-7.899831e-07
-6.727241e-07
-2.997726e-07
-1.202699e-04
-6.981632e-05
-2.198637e-04
-6.524539e-05
-5.797447e-06
-1.997032e-05
-1.827345e-04
-1.956218e-04
-3.919007e-05
5.478379e-05
1.294310e-05
-9.729950e-06
2.377830e-05
1.525583e-05
-4.996749e-06
1.381400e-05
1.516739e-05
-5.339833e-06
-1.903782e-07
-3.237426e-08
-3.841602e-08
-2.356940e-07
-1.606306e-07
1.460519e-07
-2.125967e-07
-2.441548e-07
-6.517902e-09
-1.472039e-03
-1.766095e-03
-2.662671e-03
-1.121886e-03
-7.710583e-04
-2.624989e-03
-2.611683e-03
-2.481336e-03
-2.951923e-03
-1.101684e-07
6.838938e-08
8.263734e-07
3.805054e-07
3.920360e-07
7.643578e-07
3.759109e-07
3.332316e-07
2.733803e-07
1.334233e-04
1.497207e-04
7.473752e-05
1.535542e-04
1.761691e-04
5.712988e-05
1.175139e-04
6.073355e-05
-1.482373e-05
-4.122648e-08
8.171637e-08
7.717740e-08
-1.486886e-07
-1.223020e-07
-3.281401e-08
-1.366730e-07
-1.712145e-07
-1.250890e-07
3.128982e-08
4.696612e-08
-1.455268e-07
9.090584e-09
-2.860301e-08
-1.759334e-07
7.720786e-08
9.268926e-09
-6.462568e-08
-4.281999e-07
-7.739494e-07
1.178644e-07
3.451729e-07
-6.806154e-07
-5.445299e-07
7.908482e-07
8.016250e-07
7.607433e-08
-2.104913e-05
-1.842671e-04
1.845672e-04
-1.072137e-04
-2.039761e-04
3.691583e-05
-4.294945e-05
-1.328204e-04
-1.261715e-05
-3.311202e-07
-3.127821e-07
7.357885e-08
3.786285e-08
-5.794763e-07
-5.444313e-07
2.269686e-07
-4.514865e-07
-3.733705e-07
-1.740916e-05
4.141041e-06
-1.357878e-05
-1.460988e-06
1.352026e-05
-6.162053e-06
-1.317411e-06
1.471888e-05
-1.632987e-05
3.385781e-07
1.484885e-07
2.666064e-07
1.497039e-07
-2.406097e-08
6.325300e-08
-1.351218e-07
-6.846878e-08
-1.341502e-07
4.619688e-06
-4.672424e-06
3.072440e-06
2.983974e-06
-5.691594e-06
-5.317539e-06
-2.595498e-06
-5.195970e-06
-7.203245e-06
-4.795089e-06
8.425340e-06
-1.937885e-06
2.629281e-05
1.926786e-05
1.069647e-05
-1.516271e-05
7.620596e-06
-1.814439e-05
-1.529928e-06
-2.428579e-06
8.217204e-07
2.866757e-07
2.875849e-08
3.053200e-06
6.056331e-07
-1.597484e-06
3.074101e-06
-7.342341e-05
3.274999e-04
4.700928e-04
-1.747223e-04
-1.417700e-04
-6.052273e-04
4.317623e-04
4.248856e-04
-3.269713e-04
-6.485578e-06
-1.271918e-04
-3.916060e-05
-5.325590e-05
-3.773615e-05
-5.157775e-05
-7.647060e-06
-1.875427e-04
6.301378e-05
1.078037e-07
-2.832067e-07
3.125045e-08
-1.289189e-07
-4.017170e-07
-2.475227e-07
7.291705e-08
-2.198747e-07
1.992901e-07
-4.525499e-03
-6.675088e-03
-4.371921e-03
-5.696121e-03
-9.587252e-03
-1.602045e-03
-5.125219e-03
1.473649e-03
7.679448e-03
-3.019365e-08
6.684944e-07
-5.804819e-07
-4.451237e-07
9.518378e-07
-1.183697e-06
-4.812575e-07
2.214135e-06
6.123552e-07
1.729022e-04
-9.365001e-05
-4.614698e-05
-2.581149e-04
-2.853565e-04
-3.998370e-04
-8.702976e-05
-3.113405e-04
-5.984573e-04
-4.586524e-08
-2.831538e-07
5.681899e-08
-5.414444e-08
-1.511758e-07
1.162280e-07
9.158404e-08
-5.872964e-09
2.663662e-07
-2.774524e-07
5.097477e-08
-2.308854e-07
1.923622e-07
2.203213e-07
-2.262165e-07
-1.666903e-07
-8.952709e-08
-7.222863e-07
5.700729e-07
6.661861e-07
1.193366e-07
-7.115217e-07
2.749857e-06
-3.486712e-07
1.809693e-08
2.131978e-06
7.864772e-07
9.208499e-05
1.490842e-04
1.779570e-04
-5.559415e-05
4.146323e-05
-8.917008e-06
-5.080155e-05
-7.483690e-05
-1.696023e-06
1.252576e-07
6.407274e-08
9.604832e-08
1.268761e-07
1.866600e-07
1.666507e-07
2.134262e-07
9.901319e-08
1.594049e-07
7.551292e-07
5.464032e-06
3.598947e-06
3.922754e-06
6.192569e-06
5.331126e-06
-7.029756e-07
-1.439948e-06
2.998459e-06
5.537429e-08
-3.743930e-08
-4.751505e-08
3.468834e-09
-1.082899e-07
-9.454875e-08
-1.387548e-07
-1.317120e-07
-1.200283e-07
3.181328e-07
1.393477e-06
3.108782e-06
-6.932296e-07
4.393409e-07
1.271109e-06
1.407741e-06
5.808705e-07
-5.888579e-07
-8.995737e-08
2.759997e-06
4.587573e-06
-6.749128e-06
-8.219026e-06
-5.853921e-06
-9.919586e-08
-2.657579e-07
-4.752308e-07
3.096885e-07
4.631275e-07
4.895929e-08
3.578922e-07
7.499776e-07
6.140552e-07
-1.283659e-07
6.266553e-07
5.854839e-07
-1.015113e-04
-7.039223e-05
-1.012814e-04
-1.271260e-04
-2.468314e-04
-1.328223e-04
-8.390417e-05
-1.438220e-04
-1.843984e-04
1.581664e-05
1.091663e-05
1.088963e-05
1.981495e-05
8.678359e-06
3.350690e-05
5.734217e-06
3.930655e-06
1.940683e-05
-1.560820e-08
1.387742e-07
7.647148e-08
-6.050925e-09
3.783922e-08
1.423488e-07
7.867658e-08
-6.790947e-09
7.111124e-08
-8.540014e-04
-4.570137e-03
-2.582630e-03
3.444989e-03
-5.089300e-04
3.510982e-04
-1.273318e-03
4.095086e-03
6.963306e-03
-7.795386e-08
2.976411e-07
-1.747348e-07
1.699168e-07
2.357884e-07
-4.280652e-08
-1.024995e-08
3.170865e-08
1.878189e-07
4.561164e-05
4.200714e-05
6.581030e-05
-2.130423e-06
2.589067e-06
-1.847744e-05
-9.309970e-05
-9.103986e-05
-3.439946e-05
-4.164908e-08
-2.856257e-08
-1.339424e-08
-1.838289e-08
-1.371261e-08
1.199279e-08
-3.509775e-09
-1.492378e-08
-1.465028e-08
3.543013e-08
2.741128e-08
1.151323e-07
1.999004e-08
2.321351e-09
7.392924e-08
-2.908846e-09
-1.701041e-08
3.061985e-08
-9.607263e-08
2.439562e-07
5.419163e-07
-4.183649e-07
-4.258314e-07
4.515223e-07
5.051169e-07
-2.340630e-07
3.122355e-07
