1.720853e+00
1.711531e+00
1.595735e+00
1.683521e+00
1.386260e+00
1.556348e+00
1.663564e+00
1.626623e+00
1.682999e+00
1.584118e+00
1.533160e+00
1.685500e+00
1.651183e+00
1.558733e+00
1.526458e+00
1.728994e+00
1.829581e+00
1.891821e+00
1.520785e+00
1.664537e+00
1.719826e+00
1.530415e+00
1.827080e+00
1.698059e+00
1.585637e+00
1.686107e+00
1.618108e+00
1.620444e+00
1.738549e+00
1.414490e+00
1.805373e+00
1.796954e+00
1.776571e+00
1.721107e+00
1.809230e+00
1.716536e+00
1.684037e+00
1.666632e+00
1.632804e+00
1.616149e+00
1.611659e+00
1.708788e+00
1.734147e+00
1.615070e+00
1.707572e+00
1.684036e+00
1.613811e+00
1.779892e+00
1.569456e+00
1.721717e+00
1.477820e+00
1.715254e+00
1.686508e+00
1.494410e+00
1.604470e+00
1.711723e+00
1.614606e+00
1.808192e+00
1.749642e+00
1.565942e+00
1.658111e+00
1.549786e+00
1.790599e+00
1.716923e+00
