4.410730e-03
1.532740e-02
-2.387444e-03
7.815668e-03
1.505521e-02
4.929855e-03
1.254859e-02
2.027432e-02
1.533810e-02
-7.307951e-03
1.293372e-02
-5.322374e-02
-4.701571e-02
1.126159e-01
9.038926e-02
5.020595e-03
-8.184030e-02
2.454999e-02
-2.637051e-03
1.682676e-02
4.710454e-02
-8.573371e-03
-3.257464e-02
1.825689e-02
-7.961584e-03
6.332184e-02
-1.140490e-02
-5.202791e-02
-2.280841e-02
-2.049803e-02
1.875190e-03
-3.099180e-02
-5.095003e-02
1.508744e-02
1.202629e-02
7.006603e-03
-7.359010e-03
-5.510834e-04
-8.608968e-03
-1.410731e-02
-1.263137e-02
-2.387750e-03
2.249373e-02
8.118805e-03
-6.958951e-05
6.358200e-03
-6.594366e-02
6.171066e-02
6.300712e-02
-4.066132e-02
-2.740974e-03
-4.639699e-02
4.084321e-02
-6.496067e-02
-1.733935e-02
1.604430e-02
-2.863055e-02
-3.070064e-02
1.063615e-02
8.258544e-04
2.868105e-03
-6.465610e-02
3.669732e-02
2.364047e-02
7.087056e-03
-2.209576e-02
1.678355e-02
2.985440e-02
-6.073945e-03
1.130655e-02
2.383109e-02
4.331461e-02
6.776191e-03
-4.791029e-03
9.715980e-03
-1.324045e-03
-7.400577e-03
3.475056e-04
1.017573e-02
-4.693605e-03
-1.068538e-03
1.832183e-02
-5.138857e-03
6.954632e-03
-2.598286e-02
-2.546701e-02
1.676723e-02
1.520901e-02
7.949308e-03
4.754572e-02
-2.631830e-02
4.802280e-02
-6.329048e-02
-1.675175e-02
2.934255e-02
-1.477963e-02
1.605336e-02
-3.719493e-02
7.603261e-02
-5.073052e-02
-1.227576e-02
-1.712695e-03
-3.876970e-03
-3.059377e-02
4.335035e-03
-5.849719e-02
8.390260e-03
-8.661168e-03
3.339157e-02
2.486098e-02
8.161726e-04
1.331349e-02
1.483098e-02
-2.349947e-03
-1.345638e-02
-5.326287e-03
-1.366221e-02
-5.424083e-02
-6.307015e-02
7.207159e-02
2.625761e-02
-2.243217e-02
2.719435e-02
1.157300e-02
4.968718e-02
-2.668894e-02
-3.448927e-02
-4.481776e-02
-1.017705e-01
-5.405950e-02
-1.812494e-01
-4.556559e-02
-4.140536e-02
-2.318191e-02
2.535695e-03
-7.188155e-03
1.970864e-03
-1.220894e-02
-3.458776e-02
-4.970889e-03
-4.270404e-03
-1.131464e-02
-1.917856e-02
-5.336521e-03
-1.050077e-02
-1.157426e-02
5.606337e-03
-9.120634e-03
-6.311772e-03
2.117334e-02
-6.519391e-03
3.815244e-03
1.905645e-02
2.732919e-02
8.756224e-03
-1.534832e-02
9.283418e-04
-8.954497e-02
2.016624e-02
3.879325e-02
2.177439e-02
1.782788e-02
-2.871613e-03
-8.021254e-04
3.384373e-02
-1.630133e-03
1.272833e-02
-5.220884e-02
1.380177e-02
5.721375e-03
6.018512e-02
1.846271e-02
4.004505e-02
1.120187e-02
5.000177e-02
1.683037e-02
-6.097611e-02
-1.424972e-02
1.603687e-03
1.965231e-03
2.958320e-02
3.097935e-03
-1.789508e-02
2.646009e-02
-1.113675e-02
-1.749665e-02
1.517890e-02
4.967473e-03
-1.254818e-02
-5.087936e-02
-3.902027e-02
-6.146477e-02
-9.711540e-02
-4.075568e-02
-2.385252e-01
-1.827676e-02
-5.298693e-02
-6.693991e-02
-4.267569e-02
-2.608099e-02
6.412352e-03
-2.728750e-02
-9.238627e-02
6.032193e-03
7.624415e-03
2.945462e-02
-3.322059e-02
-2.057380e-02
1.473715e-02
-5.778159e-03
1.524818e-02
3.820585e-02
1.988682e-02
5.284916e-03
1.031093e-02
8.474932e-03
7.897881e-03
4.495511e-03
1.073217e-02
-1.344626e-02
-1.141770e-02
-1.364456e-02
3.255764e-03
7.004345e-03
5.715434e-04
3.877827e-02
3.014218e-02
1.784114e-02
-2.558899e-02
-3.715483e-02
-3.737842e-02
3.780375e-03
1.957079e-02
2.955225e-04
1.610636e-02
-3.767506e-02
2.127877e-03
3.613625e-03
-1.271796e-01
2.891540e-02
-2.739223e-02
-5.149670e-02
-3.262384e-02
3.004093e-02
-1.786235e-02
4.445923e-02
2.376208e-02
2.155732e-02
-2.464596e-02
4.293319e-02
-1.096562e-02
1.632122e-02
-7.276100e-04
1.883172e-02
1.200501e-02
1.006982e-02
5.152944e-03
3.987038e-03
-2.190231e-02
6.186260e-03
1.377389e-02
4.001475e-02
5.236182e-03
-3.277605e-02
-3.033874e-02
4.399922e-02
-2.482447e-02
-2.754560e-02
-1.222084e-02
6.621882e-02
-4.059099e-03
3.094532e-02
5.123293e-03
-1.512875e-02
-1.526191e-02
-1.133485e-01
3.381938e-03
-3.481050e-02
-4.311962e-02
3.533932e-03
1.331966e-03
1.105721e-02
-1.324984e-02
-1.818548e-02
4.920368e-03
1.726679e-02
2.630870e-03
1.606639e-03
-2.350402e-03
5.819244e-03
4.199734e-03
4.210956e-03
1.386735e-02
4.678419e-03
1.175089e-02
1.640610e-02
2.016383e-03
-2.114354e-02
-1.817502e-02
-3.451560e-02
7.628801e-02
2.034931e-02
-7.081971e-02
1.496234e-02
-1.056301e-01
-6.246892e-02
-1.399988e-02
-4.679079e-02
5.416968e-03
-4.182695e-02
-2.133160e-03
4.306852e-02
3.631298e-03
5.912267e-02
1.573423e-03
-2.218288e-02
-1.857935e-02
-5.123880e-02
-4.600130e-02
-2.666205e-02
5.091792e-02
-1.233988e-02
1.206833e-02
4.059920e-02
1.965170e-02
8.625273e-03
1.079475e-02
9.708934e-03
1.452394e-02
-5.508850e-03
-2.788974e-03
-2.953906e-02
-1.428315e-02
1.421801e-02
-3.925616e-02
1.966868e-03
-3.493276e-03
-3.894608e-02
4.296133e-02
-2.292244e-02
3.771167e-02
-3.407271e-02
-3.675020e-02
-4.444788e-02
-6.030840e-02
-1.162383e-02
-2.348459e-02
-1.521167e-02
-7.770060e-02
-3.852742e-02
-3.776406e-02
4.245831e-02
6.456070e-02
-1.886170e-02
2.611155e-03
2.428174e-02
-3.285781e-03
-5.839759e-03
2.308983e-02
3.543874e-02
7.693233e-03
-9.027608e-03
8.549009e-03
-9.061975e-03
-1.590288e-02
2.948760e-03
1.608458e-02
6.169877e-03
1.017783e-02
1.448890e-02
-1.050621e-02
4.911440e-02
1.865602e-02
1.175183e-02
4.128665e-02
2.616584e-02
6.002670e-03
4.806150e-02
-4.651456e-02
1.144527e-02
1.376379e-02
3.201497e-02
8.455386e-02
2.526476e-02
2.068523e-02
-5.333924e-02
-5.415837e-02
-4.921162e-02
7.417024e-03
1.121658e-02
-5.927461e-02
-3.543534e-02
2.979486e-02
1.137816e-02
4.325377e-02
-2.264404e-03
7.228999e-03
9.003796e-03
-1.960234e-02
2.693585e-02
3.987468e-02
-1.903665e-03
9.570093e-03
-7.906585e-03
1.388054e-04
-4.006246e-02
-1.115155e-01
-7.724769e-02
-7.048427e-02
-1.736262e-01
-1.292844e-01
-5.421320e-02
-8.350457e-02
-4.225540e-02
2.923724e-02
-2.064849e-03
-4.968431e-03
1.302744e-02
-4.751280e-02
-2.960979e-02
9.483361e-03
-4.818848e-02
-4.740730e-02
6.098857e-03
3.977993e-03
9.745561e-03
7.586240e-03
8.440053e-04
1.487532e-03
6.998355e-03
5.882925e-05
1.924509e-02
-9.471569e-04
1.074835e-02
1.550989e-02
-1.232432e-03
9.185986e-03
5.409430e-03
-4.067425e-03
-8.926263e-03
-1.464821e-02
1.183488e-03
-5.766470e-02
1.418221e-02
2.331142e-02
1.183960e-01
-4.364748e-02
4.590970e-02
-1.125418e-02
4.759413e-02
3.966846e-03
6.791032e-03
-3.012589e-03
2.614709e-02
-4.925229e-02
2.457756e-02
-1.299336e-02
3.417715e-02
-2.616140e-02
1.272080e-02
1.821877e-02
1.081558e-02
-2.635220e-02
-1.208260e-02
3.701283e-02
-1.811149e-04
7.370452e-02
2.206128e-04
1.053600e-02
1.347896e-02
1.452941e-02
-2.152763e-02
2.177340e-02
1.853833e-02
1.402242e-02
1.696708e-02
2.425596e-02
5.287825e-03
-5.884291e-02
-4.157440e-02
3.066567e-02
-2.498977e-01
1.565222e-02
-5.711088e-02
-6.455551e-02
-3.551642e-02
1.864444e-02
-8.250652e-02
-5.653521e-02
-4.570762e-02
-4.825321e-03
-7.173386e-02
-5.954061e-02
-2.311166e-02
6.041583e-03
1.404680e-02
1.372855e-02
-2.043157e-02
-2.146358e-02
1.027402e-02
-1.083334e-02
-2.215964e-02
1.063084e-02
3.029877e-02
8.960788e-03
2.665385e-03
7.192973e-03
4.147623e-03
-9.737884e-03
6.264696e-04
7.513788e-04
-4.938176e-03
-1.346177e-03
9.877495e-03
-5.848644e-03
1.527183e-02
6.624509e-03
-1.928686e-02
-3.222192e-02
6.054118e-02
4.540189e-02
1.979779e-02
-4.842164e-02
-1.653706e-02
-6.174179e-02
-4.933154e-02
7.014630e-02
-7.353780e-02
4.147061e-02
-5.024602e-03
-1.198230e-02
4.266382e-02
1.836774e-02
-7.938669e-03
3.458219e-02
-2.865990e-02
-2.484750e-02
2.137183e-02
8.865918e-03
-5.842332e-03
-1.173532e-02
-2.644823e-02
-2.370630e-02
1.853201e-02
-1.228723e-02
-7.545111e-03
-5.849303e-03
1.639970e-02
1.981030e-03
-7.405937e-02
-1.228362e-02
-4.268019e-02
4.628243e-02
-9.274931e-02
-1.145133e-02
2.547500e-02
5.319715e-03
3.247981e-03
-7.358367e-03
-6.863431e-02
-5.554547e-02
1.402704e-02
-7.264950e-02
-5.690402e-03
-1.397311e-03
4.786332e-02
1.036193e-02
6.657569e-03
3.302483e-03
1.228127e-02
-6.493852e-03
-1.398249e-03
5.966104e-03
-5.230651e-03
7.744489e-03
2.128433e-02
-6.422249e-03
-1.126924e-02
-1.343786e-02
-4.246947e-03
3.920249e-03
1.846757e-03
4.206967e-04
4.440302e-05
-9.989516e-03
-6.454786e-02
-1.792600e-01
-1.595292e-02
-5.816230e-02
1.588636e-02
-3.364060e-02
-2.907541e-02
-6.726950e-02
-5.607179e-02
-6.497881e-03
1.873625e-02
-4.235325e-02
-3.146810e-02
-5.604616e-02
9.653889e-03
-1.220422e-02
-2.515908e-02
2.124342e-02
9.657643e-03
-1.066886e-03
-4.182303e-02
1.809688e-02
1.360106e-02
5.830441e-03
-5.575936e-02
-5.254411e-02
-4.799891e-02
2.656575e-02
-6.558699e-03
-1.496563e-02
2.842550e-02
1.627185e-02
-8.872383e-04
2.912427e-02
2.268791e-02
6.448626e-03
1.366739e-02
6.219945e-02
1.158723e-02
2.782059e-02
-2.892832e-02
1.960536e-02
-9.087963e-03
-4.424795e-02
2.243390e-02
2.452695e-02
-7.935462e-02
-3.591380e-03
-7.469265e-02
-4.879573e-02
-3.990214e-02
3.372008e-03
-3.214959e-02
-2.101226e-02
-1.670579e-02
-6.837001e-03
1.707427e-02
5.009662e-03
6.247158e-03
-1.035405e-03
-1.023379e-02
-5.496980e-03
-8.488535e-03
-6.583188e-04
2.195486e-03
9.005264e-03
9.020777e-03
2.268198e-03
9.678938e-03
-1.033083e-03
-7.355575e-03
-1.271467e-03
3.525021e-03
-2.964425e-02
2.229438e-02
3.777512e-03
-5.399571e-03
3.770181e-02
1.927345e-02
-2.389516e-03
3.633804e-02
6.994479e-04
-6.856909e-02
-5.360654e-02
-1.644181e-02
6.589041e-03
-2.539382e-02
4.983070e-02
1.108393e-01
4.633470e-02
7.451245e-03
-7.891205e-03
9.925751e-03
-8.529210e-03
-3.873295e-02
1.132958e-02
-1.734572e-02
7.966047e-03
-1.729409e-03
4.335252e-03
-2.065017e-02
-7.940507e-03
2.030300e-02
-1.943216e-02
-1.574256e-02
5.249371e-03
-2.430146e-03
-7.452484e-03
-1.078128e-02
3.665566e-02
2.816263e-02
2.046162e-02
7.845404e-03
5.390628e-02
-3.715474e-02
-3.753685e-02
2.582924e-02
-1.054585e-02
-5.704103e-03
-5.172855e-03
-1.240758e-02
-2.156308e-03
-8.313785e-03
-7.073415e-03
-5.966315e-02
-3.507610e-02
8.154498e-03
1.551467e-03
4.249820e-03
3.935214e-03
4.092481e-03
4.627841e-03
9.277484e-03
-8.674244e-04
1.192599e-02
4.904944e-03
1.755076e-03
-2.560599e-03
1.413839e-03
-6.439189e-04
-4.429641e-03
-2.596682e-03
-4.069356e-03
-9.602030e-03
-9.741855e-03
-1.768414e-02
-4.530537e-03
3.779812e-02
6.612625e-04
3.499264e-03
3.340899e-02
-1.522825e-02
-3.549968e-03
-8.466245e-03
-1.905220e-03
-1.600529e-02
-9.382013e-04
3.641256e-03
-6.411358e-03
1.256571e-02
1.488829e-02
-1.270310e-02
-3.596506e-03
1.184924e-02
-4.370737e-03
-1.318715e-02
-1.051089e-03
-1.031796e-02
-2.192683e-02
-2.608746e-03
8.382144e-03
7.068426e-03
6.713463e-03
9.473684e-03
-1.774319e-02
-1.601436e-02
-6.660061e-03
-1.001045e-02
-1.618025e-03
7.317371e-03
5.823708e-02
6.146879e-02
1.341280e-01
1.750047e-02
6.465720e-02
1.028846e-01
-4.020946e-03
8.255333e-02
5.620644e-02
6.044718e-04
2.723207e-03
1.358870e-03
-2.243391e-02
1.456656e-03
1.814759e-02
2.997381e-03
-3.863538e-03
-6.265568e-03
-1.197342e-02
-1.132433e-02
-7.837861e-03
-9.098718e-03
-1.527459e-02
-1.555258e-02
-3.090000e-02
-3.987429e-02
-3.176139e-02
1.310001e-02
6.676571e-03
5.648958e-03
1.190951e-02
8.086964e-03
7.319781e-03
1.064668e-02
6.048056e-03
6.876280e-03
-1.679320e-02
-2.428300e-02
-3.490068e-02
-4.860194e-04
-9.390913e-03
-1.408711e-02
1.986988e-02
9.139883e-03
9.276761e-03
-1.091970e-02
-2.097491e-02
-6.577467e-02
-2.229973e-02
-3.829993e-02
-5.503424e-02
-3.033623e-03
-1.090753e-02
-1.088884e-02
-1.674202e-02
-1.803162e-02
-9.840035e-03
-2.940562e-03
-3.355457e-04
-6.098651e-04
1.007667e-02
1.826648e-02
1.438029e-02
9.537498e-03
3.887027e-03
-4.959278e-04
-1.012242e-03
-6.311057e-03
-1.996383e-02
1.109385e-02
-4.115012e-03
-1.891815e-02
2.173313e-02
1.652455e-02
3.118871e-02
3.345201e-02
3.206248e-02
4.483240e-02
6.916722e-03
5.102646e-02
4.490321e-02
1.870714e-02
1.665235e-02
-2.046595e-03
1.269958e-02
-6.026226e-04
1.242247e-02
6.635572e-03
2.410038e-04
5.802830e-03
7.704868e-03
4.642688e-03
6.214789e-03
6.448237e-03
6.114291e-03
8.736688e-03
1.016701e-02
1.141217e-02
6.809289e-03
6.737822e-03
7.879045e-03
3.716284e-03
9.284065e-03
3.947643e-03
1.885627e-03
6.935591e-03
5.816010e-03
-3.628136e-04
-8.575793e-03
7.810625e-03
-4.892239e-03
1.636518e-02
-3.869228e-02
6.140412e-02
1.860026e-03
5.314287e-02
-3.272223e-02
2.142637e-02
2.551301e-02
1.842741e-02
4.106594e-03
1.915699e-02
-5.337930e-02
2.890556e-02
-1.367566e-02
-1.467414e-02
-2.921285e-02
6.475208e-03
2.343083e-02
2.142439e-02
4.085615e-02
2.746649e-02
2.855506e-04
3.631677e-03
1.770385e-02
-1.306356e-02
-9.083987e-03
1.114201e-02
1.074157e-03
4.508667e-03
2.099531e-02
2.994770e-03
9.772857e-03
1.600114e-02
4.000895e-02
-1.604085e-02
1.262727e-02
-8.070461e-03
5.398222e-02
-1.067710e-02
9.080188e-02
-4.387410e-02
5.628973e-02
-9.022704e-02
-8.199527e-03
2.113390e-02
7.725410e-03
-1.030564e-02
2.811953e-02
7.752103e-03
4.279912e-02
-2.983046e-02
-1.850102e-02
-1.736412e-02
-1.205953e-02
-1.726689e-02
-8.712958e-03
2.206449e-02
3.469380e-03
1.135956e-02
2.825058e-02
-1.756066e-02
-1.129086e-02
-7.944920e-03
-2.031075e-02
-1.359485e-02
-9.324349e-03
-1.513108e-03
1.073140e-03
5.476933e-03
9.357231e-03
1.716510e-02
1.417900e-02
2.247688e-02
1.842086e-02
1.400145e-02
4.444448e-02
4.603698e-02
1.101963e-02
4.646575e-03
2.701873e-02
6.655662e-02
3.389493e-02
1.965684e-02
6.341750e-02
5.749663e-03
3.043630e-02
-1.171404e-02
4.086404e-02
4.164607e-02
3.046710e-02
3.770024e-02
5.318866e-02
-1.860747e-02
3.321658e-02
-1.874492e-02
-3.562726e-02
2.097096e-03
2.167548e-02
1.255920e-02
1.117465e-02
9.648118e-03
1.516989e-03
7.260410e-03
4.678916e-03
1.342379e-03
-4.886323e-02
-5.387400e-02
-3.475552e-02
-4.427192e-02
1.015440e-02
-2.303123e-02
-1.854180e-03
-5.329418e-02
6.575306e-03
-2.323244e-02
1.302923e-02
1.384870e-02
-8.457874e-03
1.492444e-02
-3.007095e-02
6.082020e-03
-3.136033e-02
-3.358728e-03
-6.875191e-03
-2.307327e-03
1.718429e-03
1.073150e-03
-3.053155e-03
1.055596e-03
3.737586e-04
-1.885847e-03
4.343390e-03
-1.077597e-02
2.500437e-03
1.841706e-03
-1.266212e-02
4.217776e-03
-4.278801e-03
-2.463997e-03
8.229211e-03
-7.835785e-03
-1.304487e-02
-1.655398e-02
6.247899e-02
-3.906009e-02
8.673546e-02
8.873640e-02
1.700438e-02
3.536892e-02
-1.949611e-02
5.993707e-02
4.203664e-02
2.241373e-02
5.531981e-02
-3.166187e-02
3.866948e-03
2.658572e-03
-1.423286e-02
-1.265157e-02
4.969801e-02
-2.587968e-02
-7.496313e-02
-7.704882e-04
-7.448673e-02
-5.775071e-02
2.766507e-02
2.429077e-03
-2.284733e-03
3.754265e-03
-2.274968e-03
-1.148064e-03
-2.335981e-02
-9.066699e-03
1.705928e-02
-1.592677e-02
9.009558e-04
9.585382e-03
4.875741e-03
-2.218074e-02
-5.073244e-02
-2.337621e-02
-5.757099e-02
-2.501290e-02
-3.556282e-02
-6.386447e-02
4.109576e-02
-4.645312e-02
-7.124919e-02
-3.744266e-02
-8.866420e-02
-1.858241e-02
-6.377210e-02
-1.074566e-02
-4.689403e-02
-3.986681e-02
1.773763e-03
1.243858e-02
3.146992e-02
2.454786e-02
1.831874e-02
5.121659e-03
3.116391e-02
1.536986e-02
2.196756e-02
4.690956e-03
3.553201e-03
4.520493e-03
-4.254971e-03
-1.637151e-03
-1.267127e-03
-1.497262e-02
-3.375529e-03
-5.906221e-03
7.006540e-03
-1.277344e-02
-6.484857e-03
-3.739116e-03
-1.929885e-02
-1.624613e-02
4.988113e-02
4.181466e-02
2.468506e-02
-6.249303e-02
-1.002175e-02
-3.041279e-02
-9.887453e-02
4.823042e-02
-1.728918e-02
-4.792809e-02
7.713665e-02
-3.154827e-02
1.856795e-02
-1.645438e-02
-2.665322e-02
2.486912e-03
-3.034467e-02
-1.982682e-02
4.279033e-03
-1.986526e-02
-6.916091e-03
-6.550681e-02
-8.680126e-02
-6.562138e-02
-2.387216e-02
-1.159112e-02
1.757207e-02
5.233155e-03
2.323270e-02
3.003987e-02
-1.641348e-02
2.094429e-02
-1.490223e-02
-1.098312e-02
-2.448116e-02
-8.014531e-02
-4.321102e-02
-3.970981e-02
-3.548057e-02
7.060972e-02
3.503306e-03
-3.411757e-02
-1.267504e-02
-1.917502e-02
-4.592082e-03
-6.272114e-03
3.346947e-02
4.645626e-02
4.621386e-03
-3.252750e-03
8.326849e-03
-3.511500e-03
4.093505e-03
7.983707e-04
4.893982e-03
7.805524e-03
7.389714e-03
3.052071e-03
5.646689e-03
-4.800264e-03
8.943990e-03
4.692762e-03
-5.753214e-03
1.016110e-02
2.626634e-03
-5.925293e-03
1.513812e-02
-3.799976e-03
-5.194024e-04
3.277961e-03
6.165132e-04
-1.477765e-02
6.877193e-03
4.746907e-03
1.912247e-03
-5.634546e-02
-3.960272e-02
-2.624659e-02
3.653533e-03
-9.136459e-03
-2.579462e-02
7.539222e-02
5.089164e-02
-5.886666e-03
-2.128713e-02
-2.743976e-03
-7.496498e-03
-4.660908e-02
-3.236800e-02
-3.190434e-02
-3.130739e-02
-3.099489e-02
-2.381229e-02
1.818937e-02
4.267590e-02
2.987628e-02
-1.739210e-02
2.091387e-02
3.259004e-02
-4.920378e-02
-2.293656e-02
-3.766095e-03
-1.322784e-02
-1.889294e-02
7.603996e-02
2.320198e-02
-2.723266e-04
5.570234e-02
4.379742e-02
-1.734239e-03
6.944162e-02
2.827920e-02
2.004325e-02
-3.474357e-02
5.343399e-03
1.331639e-02
-2.277344e-03
2.774701e-03
2.794280e-02
3.717664e-02
1.032018e-02
1.089572e-02
1.164788e-02
-6.639579e-03
5.743153e-03
1.733447e-02
-2.541100e-02
-2.410253e-02
-7.813017e-03
3.690294e-03
1.553004e-03
6.819229e-03
3.307675e-03
1.256164e-03
6.163620e-03
1.288587e-02
6.397549e-03
1.167733e-02
-4.216951e-03
-1.075721e-02
2.341292e-02
-1.577032e-02
-3.521002e-02
-6.691097e-03
-1.765234e-03
-1.899676e-02
-6.611458e-03
-1.636952e-03
4.252395e-02
-3.504741e-03
-1.377852e-02
3.009816e-02
-1.326247e-02
-3.906474e-02
1.301292e-02
-2.933594e-02
-3.650178e-02
-4.812051e-02
-4.132265e-02
-7.698589e-03
-3.260918e-02
-4.580295e-02
6.183884e-02
3.827937e-02
3.137912e-03
1.553693e-02
7.538889e-03
-6.357097e-03
1.078458e-02
3.439908e-03
-8.536180e-04
1.345494e-02
1.249503e-02
5.786529e-03
2.171035e-02
-2.043825e-02
1.463938e-02
-2.518946e-02
-2.653717e-02
-8.241077e-04
-3.288274e-02
-4.970016e-03
-1.104309e-02
-7.774137e-03
1.743463e-02
2.702338e-02
-1.116662e-02
-1.728224e-04
-2.570900e-02
-4.128307e-02
-3.134011e-02
-4.135469e-02
-1.065471e-03
2.344257e-03
2.240627e-03
-2.581945e-03
4.517342e-03
7.189907e-04
1.301189e-03
4.975772e-03
1.550473e-03
-1.581114e-04
6.969900e-05
7.918678e-05
-5.749810e-05
-1.146027e-05
2.288602e-05
-6.211323e-05
1.569393e-04
3.013725e-05
6.635727e-05
-4.835703e-05
-8.116101e-06
1.216608e-04
5.453996e-05
-4.787847e-05
1.871108e-04
-6.327729e-05
5.594839e-05
-3.267289e-04
1.655594e-05
1.254599e-04
-2.769319e-04
1.983336e-04
1.497225e-04
-2.971223e-04
1.645526e-04
7.031929e-05
4.908150e-05
-4.188321e-05
-2.235108e-04
2.064955e-05
-6.844300e-05
2.602245e-05
6.749474e-05
-4.525012e-05
1.868297e-05
1.049041e-03
-4.216285e-04
-3.728805e-05
2.744876e-05
-2.629985e-04
-1.447354e-04
-3.671676e-04
-2.577974e-04
-4.965373e-05
-9.065890e-05
2.656464e-04
7.614245e-05
-4.522107e-04
3.353547e-05
-7.588636e-05
-3.111094e-04
4.497193e-04
-1.081394e-04
-5.598385e-05
4.455353e-04
-6.944995e-05
-2.321395e-05
-1.092983e-04
-7.605725e-05
3.859420e-05
-2.332187e-05
-3.249297e-05
-2.219322e-05
-3.155302e-04
6.652850e-05
2.480330e-04
-1.523187e-04
3.325954e-04
-3.242205e-05
-1.047851e-04
1.470793e-05
-2.202955e-04
-1.474380e-05
7.202092e-05
-1.580293e-04
5.620414e-05
1.476871e-04
-2.647563e-04
8.967976e-05
-1.964035e-04
2.434790e-04
-4.037333e-05
-1.001013e-04
7.863090e-05
-3.383004e-05
-9.133072e-05
1.085221e-04
-7.242606e-05
2.490916e-05
-3.576700e-05
3.627922e-05
-1.455920e-04
3.540940e-05
-1.650583e-04
-2.759218e-05
1.697115e-04
-8.050461e-05
1.618427e-04
-8.420928e-06
-1.062448e-04
-7.443051e-05
-6.434713e-06
8.162121e-05
8.635249e-05
-4.265865e-05
-6.367777e-05
6.622381e-05
1.640924e-05
4.736077e-05
3.677010e-05
3.828546e-05
2.131336e-05
3.030525e-05
4.945321e-05
-6.605220e-06
4.473335e-06
-5.844941e-05
1.804572e-04
2.278722e-05
-1.965204e-04
-6.981468e-05
1.046917e-04
-7.205120e-05
1.611365e-04
2.828599e-04
1.898267e-05
5.914146e-05
-1.698897e-04
1.898430e-05
-1.126498e-04
-1.648033e-06
4.151390e-05
-1.157714e-04
-4.750076e-05
3.197840e-05
-5.575794e-05
-4.611195e-05
-1.673985e-04
-5.149525e-05
-3.683904e-05
-1.075624e-04
5.457528e-06
-5.455877e-05
-1.858344e-03
3.328120e-04
7.472567e-03
-9.938502e-03
-7.401979e-03
-3.666655e-04
-8.138218e-03
-1.219711e-02
-7.823549e-03
2.493944e-02
1.191070e-02
-1.558724e-02
4.827645e-02
5.152052e-02
3.387543e-02
8.738372e-02
7.035520e-02
8.096085e-02
-1.579028e-02
-2.080913e-02
-3.475955e-03
-2.657364e-02
-4.680717e-02
-1.811423e-02
-1.587813e-02
-4.442415e-02
-1.488176e-02
-3.876130e-02
-2.244373e-02
2.364563e-02
-3.540744e-02
-2.623664e-02
-1.618437e-03
-3.095063e-02
-1.356996e-02
1.318882e-03
4.046670e-03
2.188991e-02
3.253060e-02
-5.196164e-03
1.588777e-02
2.919889e-02
1.109049e-03
9.768252e-03
1.673885e-02
-2.183488e-03
1.174736e-02
3.163335e-02
2.999932e-02
9.902677e-04
1.450211e-02
3.579963e-02
2.555481e-02
7.484633e-03
7.123733e-03
3.787727e-03
1.819900e-02
1.046138e-02
1.074497e-02
-1.181908e-03
4.172974e-02
9.463503e-03
7.477244e-04
2.902040e-03
1.110240e-02
3.286718e-02
-1.137310e-02
8.736038e-04
9.624172e-03
-6.967279e-03
7.715202e-03
8.331124e-03
6.938012e-03
9.888074e-03
1.292677e-02
1.228611e-03
3.673377e-03
7.144461e-03
8.284165e-03
6.049417e-03
8.049675e-03
-1.109812e-02
5.939779e-04
2.508576e-02
-1.192284e-02
-3.911733e-03
1.419130e-02
-1.744392e-02
-1.506189e-02
-1.281541e-03
1.384261e-03
1.595058e-02
2.334818e-02
-6.473542e-03
-4.110698e-03
4.730683e-03
-2.353747e-02
-4.163108e-02
-2.418572e-02
-8.216075e-03
-3.028675e-02
-3.138118e-02
-6.188167e-03
-3.534748e-02
-3.798215e-02
1.084089e-03
-2.310284e-02
-3.072633e-02
-1.207739e-02
-3.708645e-02
-5.333333e-02
1.375063e-02
4.603291e-04
-3.038991e-02
1.175337e-02
1.497106e-02
-6.126059e-03
-1.515790e-02
-1.918750e-02
-5.731606e-03
6.028400e-03
-1.460468e-02
-1.204293e-02
5.818493e-03
-2.456690e-03
-1.629061e-02
-1.486174e-02
-2.407712e-03
-7.311243e-04
-9.235995e-04
-1.361011e-03
-1.164549e-02
-2.226577e-02
1.901323e-02
2.527457e-02
9.087181e-03
8.224752e-03
7.983009e-03
8.372823e-03
8.070554e-03
7.244275e-03
6.107962e-03
8.367764e-03
1.133819e-02
-3.162001e-03
-7.238143e-03
-1.592365e-03
-5.931628e-03
-9.023055e-03
-4.514025e-04
-4.742698e-03
-9.773396e-03
2.104678e-04
-1.000296e-02
-1.343044e-02
-6.362124e-04
-2.313104e-02
-2.684722e-02
-1.505110e-02
-4.031086e-03
-1.276176e-02
-9.844141e-03
7.323208e-03
-1.053939e-02
-1.246611e-02
-1.319125e-02
-3.613681e-02
-1.663864e-02
-1.065083e-02
-3.816242e-02
4.235876e-04
1.369683e-02
1.176147e-02
8.898875e-03
2.529457e-02
1.291044e-02
1.607918e-03
2.951737e-02
1.697957e-02
9.811108e-03
5.231399e-03
5.069628e-03
7.195591e-03
3.940030e-03
5.106144e-03
4.106132e-03
1.156844e-03
1.598077e-03
-2.635179e-03
-5.945942e-03
1.620974e-02
5.769005e-03
3.650305e-04
1.168950e-02
7.086895e-03
6.217329e-03
1.123122e-02
2.115338e-02
1.994404e-02
1.146231e-02
6.572626e-03
9.087296e-03
4.208767e-04
-6.477949e-03
-6.766268e-03
-3.599739e-03
-4.549313e-03
-1.409977e-02
-1.384351e-02
-2.780759e-02
-8.984076e-03
-5.649986e-03
-2.036431e-02
-7.401278e-03
-2.214871e-03
-1.330075e-02
2.894234e-03
6.083052e-03
1.051013e-02
9.914069e-03
1.596608e-02
1.747876e-02
1.239821e-02
1.638628e-02
6.291381e-03
1.675996e-02
5.081627e-03
2.693218e-03
1.390812e-02
1.323079e-03
-6.677391e-03
1.644550e-03
-4.746479e-03
-1.095154e-02
7.514088e-03
-1.312253e-03
-1.441630e-02
-1.777849e-03
-7.610196e-03
-2.112614e-02
-7.280700e-03
-9.073607e-03
-2.738876e-02
4.630337e-03
1.624868e-03
1.034885e-02
9.366818e-04
-8.366944e-03
-2.370179e-03
-5.179056e-03
-8.393588e-03
-6.834423e-04
-1.123633e-03
2.319178e-03
3.004542e-03
-4.136840e-03
-4.000653e-03
-4.464081e-03
-9.853970e-03
-5.430921e-03
-2.851191e-03
3.147473e-04
8.092979e-03
-5.084392e-03
-3.473338e-03
1.560274e-03
-4.893459e-03
-1.745485e-02
-1.725736e-02
-1.324113e-02
-1.069188e-02
-4.601362e-03
-7.205017e-03
-1.594829e-03
-7.402989e-03
-9.374915e-03
4.392711e-03
2.678873e-03
-1.238733e-02
1.745498e-03
4.890619e-03
4.998308e-03
8.115339e-04
3.817945e-03
4.167047e-03
8.101907e-04
1.382439e-03
1.291907e-03
-9.618491e-04
4.299954e-03
-3.284459e-03
-4.472971e-03
-7.728600e-03
-9.114707e-03
-2.773956e-03
9.233505e-03
7.794562e-03
-3.552719e-02
-1.372933e-02
-8.678652e-03
-9.420369e-02
-3.130645e-01
-5.693159e-02
1.734285e-03
-3.795400e-02
-2.670589e-02
2.627121e-02
-3.403086e-02
4.891594e-02
-1.637883e-02
-1.672425e-02
-7.744861e-02
3.093368e-02
1.944414e-03
1.724788e-02
-6.297017e-02
-7.459708e-02
-4.435424e-02
2.025888e-02
3.571452e-02
-3.125288e-02
-1.390810e-02
-2.835078e-02
-4.622483e-02
3.006412e-02
1.563757e-02
-1.312730e-02
3.507809e-02
-2.072693e-03
-1.651275e-02
2.798002e-02
-8.836314e-03
-2.012358e-02
4.814216e-02
-3.425439e-02
5.183578e-02
-6.702732e-02
5.199354e-02
-3.481174e-02
1.649313e-02
6.473302e-03
2.276346e-03
-6.454527e-02
-7.054322e-02
-1.040842e-02
-8.710490e-03
-5.495847e-02
-7.612959e-03
-1.795767e-02
2.608273e-02
-2.790020e-02
-1.063485e-02
-2.731483e-03
-2.630806e-02
-3.232343e-02
9.360852e-04
1.537794e-02
-1.950156e-02
2.951274e-02
1.342403e-02
2.048771e-02
-7.665128e-03
1.349480e-02
-1.454158e-02
-2.261730e-02
-1.390129e-03
1.511666e-02
-7.685934e-04
8.530058e-03
2.004914e-02
-3.738244e-03
4.467613e-02
-1.672712e-02
-1.226632e-01
-1.269089e-02
7.183715e-02
3.276483e-02
7.745069e-02
1.227850e-03
-1.633911e-02
-1.263657e-03
4.873020e-02
3.734273e-03
-2.462577e-03
3.718825e-02
1.845803e-02
5.303036e-02
-6.809932e-03
-6.210892e-02
2.045309e-02
-1.664742e-03
2.455564e-02
1.762648e-02
2.889775e-02
-6.054233e-02
2.341439e-02
-5.324967e-03
2.198592e-02
-5.170645e-03
2.764153e-02
9.439721e-03
1.207787e-02
3.518718e-03
-2.533511e-03
3.764222e-03
5.057681e-02
-1.240457e-01
-5.504218e-02
1.104835e-03
5.058976e-02
2.373146e-02
-8.161967e-03
-3.898007e-02
-2.679051e-02
-3.078972e-02
-3.302618e-02
-6.037928e-03
-3.104024e-02
-5.848631e-03
1.856193e-02
-5.054478e-02
-3.804038e-02
-1.313929e-03
-2.613504e-03
-3.193964e-03
4.384671e-04
-4.182250e-03
-2.742903e-02
-8.966998e-03
1.432607e-02
8.052318e-03
1.638574e-03
-3.201261e-03
-1.975462e-03
-7.391160e-03
8.357915e-03
4.900456e-03
-9.672827e-04
7.272590e-03
5.883812e-03
-6.302570e-03
-1.444702e-02
-6.874335e-02
-3.088094e-02
-8.704327e-03
-4.724631e-02
2.545245e-02
-5.024764e-02
-1.486167e-01
2.733640e-04
3.198801e-02
-3.816493e-02
-1.284052e-02
4.963433e-02
1.506931e-02
-2.630259e-02
8.220031e-03
2.687601e-02
1.168608e-02
-2.536726e-02
-7.928228e-02
-5.947329e-02
3.667688e-02
-2.807065e-02
-3.350211e-02
-1.462119e-02
8.794459e-03
2.495374e-02
-1.502657e-02
5.822763e-03
2.968825e-02
-1.797513e-02
-2.621355e-02
-5.823891e-03
2.164139e-02
-4.618998e-04
-2.224502e-02
2.829927e-02
-2.959562e-02
-2.131012e-02
-3.534866e-02
7.518639e-03
-3.609434e-02
-9.203840e-03
6.368443e-02
3.475344e-02
1.475355e-02
8.218656e-04
1.638680e-02
-3.275365e-02
-1.511395e-02
9.894243e-02
3.549193e-02
4.106704e-02
2.552428e-02
-1.468721e-02
1.077042e-02
2.448869e-02
1.178924e-02
-2.866112e-03
-4.604997e-04
1.729730e-03
-1.482462e-02
6.221941e-03
1.043679e-02
-3.007027e-03
8.596878e-03
-3.362875e-04
-8.560152e-03
1.020524e-03
3.691454e-04
-1.679523e-03
8.432787e-03
2.269082e-02
-3.551042e-02
-4.472597e-02
2.888124e-02
-3.555929e-02
-3.706100e-02
6.649463e-02
1.817343e-02
7.029438e-03
8.108370e-03
-1.000009e-03
8.178196e-03
-1.816781e-02
-2.044810e-02
-5.563459e-03
3.286541e-02
-2.212107e-02
-3.368833e-02
3.890776e-02
-1.248363e-02
-5.633429e-02
4.201684e-02
1.287256e-02
-4.329505e-02
-8.953654e-03
-1.124693e-02
2.047916e-02
-3.020269e-03
3.662544e-03
-1.380523e-02
9.289687e-03
2.212513e-02
7.220866e-03
1.657000e-02
1.842918e-02
2.745657e-03
3.912495e-02
1.635803e-02
-1.024494e-02
7.245924e-02
-1.929059e-02
-4.774467e-02
7.863491e-03
-1.563091e-02
4.799354e-02
-4.540876e-02
-9.229998e-02
-3.256651e-02
-6.659316e-02
-1.472267e-01
-6.052241e-02
-2.889713e-03
-2.088728e-03
-2.590156e-02
-7.626802e-03
-9.214626e-03
3.484273e-03
-9.059936e-03
-1.266743e-02
2.297022e-03
1.665300e-02
-1.873305e-03
-4.267673e-03
2.898951e-03
5.407339e-03
-5.137925e-03
1.116468e-02
1.259362e-02
-6.000649e-04
1.187943e-02
1.464376e-02
1.028672e-02
-5.263409e-02
-1.521183e-02
4.837368e-02
-2.344652e-02
-6.314758e-02
-7.813825e-02
-2.669283e-02
3.905367e-02
6.476180e-02
1.806064e-02
-1.634540e-03
-1.105125e-02
-2.082163e-02
1.244512e-02
2.188531e-02
1.236089e-02
-1.821827e-03
1.355113e-02
6.229528e-03
1.190048e-02
-1.959824e-02
-1.508183e-02
6.011588e-02
5.135531e-02
-1.756718e-02
-2.522287e-02
-1.021872e-03
1.255580e-02
-1.628377e-03
1.826661e-03
2.522626e-02
1.857880e-03
-1.230748e-02
8.730219e-03
1.285413e-02
4.668184e-03
-5.091933e-02
-1.637417e-02
-1.654358e-02
-1.273442e-01
-2.928417e-02
-6.083737e-02
-3.943333e-02
-8.504719e-02
-4.293346e-02
3.549986e-02
1.256686e-02
1.510867e-02
3.808760e-02
2.252572e-02
-1.692857e-02
1.391196e-02
2.383343e-02
4.305746e-02
2.393392e-02
5.923786e-02
1.506570e-02
-3.273284e-03
2.439021e-02
2.005033e-02
-2.068023e-02
-2.596104e-04
-4.439516e-03
-8.435654e-04
7.635302e-03
1.257366e-02
-1.039415e-02
-1.062373e-02
-4.351153e-03
1.750129e-02
1.029071e-02
1.892181e-02
2.305677e-02
1.390447e-02
-2.446008e-04
1.757241e-02
-9.314865e-03
-4.228221e-02
1.870522e-02
2.868330e-02
2.109786e-02
-1.048116e-03
-4.545895e-02
-5.751024e-02
5.542053e-02
9.457010e-03
-2.737368e-02
2.441841e-02
2.452536e-02
1.014863e-02
8.013838e-03
1.939449e-02
2.695709e-02
-2.778142e-02
2.245422e-02
4.634491e-02
1.271409e-02
1.319523e-02
3.694669e-03
7.871307e-03
-1.912101e-02
-4.504200e-02
1.971597e-02
1.003785e-03
-2.840654e-03
1.225047e-02
-2.108459e-02
-3.421998e-02
-2.454897e-02
2.786421e-03
8.035741e-03
-1.136608e-01
2.264252e-02
2.305612e-02
6.099869e-03
-3.364154e-02
2.053612e-02
-4.056181e-02
-2.430529e-02
-3.338140e-02
-2.321328e-02
-1.552864e-03
5.047536e-04
-4.330420e-02
-6.051159e-02
-4.359379e-02
8.851911e-03
3.910745e-03
4.304610e-03
-3.052386e-03
6.359683e-03
-1.714664e-03
9.539752e-03
1.224976e-02
6.786472e-03
-2.203962e-02
-7.537848e-03
-4.682024e-03
-1.287551e-02
-3.955395e-03
-2.189684e-03
-6.266460e-04
3.107104e-03
-1.892743e-03
2.148763e-02
-4.901300e-02
-1.641801e-02
-2.357607e-03
-4.425415e-02
1.965475e-02
6.891141e-02
-1.781907e-02
4.737145e-02
-7.811925e-03
-3.002120e-02
3.660619e-02
1.873990e-02
-4.284219e-03
-6.527411e-03
-3.583425e-03
1.741123e-03
-9.261734e-03
2.186651e-02
-3.572429e-02
-6.833071e-02
4.793742e-02
-2.062413e-02
-7.381292e-02
1.171613e-02
-8.296532e-03
-5.565301e-03
2.027471e-02
1.409838e-02
5.135606e-03
-3.800277e-03
-9.211285e-03
-2.553957e-03
3.527760e-03
8.376129e-03
6.012303e-03
-1.181911e-02
-4.914228e-02
-6.967941e-02
-5.512164e-02
-3.123976e-02
-1.282136e-01
-2.066281e-02
-4.870947e-02
-8.685500e-02
1.732271e-02
-1.544141e-02
-2.242195e-02
-5.425690e-02
-6.901751e-02
5.220286e-03
-2.871954e-02
-2.346628e-02
-3.332226e-02
-1.021444e-02
2.472529e-03
4.491598e-03
6.729908e-03
1.932659e-03
6.996245e-03
3.438615e-03
1.116601e-03
2.228871e-02
1.456458e-02
5.188091e-03
6.423406e-03
1.524458e-02
7.599554e-03
1.086252e-03
4.033176e-03
-6.308082e-04
-1.131939e-02
-2.230161e-03
8.242814e-03
2.833547e-02
-2.302878e-02
-2.205256e-02
3.608947e-03
1.150455e-02
1.118036e-02
2.782757e-02
-1.923713e-02
2.910593e-02
5.811202e-03
-9.011968e-02
-5.707221e-02
4.655476e-03
-8.002529e-02
-8.141441e-02
-9.785655e-03
4.071539e-03
7.800441e-05
3.874376e-02
2.393253e-02
-3.537320e-03
-1.003821e-03
3.167801e-02
-1.978692e-02
-1.542638e-03
-1.589552e-02
1.723322e-02
2.268841e-03
-2.873897e-02
2.462402e-02
1.595511e-02
-3.146140e-03
1.094732e-02
1.302367e-02
1.097792e-02
-5.247134e-02
-8.940149e-03
6.756090e-03
1.783181e-02
-1.932530e-02
2.884882e-02
3.587702e-02
-2.179590e-03
2.689347e-03
-7.728991e-02
-5.950232e-02
-1.740647e-02
-8.440005e-02
-5.160161e-02
3.253824e-03
-1.199981e-02
1.791671e-02
3.557842e-03
7.510466e-03
1.681268e-03
-4.271827e-03
-1.254806e-03
2.908394e-03
4.997375e-03
3.652560e-03
9.867917e-04
