-8.433982e-03
-1.424831e-03
-4.260167e-03
-9.382482e-04
6.099279e-03
8.837467e-03
-4.643952e-03
1.094746e-02
2.171993e-02
-7.580533e-04
-2.181118e-03
1.282429e-02
-1.440056e-03
2.752417e-05
1.123529e-02
-1.084273e-02
-2.912300e-04
9.057135e-03
1.942750e-03
-5.386718e-03
-2.366369e-02
7.679140e-03
1.108701e-03
-1.382227e-02
3.105150e-02
2.598605e-02
7.301804e-03
1.829212e-03
-1.358262e-03
1.519657e-03
-3.396786e-03
-5.560475e-03
-5.820543e-03
-7.144385e-03
-1.302694e-02
-1.057541e-02
-5.222324e-03
3.252371e-03
3.235281e-03
-6.928338e-03
-4.453500e-03
-6.305310e-03
-4.515782e-03
-7.358037e-03
-1.206337e-02
-1.567598e-03
-9.892711e-04
-7.633515e-03
-4.531967e-03
-4.462779e-03
-7.847033e-03
3.917493e-03
2.989648e-03
1.695029e-03
-6.108577e-03
-1.905628e-03
-1.306424e-03
-4.152771e-03
-3.843560e-03
-5.805463e-04
-5.333857e-03
-5.355129e-04
-5.258791e-04
4.662330e-03
-6.479735e-03
6.811517e-03
1.147142e-02
3.358824e-03
1.482706e-02
1.508994e-03
-9.804630e-03
4.960513e-03
-2.495785e-03
4.228134e-03
-1.069585e-02
-1.330987e-02
-7.177271e-03
-1.655345e-02
-3.662420e-03
-7.383148e-03
-1.453357e-02
2.933319e-04
1.392358e-04
3.989709e-04
-5.337182e-05
8.049899e-04
-7.868719e-04
3.414088e-04
2.707476e-04
-3.754316e-04
4.331399e-03
1.596192e-03
-4.959919e-03
1.560710e-03
-2.893763e-03
-7.804806e-03
4.499023e-03
-8.686375e-04
-5.591137e-03
4.764671e-03
1.121430e-03
-2.191564e-04
6.691656e-03
2.367238e-03
8.265242e-04
1.044482e-02
8.605549e-03
6.533813e-03
3.666676e-03
-6.378760e-03
5.021192e-03
-2.172141e-02
-2.811088e-02
-1.826698e-02
-1.511198e-02
-2.528771e-02
-1.569496e-02
4.515281e-03
4.859571e-04
1.013728e-02
5.856044e-03
4.700150e-03
1.796061e-02
4.589596e-03
1.606376e-02
3.116961e-02
8.532063e-04
5.158806e-04
8.941753e-03
-2.073466e-03
2.045732e-03
9.534313e-03
-1.161456e-02
-1.156366e-02
-1.629471e-03
1.145479e-02
5.500545e-04
1.181033e-02
1.244068e-02
5.067987e-03
1.426956e-02
3.294207e-03
4.883209e-03
1.813978e-02
-4.002841e-02
-1.340189e-03
2.658204e-02
-5.044439e-02
-5.208373e-02
-6.836762e-02
3.333562e-03
5.472822e-04
3.540196e-02
1.515241e-03
-1.646323e-02
2.085108e-02
-1.199446e-02
-7.734482e-03
5.174489e-02
1.445689e-02
-4.344624e-02
2.711753e-03
-3.753111e-02
-6.932750e-02
-6.935702e-02
-1.646573e-02
6.333524e-02
4.258486e-03
5.724783e-02
2.635161e-02
7.880437e-02
-8.106966e-02
-6.567704e-03
-4.985105e-02
-4.961000e-03
-5.092137e-03
-1.335106e-02
1.748048e-02
3.157634e-02
-1.543764e-02
6.635124e-02
8.338672e-02
8.067079e-02
2.879768e-02
8.870362e-02
3.920031e-02
-5.280238e-02
-1.514651e-01
-7.616035e-02
3.623943e-03
-1.138442e-02
-2.276043e-02
-1.273724e-02
-1.707298e-02
-2.046298e-02
-3.477357e-02
-4.848664e-02
-2.535812e-02
-1.513287e-02
-3.187995e-02
-2.790229e-02
-5.529446e-02
-3.520669e-02
-1.664225e-02
-1.293044e-02
1.028980e-02
-6.095607e-03
5.215316e-02
4.575029e-02
3.138258e-04
-2.149511e-02
-3.663154e-02
-7.388708e-03
-2.191984e-02
-8.214885e-03
-3.716918e-02
-9.429130e-03
1.707800e-02
3.322562e-02
1.539456e-02
2.848348e-02
2.655308e-02
-1.161744e-02
2.305252e-02
1.621931e-02
-2.089534e-03
-1.978952e-03
-1.115063e-03
-7.293297e-04
-6.259754e-04
3.845981e-04
-2.479884e-03
-2.263123e-03
-1.493705e-03
-9.289926e-02
-6.502124e-02
-5.396191e-02
-2.664961e-02
-2.047016e-02
4.719748e-03
-2.888501e-02
-2.924629e-02
-2.569485e-02
1.097963e-02
1.411138e-02
-1.270336e-02
7.728383e-03
5.042825e-03
-1.243327e-02
-5.256786e-03
-8.621013e-04
-1.367600e-02
5.198649e-02
1.258746e-01
6.935742e-04
-1.029862e-01
-2.477290e-01
-1.079931e-01
6.744293e-02
1.097820e-01
6.039765e-02
-9.967969e-02
-1.247087e-01
-6.035860e-02
3.912622e-02
2.150134e-02
-4.998564e-02
7.352205e-02
5.784053e-02
7.492657e-03
4.395001e-02
6.089639e-03
-1.033628e-02
2.641837e-02
1.307602e-03
3.361049e-02
7.082567e-02
3.394016e-03
2.465523e-02
-5.562697e-02
-2.684495e-02
-1.271379e-02
-8.462597e-03
1.612405e-04
4.849989e-03
-9.264563e-03
2.979575e-03
4.330685e-02
3.227367e-03
-9.180348e-03
1.347765e-02
1.353735e-02
1.960323e-02
-7.663223e-03
2.905159e-02
2.139080e-02
-1.452132e-03
1.768687e-03
-1.418352e-02
-1.130229e-02
2.555683e-02
-3.479590e-03
-5.813727e-03
6.854221e-03
6.638554e-03
-1.192054e-02
4.241637e-02
5.498092e-03
1.169584e-03
4.140684e-02
1.000892e-02
5.893907e-03
4.496117e-03
3.649431e-03
-3.459868e-02
-2.201829e-02
-2.503613e-02
-1.394652e-02
-1.057436e-02
1.706517e-02
6.280032e-03
-1.245113e-02
-1.567823e-02
4.249619e-03
2.939671e-03
6.700230e-03
-3.792478e-03
4.946999e-03
-2.942743e-03
-1.041458e-04
1.446886e-02
-2.732227e-02
-1.214728e-02
-4.328023e-03
2.801594e-02
-1.932087e-02
7.168064e-03
4.823212e-02
1.380282e-02
-2.525810e-03
3.145668e-02
8.021247e-03
-5.039678e-02
-3.148864e-02
-7.378431e-03
-2.487628e-02
-5.198545e-03
3.405882e-02
-1.308999e-02
3.098648e-02
4.045300e-02
-1.358015e-03
9.704760e-03
4.632460e-02
-1.455060e-02
1.749697e-02
2.910081e-02
3.127083e-02
1.023269e-02
-2.643714e-03
2.203691e-02
1.309655e-02
-7.013244e-03
1.087759e-02
-1.236843e-02
-2.279785e-02
-2.726281e-02
-5.316959e-02
-3.003981e-02
-4.247513e-03
-3.519007e-03
-2.957217e-03
-3.125184e-03
-2.450041e-03
-1.776019e-03
-4.886780e-03
-4.250838e-03
-3.638279e-03
-6.756335e-02
-6.124289e-02
-5.482299e-02
-5.537749e-02
-5.481616e-02
-4.934187e-02
-6.233863e-02
-6.740900e-02
-5.770268e-02
-1.420595e-02
3.187973e-03
-4.443689e-03
-8.555009e-03
-1.315891e-02
-4.135503e-03
-2.878307e-02
-4.022370e-02
-2.719005e-02
-4.346057e-02
-1.427730e-02
-1.386116e-02
-1.274298e-02
1.617160e-02
1.717995e-02
-3.343468e-03
3.422006e-02
5.651718e-03
9.592748e-04
3.613549e-03
4.849606e-03
-3.428939e-02
-1.538858e-02
-5.775680e-03
-1.502771e-02
-5.396567e-03
-1.992131e-02
8.853349e-03
-2.261306e-02
-2.124234e-03
-1.358278e-02
2.787071e-02
2.554138e-02
-2.085601e-03
2.453207e-02
3.378966e-02
8.663449e-03
1.051097e-02
-2.161060e-03
9.897253e-03
1.396552e-02
-1.771731e-02
2.235923e-02
2.873032e-02
-7.977135e-03
1.572216e-02
1.652428e-02
3.301072e-02
-7.199324e-02
-6.892467e-02
-3.324367e-03
3.931810e-02
4.096107e-02
2.810315e-02
-1.374490e-02
2.007233e-02
-3.878716e-02
-1.966375e-04
-9.695542e-03
4.813872e-02
-1.597565e-02
-3.985528e-02
-3.278357e-02
-1.380765e-02
4.100976e-02
7.213867e-02
-3.128924e-02
-8.545849e-02
-5.174046e-02
-5.178603e-02
1.117416e-02
3.909592e-02
-2.816159e-02
4.233565e-03
1.261549e-02
1.690530e-02
-3.642062e-02
-7.449149e-02
3.695479e-02
2.545850e-02
3.075898e-02
4.191053e-03
1.099066e-03
-3.145826e-03
3.999938e-03
-3.046116e-02
-2.439068e-02
4.451022e-02
9.141525e-02
1.038572e-01
-1.406297e-02
-6.540013e-03
2.402811e-03
9.060651e-03
1.440046e-02
1.265065e-02
1.054527e-02
2.002987e-02
3.721034e-04
7.652448e-03
-1.601000e-02
-2.646907e-03
-1.636536e-02
-3.561066e-02
-1.222097e-02
-1.365163e-02
-8.609580e-03
-5.908974e-03
1.341470e-02
3.339697e-02
2.443349e-02
-1.365843e-02
-4.421829e-03
-2.270222e-04
6.468380e-03
4.554172e-03
6.846023e-04
-1.868843e-02
-2.544309e-03
8.989119e-03
-5.355549e-03
-2.529092e-03
-4.018504e-04
4.767512e-03
-3.658988e-03
-2.354146e-03
-2.483555e-03
-2.563484e-03
-1.958635e-03
-3.981520e-05
-1.794576e-04
3.143272e-04
-1.965255e-03
-1.982096e-03
-1.457997e-03
-3.500011e-02
-3.896265e-02
-3.003007e-02
7.428891e-03
1.487142e-02
2.235672e-02
-2.885642e-02
-2.808706e-02
-2.460619e-02
-9.757607e-03
-1.246074e-02
-1.026325e-03
-2.014181e-04
7.469981e-03
1.470687e-02
-1.085631e-03
4.497881e-04
-7.993096e-04
1.879683e-02
-2.513636e-03
6.164966e-03
1.570865e-02
5.578755e-02
9.308413e-02
3.449006e-02
-7.850005e-02
-4.667828e-02
5.732487e-02
3.613984e-02
2.842430e-03
-1.213808e-02
-1.574396e-02
1.654113e-02
7.416639e-03
-1.422409e-02
5.066672e-03
-6.757379e-02
-3.503698e-02
6.932836e-03
3.400538e-02
3.463112e-03
-5.307210e-03
-1.363598e-02
3.339874e-04
2.640210e-02
1.528230e-02
1.170572e-02
4.366245e-03
-4.231752e-02
-1.215945e-02
3.182216e-02
6.968161e-03
8.327853e-04
-6.105957e-03
-9.177618e-03
6.149865e-03
7.242919e-02
-1.629767e-02
-1.389093e-02
6.690289e-03
1.406014e-02
-1.507227e-02
-7.377548e-03
-1.158420e-02
6.932321e-03
-4.618930e-02
-2.944104e-02
-2.198523e-03
-3.179359e-02
-2.810484e-02
-2.760334e-03
-9.062956e-04
6.666636e-03
-1.616851e-02
1.102037e-02
-2.127586e-02
-1.136693e-02
2.094928e-02
-9.377566e-03
3.420264e-02
9.599566e-02
4.056370e-02
4.760972e-03
3.169375e-02
4.600655e-02
1.884633e-02
5.210267e-02
-1.060354e-02
-4.703095e-02
-2.084173e-03
2.111414e-02
3.888807e-02
1.695355e-02
-7.619916e-03
1.483096e-02
7.994120e-03
-2.991816e-02
-1.057321e-02
5.379084e-03
-7.809850e-03
5.849453e-04
-7.176093e-03
-6.447352e-03
-6.627780e-03
-8.461154e-03
-1.007060e-03
-8.625136e-04
3.947563e-03
2.991283e-03
-7.745106e-03
4.079410e-03
7.315476e-03
7.313186e-03
2.265362e-02
1.134810e-02
1.107225e-02
1.293820e-02
5.482036e-02
4.255215e-02
6.507193e-02
1.079600e-01
9.961778e-02
8.552051e-02
-6.581970e-03
-1.027096e-02
-9.431243e-03
-2.150915e-02
-2.853449e-02
-1.647963e-02
-3.958446e-03
-1.387969e-02
-2.042767e-02
2.254134e-02
3.988917e-02
3.046473e-02
-1.302478e-03
-7.446323e-04
-1.818386e-03
-4.833648e-04
2.763770e-04
1.823540e-04
-4.711553e-04
-1.503837e-04
-5.706588e-04
1.254926e-02
7.734502e-03
-1.474083e-02
3.620528e-02
3.798442e-02
9.297381e-03
-6.528126e-03
1.639318e-02
8.227709e-03
6.233123e-04
-1.871800e-03
-8.960037e-03
-1.150051e-02
-3.272789e-03
3.108505e-04
-1.205246e-02
-9.743228e-03
2.251593e-04
-1.039005e-02
-3.359101e-02
-2.124126e-02
9.364144e-03
8.068331e-03
1.792267e-02
2.259236e-02
-1.243226e-03
-3.665292e-02
-1.634600e-02
1.687179e-03
1.107802e-02
1.081985e-03
-3.556618e-02
-4.471821e-02
3.449809e-02
-2.857853e-02
-3.781148e-02
-1.674185e-02
-1.360933e-02
-2.409618e-02
2.793103e-02
1.620464e-02
1.476364e-03
-1.837706e-02
-2.186022e-02
-9.512207e-03
1.568219e-03
1.537525e-02
4.993951e-02
1.101011e-03
-2.033065e-03
1.371655e-02
-2.059823e-03
-7.084780e-03
-5.446750e-03
-6.407682e-02
1.694902e-02
2.018337e-02
-9.678278e-03
2.511701e-03
4.350213e-02
-1.182371e-02
-7.809260e-02
-3.305264e-03
-4.518848e-02
1.094151e-01
2.385569e-02
-2.182290e-01
1.579369e-01
-1.854259e-02
-7.938967e-02
8.232280e-02
1.803602e-02
-1.234725e-02
-3.030513e-02
-1.294079e-02
4.253477e-02
-1.975306e-02
-6.166708e-02
6.008025e-02
-1.604494e-03
-1.438420e-02
1.590136e-02
-2.951220e-02
3.873979e-02
5.956895e-02
-2.175030e-01
1.036291e-01
3.022521e-02
-8.879734e-02
5.187767e-02
2.557981e-03
-7.191941e-04
-1.364943e-02
-1.979743e-02
3.165501e-02
-7.319813e-03
-1.063748e-03
-5.135306e-02
2.907072e-02
-3.073741e-02
-5.274758e-02
-7.263743e-03
-6.681430e-02
-3.438414e-02
-1.639328e-02
-9.093308e-02
-7.733292e-03
-8.651291e-03
-1.761366e-02
2.105180e-02
-4.424028e-02
2.053248e-02
3.750130e-03
-2.200335e-02
-1.572037e-02
2.217054e-02
-7.451727e-02
4.791939e-02
-3.385668e-02
1.830122e-02
3.246117e-02
-3.858999e-02
6.717573e-02
-3.598399e-02
-1.211507e-03
2.814797e-02
-5.881514e-02
2.603419e-02
-2.544457e-04
-4.384376e-02
3.221649e-02
3.698497e-02
-7.165559e-02
2.876583e-02
3.994852e-02
-1.245654e-03
-8.265414e-04
-1.193369e-03
-3.285300e-03
-2.818470e-03
-3.136014e-03
-7.518172e-04
-3.969694e-04
-3.984320e-04
-2.543122e-02
-1.102658e-02
-1.864560e-02
-4.900076e-02
-3.356163e-02
-4.653801e-02
-1.436165e-02
-1.104918e-02
-1.185932e-02
1.722374e-04
-6.807305e-03
-2.593616e-03
5.272377e-03
-3.282417e-03
-1.003335e-03
1.803959e-02
1.010838e-02
1.752889e-02
-9.569483e-03
8.573362e-03
2.284419e-03
4.037457e-02
-6.097773e-02
1.176094e-02
-4.311576e-03
-1.619650e-02
-3.338061e-02
-1.788766e-02
-4.530866e-02
-4.939602e-03
-5.017414e-02
1.977328e-02
3.948617e-02
-2.944022e-02
4.539556e-02
4.902505e-02
5.362282e-02
-2.093070e-03
-2.485144e-02
5.328992e-02
5.603643e-02
-1.666093e-01
4.593763e-02
7.057873e-02
-6.616016e-02
-7.034129e-02
6.880489e-02
5.231434e-02
-1.220331e-01
7.077599e-02
7.546156e-02
-2.849048e-02
2.793398e-03
3.953182e-02
-2.801663e-02
1.520541e-02
9.530428e-02
-1.371057e-02
3.963790e-02
-6.690319e-02
-4.224147e-03
-7.379038e-03
2.598285e-02
4.929499e-02
-2.227953e-03
-9.337403e-02
6.232097e-02
-1.496139e-01
1.514624e-02
-5.773551e-02
4.265068e-02
3.692769e-02
-4.654672e-02
4.753896e-02
6.391940e-02
8.135932e-03
8.779746e-02
7.565152e-02
7.854728e-02
3.992829e-03
-7.723211e-02
-6.494383e-02
2.623212e-02
9.497947e-02
-2.667028e-02
1.078081e-01
-9.256352e-02
9.129590e-02
-4.992228e-02
-2.981909e-02
-1.355265e-02
6.917947e-02
3.270399e-02
1.313077e-02
-5.997614e-03
-9.982734e-02
3.016392e-02
-8.229786e-02
1.257722e-02
2.175336e-02
-4.229481e-04
-1.870797e-02
-2.073793e-02
-1.679241e-02
-3.570595e-02
-1.684893e-02
-2.364643e-02
-4.329674e-02
1.977086e-02
-2.680705e-02
-4.559343e-02
8.532683e-03
-8.119190e-04
-8.840240e-03
8.393616e-03
2.605847e-02
5.327488e-02
3.647825e-02
2.485107e-02
9.593607e-04
5.711967e-02
2.953643e-02
-1.182493e-01
2.216195e-02
-4.233905e-02
2.731535e-02
-1.102726e-02
-1.834026e-02
-1.914285e-02
6.866119e-04
1.832574e-02
-2.250947e-03
-1.644451e-02
-2.399454e-02
-2.668500e-02
-2.378379e-04
-1.821465e-03
-1.261925e-03
-1.183581e-03
-2.706603e-03
-2.141572e-03
-1.201967e-03
-2.860734e-03
-2.271675e-03
-2.145180e-02
-2.763162e-02
-1.648388e-02
-3.334982e-02
-3.468027e-02
-1.348025e-02
-5.048848e-02
-4.271285e-02
-2.419683e-02
-9.214109e-03
-1.146003e-02
-1.393656e-02
-4.729691e-04
-1.032523e-02
-8.370730e-03
5.886369e-03
-4.509204e-03
1.384432e-03
9.146290e-02
-6.179089e-02
-3.823621e-02
-8.502489e-02
-3.681208e-02
8.114998e-02
-1.162957e-02
1.329777e-01
3.602298e-03
1.428866e-02
-1.439444e-02
3.331558e-02
-1.001564e-01
4.651854e-03
-6.548157e-02
-5.076845e-02
4.399378e-02
-5.321578e-04
-4.862202e-02
-1.622694e-02
-3.952063e-02
-7.544038e-03
7.575782e-03
6.703869e-02
5.071346e-02
1.339559e-02
-3.843504e-02
1.428741e-02
1.062738e-02
2.881514e-02
4.243506e-04
-3.719004e-02
-3.035311e-02
-6.640685e-02
-2.885905e-02
-4.616380e-02
-1.427168e-02
-1.961887e-02
5.561792e-02
-3.255605e-02
-3.711552e-02
3.805856e-02
-2.450529e-03
-3.893805e-02
3.143755e-02
-1.367574e-02
5.795513e-03
-2.749968e-02
4.042137e-03
1.315825e-02
2.539090e-02
-3.288693e-02
-7.245119e-03
5.677661e-03
-6.822373e-03
-3.327275e-02
1.295237e-02
1.004971e-02
-4.932955e-02
-2.157313e-02
6.315950e-02
-1.688259e-02
1.038574e-02
3.393615e-04
-3.047215e-02
-3.375925e-02
2.598192e-02
-9.725072e-03
-5.458367e-02
4.712936e-02
5.083013e-03
-1.267470e-02
-2.123347e-02
-2.290894e-03
7.019954e-03
-1.969006e-02
2.186911e-02
5.612910e-03
-3.638741e-02
9.389815e-03
1.126842e-03
-6.982759e-03
-4.182445e-03
-2.625804e-02
4.219416e-03
2.282579e-02
3.647504e-04
-1.777342e-02
6.953643e-03
2.915240e-03
3.311139e-02
1.372677e-02
-7.946275e-03
9.204824e-03
-1.768491e-02
-1.432782e-02
-1.162996e-03
-2.455109e-02
-2.446576e-02
-3.598139e-02
-2.202300e-04
5.321013e-03
-3.606900e-02
-1.910498e-02
-7.961480e-04
-3.834332e-02
-1.947928e-02
-8.920033e-03
3.021950e-02
-3.907055e-05
-1.502291e-03
1.796274e-02
-3.707845e-03
-1.237528e-02
2.565183e-02
1.761078e-02
1.234262e-02
-4.098966e-03
-3.173637e-03
-4.406247e-03
-2.069161e-03
-1.221591e-03
-2.473134e-03
-5.166754e-03
-4.293217e-03
-5.397148e-03
-3.947496e-02
-3.786822e-02
-6.542902e-02
-8.871365e-03
-9.027329e-03
-3.823133e-02
-6.949299e-02
-5.737232e-02
-7.405476e-02
-9.096567e-03
7.647503e-03
-1.224677e-02
-8.762051e-03
1.434591e-02
-2.381648e-03
-2.147412e-02
-7.599839e-04
-2.062435e-02
-3.904557e-02
-2.172888e-03
-1.292724e-03
9.554102e-03
1.645097e-02
1.659237e-02
-2.226670e-02
1.797916e-02
1.581797e-02
-3.397166e-02
-1.868367e-02
-2.828350e-02
-1.874750e-02
-1.915308e-02
1.022352e-02
3.943626e-03
-2.432239e-02
-3.613082e-02
1.024854e-03
7.935443e-03
4.311202e-02
9.250051e-03
-2.417468e-02
-1.100029e-02
3.156375e-02
2.746859e-03
4.206371e-03
-1.800786e-03
2.385686e-02
1.688607e-02
-3.729275e-03
2.050054e-02
3.450265e-02
-4.064134e-03
1.824165e-02
3.910226e-02
-9.526255e-03
1.329212e-02
-5.220409e-03
-9.776927e-03
1.084592e-02
-3.970976e-03
1.646360e-02
-6.605708e-03
1.491408e-02
-1.109626e-02
-1.772120e-02
1.984636e-03
-2.184999e-02
6.847018e-04
4.574551e-03
-1.554940e-02
1.669339e-02
1.031709e-02
-1.068282e-02
5.871524e-03
-2.381211e-02
3.435707e-02
1.270565e-02
-1.898822e-02
1.427933e-02
7.114640e-03
5.274013e-03
1.058031e-02
-6.263109e-03
-1.004565e-02
1.188504e-02
-2.449815e-02
-2.267838e-03
2.326723e-02
-7.434198e-03
2.477788e-02
-6.256143e-03
-3.946565e-03
-1.785640e-03
9.303791e-03
-1.454734e-02
-5.557165e-04
9.641681e-03
5.166727e-03
-3.453634e-03
-1.225122e-02
-8.912931e-03
-1.305824e-02
-1.127296e-02
-6.116363e-03
-9.020829e-03
-4.512071e-03
-6.947291e-03
-9.242721e-03
2.709859e-03
-2.509550e-03
8.966186e-03
1.177727e-02
1.202648e-02
4.363376e-03
1.224079e-02
1.658971e-02
6.338162e-03
2.011193e-02
-8.469361e-03
-8.105622e-04
1.254861e-02
-8.172642e-03
1.170130e-02
4.571049e-03
-3.974322e-03
1.085781e-02
-1.032928e-02
-3.498414e-04
2.969739e-03
-4.388548e-03
-4.674740e-03
1.783747e-03
7.516508e-03
-5.437282e-03
1.251836e-03
-9.649395e-04
-1.013698e-03
-1.106729e-03
-9.223170e-04
-1.020260e-03
-1.048376e-03
-8.979978e-04
-9.558010e-04
-9.304252e-04
-1.879717e-02
-1.904406e-02
-1.625963e-02
-1.400371e-02
-2.072051e-02
-2.364233e-02
-7.913759e-03
-1.056186e-02
-1.072917e-02
5.723586e-03
-8.334649e-03
-5.476994e-03
9.425414e-03
-2.183800e-03
3.201585e-03
1.133321e-02
1.737374e-02
2.272048e-03
8.302135e-04
-1.726535e-03
-5.850273e-03
-2.119836e-03
2.203660e-02
-1.370944e-02
-1.549140e-02
-4.742147e-03
-3.356451e-03
7.448924e-03
-1.142756e-04
-1.409767e-02
5.570912e-03
-3.073257e-03
-7.403695e-03
-1.597984e-02
-7.274861e-03
2.241689e-03
-6.648214e-03
2.213332e-03
-4.225037e-04
1.093933e-03
-2.875543e-03
-1.301311e-02
-2.367553e-02
-3.681135e-03
-1.646249e-02
-5.390794e-03
-5.913696e-03
-1.934121e-03
-1.423062e-02
-1.972820e-03
-2.083823e-03
-3.247542e-03
4.383788e-03
2.186103e-02
-1.065876e-03
-1.774983e-02
-2.808925e-02
6.408353e-04
-2.288012e-02
-1.868948e-02
2.449977e-03
6.196680e-03
-6.495827e-03
-2.158517e-02
7.874245e-03
9.572092e-03
-1.163660e-02
7.442813e-03
1.466172e-02
-1.669480e-02
-3.022049e-02
-2.239028e-02
-1.437391e-02
-2.253896e-02
-1.693703e-02
-1.879665e-02
-2.266244e-02
-2.387957e-02
-4.205844e-03
-5.163502e-03
-2.336318e-02
-2.650079e-03
-1.706342e-02
-8.769802e-03
2.582892e-02
9.536993e-03
-2.550917e-02
1.718817e-02
3.131855e-03
-2.004663e-03
-1.264960e-02
2.445545e-02
3.121348e-02
-7.873774e-03
-5.426847e-03
2.404055e-02
3.736960e-03
2.488609e-02
2.937279e-02
-8.020174e-03
-2.413585e-02
-1.147883e-02
-1.782613e-02
-3.579862e-02
-1.755683e-02
-1.304347e-02
-2.396093e-02
-1.287213e-02
8.728423e-03
-1.856263e-02
-9.012213e-03
-3.424966e-03
-1.073137e-02
-3.580871e-03
-1.932812e-02
-2.185977e-02
-2.599757e-02
-2.599095e-02
-1.570620e-02
3.075704e-04
-2.491592e-02
-4.356793e-02
-3.399182e-02
-1.073008e-02
-4.493318e-03
-2.060920e-02
-2.756466e-02
-3.586742e-02
-3.161477e-02
-3.602240e-02
-3.464209e-02
-2.683601e-02
-4.162335e-02
-6.243049e-02
-5.234639e-02
-1.373052e-03
-7.008682e-04
-4.477636e-04
-1.655193e-03
-8.548020e-04
-5.017812e-04
-1.876086e-03
-7.630858e-04
-5.933712e-04
-2.158493e-02
-2.141155e-02
-2.204872e-02
-2.561327e-02
-2.056294e-02
-1.881186e-02
-1.782549e-02
-2.172838e-02
-2.384194e-02
-3.127566e-03
-7.352023e-03
-6.338892e-03
-3.011008e-03
-1.120890e-02
-1.013121e-02
-9.572395e-03
-2.082937e-02
-1.656965e-02
-1.430722e-02
1.605088e-04
2.010670e-02
-5.388674e-03
2.419530e-02
3.079876e-02
-2.161251e-02
-1.978407e-02
1.056452e-02
-2.008243e-02
-2.411038e-02
-2.761886e-02
-2.950792e-02
-3.454429e-02
-2.156107e-02
-1.771297e-02
-2.035125e-02
-1.512450e-02
2.125757e-02
2.343658e-02
3.813528e-02
2.884856e-02
7.652279e-03
2.084968e-02
-8.425518e-03
-5.223122e-03
1.036161e-02
-3.559604e-02
-3.957382e-02
-1.494759e-02
-9.340147e-03
-2.723646e-02
-1.167773e-02
-8.914430e-03
-2.462882e-02
-3.363593e-02
-2.548490e-02
-2.257993e-02
1.142158e-02
1.856683e-02
-9.529788e-03
-5.580443e-02
-1.795076e-03
-1.484669e-02
4.780755e-03
2.420765e-02
-4.910928e-02
1.389827e-03
7.884741e-02
-6.684041e-02
-2.186691e-02
8.606716e-02
-4.391069e-02
-2.838002e-03
1.714147e-02
6.505049e-03
7.142397e-03
-7.313503e-02
2.007643e-02
7.463366e-02
-1.732854e-02
6.454954e-02
1.656075e-02
-3.821400e-02
-1.413717e-02
-1.639977e-02
-5.910399e-05
2.830300e-02
-2.824103e-02
5.537446e-02
2.809297e-02
-5.823862e-02
-3.886528e-03
-2.549690e-02
-3.079010e-02
-3.409554e-03
-1.349999e-02
7.727896e-03
1.090383e-02
2.243131e-02
-9.822601e-03
-4.879089e-02
-2.069949e-02
-6.673630e-02
-2.597183e-02
-1.013174e-02
-5.829277e-02
-1.548573e-02
-2.362719e-02
-5.991717e-02
-3.222033e-02
-3.441304e-02
-2.643945e-02
-7.548243e-02
-3.093751e-02
-2.349060e-02
-6.657702e-02
-2.855486e-02
-2.949347e-02
1.318632e-02
4.249902e-02
-1.412567e-02
4.588530e-02
3.542635e-02
-7.931810e-02
6.146045e-02
2.578360e-02
-7.878020e-02
1.492113e-03
-2.083823e-02
-1.229287e-02
9.148110e-03
1.722009e-02
4.912981e-03
-5.853956e-03
-5.487924e-03
-2.089800e-02
-2.115791e-03
-8.076495e-04
-1.386892e-03
-2.775150e-03
-1.419380e-03
-1.863847e-03
-2.767771e-03
-1.206705e-03
-1.941621e-03
-4.275706e-02
-1.919358e-02
-2.221435e-02
-2.842045e-02
3.287924e-03
8.320142e-05
-4.453408e-02
-1.278285e-02
-1.342512e-02
-1.126450e-02
-6.669648e-03
-3.062075e-03
-6.848793e-03
-2.764306e-03
-6.064835e-03
-1.699123e-02
-1.058912e-02
-1.670827e-02
5.650299e-03
-1.713137e-02
-9.593465e-03
-2.388383e-02
2.203404e-02
-2.535179e-02
-1.029563e-02
-3.766458e-02
-1.037923e-04
9.380857e-03
3.772552e-02
1.995048e-02
2.382220e-02
7.392328e-03
-2.809783e-02
2.082662e-02
4.846776e-03
-4.312399e-02
-3.211126e-02
-1.556069e-02
2.843310e-02
-4.699996e-02
-2.971353e-02
8.670288e-02
-1.407407e-02
-2.189573e-02
5.037905e-02
2.499787e-02
1.507174e-02
-3.116819e-02
7.922354e-02
1.809494e-02
-8.142224e-02
6.230579e-02
1.753740e-02
-6.971149e-02
7.760501e-03
3.896171e-02
1.750505e-02
3.134992e-02
1.046630e-02
4.419180e-02
5.702766e-02
4.704883e-02
-1.735655e-02
-7.630349e-03
-5.247159e-02
-1.743484e-02
-2.308209e-02
-3.807990e-02
-2.784528e-02
8.196379e-03
-5.300365e-02
-2.938712e-03
-6.839567e-03
2.316965e-02
1.473644e-03
-4.897119e-03
-3.273393e-02
-3.719763e-02
-2.898766e-02
-3.088695e-02
-4.966856e-02
-4.703028e-02
-1.748346e-03
-4.479295e-02
-6.129460e-03
-2.600319e-03
-1.876463e-02
-2.426047e-02
4.826163e-02
-9.673331e-03
2.867760e-02
1.087016e-02
2.612501e-02
1.300545e-02
-1.193465e-02
-1.298290e-02
5.796158e-03
-1.152965e-02
-4.127825e-02
-3.621537e-02
-3.723842e-02
-5.072671e-02
-3.919443e-02
-2.907991e-02
-3.811963e-02
-4.341890e-02
-3.910952e-02
-3.959009e-02
-5.692281e-02
-4.454961e-02
-1.905775e-02
-4.916411e-02
-2.891652e-04
1.159301e-02
-3.304631e-02
7.774107e-04
3.027348e-02
4.243164e-02
4.496920e-02
5.330788e-02
1.582671e-02
9.487705e-03
2.111651e-02
1.825760e-02
5.347405e-03
-1.680159e-03
-1.737207e-02
1.145601e-02
1.648865e-02
-1.388730e-02
-1.370995e-02
-9.984842e-03
-1.442599e-02
-2.040472e-02
-2.775254e-02
-3.468656e-03
-3.128909e-03
-3.122525e-03
-2.319107e-03
-2.012803e-03
-2.048789e-03
-2.453692e-03
-2.101821e-03
-2.101491e-03
-4.151992e-02
-3.833680e-02
-3.103879e-02
-1.753154e-02
-1.698908e-02
-1.251374e-02
-1.355294e-02
-1.390394e-02
-1.372000e-02
-1.811762e-02
-2.057569e-02
-2.119379e-02
-1.958876e-02
-2.117520e-02
-1.625231e-02
-1.731796e-02
-1.828597e-02
-1.231692e-02
1.908391e-03
-2.009793e-03
2.985467e-02
-4.394671e-02
-1.126869e-02
5.068236e-03
1.099832e-02
-2.782003e-02
6.836317e-03
-9.552453e-03
2.297473e-02
2.363589e-02
-1.910617e-02
1.484635e-02
3.493817e-02
-9.976195e-03
-2.720404e-02
2.572278e-03
-1.958198e-02
-4.650600e-02
-3.816349e-02
1.312759e-02
-2.263890e-03
-2.766129e-02
1.348762e-02
4.448333e-03
1.774449e-02
-1.276202e-02
-2.740094e-02
-1.563362e-02
-2.046577e-02
-3.119023e-02
-1.569596e-02
-1.959661e-02
-3.005547e-02
-2.051475e-02
7.760074e-03
1.360994e-02
2.846848e-02
1.322702e-02
5.316104e-03
4.447120e-03
2.392808e-02
2.988226e-02
2.130250e-02
-2.307128e-02
-1.413613e-02
-2.274341e-02
5.616603e-03
-7.915399e-03
-1.248311e-02
1.508152e-02
-2.886472e-03
-2.196155e-02
1.728194e-02
-6.469395e-03
3.853905e-03
-9.900995e-03
-6.835117e-03
1.358737e-02
4.349058e-03
-6.274290e-03
-1.771371e-02
-8.184103e-05
4.567003e-03
-3.717701e-03
-1.753207e-02
2.063368e-05
-5.533258e-03
-9.651458e-03
-1.281936e-02
-2.165560e-02
-6.367102e-03
3.463243e-04
-2.000308e-03
2.939241e-03
-7.430594e-03
-1.271267e-02
-9.354441e-03
-3.270232e-02
-2.851763e-02
-2.152368e-02
-4.612248e-02
-2.527295e-02
-3.137185e-02
-4.413438e-02
-3.855182e-02
-3.805956e-02
-4.604192e-02
-4.162542e-02
-9.303331e-03
1.264218e-02
8.853845e-03
-6.361341e-03
1.707316e-02
1.116701e-02
1.492802e-02
2.701254e-02
1.658272e-02
1.755194e-02
-1.625113e-02
-1.108027e-02
2.197062e-02
-1.087478e-03
-2.804390e-02
1.267718e-02
2.873740e-03
2.417592e-03
-5.635452e-03
-2.797797e-02
-3.233740e-02
1.103457e-02
-8.158728e-03
-1.230283e-02
4.688258e-03
-1.184968e-02
-1.919310e-02
-1.535714e-03
-1.003443e-03
-5.903477e-04
-1.213747e-03
-6.464258e-04
-2.451649e-04
-1.228151e-03
-7.564537e-04
-3.194201e-04
-1.823501e-02
-1.349642e-02
-8.636612e-03
-1.440302e-02
-7.612964e-03
6.254737e-04
-8.640771e-03
1.234489e-03
7.215498e-03
-1.914521e-02
-2.399911e-02
-1.373037e-02
-2.292317e-02
-3.469699e-02
-2.565771e-02
-1.958735e-02
-3.159711e-02
-2.197833e-02
-2.958616e-02
-2.358046e-02
-5.335468e-03
-2.741250e-02
-2.064548e-02
6.652225e-03
3.066557e-03
-7.565515e-03
-1.871975e-03
-5.817360e-03
-2.342876e-02
-1.746874e-03
3.660079e-03
-1.556375e-03
-2.065469e-02
1.256046e-02
2.306720e-02
6.032219e-03
2.240269e-02
1.587641e-02
3.264982e-02
1.474259e-02
2.611375e-02
5.543903e-02
-1.419306e-03
1.219402e-02
3.032479e-02
5.840555e-03
-2.457969e-02
-1.669082e-02
2.207200e-02
-4.951066e-03
-4.033058e-02
3.566893e-02
1.231392e-02
-1.087563e-02
2.781382e-02
-2.570066e-03
-1.003652e-01
-1.978857e-03
-9.833773e-03
4.944037e-02
1.188209e-02
6.195611e-03
-6.605411e-04
-6.017602e-02
-1.114356e-02
1.293276e-02
1.646520e-02
9.147781e-02
2.734205e-02
4.384800e-02
1.975375e-02
-4.428146e-02
1.256792e-01
-4.786711e-02
-1.233324e-01
-2.940982e-02
-1.741978e-01
-7.413679e-02
-9.460264e-02
-6.888624e-02
1.074314e-01
1.737265e-02
-3.475096e-02
7.979780e-03
-1.852865e-03
-2.522006e-02
2.378597e-02
-2.389737e-03
1.561246e-02
6.983896e-02
-1.584914e-02
-1.757767e-04
4.004359e-02
-1.948761e-02
8.785067e-03
3.701522e-02
2.136352e-02
4.014217e-02
3.258383e-03
-3.591827e-02
-4.707053e-02
-3.379549e-02
-4.036241e-02
-4.382655e-02
-4.087661e-02
-1.313563e-02
-1.817729e-02
-1.500513e-02
4.066915e-02
3.475647e-02
-3.174130e-02
4.377405e-02
-8.246344e-03
8.270813e-03
-3.434010e-03
1.314346e-02
-3.183971e-02
-4.038331e-02
-1.851249e-02
3.335628e-02
-5.805130e-02
3.206164e-02
7.831360e-02
1.655289e-02
4.854044e-02
2.922084e-02
2.744138e-03
-6.555024e-03
-1.138423e-02
-1.733298e-02
-2.845896e-02
-7.390260e-03
-1.044935e-02
-1.039742e-02
-3.932451e-03
-1.326530e-03
-2.080808e-03
-1.121291e-03
-1.933438e-03
-2.734388e-03
-1.783376e-03
-1.950687e-03
-2.617112e-03
-1.511742e-03
-1.288817e-02
-3.135764e-02
-7.524095e-03
-3.513667e-02
-4.470644e-02
-1.488435e-02
-4.802448e-02
-5.433457e-02
-2.673672e-02
8.220874e-03
3.745871e-04
-6.568104e-03
9.406909e-03
6.084251e-03
-8.845302e-03
3.712011e-05
-6.741873e-04
-1.257279e-02
2.203263e-02
6.174829e-02
1.733012e-02
5.572500e-02
1.990127e-02
-2.109139e-02
-1.866797e-02
-9.078700e-02
-2.579549e-02
-4.833197e-02
-5.978338e-02
-7.079167e-02
2.979252e-02
-1.878155e-03
8.815454e-03
1.147049e-02
-2.488287e-02
1.520867e-02
-1.014832e-02
6.890139e-03
-7.229547e-03
-1.155698e-02
-1.269958e-02
-3.612882e-02
-3.302273e-02
-1.703983e-02
-8.755140e-04
-2.862282e-02
-1.252984e-02
-1.417899e-02
2.574530e-02
4.045399e-02
4.680473e-02
5.645835e-02
2.701453e-02
1.719477e-02
-5.388358e-02
2.036711e-02
1.099313e-01
3.287956e-02
-1.283012e-01
3.511993e-02
1.083142e-01
5.975974e-02
-8.783605e-02
4.401381e-02
3.632766e-02
-1.956382e-02
-7.149945e-02
-1.103746e-02
-1.389745e-02
-2.290601e-02
-5.551635e-02
3.297684e-02
-6.405591e-02
4.986119e-03
2.691885e-02
5.653070e-02
-4.551092e-02
3.049370e-02
-3.849562e-02
1.424615e-02
-2.706494e-02
-1.452910e-02
-2.204510e-02
3.647267e-02
7.764249e-02
-3.191845e-02
-1.959922e-02
2.413975e-02
7.751401e-02
-5.563260e-02
-7.641064e-03
2.590175e-02
1.127039e-02
-7.923259e-03
3.661536e-02
-1.642190e-02
6.390791e-03
3.939468e-02
4.062455e-04
-1.890668e-02
9.723866e-03
-3.082545e-03
-5.395099e-02
1.163209e-03
-1.379126e-02
-1.647477e-02
8.758690e-03
-1.543346e-02
-3.113055e-03
-6.778521e-03
-5.213180e-03
-3.765631e-02
1.454464e-02
-1.022869e-02
-1.273185e-02
-2.180285e-02
1.329414e-02
-1.426386e-02
-3.386572e-02
4.369822e-02
-1.275057e-02
-5.593463e-02
-2.907924e-02
5.756864e-03
-1.150371e-02
-7.780972e-02
4.269829e-03
-2.143060e-02
5.921279e-03
3.767355e-02
-4.042842e-03
-1.815943e-02
1.549596e-03
1.808928e-02
-2.188360e-02
-3.804510e-03
-4.006432e-03
-4.591167e-03
-4.363189e-03
-4.508219e-03
-5.058647e-03
-3.837253e-03
-4.159891e-03
-4.647812e-03
-3.547566e-02
-3.942701e-02
-4.787863e-02
-6.033103e-03
-2.610121e-02
-5.460370e-02
-1.352404e-02
-1.959596e-02
-4.279338e-02
-8.749859e-03
-6.482994e-03
-1.304596e-02
-9.091637e-03
9.304143e-03
-2.903559e-03
-1.366335e-02
1.322748e-03
1.368947e-03
3.089414e-02
2.500425e-02
3.685857e-02
-6.265868e-02
4.187444e-02
7.529671e-02
1.956474e-02
-1.069253e-01
4.114635e-02
-5.765343e-02
8.643196e-03
8.097008e-02
-9.214209e-02
-7.221326e-02
3.616847e-02
4.126407e-02
-9.481722e-02
-5.656784e-02
9.048461e-03
-1.170918e-02
1.530482e-02
3.811661e-02
4.292992e-02
1.523708e-02
-4.982088e-02
-2.004846e-02
4.505942e-02
4.548054e-03
8.517146e-03
5.384536e-02
-3.587092e-02
-2.241356e-02
1.827300e-02
1.218536e-02
-1.730446e-02
-2.369956e-02
5.380522e-02
4.745216e-02
-1.034342e-01
-6.997444e-02
6.815059e-02
1.088189e-01
-1.514062e-02
-5.018146e-02
5.339051e-02
3.731946e-02
-5.022667e-02
1.316812e-02
4.835094e-02
7.042887e-02
-4.449342e-02
-2.768621e-02
1.745305e-02
3.312142e-02
-3.525362e-03
8.932860e-02
-5.805966e-02
-6.959540e-02
-2.923104e-02
-3.431095e-02
3.129084e-02
2.795122e-02
-3.754123e-02
-8.090506e-02
9.476695e-02
-1.224075e-02
-2.990559e-02
-6.261136e-02
6.272139e-02
1.971283e-02
-2.559579e-02
2.511474e-02
-3.982627e-02
-4.594991e-03
8.452794e-02
-1.068879e-02
-5.434164e-02
-2.841168e-02
3.761462e-02
-2.591288e-02
-1.169495e-02
2.974914e-02
-9.308655e-03
9.520194e-03
-8.867833e-03
-3.731335e-02
-1.551175e-02
-6.627093e-03
-2.538233e-02
-3.495204e-02
1.079406e-02
-4.149153e-03
3.610973e-02
8.595931e-03
4.408357e-03
-3.576433e-02
-2.485914e-02
-1.548984e-02
2.442402e-02
1.366102e-02
5.789222e-03
-3.462358e-02
1.957999e-02
1.873513e-02
1.280066e-02
1.045190e-02
-1.102908e-02
7.977133e-03
-2.443799e-02
3.292766e-02
3.287520e-02
7.376876e-03
7.561605e-03
7.655773e-02
-2.724509e-03
-2.602093e-02
2.244521e-02
-1.378138e-03
-6.191968e-04
-1.963200e-04
-1.707147e-03
-8.284135e-04
-5.256769e-04
-1.611586e-03
-5.957957e-04
-3.388042e-04
-2.574251e-02
5.532592e-03
-3.066233e-03
-2.204731e-02
3.627037e-03
9.542559e-03
-1.097825e-02
3.122113e-03
8.956100e-04
-8.617064e-03
-1.738113e-02
-1.264970e-02
2.385250e-03
-1.430894e-02
-1.876019e-02
5.522345e-03
-8.636110e-03
-2.042826e-02
1.191970e-02
-8.683619e-02
-1.046367e-02
8.007295e-02
4.774717e-02
-9.100593e-02
1.238878e-02
1.580880e-02
5.691856e-02
2.104102e-02
-1.535123e-02
-1.631665e-02
4.979819e-02
1.350785e-01
-4.098520e-02
-6.770141e-02
-7.366822e-03
1.967521e-02
-1.678567e-02
-4.136838e-02
5.124597e-02
-1.000895e-03
-8.232345e-02
-5.083223e-02
4.065396e-02
3.017653e-02
-1.599277e-02
9.967128e-03
-2.141377e-02
-8.264671e-02
1.376989e-02
5.911079e-02
-5.233157e-03
-3.425796e-02
3.848665e-02
3.210771e-02
