-4.656196e-02
-8.152421e-02
-5.125912e-02
-1.552343e-01
-7.132392e-02
-1.248259e-01
7.931806e-03
-1.963381e-02
-3.295173e-02
-5.428097e-02
-5.942067e-02
-7.777978e-02
-4.448922e-02
-6.270228e-02
-7.240495e-02
-1.579961e-02
-1.034347e-01
-5.826872e-02
-7.626273e-02
-7.326403e-02
-8.405023e-02
6.520973e-03
-7.039829e-02
-6.054598e-02
-4.345284e-02
2.336088e-02
-3.460816e-02
-4.055201e-02
-6.875709e-02
-1.600518e-02
-8.692969e-02
-4.278642e-02
-6.524549e-02
-2.949125e-02
7.014702e-02
2.320445e-02
-8.022547e-02
-1.656010e-02
-1.267711e-02
-5.977813e-02
-1.813089e-02
-6.014026e-02
-5.441372e-02
-8.978534e-02
2.021450e-02
-2.264209e-02
-8.985900e-03
7.239856e-02
-5.904632e-04
-8.470412e-03
2.212372e-03
-1.151738e-01
-8.655632e-02
-9.847747e-02
-5.865842e-02
-8.355884e-02
-3.467396e-02
-4.944061e-02
-4.660509e-02
-8.963115e-02
-4.978981e-02
-1.910346e-02
-1.758141e-02
-1.195650e-01
