-6.986178e-03
5.514312e-02
6.137970e-02
1.994187e-02
5.080841e-02
4.457062e-02
6.548235e-02
5.770195e-02
-4.546358e-02
7.281731e-02
4.672744e-03
5.367023e-02
7.594208e-02
6.304517e-02
8.970107e-02
1.680186e-03
2.357938e-02
7.825981e-02
1.869749e-02
-7.314980e-04
6.997577e-02
3.072061e-03
5.594805e-02
-7.269844e-02
6.399533e-02
5.381240e-02
6.228697e-02
4.861184e-02
3.992822e-02
6.121271e-02
-3.154010e-03
7.615762e-02
2.169545e-02
-2.597346e-02
6.520692e-02
4.535707e-02
6.973454e-02
6.032981e-02
6.658109e-02
4.176025e-02
-2.645319e-02
4.990321e-02
8.482036e-03
-1.890784e-02
6.034585e-02
6.229386e-02
4.854735e-02
7.859680e-02
7.555571e-02
5.398523e-02
3.242713e-02
7.705238e-02
4.447343e-02
5.012721e-02
5.485468e-02
6.774580e-02
3.234784e-03
-1.000577e-01
5.431949e-02
5.579534e-02
5.176302e-02
2.692264e-02
5.705799e-02
-1.133556e-02
