4.082507e-02
-2.087087e-02
2.310593e-01
-6.053086e-02
-2.414522e-01
-6.980280e-01
-2.153360e-02
-3.208388e-02
-1.228311e-01
1.752105e-01
4.998578e-02
3.939844e-02
5.896722e-02
-1.053221e-01
-6.823453e-02
2.761510e-02
6.086946e-02
-1.724443e-02
6.299634e-02
1.097334e-01
1.612791e-02
-3.126805e-02
5.453581e-02
4.343239e-02
7.942823e-02
-2.402323e-02
-6.355689e-02
3.979980e-02
-1.568054e-02
4.677031e-02
-3.287679e-02
-2.456698e-01
5.255238e-02
1.443825e-01
-1.934264e-02
-1.856740e-01
1.767548e-01
-1.714883e-01
-7.416810e-02
-2.722430e-01
1.062874e-01
-1.966823e-01
-2.978513e-01
-2.464753e-02
4.732383e-03
7.076547e-02
-1.316121e-01
-3.965137e-02
7.490484e-03
1.410205e-01
1.169811e-02
5.138914e-02
-5.169589e-03
-3.271393e-02
1.460556e-03
-3.470142e-02
-1.608040e-01
-2.207828e-02
-1.733475e-01
1.077709e-01
9.788960e-02
5.745931e-02
-1.334644e-01
-3.761905e-02
