-1.268347e-02
2.011425e-01
-5.164114e-02
3.436263e-02
-9.862191e-03
-2.349545e-02
-1.791357e-01
-1.176921e-02
-5.486060e-02
-7.224818e-02
-5.466413e-03
-6.929332e-03
-4.938021e-03
-3.374618e-02
-2.475503e-02
-8.363316e-02
-3.780963e-02
-9.017271e-02
3.764816e-02
3.776460e-02
-8.406241e-02
4.109623e-02
-2.596809e-01
-1.965002e-02
-5.231618e-02
1.240009e-02
-3.133751e-02
-1.441657e-02
5.066104e-02
4.413871e-03
-1.442571e-02
1.672803e-02
-2.647292e-03
-6.449548e-02
-7.750798e-03
-1.738495e-02
-5.745281e-02
-2.248250e-02
-6.432892e-02
-4.857655e-02
-5.599579e-02
3.953825e-02
-1.756694e-02
-5.916736e-02
-1.370822e-02
6.589832e-03
3.100655e-03
-4.978140e-02
-3.545339e-02
-2.484523e-02
5.285361e-03
1.356852e-02
-2.659444e-02
-2.177093e-02
-4.603394e-02
-3.139851e-02
-1.148493e-02
2.764466e-02
1.672536e-02
1.733357e-02
2.453043e-02
-9.718728e-02
-3.648655e-03
-3.968468e-03
