-2.142711e-05
6.044212e-01
6.863646e-01
-6.194321e-05
-2.321549e-01
1.450145e-01
-5.687642e-02
1.965531e-01
3.057694e-01
1.061692e-01
-1.240610e-05
-1.592427e-01
-4.217810e-01
-3.554344e-01
-6.788850e-02
1.823042e-03
4.963295e-01
-2.801578e-02
-7.103496e-07
7.752606e-02
-8.261149e-02
-2.482267e-05
-1.663756e-04
8.921200e-03
-1.719748e-01
-1.829784e-01
5.473303e-02
7.129591e-01
-9.880328e-06
-1.137229e-01
3.524073e-06
2.719775e-02
-1.748653e-05
2.305812e-06
-1.637474e-01
-7.856844e-02
4.171908e-01
-1.499780e-01
-3.179376e-01
-2.875307e-01
-3.496417e-07
-2.050407e-01
1.922526e-01
-2.015762e-06
-2.243262e-01
-1.404812e-03
-1.406759e-05
1.372796e-01
-3.920662e-01
-3.844892e-01
6.268848e-05
-1.838326e-05
-3.071270e-01
3.399719e-05
1.536535e-01
-5.154312e-01
-5.605242e-05
4.324569e-06
1.102432e+00
1.193271e-01
-3.190297e-01
-2.214623e-03
5.475911e-02
-1.398204e-07
1.924621e-05
-3.538840e-01
-3.958030e-01
2.679650e-04
1.456534e-01
1.722848e-01
2.285572e-01
3.063542e-01
-2.171765e-01
-2.196810e-01
-5.442670e-06
-6.350973e-02
-2.846323e-01
-1.868798e-01
-2.039753e-01
3.446950e-04
4.511938e-01
-1.441520e-02
1.209803e-06
-2.776924e-02
-3.714381e-02
2.578562e-05
-3.361571e-05
-3.063567e-02
5.035790e-01
5.472315e-01
6.884528e-01
-7.309214e-02
-1.845248e-06
-2.916938e-01
-6.555052e-05
3.302360e-01
7.355916e-06
1.321049e-05
5.395219e-01
2.020282e-01
6.571430e-01
4.055853e-01
4.783916e-01
-2.168227e-01
-5.626943e-07
-6.089044e-02
-3.769551e-01
3.093515e-05
-3.381453e-01
1.687817e-03
-1.434571e-05
-3.433087e-01
-2.501123e-01
-1.338181e-01
-1.167690e-05
-1.476000e-05
-1.498466e-01
-1.312632e-05
-3.754677e-01
-3.596753e-01
6.932104e-05
8.780003e-06
-4.966480e-01
-8.900119e-02
-1.353793e-01
3.848737e-04
2.200722e-01
-4.333545e-07
-1.876868e-05
-3.117004e-02
7.977075e-01
-1.310135e-04
1.051930e-01
1.622477e-01
2.280935e-01
2.309963e-01
1.075869e-01
-3.494050e-01
-4.256590e-06
-2.879151e-02
-8.192074e-02
2.361882e-02
7.193076e-01
-2.183029e-04
2.046175e-01
-1.983658e-02
-2.744663e-07
-1.614804e-02
-1.474202e-02
-5.185003e-07
-1.637003e-04
6.864880e-02
1.648379e-01
-2.376989e-01
-4.043923e-02
1.506345e-01
6.047606e-05
-2.866878e-01
-2.710583e-05
1.972533e-01
-4.890125e-06
4.543977e-07
-2.055548e-02
2.263818e-01
-1.870352e-01
4.124083e-01
1.798877e-01
2.723198e-01
-3.472421e-06
2.798049e-01
6.208850e-01
-8.201619e-06
3.563400e-01
-2.562433e-03
8.873246e-05
-2.491206e-01
9.450523e-01
-1.261182e-01
1.771071e-04
-7.509335e-06
-2.718616e-01
6.313383e-08
9.423190e-01
4.163155e-01
-1.209752e-05
-4.032296e-06
-2.293901e-01
2.749133e-03
2.833369e-01
-1.505197e-03
2.103767e-01
-2.267795e-07
-1.424300e-05
-5.956902e-02
-4.965749e-01
1.471654e-05
1.548561e-01
-1.996137e-01
-1.579714e-01
-2.982848e-01
-9.414524e-02
9.299153e-01
-3.073037e-06
5.085088e-01
2.717340e-01
-5.000753e-02
1.184641e-01
-7.889382e-04
-1.017774e-01
-3.143591e-02
-1.040017e-07
-8.073593e-03
-3.316697e-02
-2.309358e-05
1.997094e-05
-3.355029e-02
-1.967842e-01
-1.359745e-01
2.461061e-01
1.638394e-01
-1.575182e-05
-1.299804e-01
-5.654962e-06
4.600763e-01
-3.695325e-05
-9.696456e-06
-2.731921e-01
-1.685548e-01
-4.387046e-01
-2.765026e-01
1.544652e-01
4.091922e-01
-3.820428e-06
-4.454232e-01
7.982004e-02
-3.668315e-06
4.855921e-02
-4.979520e-03
5.706740e-06
-6.359000e-01
-3.065720e-01
-1.522434e-01
-2.500846e-05
-4.611562e-06
-2.277018e-02
1.343140e-05
-7.981271e-03
5.376090e-01
8.014414e-06
-1.053494e-05
3.396561e-01
-2.766598e-01
8.807732e-01
-7.531681e-04
-8.232412e-02
7.441981e-07
-1.313095e-05
-3.507964e-01
-5.185920e-02
-4.233058e-05
-2.991132e-01
-2.128136e-01
1.996834e-01
-2.388672e-01
-2.490016e-01
-2.299263e-01
3.111609e-06
-8.546606e-02
7.933475e-01
2.526354e-01
-3.583902e-01
-1.383754e-03
-9.346766e-02
-3.341586e-02
-5.005655e-07
7.095247e-02
1.414606e-01
-1.547364e-05
4.722658e-04
8.973054e-03
-2.602465e-01
-4.210338e-02
-1.230859e-01
1.120286e-01
-2.570775e-05
-2.082842e-02
7.968335e-06
1.226836e-01
5.597172e-05
-7.068723e-06
-1.439857e-01
-2.717444e-01
1.260320e-01
-3.459758e-01
-4.445102e-01
-4.736838e-01
1.487276e-06
5.660283e-01
4.214387e-01
2.211610e-07
-4.719332e-01
-3.136110e-03
-2.326268e-05
4.472059e-01
-4.759819e-01
4.301731e-01
-4.460982e-05
9.006016e-05
2.107761e-01
-1.782676e-05
8.810137e-01
-3.652816e-01
-1.805129e-05
-4.281660e-06
-5.259432e-01
-2.893390e-01
3.589905e-01
-2.811962e-03
-2.450489e-01
3.107403e-07
-9.195290e-06
-9.575414e-02
-8.451188e-02
-9.317425e-05
-2.618020e-01
-8.317678e-02
-1.579567e-01
5.471342e-02
-2.260133e-01
7.870671e-01
-3.789709e-06
-1.390239e-01
-4.363840e-01
-4.970653e-01
-3.875411e-01
-1.063443e-03
-2.017722e-01
1.484788e-01
-1.462127e-07
1.571562e-02
-1.038197e-01
-2.422750e-05
2.816962e-07
-2.222509e-02
-2.198341e-01
3.128767e-02
-1.739637e-01
-3.396978e-01
5.224524e-05
-6.416282e-03
-1.505188e-05
-3.235252e-01
-8.033913e-06
8.418631e-07
-7.271221e-02
-1.583914e-01
-2.109457e-01
-2.973172e-01
2.670879e-01
4.107683e-01
-1.808548e-06
-2.507124e-01
-3.156985e-01
-4.964514e-05
1.446086e-01
-8.502356e-03
-5.043265e-07
-3.444265e-01
7.470345e-01
5.031770e-01
-6.283330e-05
-1.888908e-05
9.123633e-01
1.175320e-05
1.834868e-01
-4.424618e-01
1.109708e-05
-1.768825e-06
-1.707012e-01
-1.878185e-01
-2.802274e-01
-6.976262e-04
-4.072303e-01
-8.323673e-08
-5.899979e-06
-3.523516e-01
-1.639533e-01
-8.833117e-05
1.776387e-01
-9.783128e-02
-5.599197e-01
-2.322341e-01
7.495256e-02
-3.402542e-01
4.809150e-05
1.071385e-01
4.897424e-01
-1.837142e-01
9.538410e-01
-8.016832e-04
-1.937190e-01
-2.665960e-03
-2.145332e-07
-2.829221e-02
3.178698e-01
9.905042e-06
-1.155016e-04
1.132754e-01
-1.560897e-01
-1.790199e-01
-4.233707e-01
-2.258514e-01
-1.187270e-05
-3.743752e-01
4.916857e-06
-9.218732e-01
7.077831e-06
-5.560136e-06
1.130504e-01
7.031003e-02
-2.494987e-01
1.088442e-01
-3.486587e-01
-4.815574e-01
-4.123998e-06
-1.693576e-01
-4.101354e-01
2.147319e-05
-2.196971e-01
-1.081270e-03
-1.325355e-05
-4.060503e-01
1.282161e-01
-4.114503e-01
-7.380696e-05
9.120286e-06
-1.923856e-01
4.734407e-06
-4.444242e-01
-7.799310e-02
-1.971040e-05
-7.135694e-07
-2.257628e-01
1.453040e-01
-2.390736e-01
2.201496e-03
8.826763e-02
1.007640e-08
-1.286356e-05
4.266442e-01
-4.672278e-01
5.733451e-05
-4.944493e-02
-1.629850e-02
1.300429e-01
-2.345384e-01
-3.382500e-02
-3.232532e-01
-1.549844e-05
-5.765480e-02
-2.240261e-01
-4.566175e-01
-3.075302e-01
8.836426e-05
-1.787970e-01
-2.380767e-02
3.041590e-07
-3.885936e-02
-1.027546e-01
-3.608191e-05
6.287666e-05
-7.518919e-02
-3.815305e-02
-1.459950e-01
-4.659760e-01
-3.590774e-01
-1.750860e-05
-3.790378e-02
-1.065134e-05
6.606035e-02
-1.295229e-05
6.447378e-06
1.715929e-01
5.818738e-02
3.439159e-01
-1.154365e-01
-1.874955e-01
7.422121e-01
-2.328179e-06
5.948614e-01
5.790046e-01
-6.937862e-06
-4.725076e-02
2.358099e-03
-1.250649e-05
4.598351e-01
-1.105414e-01
5.775085e-01
-4.372322e-05
-1.412364e-05
-5.622021e-02
4.367132e-06
-6.337952e-01
7.396541e-01
3.846555e-05
4.635400e-06
-8.293961e-02
6.784148e-01
-2.766873e-01
3.854803e-03
-6.222804e-03
1.008511e-08
7.556553e-05
-2.764622e-01
5.028548e-01
-2.106751e-04
5.183507e-01
-8.523458e-02
-2.443526e-01
-2.122036e-01
-7.075392e-02
-1.713028e-01
-1.869500e-06
4.432676e-03
2.281039e-02
8.043283e-01
-3.072209e-01
1.594145e-03
-1.413069e-01
-4.527850e-03
-7.997397e-07
-2.523346e-02
-4.722672e-02
8.046858e-05
-8.560020e-05
2.553459e-02
-1.232127e-01
4.736792e-01
-3.251144e-01
-3.427125e-01
-2.653753e-05
2.520814e-01
-3.336368e-06
2.198888e-01
9.472543e-06
1.016751e-06
5.026755e-02
-1.385245e-01
-5.588465e-02
2.481249e-01
5.414681e-01
-2.459666e-01
6.434314e-06
-5.740568e-02
-2.934847e-01
5.210346e-05
3.944353e-01
-4.398659e-04
-1.039080e-05
8.570601e-01
-1.072617e-01
-6.422789e-02
5.644088e-05
-6.876392e-06
-9.517433e-02
-2.285909e-05
-4.088075e-01
5.252583e-03
-6.867255e-05
2.916643e-06
7.113170e-01
-3.380360e-01
-1.774801e-01
2.984258e-03
3.461358e-01
-1.679684e-07
7.182227e-07
4.889256e-01
-3.270031e-01
2.874527e-04
-2.591746e-01
2.154209e-01
3.906983e-01
4.275123e-01
4.026093e-01
-1.893280e-01
-4.864799e-06
-8.639403e-02
-1.288963e-01
6.491371e-01
-1.590709e-01
4.058777e-04
-2.413057e-01
9.642046e-03
1.236711e-06
-1.981880e-02
-3.786360e-02
8.060419e-06
9.394380e-06
-6.375268e-02
4.978722e-01
-1.284256e-01
5.626631e-01
2.009702e-01
-3.618223e-06
1.009531e+00
1.109423e-04
-1.780005e-01
4.390971e-07
-1.952116e-06
-2.002407e-01
2.588758e-01
-4.022146e-01
1.024827e-02
-3.226941e-01
-1.289359e-01
8.544821e-06
-2.518665e-01
-4.971227e-01
-3.426394e-05
3.574116e-01
1.806059e-02
-6.106405e-06
7.742782e-02
-1.777721e-01
-2.385115e-01
-3.457777e-05
-1.402672e-05
-2.775237e-02
-1.453503e-05
-2.899946e-01
6.201265e-02
4.768486e-05
6.754253e-07
-4.220166e-01
2.350655e-01
-9.522302e-02
-1.442820e-03
-1.787851e-01
-2.361624e-08
