-6.431214e-01
-4.795455e-01
-2.409967e-01
-5.579645e-01
-3.147499e-01
-3.090025e-01
-5.501384e-01
-4.398554e-01
-3.437915e-01
-3.267112e-01
-3.742836e-01
-5.079263e-01
-5.308782e-01
-1.030143e+00
-6.835375e-01
-4.474176e-01
-6.628395e-01
-2.932694e-01
-5.734454e-01
-4.159720e-01
-1.469222e-01
-6.245982e-01
-2.895670e-01
-2.800486e-01
-4.971712e-01
-3.666132e-01
-3.374961e-01
-2.388542e-01
-3.941590e-01
-3.337557e-01
-1.959517e-01
-6.595902e-01
-5.155914e-01
-6.117613e-01
-3.682204e-01
-2.082471e-01
-3.014242e-01
-8.016019e-01
-4.846757e-01
-4.980984e-01
-7.026379e-01
-4.563009e-01
4.318839e-02
-6.120471e-01
-7.168356e-01
-7.717990e-01
-6.551736e-01
-2.748463e-01
-8.327669e-01
-8.096359e-01
-1.374158e-01
-5.052490e-01
-7.331675e-01
-4.212450e-01
-4.570340e-01
-4.707734e-01
-4.294281e-01
-2.837312e-01
-3.057891e-01
-4.851733e-01
-2.312747e-01
-8.441923e-01
-6.857573e-02
-3.360759e-02
