5.121101e-01
4.064295e-01
4.974889e-01
5.310618e-01
4.729242e-01
4.499639e-01
3.665360e-01
4.150462e-01
3.488720e-01
4.838250e-01
3.486097e-01
4.586511e-01
3.792656e-01
3.042319e-01
3.843514e-01
3.609909e-01
2.289740e-01
3.606393e-01
4.110630e-01
5.241287e-01
4.211142e-01
4.928904e-01
4.129050e-01
4.248515e-01
6.052004e-01
2.693171e-01
4.375852e-01
4.699849e-01
5.114666e-01
4.605248e-01
3.374965e-01
4.979689e-01
5.033815e-01
4.819207e-01
4.483119e-01
3.836799e-01
4.534369e-01
2.505867e-01
4.655737e-01
5.260649e-01
3.930765e-01
4.697841e-01
4.834091e-01
3.476339e-01
4.032990e-01
5.502148e-01
4.666841e-01
5.038513e-01
4.079298e-01
5.621201e-01
5.191294e-01
3.766354e-01
5.447648e-01
5.293392e-01
5.479802e-01
5.421999e-01
3.789071e-01
5.355208e-01
4.075349e-01
5.486522e-01
4.306175e-01
3.828396e-01
3.558345e-01
3.504016e-01
