-5.332077e-01
-2.332353e-01
-5.735570e-01
-6.051482e-01
-5.625575e-01
-4.664565e-01
-1.835722e-01
-2.855496e-01
-1.666090e-01
-4.535179e-01
-1.027569e-01
-5.093201e-01
-2.390294e-01
-1.057674e-01
-2.416896e-01
-1.334489e-01
3.085944e-02
-2.068179e-01
-3.082340e-01
-6.741180e-01
-3.286213e-01
-5.453681e-01
-2.550608e-01
-3.258090e-01
-9.340745e-01
-1.838378e-02
-3.416281e-01
-4.887493e-01
-6.151174e-01
-5.127232e-01
-1.598388e-01
-4.846201e-01
-4.704296e-01
-5.401356e-01
-4.550062e-01
-4.187906e-01
-3.777935e-01
-1.205032e-02
-4.833078e-01
-6.774881e-01
-2.820965e-01
-5.043846e-01
-5.281469e-01
-1.446727e-01
-3.674300e-01
-7.349948e-01
-4.799652e-01
-6.150378e-01
-3.293922e-01
-7.802332e-01
-7.409509e-01
-2.359908e-01
-6.473865e-01
-5.926213e-01
-7.930391e-01
-6.539229e-01
-2.811704e-01
-6.564600e-01
-2.996605e-01
-6.811954e-01
-4.034425e-01
-2.358603e-01
-2.603364e-01
-2.116479e-01
