-2.558107e-01
-9.096208e-02
2.209734e-02
-1.635279e-01
8.123367e-02
2.644852e-01
-1.665588e-01
1.267111e-01
2.685664e-01
3.136717e-02
-1.557655e-02
-1.348923e-02
2.834558e-02
-1.016998e-02
-8.416988e-03
-8.729423e-04
5.674442e-03
2.211764e-02
4.108636e-01
1.241554e-01
-7.629454e-02
4.256507e-01
-1.548928e-01
-3.825228e-01
1.625140e-01
-2.567111e-01
-3.602633e-01
1.128240e-01
2.819647e-01
2.309908e-01
1.628430e-02
3.998385e-02
-1.540388e-02
-1.854364e-01
-2.889965e-01
-2.376645e-01
-1.738236e-01
-1.892438e-01
8.373481e-02
-1.661411e-01
-1.057654e-01
5.186239e-02
1.087716e-01
2.440187e-01
1.102811e-01
1.030584e-01
3.052552e-02
6.908293e-05
2.521444e-03
1.449194e-02
1.249730e-02
-1.350641e-02
-1.700148e-02
-1.538041e-02
-7.961138e-02
1.224084e-01
3.034411e-01
-2.084181e-01
-1.545121e-02
9.500744e-02
-1.269639e-01
4.597956e-02
9.903831e-02
1.171543e-02
3.057346e-02
4.025795e-02
2.471882e-02
-1.362944e-02
2.407864e-02
-1.092754e-01
-1.422390e-01
-2.183597e-02
-6.732296e-02
1.242299e-01
-6.692223e-02
1.201957e-01
2.468730e-03
-8.505332e-02
-3.612695e-02
9.870106e-02
-9.487595e-02
3.069225e-02
-1.642975e-01
-1.195937e-01
1.011000e-01
-4.892287e-02
-5.684384e-02
8.560871e-02
1.464284e-02
1.811653e-02
-5.771465e-02
7.735648e-02
-2.307234e-02
9.579843e-02
1.867261e-01
-2.473493e-02
2.023228e-02
9.345926e-03
-1.448088e-01
8.909864e-02
2.820178e-02
4.738018e-03
6.654502e-02
-3.920218e-02
-6.342719e-02
-3.672484e-02
-1.319506e-01
-1.179927e-01
-8.898828e-02
-2.436936e-01
-3.478100e-01
3.082983e-01
1.266045e-01
-1.692903e-01
3.744957e-01
2.462506e-01
-6.067169e-02
1.547953e-01
-1.632125e-01
-1.478099e-01
2.159675e-02
-1.557595e-01
1.927266e-01
-9.853619e-02
2.566888e-02
1.590107e-01
-9.975642e-02
-4.730209e-02
3.712043e-03
5.477786e-03
1.091205e-01
1.351461e-01
-4.485958e-02
1.352110e-02
5.098127e-02
-7.806309e-03
-5.152041e-02
1.152988e-04
8.507092e-02
-1.109866e-01
-4.785401e-02
6.156647e-02
-5.064848e-02
-5.682832e-02
-2.140719e-02
-5.793021e-02
2.012099e-03
7.547311e-04
1.190862e-01
-5.025009e-02
2.167865e-02
1.440873e-03
-5.113040e-02
-5.290167e-02
-4.855595e-02
-1.622611e-01
-5.966819e-02
-3.679188e-03
-2.030190e-01
-4.505458e-02
-4.804024e-02
-9.307582e-02
9.742999e-03
-2.169130e-02
-6.782229e-03
8.203404e-02
5.748497e-02
-1.010353e-01
7.402503e-02
6.774147e-03
-5.269264e-02
-5.505454e-02
-3.530249e-02
-3.377081e-02
-4.195976e-02
3.318242e-02
4.939613e-02
-7.214253e-02
3.307486e-02
2.270303e-02
-4.854539e-02
3.474053e-03
-1.934540e-02
-4.852433e-02
8.689951e-02
-3.752614e-03
-6.323554e-02
5.905987e-02
8.723830e-02
7.454158e-02
-1.420521e-01
1.061125e-01
3.168316e-01
-2.332518e-01
-2.246378e-02
1.911029e-02
-3.264081e-01
-7.200444e-02
-1.140076e-03
1.250380e-01
-3.774356e-02
-4.630124e-02
-1.653325e-01
8.059007e-02
8.888345e-02
2.208122e-02
7.799985e-02
-7.478239e-02
4.550043e-02
8.053418e-02
8.354743e-02
8.239975e-02
-9.207412e-02
-6.701712e-02
-8.145591e-02
-4.755186e-02
-1.249346e-01
-1.192626e-01
2.139141e-01
-1.313960e-01
5.975540e-01
-4.653482e-01
-1.104624e-01
2.616187e-02
-4.130046e-02
7.627141e-02
6.407738e-02
5.921540e-02
-1.121743e-02
-1.888226e-01
3.315915e-02
2.073985e-02
-4.371705e-02
8.689477e-03
5.487976e-02
5.988015e-02
5.061164e-02
-6.546742e-02
-9.732925e-02
5.291136e-02
-7.054792e-02
1.590707e-01
9.204720e-03
-7.120882e-02
-2.303740e-02
2.359878e-02
5.177155e-03
1.499960e-01
-2.393279e-02
6.577780e-02
4.398806e-02
-1.760741e-02
-7.307485e-02
-3.768372e-02
1.121644e-02
-9.290278e-03
1.994060e-02
1.268690e-02
-7.831638e-03
1.998658e-02
-1.792691e-03
5.707624e-02
-8.866946e-02
-4.452973e-02
-2.658898e-01
3.792893e-01
-6.123473e-02
-1.080917e-02
3.296613e-02
-9.911577e-02
-1.033985e-01
-7.479485e-02
4.179798e-02
-4.439662e-02
7.850595e-02
7.377711e-02
4.625626e-02
6.295447e-02
-5.114410e-02
2.110420e-03
-1.062462e-01
-1.896271e-02
-1.578754e-01
1.903119e-02
3.482714e-01
-6.452891e-02
-1.130650e-01
9.423469e-02
-7.560513e-02
-3.260216e-02
3.883155e-02
-8.664300e-03
1.122593e-01
2.088578e-01
-4.487672e-02
4.140555e-02
1.401958e-01
-7.435687e-03
1.584503e-02
-3.797565e-02
-3.049351e-02
-5.420632e-02
-1.033931e-01
3.767672e-02
1.169453e-02
-2.629977e-02
4.353845e-02
-5.927268e-02
-7.291888e-02
-1.709633e-02
-1.406419e-01
-1.919087e-01
2.800785e-02
-7.217921e-02
-1.317164e-01
-1.466341e-02
-5.659876e-02
-1.794173e-02
-3.514008e-03
-1.255944e-01
-1.239649e-01
7.190438e-02
-1.194422e-01
-1.309841e-01
-5.978931e-02
-1.559099e-02
1.445849e-01
-1.070603e-01
-4.292239e-02
1.866272e-01
-2.576717e-02
-3.230125e-02
9.514800e-02
5.617506e-02
1.501996e-02
3.817909e-02
-4.601149e-02
1.861152e-02
2.461293e-02
-5.038018e-02
-1.775248e-02
4.922804e-02
-6.147971e-02
-9.371238e-02
-5.251680e-02
-2.781228e-02
-5.322875e-02
1.364404e-02
-2.818986e-02
-3.061491e-03
5.753117e-02
6.510354e-02
-2.301046e-02
-6.405259e-02
-2.782153e-02
-1.245612e-01
-1.102927e-01
5.704721e-02
-2.636617e-02
-1.697801e-02
1.156177e-01
7.063813e-03
-1.470490e-01
-1.691846e-02
1.243742e-01
-9.336117e-02
-3.172453e-03
-4.754767e-03
6.078107e-02
1.038559e-01
7.851508e-02
9.896649e-02
6.500509e-02
-1.380646e-02
6.783842e-02
6.063746e-02
7.571243e-04
6.858782e-02
-4.329480e-03
2.795883e-02
7.105866e-02
9.989139e-02
7.284287e-02
4.969537e-03
5.641171e-02
7.386138e-03
-1.835947e-02
5.758328e-02
5.187699e-03
6.091329e-03
4.897205e-02
-5.285774e-02
-6.867703e-03
2.924761e-02
-5.239486e-02
-2.658957e-02
-1.517045e-02
-4.331000e-04
-4.690876e-03
1.945856e-02
6.496214e-02
6.890171e-02
-2.635889e-03
3.936486e-02
5.476140e-02
-3.127459e-02
1.558012e-02
-1.981435e-02
-4.640502e-02
5.500392e-03
5.173671e-02
3.955210e-03
-2.357255e-02
2.505824e-02
-4.676851e-02
1.135814e-02
2.015444e-02
1.599752e-02
2.717653e-02
-1.421024e-02
-2.922868e-02
-6.325381e-02
-5.174080e-02
-5.111355e-02
2.078585e-02
2.931148e-02
-2.994116e-02
1.847030e-02
-1.430313e-02
3.155970e-02
6.125946e-02
-4.251799e-02
-4.570634e-02
-4.234939e-02
1.217016e-02
-4.270113e-02
-6.554165e-02
1.683552e-03
-2.820641e-02
-5.606551e-02
-3.649841e-02
2.115797e-02
5.709072e-02
5.571136e-02
5.004384e-02
3.099844e-02
2.355452e-02
-7.299717e-02
-9.213064e-02
-2.881858e-02
-1.149283e-01
-5.397725e-02
-1.477292e-01
5.219864e-02
3.401339e-01
-1.031028e-02
6.489922e-03
3.532632e-01
1.951605e-03
1.448245e-01
7.938318e-02
5.665062e-02
-3.360964e-02
-1.320205e-02
3.528218e-02
-1.188787e-01
-4.168626e-02
-3.086683e-02
6.515729e-02
-8.481681e-02
-1.304264e-02
-1.182349e-01
-2.073183e-01
-1.296533e-01
-4.985131e-02
1.765591e-01
2.530090e-02
-1.172429e-01
1.119740e-01
-6.112593e-02
-6.816326e-02
9.531492e-02
1.623619e-02
-6.752912e-02
6.419301e-02
6.566800e-02
4.443121e-03
8.308367e-02
4.855921e-02
-1.050783e-02
-1.060430e-01
-1.721288e-01
-8.998471e-02
-1.727218e-01
-2.067131e-01
-2.764008e-02
-9.170235e-02
-1.062332e-01
1.722523e-02
-2.203566e-03
-2.577608e-02
-5.558687e-02
-7.369957e-02
-5.988871e-02
-6.039506e-02
-5.766389e-02
-8.785716e-02
7.534276e-02
1.369036e-01
8.262271e-02
-1.351304e-01
-6.092933e-02
-5.277106e-02
-2.601971e-02
3.785634e-02
3.870943e-02
1.174859e-01
1.410650e-01
7.589111e-02
7.538499e-02
1.145703e-01
8.269814e-02
-1.844395e-02
-3.275352e-02
-8.457023e-03
-1.732771e-02
-4.109113e-02
6.640095e-02
-1.703957e-02
2.615975e-03
1.237445e-01
6.948099e-02
8.666568e-02
5.733604e-02
7.330365e-02
1.977631e-01
1.325708e-01
-4.246378e-03
1.342409e-01
2.372592e-02
-1.861643e-02
-3.010345e-04
-6.032565e-02
3.973672e-02
1.562318e-01
-1.599715e-02
-5.994359e-03
1.022104e-01
-6.119956e-02
-1.594848e-01
7.043450e-02
-2.123375e-02
1.004928e-01
1.290801e-01
-1.202575e-01
7.149564e-02
-2.405451e-02
-2.074132e-01
-7.478891e-02
-2.663798e-02
-7.634395e-02
3.374556e-02
2.199849e-02
-6.060110e-02
-1.518073e-02
-3.525124e-02
-1.130064e-01
-1.033573e-01
1.339858e-02
2.107191e-02
4.363272e-02
7.088167e-02
3.913026e-02
8.903473e-03
8.135703e-03
1.149014e-02
3.625864e-02
5.699372e-02
3.741447e-02
-2.891293e-02
-7.604238e-02
-5.345517e-02
-1.508011e-01
-1.484200e-01
-8.863934e-02
5.990969e-02
-9.884435e-03
7.709603e-02
-7.076850e-02
-1.157538e-01
3.579492e-02
4.578247e-02
-1.898138e-02
4.102883e-02
-9.979269e-02
-1.683532e-01
-2.502965e-01
2.387367e-01
7.470800e-02
-2.913587e-01
2.401469e-01
3.269479e-01
-1.542013e-01
-1.686856e-01
-1.705031e-01
-7.818203e-02
-1.076081e-01
1.071839e-02
4.378366e-02
5.395523e-02
1.480740e-01
1.415711e-01
-2.223468e-01
3.682637e-02
3.079454e-01
-1.895346e-02
-1.625598e-03
4.509062e-02
2.517682e-01
-2.430054e-02
-3.138983e-01
-1.374905e-02
-1.976947e-02
-8.536617e-02
-6.422008e-02
-1.681408e-01
-1.924109e-01
3.389778e-03
-3.284690e-02
-1.286919e-01
-1.499011e-01
-1.084325e-01
8.981156e-02
-1.799620e-01
-7.443684e-02
1.913946e-01
-6.855594e-02
-6.563451e-02
8.818681e-02
6.620897e-02
1.006652e-02
4.406136e-03
1.182651e-01
1.289761e-02
-1.765443e-01
1.003205e-01
1.271792e-01
3.231406e-02
3.399429e-03
5.886776e-02
-4.060329e-02
-3.065472e-02
-2.470323e-02
2.291459e-02
-5.040409e-02
1.568090e-01
-8.013150e-02
1.183097e-01
-9.767960e-02
-9.749772e-02
9.125110e-02
-4.454061e-02
-6.748518e-04
7.173620e-02
-8.996920e-02
-5.598496e-02
8.126678e-02
-6.897855e-02
-1.225363e-01
-9.542599e-02
6.199797e-03
1.252244e-01
-7.357875e-03
-7.640732e-03
2.306280e-02
4.966776e-03
-4.060653e-02
-1.493872e-01
1.639398e-01
7.136682e-02
-2.280250e-01
1.604128e-01
1.258739e-01
-1.275929e-01
2.213915e-01
1.508610e-01
2.533423e-04
2.122467e-01
-2.068063e-02
-3.328677e-01
5.483287e-02
-6.495389e-02
-3.230099e-01
-5.976913e-02
-2.276195e-02
-1.199323e-01
2.661176e-01
2.170475e-02
6.672014e-02
-1.342999e-01
2.041569e-03
-8.296175e-02
-6.662324e-02
7.859796e-04
7.802659e-02
-5.430093e-02
-8.152319e-02
-7.154089e-02
-1.658502e-02
-1.790840e-02
-3.257347e-02
5.302400e-02
4.751365e-02
8.377722e-03
5.368908e-03
3.445565e-02
3.612223e-02
-5.232938e-02
-2.129933e-02
6.607998e-02
9.483542e-03
-3.607791e-02
4.273998e-02
-3.284705e-02
-8.208238e-02
-7.997998e-03
-3.940487e-03
-4.940998e-02
2.127593e-02
9.726859e-02
1.866608e-01
1.060364e-01
1.599219e-01
2.255804e-02
1.434581e-01
7.546397e-02
1.720594e-01
1.009354e-01
7.939441e-02
9.989331e-03
-2.527714e-03
-3.049147e-02
-5.691833e-02
-8.815303e-02
-1.502188e-02
-1.311201e-02
9.917817e-03
4.213988e-02
-7.772990e-02
-2.515157e-02
-7.266341e-02
-1.237430e-01
-4.182765e-02
6.454508e-02
4.699872e-02
9.637551e-02
9.209815e-03
3.566584e-03
7.627260e-02
-4.555140e-03
1.901305e-02
4.307830e-02
-3.569490e-02
1.188088e-02
2.838233e-02
-4.869472e-03
8.840266e-02
-1.311169e-02
-2.758157e-02
4.770565e-02
-1.551842e-01
-4.709514e-02
1.293476e-01
-1.937464e-02
-5.315501e-02
1.928236e-01
-1.463556e-01
2.290909e-01
2.581232e-01
1.340686e-01
-1.097283e-01
1.357922e-01
-1.264253e-01
5.972359e-02
4.576301e-02
9.592695e-02
-6.862273e-02
-6.347431e-02
1.036998e-02
3.646314e-02
-2.477898e-02
8.666377e-02
-2.115400e-02
2.134129e-02
9.901091e-02
7.263794e-02
-3.055081e-02
-3.448755e-03
5.644036e-02
3.038857e-02
-2.860054e-03
-3.583259e-03
1.139336e-01
-4.527837e-02
2.568748e-01
2.722191e-01
2.097899e-01
-8.022172e-02
9.831252e-02
-9.597560e-02
-1.860947e-02
-6.673537e-02
-1.511626e-02
3.329847e-02
-4.132798e-03
3.686426e-02
-8.603429e-02
-2.619404e-03
-1.876645e-02
-2.398384e-02
3.272246e-03
-6.494740e-03
-6.108805e-03
1.905287e-02
3.132229e-02
-2.970956e-02
7.025459e-03
3.990458e-02
3.880933e-02
-2.435734e-02
2.177547e-02
-6.625663e-02
-7.887910e-02
-3.297829e-02
6.998390e-02
5.714069e-02
1.225614e-01
1.155787e-01
5.475815e-02
-2.091844e-02
-3.933863e-03
3.835011e-03
1.784014e-02
-5.729282e-03
3.859588e-02
3.857386e-02
3.556768e-02
-9.527212e-02
-8.876121e-02
7.596751e-02
3.769680e-02
-9.154073e-03
6.477767e-02
2.131950e-02
-5.374857e-02
-3.314515e-02
9.625972e-03
-8.989821e-03
-1.141382e-01
-1.579052e-03
8.371636e-02
1.435936e-03
-1.233378e-02
3.694385e-02
1.000991e-01
1.557305e-01
9.579702e-02
4.463435e-02
1.023210e-01
7.493975e-02
-8.293960e-02
-5.286501e-02
-1.304609e-02
2.762096e-02
1.764105e-02
-3.576630e-02
-8.609964e-03
-1.320458e-02
-3.736904e-02
2.479201e-02
2.247985e-03
-1.285408e-02
6.016662e-03
3.233110e-02
-4.855913e-02
-4.011288e-03
2.534794e-02
-7.664753e-02
-3.264209e-03
3.519096e-02
-1.029175e-01
1.435100e-02
-1.188026e-03
2.548672e-02
7.067933e-02
5.250681e-02
5.659674e-02
2.097584e-02
-1.082084e-02
-5.400348e-04
5.136267e-04
1.186773e-01
-5.394513e-02
3.262373e-02
1.373962e-01
3.821254e-04
-8.891091e-02
5.274680e-04
-6.100498e-02
1.487899e-02
-1.187968e-01
-7.992318e-02
6.190526e-02
-2.625871e-02
-1.002229e-01
-5.174593e-02
-5.188306e-02
-8.207472e-02
-5.666774e-03
7.545432e-02
-4.797540e-02
-6.934392e-02
2.052031e-02
-5.443472e-02
-4.475081e-02
4.294020e-02
-6.667118e-02
4.790628e-02
1.243486e-01
-1.058563e-02
4.928942e-02
1.085206e-01
1.471568e-02
-1.429910e-01
-9.219780e-02
-1.743796e-01
-3.253347e-02
1.693759e-02
1.956675e-02
4.783366e-02
1.562596e-01
-2.225886e-02
-9.789787e-02
-7.535956e-02
-8.904162e-02
6.064570e-02
3.396394e-02
1.465109e-02
6.894103e-02
3.895444e-02
1.674215e-03
1.602669e-01
1.297309e-01
3.257342e-02
1.270385e-02
1.212350e-02
-2.088100e-02
-2.606873e-02
1.284425e-02
-2.049701e-04
-4.806766e-02
5.958154e-02
7.083543e-02
2.245630e-01
2.821244e-01
6.267052e-02
1.757026e-01
1.921632e-01
9.480576e-02
4.030791e-02
-4.905991e-02
-2.138327e-02
-2.906115e-03
3.880963e-02
-8.264138e-02
6.533179e-02
1.257967e-01
-4.129359e-03
3.986310e-02
1.183999e-01
2.590861e-02
-1.267107e-02
1.196042e-01
-1.065640e-01
2.656323e-02
1.503300e-01
3.279074e-03
9.167627e-03
-6.964552e-02
-6.028933e-02
-1.001282e-02
-3.439170e-02
-8.774039e-02
1.232832e-01
1.342136e-01
8.970936e-03
1.102506e-02
2.648367e-02
-6.022893e-02
-6.702963e-02
-5.602051e-02
8.908504e-02
-2.722156e-02
-3.721624e-02
1.293606e-02
-2.525581e-02
-7.848611e-02
-6.435615e-02
-1.217258e-02
6.909410e-02
-7.614997e-02
3.866100e-02
1.413277e-01
-1.259163e-03
-9.290084e-03
1.893087e-02
-3.441552e-02
3.471550e-03
-4.122800e-03
-1.716256e-02
-5.462303e-02
-6.281354e-02
-6.398496e-02
-4.455084e-02
-2.363348e-02
-4.599889e-02
-2.141844e-01
-1.105483e-01
2.127444e-02
-1.493252e-01
-1.089860e-01
3.730884e-03
-6.119515e-02
-1.328141e-02
6.169218e-02
6.835138e-03
6.477311e-02
-1.217213e-01
7.728804e-02
1.565032e-01
-5.160289e-02
-5.824865e-02
2.398418e-02
-9.531173e-02
1.094700e-01
2.267497e-01
1.370739e-01
-3.590830e-02
-9.670856e-02
1.948685e-02
-1.069206e-01
-2.510951e-01
-1.242361e-01
1.291074e-01
-3.210932e-02
-8.956887e-02
9.373453e-02
-1.844101e-02
-1.704605e-02
1.565657e-02
-2.042292e-02
3.190816e-02
3.646071e-02
6.238553e-02
1.123042e-02
-8.262213e-02
-3.453937e-02
2.588254e-02
-8.642778e-02
7.879671e-02
5.177680e-02
-5.878190e-02
3.716090e-02
-4.735206e-02
1.419409e-02
7.272127e-02
1.125667e-02
-5.163347e-02
-1.969952e-02
-3.425669e-02
-4.448601e-02
7.600788e-02
-9.490140e-02
-4.575168e-03
1.248080e-01
-1.751333e-01
1.885425e-02
-7.977352e-03
-4.601528e-03
-8.048917e-02
-7.594194e-03
-2.812178e-02
-1.808570e-01
-1.002216e-01
-9.631003e-02
-1.417825e-01
-3.559447e-02
-9.476496e-02
-1.230969e-02
-1.728679e-03
-5.223762e-02
8.121059e-02
1.107273e-01
-3.152818e-02
-5.370719e-02
5.352223e-02
-1.154925e-01
4.120426e-02
1.442529e-01
4.605581e-02
5.276733e-02
9.802895e-02
4.339867e-02
4.976220e-02
2.061203e-02
1.177607e-02
-1.324310e-01
-1.391242e-01
6.576705e-02
-1.084777e-01
-1.748194e-01
-8.654782e-03
-3.253927e-02
-9.893285e-02
-1.283284e-02
-2.224636e-01
-6.623236e-02
-4.249915e-02
-1.373220e-01
1.380924e-01
6.771976e-02
4.479612e-02
5.740310e-02
3.377806e-02
-3.074547e-02
6.055781e-02
6.526474e-02
-1.784878e-02
1.042688e-01
1.000372e-01
-8.533981e-02
-6.122385e-02
2.883532e-02
3.276442e-02
-2.203790e-02
9.552819e-02
8.540817e-02
2.626859e-02
1.200762e-01
9.229627e-02
2.066394e-02
7.027718e-02
-8.760644e-02
-1.238495e-01
-1.155892e-01
3.586002e-03
3.897917e-02
-4.510926e-02
1.262099e-02
1.567119e-01
1.199239e-02
-1.320523e-03
-6.909813e-02
-2.287101e-02
1.206273e-02
-2.783730e-02
4.514956e-02
1.208102e-02
-7.018892e-02
4.563108e-02
-1.795058e-01
-3.452626e-01
-3.201926e-02
3.504405e-03
-1.208887e-01
4.777816e-02
1.910006e-01
2.452648e-01
1.625018e-01
1.421992e-01
1.206494e-01
2.146438e-02
5.726922e-02
-1.318664e-02
-9.822261e-02
-1.168353e-01
-1.157098e-01
-8.879558e-02
9.118922e-02
1.258301e-01
-6.843995e-02
-5.525671e-02
-1.089708e-01
-9.992126e-02
2.374765e-02
2.730778e-03
1.713957e-02
-1.739499e-01
1.459210e-01
1.460031e-01
-1.313269e-01
-1.546081e-02
4.359750e-02
6.118970e-02
-1.228632e-02
-8.184540e-02
2.531490e-01
1.930896e-01
8.840413e-02
8.103576e-02
1.080253e-01
1.094431e-01
-1.500507e-01
-3.049485e-01
-1.594090e-01
-1.443626e-01
-1.602942e-01
-1.159588e-01
8.672996e-03
1.012027e-01
-6.777951e-03
1.771568e-01
3.809126e-01
2.248532e-01
1.117743e-01
-1.693515e-01
1.595657e-01
5.816291e-02
-4.304488e-02
-8.631904e-02
-6.594045e-02
-2.316308e-02
8.120583e-02
2.630106e-02
4.285021e-02
2.759478e-02
-3.321098e-02
6.662086e-04
6.421906e-02
-2.417776e-02
-1.262498e-01
5.073258e-02
4.242809e-02
1.220646e-01
3.441698e-02
9.305710e-03
-1.138291e-01
-1.125071e-01
9.372149e-02
-9.214014e-02
6.972180e-03
-7.899840e-02
-1.760340e-01
-1.501008e-01
1.815581e-02
-3.987711e-03
-1.902562e-02
6.456227e-02
1.525278e-01
1.325388e-01
-2.385938e-01
-3.164727e-01
-1.343383e-01
-1.778103e-02
-9.665589e-02
1.071632e-02
2.328561e-01
2.367668e-01
2.159691e-01
2.072792e-02
-1.043327e-01
-2.686004e-02
-4.697156e-02
2.120964e-01
1.340348e-01
-8.753999e-03
1.076573e-01
-2.081506e-01
-9.726948e-02
-1.102221e-01
-2.553048e-02
-2.635182e-01
-3.284388e-01
-1.836972e-01
-1.289527e-01
-1.412802e-01
-4.005431e-02
1.322581e-01
6.972259e-02
-6.923856e-02
5.044487e-02
3.499622e-02
2.666405e-02
-1.792305e-02
-3.390974e-04
1.441514e-01
-1.818993e-01
-1.116804e-02
1.771386e-01
-2.471598e-01
7.969908e-02
2.753988e-01
-2.467667e-01
-2.518304e-02
1.082265e-01
-1.663369e-01
-7.296659e-02
-1.370536e-01
-1.022655e-01
-1.029650e-01
-1.603332e-01
-8.267039e-03
-1.473090e-02
-9.330065e-02
2.050416e-01
-1.318259e-01
-1.413255e-01
2.273351e-01
-1.371282e-01
-1.565657e-01
2.406727e-01
2.110825e-02
-9.581299e-02
1.506659e-01
-3.936239e-02
-2.140553e-01
3.235739e-01
-7.811010e-02
-3.349707e-01
2.393699e-01
-4.227946e-02
-2.913333e-01
5.744395e-02
9.752865e-03
8.004279e-02
-1.757069e-01
-2.790587e-01
2.369960e-01
-1.344468e-01
-7.729733e-02
2.898197e-01
-8.100016e-02
-7.480382e-04
1.480284e-03
7.575185e-03
5.491027e-02
1.060933e-02
-3.791024e-02
-5.484213e-02
-3.410290e-02
1.059723e-01
2.538995e-01
-8.375631e-02
-3.418230e-02
1.331775e-02
-1.501593e-01
-1.433909e-02
4.098448e-02
-9.647567e-03
1.317004e-01
1.276742e-02
-1.003098e-01
2.079316e-01
3.019717e-02
-9.520454e-02
1.050491e-01
-6.180548e-02
-1.663231e-01
8.175965e-02
-9.973566e-02
4.147179e-02
6.429103e-03
1.012873e-01
-8.017370e-03
-1.256557e-01
3.069393e-02
-1.920498e-02
-1.637768e-01
-3.616802e-02
-2.386204e-02
-1.340913e-01
-8.818728e-02
4.751316e-02
-2.415557e-02
1.855648e-01
2.486221e-01
1.652044e-02
8.656592e-02
1.298340e-01
1.317651e-02
-1.209289e-01
-1.168654e-01
1.165836e-01
-4.378968e-03
-1.545002e-02
5.428152e-02
-1.277163e-01
-3.483244e-02
4.539437e-02
-2.554489e-02
6.255414e-03
8.159500e-02
-2.691051e-02
-7.349946e-02
-1.472820e-01
2.995612e-02
2.690209e-01
-2.610032e-01
5.715093e-03
3.677326e-01
-3.040890e-01
-9.026651e-02
1.636743e-01
-2.751119e-02
-1.115920e-01
2.120801e-01
-8.011129e-02
1.213877e-01
1.533213e-01
-1.644319e-02
-1.007796e-01
-1.068003e-01
9.841805e-03
-1.822102e-02
4.120117e-02
2.916122e-02
1.673682e-02
2.386528e-03
-7.104214e-02
4.326554e-02
-3.834977e-02
3.683085e-02
-2.145531e-02
1.332987e-01
-8.514861e-02
-6.177584e-02
-7.707263e-03
-1.311683e-02
-1.926336e-02
3.019070e-02
1.594757e-01
1.798327e-01
2.091281e-01
8.176840e-03
-1.159777e-03
1.388443e-01
-2.924807e-01
-2.786611e-01
-1.781478e-01
-5.714746e-02
-1.296264e-01
-8.795270e-02
-2.037589e-02
-4.154229e-02
-7.644909e-02
-1.767883e-02
-3.143135e-02
-1.963264e-02
-2.846065e-01
-3.543045e-01
-2.439240e-01
-7.686999e-02
-1.017947e-01
-3.186125e-02
2.815309e-01
4.160647e-01
2.484163e-01
-3.085851e-02
-4.323758e-02
-7.795162e-03
-6.917299e-02
-1.239991e-01
-9.013372e-03
-7.090662e-02
1.524368e-02
1.358856e-01
1.765198e-02
1.092978e-01
1.510372e-01
-8.994099e-02
-2.758969e-01
-2.101337e-01
1.812536e-02
2.539778e-02
-6.544009e-02
7.957754e-02
3.748998e-02
2.525311e-02
9.424768e-02
3.100760e-02
7.618541e-03
1.242429e-02
-1.700048e-02
-7.209076e-02
1.158324e-01
1.818784e-02
-6.067687e-02
6.510018e-02
5.391064e-02
-5.905260e-02
-1.045916e-01
-1.900338e-01
-1.580393e-01
-2.240503e-02
7.373200e-02
1.840631e-01
-1.636937e-01
-1.374222e-01
-5.545260e-02
4.354481e-03
-3.164080e-03
-4.546636e-02
4.684103e-02
-7.159138e-02
-6.745116e-02
1.481273e-01
-1.919585e-01
1.589437e-01
-3.893190e-02
6.754059e-02
-7.983009e-03
-9.254766e-02
-2.474983e-01
-1.896420e-01
5.539848e-02
5.971548e-02
-2.234086e-02
1.083591e-01
1.767828e-01
9.468479e-02
3.170827e-02
-5.813365e-02
-1.362274e-01
6.873537e-02
1.348532e-02
9.804600e-03
-4.630645e-02
-2.089868e-02
1.888855e-01
2.388092e-02
-8.559085e-02
-6.843427e-02
2.571573e-02
-2.653918e-02
2.996394e-02
1.056809e-02
8.155385e-02
7.612994e-02
-6.349466e-02
-8.683896e-02
-1.409332e-01
2.541678e-02
1.595082e-02
-6.448328e-02
1.544051e-01
2.014639e-01
8.735415e-02
-8.422089e-02
-1.048234e-01
7.080436e-02
2.218487e-01
5.130217e-02
1.036457e-03
4.976241e-02
-3.129210e-02
-1.532528e-01
6.904129e-02
1.232935e-02
1.625016e-02
3.289360e-02
-6.944573e-02
-2.870310e-02
1.438654e-01
6.880770e-02
5.759822e-02
-1.184411e-01
-9.422307e-02
-4.301190e-02
-4.825041e-02
-1.173146e-01
-2.183733e-01
6.900642e-02
4.973187e-02
-7.040326e-02
-1.237462e-01
-3.519653e-02
6.282709e-03
-1.154661e-01
-1.618399e-02
2.073736e-02
-5.649827e-02
-4.812129e-02
1.140593e-02
2.630383e-02
-1.357850e-02
-1.332211e-02
7.105627e-03
-4.543576e-02
-7.129797e-02
-4.588903e-02
-8.437254e-02
-1.106578e-01
2.512825e-02
2.356343e-02
-8.639906e-02
3.423323e-02
5.112236e-02
-5.568448e-02
-1.348199e-02
2.091294e-02
-6.756695e-03
-3.148760e-02
3.774356e-02
-2.145186e-02
1.177916e-02
1.152780e-01
5.812472e-02
-1.755337e-02
7.077676e-02
4.478797e-02
1.098064e-01
9.302044e-02
4.919298e-02
1.295703e-01
-5.170545e-02
-1.515636e-01
3.731138e-02
-1.778135e-01
-2.162173e-01
7.112970e-02
3.244287e-02
1.050130e-01
6.798540e-02
4.924499e-02
6.309392e-02
-7.061595e-03
-2.238175e-02
8.517601e-05
7.493539e-02
-8.490862e-03
-7.250810e-02
5.336408e-02
-7.568000e-02
-9.744409e-02
3.708260e-02
1.974511e-02
-4.808450e-02
8.537684e-02
2.134539e-01
2.309320e-01
7.668293e-02
1.995979e-01
2.017336e-01
-1.033586e-01
-5.180380e-02
-2.532052e-02
-8.638468e-02
1.014714e-01
-2.228371e-02
-8.310037e-02
1.738598e-01
-4.462764e-02
3.348632e-03
-2.171203e-02
1.953703e-02
4.924266e-02
-4.902646e-02
-9.756000e-02
7.847577e-02
-6.003377e-02
-8.636491e-02
1.061357e-01
1.010880e-01
6.369622e-02
4.430423e-02
4.255221e-02
5.756266e-02
-3.389632e-02
1.206429e-02
-1.342206e-02
-8.586379e-02
4.594339e-02
-1.454835e-02
3.174533e-02
1.710748e-02
-3.517717e-02
3.162043e-02
2.331065e-02
-4.812939e-02
-3.873831e-03
-3.376891e-02
-7.409000e-02
-6.570983e-02
-9.501173e-02
-5.901140e-02
-6.597678e-02
-9.416914e-02
-4.186734e-02
-2.169226e-02
-4.060062e-02
1.011927e-02
1.952039e-02
-1.784760e-02
-1.330051e-01
-8.509638e-02
8.119095e-03
2.488461e-03
8.833132e-02
4.167817e-02
3.661141e-02
7.342760e-02
7.277193e-02
8.452808e-02
5.119265e-02
1.253385e-01
1.464147e-01
1.018624e-01
1.285472e-01
1.298813e-01
-1.696847e-01
-1.136150e-01
3.217542e-02
-1.450017e-01
-1.375208e-01
7.532215e-02
-8.785058e-02
-7.795306e-02
5.547922e-02
-1.124519e-01
-2.169289e-01
-2.046996e-03
-9.797227e-03
-1.477124e-01
1.446203e-01
3.653074e-02
5.510360e-02
1.904671e-01
8.212784e-02
4.204454e-02
-1.217769e-03
-8.214665e-02
-5.275059e-02
-2.315133e-01
1.068762e-01
6.096861e-02
4.849667e-02
4.137114e-02
2.625204e-02
1.761965e-01
-5.164618e-02
-1.794297e-01
1.244939e-01
3.232432e-02
-5.588914e-02
-3.835442e-02
8.049677e-03
-2.432884e-02
8.336104e-02
8.633055e-03
-1.426348e-01
-4.027333e-02
-4.344794e-02
-8.502346e-02
9.684909e-02
3.552368e-02
-3.215534e-02
7.024433e-02
1.615013e-02
-4.265709e-02
-1.474577e-02
-4.932324e-02
-1.845142e-02
8.627289e-02
-1.646793e-01
5.789063e-02
1.407583e-01
-2.162139e-01
1.746283e-01
2.909611e-01
-1.301392e-01
-7.128419e-02
6.099568e-03
-9.855539e-02
-6.391726e-02
-3.478293e-02
-1.380006e-01
1.626738e-01
-7.890321e-02
3.479069e-02
2.888088e-02
1.315802e-01
-6.522121e-02
-1.564964e-01
2.717877e-02
-1.794136e-01
-2.294399e-01
7.385541e-02
1.566536e-01
1.657242e-01
2.318867e-01
1.156682e-01
-1.076209e-01
2.269827e-02
5.772549e-02
-4.677884e-01
4.464839e-01
1.292488e-01
-6.150003e-02
-8.803441e-02
-9.535421e-03
6.092225e-02
-1.234998e-01
2.185955e-02
2.413096e-01
-2.365269e-01
1.159561e-01
-1.286558e-02
-1.772349e-01
-8.488578e-02
-5.373162e-03
2.557159e-02
1.539762e-01
1.416202e-01
1.566985e-02
-6.450528e-02
-2.612048e-01
-5.844491e-02
-2.953395e-03
5.309855e-02
7.790362e-02
-5.771874e-02
-2.475380e-02
1.103563e-01
-1.506170e-02
1.367556e-02
1.087841e-01
-1.152472e-02
5.022361e-02
1.575112e-01
-6.406256e-02
-9.673916e-02
1.293870e-03
3.116461e-02
1.034779e-02
-3.880256e-02
-1.316606e-03
-9.069271e-02
1.426868e-01
2.430749e-01
-1.364931e-01
-2.325621e-01
-1.052682e-01
3.359862e-02
4.919846e-02
7.772760e-03
9.148121e-02
-8.425838e-02
-1.566746e-01
-3.271035e-01
-1.701592e-01
-8.799244e-02
-1.720848e-01
1.001452e-01
-7.669695e-02
-6.973773e-02
-2.472743e-01
5.784955e-02
9.103392e-04
-3.630607e-01
-7.847099e-03
-2.238386e-02
-1.426165e-01
-1.064236e-01
1.123313e-02
-4.689059e-04
7.023124e-03
1.617889e-01
1.053003e-01
5.179269e-02
1.323515e-01
9.313107e-02
-1.180547e-01
-1.175903e-01
-1.114444e-01
-6.961932e-02
-7.416444e-02
-8.243396e-02
-1.054870e-01
-1.204765e-01
-1.422590e-01
-9.661738e-02
-1.788597e-02
1.265577e-02
-5.601337e-02
9.397435e-02
1.051345e-01
-6.935719e-02
7.060291e-02
6.377801e-02
-6.464430e-02
4.015815e-02
5.770412e-04
-8.590480e-02
5.335224e-02
2.898469e-02
-7.064624e-02
5.961832e-02
2.809662e-02
-4.146671e-02
8.909215e-02
-4.847679e-02
-2.060670e-02
5.918378e-02
-6.140538e-03
2.714266e-02
1.722637e-02
1.330274e-03
-1.946157e-02
2.021178e-02
-7.377420e-02
6.794959e-02
2.372808e-02
-1.700740e-01
-1.263630e-02
1.381705e-02
-1.737235e-01
-3.217460e-02
-2.772764e-02
-8.086595e-02
-1.187986e-03
-2.568129e-03
-8.003037e-02
-6.708712e-02
-2.964645e-02
-1.266548e-01
1.307461e-01
2.294923e-01
1.463111e-01
1.536040e-01
3.224013e-01
2.403234e-01
1.211331e-01
2.089152e-01
1.559686e-01
-3.233581e-02
-9.910648e-02
-4.194622e-02
9.800446e-02
1.680806e-01
1.323440e-02
-7.024090e-03
4.400069e-02
-6.088873e-02
-4.704829e-02
-3.023818e-03
6.762799e-02
-8.987944e-02
-8.246793e-02
6.964741e-03
-1.002274e-01
-5.614121e-02
1.160211e-02
-4.400178e-02
-3.621634e-02
4.886846e-02
3.359855e-02
-1.440080e-02
-1.290717e-02
1.584473e-02
7.152452e-02
4.109287e-02
-3.336783e-02
-3.775823e-02
-1.669208e-02
-1.174616e-02
-1.525258e-03
2.221877e-02
-3.488890e-02
-5.235080e-02
-1.758935e-02
1.805722e-02
9.938332e-02
7.094186e-02
9.553797e-02
2.021321e-01
1.790954e-01
4.241205e-02
1.514631e-01
1.383136e-01
-3.194933e-03
-1.091688e-02
-2.476658e-02
-4.796112e-02
7.188107e-02
9.269322e-02
-3.293335e-02
1.717761e-02
-2.261781e-02
-8.177748e-02
-1.164758e-01
-5.242483e-02
3.701189e-02
6.437611e-02
6.851663e-02
1.033026e-02
7.159076e-02
5.184929e-02
-7.207747e-02
-8.306863e-03
1.487329e-01
-1.804435e-01
-1.107652e-01
1.259934e-01
-1.877547e-01
-9.434431e-02
4.388769e-02
1.443930e-02
4.891131e-02
-5.574500e-02
-4.764437e-03
3.909864e-02
-5.198802e-02
7.410956e-02
-1.763414e-01
2.225466e-02
-2.988009e-02
-2.048630e-01
-5.243204e-02
3.342935e-02
2.317720e-02
1.071545e-02
-1.451984e-01
-8.428086e-02
-1.330619e-01
-4.085331e-02
1.711639e-01
-8.925714e-02
4.470842e-02
1.405431e-01
-1.744492e-02
-3.159366e-03
-1.337663e-01
-2.528920e-02
-4.400358e-02
9.956691e-02
-5.988345e-02
-6.456222e-02
1.461408e-01
1.077344e-01
-1.948524e-02
8.180881e-02
2.822851e-02
1.537009e-02
-1.786946e-02
-5.801858e-02
-3.235708e-03
1.147428e-02
1.843498e-02
4.399721e-02
-2.593926e-03
-7.558649e-02
5.372779e-02
-6.792590e-02
6.514302e-02
1.450805e-01
5.254173e-02
-7.919668e-02
-3.357135e-02
1.721168e-01
5.223423e-03
7.349205e-02
-1.172952e-01
1.960202e-02
-1.816568e-03
-2.482968e-01
3.540682e-02
3.100267e-02
1.199378e-01
2.289803e-02
-1.044992e-01
4.146171e-02
-5.662673e-02
1.960341e-01
2.794480e-01
1.452355e-01
-3.181783e-01
-3.258683e-01
-2.701056e-01
-9.301338e-02
-9.298825e-02
1.115437e-01
-1.705639e-02
4.078731e-01
-3.040602e-01
1.426922e-01
-3.195588e-01
2.369082e-01
-6.305512e-02
-1.190399e-01
-2.564702e-02
-2.656056e-02
-2.151989e-01
-1.942845e-02
3.657876e-02
6.220838e-02
3.526523e-03
1.516783e-02
8.068231e-02
3.834311e-02
-2.099822e-01
-1.784436e-01
-1.531458e-01
1.036903e-01
3.237877e-01
-1.467963e-02
5.263185e-02
-2.956097e-02
-2.728041e-02
1.823931e-01
1.233466e-01
6.184836e-02
1.457807e-01
-8.594078e-02
2.928713e-02
-1.895610e-02
-2.332550e-02
2.580640e-02
1.946892e-02
5.683911e-02
6.928021e-02
-9.913543e-02
-5.978622e-02
-3.833283e-02
1.476975e-01
-4.217349e-02
-1.206202e-01
-1.623974e-01
1.973585e-01
1.154855e-02
1.375937e-01
-2.041751e-01
6.173083e-02
-1.583697e-01
-2.657154e-01
-1.476122e-01
8.564177e-02
1.423097e-01
1.912503e-02
6.690710e-02
1.079622e-01
2.252766e-02
5.391642e-02
9.656958e-02
1.260026e-01
-8.885362e-04
5.200900e-02
9.375846e-02
1.239186e-01
4.110233e-02
-1.152530e-01
-6.888208e-03
4.064631e-02
1.945772e-03
-1.224334e-02
3.962858e-02
-6.149742e-03
1.609251e-03
6.050723e-02
3.207481e-02
1.293095e-01
1.247016e-01
7.915918e-02
1.489689e-02
3.949671e-02
5.434781e-03
1.963920e-02
2.295349e-03
-6.837666e-03
-4.307630e-02
4.064750e-02
-6.301746e-02
-4.457852e-02
5.265972e-02
-4.453440e-02
-7.244419e-02
1.380284e-02
-9.381611e-02
-6.468548e-02
7.063445e-02
-4.120608e-02
-1.915267e-02
1.084723e-01
-1.149466e-02
-1.197084e-02
7.041106e-02
-4.698418e-02
-4.947221e-02
2.563106e-02
-2.439872e-02
-2.643950e-02
8.158574e-03
-3.225775e-02
-2.764395e-02
-7.664872e-03
-4.190113e-02
-5.987260e-02
7.882706e-02
-9.919764e-03
-6.453220e-02
9.846882e-02
2.239034e-02
-6.163560e-02
1.097760e-01
4.680209e-02
1.138532e-01
-1.501680e-02
5.978294e-02
5.192100e-02
-1.501131e-03
2.127692e-02
3.748756e-02
-2.592585e-02
1.599470e-02
-2.917833e-02
1.354861e-01
3.650049e-02
-1.139574e-01
1.863854e-02
-5.241863e-02
-1.556986e-01
-2.009711e-02
-6.180290e-02
-7.013915e-02
2.052453e-01
-1.968735e-01
-1.140111e-01
1.925510e-01
-1.127543e-01
-1.266205e-01
7.100458e-02
-7.293632e-02
1.589578e-01
1.780029e-02
9.643393e-02
8.621893e-02
-3.916191e-03
6.218400e-04
9.177200e-02
-1.698927e-02
1.355978e-02
4.097429e-02
8.545494e-02
6.341992e-02
-9.171427e-02
1.889969e-02
-5.549742e-02
-2.612007e-02
2.882346e-02
-2.038177e-02
-7.956493e-03
-3.592011e-02
3.365128e-02
1.502706e-03
-2.941486e-02
4.260761e-02
1.620449e-03
-5.557353e-02
2.330905e-02
-1.480918e-02
9.262729e-02
3.646621e-02
-1.645603e-02
7.857045e-02
2.183545e-02
-1.341982e-02
7.458024e-02
3.131834e-02
-1.262038e-01
3.469678e-02
2.818161e-02
-2.009074e-02
3.813576e-02
1.248561e-02
-4.187673e-02
4.029052e-02
-3.149106e-02
-6.279729e-02
-3.360382e-02
-2.254690e-02
-4.629393e-02
3.948889e-04
-5.552025e-02
-3.315806e-02
-2.184286e-02
-5.432685e-02
-2.323223e-02
-4.148812e-03
-2.819025e-02
1.481624e-02
6.616677e-02
3.161179e-03
-1.053183e-02
7.394291e-02
-3.322810e-02
