4.538697e-01
5.603328e-01
4.783214e-01
4.852476e-01
4.441276e-01
4.389141e-01
4.478874e-01
4.930516e-01
4.089723e-01
4.730318e-01
5.261772e-01
4.488248e-01
6.202043e-01
3.842337e-01
4.432483e-01
5.239045e-01
4.461361e-01
4.178383e-01
4.652435e-01
5.152502e-01
4.906125e-01
4.738230e-01
5.088975e-01
5.586727e-01
4.735336e-01
5.008289e-01
4.427324e-01
4.006389e-01
4.062932e-01
5.060889e-01
5.339664e-01
5.529924e-01
4.890072e-01
4.221799e-01
4.357438e-01
4.882449e-01
4.291056e-01
4.444614e-01
4.634154e-01
3.742782e-01
5.013860e-01
5.228226e-01
4.450153e-01
4.465443e-01
4.845130e-01
5.672252e-01
4.849683e-01
5.028928e-01
3.817678e-01
4.705057e-01
4.917952e-01
4.634675e-01
4.495523e-01
5.045162e-01
4.278189e-01
5.226900e-01
4.573881e-01
5.152544e-01
4.465953e-01
4.191809e-01
3.730968e-01
4.254796e-01
4.670725e-01
5.379757e-01
