2.589269e+00
2.590566e+00
2.357095e+00
3.031622e+00
2.841381e+00
2.505948e+00
2.338969e+00
2.509330e+00
2.461532e+00
2.594900e+00
2.671868e+00
2.353841e+00
3.007931e+00
2.648002e+00
2.635683e+00
2.468301e+00
2.804105e+00
2.471891e+00
2.458246e+00
2.497884e+00
2.683873e+00
2.762846e+00
2.276918e+00
2.361287e+00
2.897819e+00
2.238166e+00
2.749704e+00
2.538690e+00
2.429700e+00
2.748025e+00
2.541087e+00
2.453488e+00
2.417038e+00
2.910764e+00
2.495800e+00
2.696964e+00
2.940816e+00
2.470408e+00
2.508526e+00
2.463577e+00
2.813557e+00
2.500643e+00
2.758853e+00
2.632466e+00
2.644341e+00
2.815809e+00
2.322827e+00
2.874482e+00
2.492462e+00
2.750017e+00
2.518507e+00
2.491053e+00
2.739665e+00
3.185578e+00
2.625445e+00
2.493029e+00
2.314721e+00
2.613620e+00
2.713290e+00
2.800674e+00
2.396274e+00
2.569372e+00
2.453997e+00
2.272674e+00
