3.723142e-02
2.610598e-02
7.932726e-02
1.723765e-02
5.708365e-02
4.914546e-02
2.755483e-02
2.348314e-02
4.378321e-02
-9.836931e-02
-3.514605e-03
6.035724e-02
-8.081516e-02
-1.373801e-02
7.776256e-02
6.576686e-02
-3.807482e-02
8.479379e-02
7.509183e-03
-4.210663e-02
5.208156e-03
-2.381223e-02
1.032917e-01
6.596949e-02
1.587554e-01
6.042625e-02
1.538644e-03
1.621619e-02
1.410016e-02
-5.904153e-03
-7.222218e-03
6.574055e-02
4.150423e-02
6.182513e-02
3.988148e-02
6.324536e-02
1.318270e-01
6.893003e-02
4.717745e-02
-3.277589e-02
4.725970e-02
7.789958e-02
7.129807e-02
8.196745e-02
1.262133e-03
-3.488659e-02
4.132335e-02
3.079995e-02
-1.993512e-01
1.284409e-01
2.266902e-02
-9.280364e-03
-8.040044e-02
1.901548e-02
2.001731e-02
-4.204627e-02
1.215071e-01
6.277625e-02
-8.580539e-03
-4.072643e-02
5.385927e-02
5.263077e-02
-2.033173e-02
8.789138e-02
