-5.971247e-02
-2.307451e-02
2.386761e-02
-5.305051e-02
-2.847570e-02
1.293775e-02
1.174657e-03
2.951818e-02
2.100007e-02
2.422452e-02
6.909155e-02
1.109792e-01
-8.449903e-02
-5.144478e-02
4.091024e-02
-7.498807e-02
-1.254090e-01
-9.574107e-02
-6.377713e-02
-1.079243e-01
-4.492144e-02
-9.964309e-02
-1.094449e-01
-1.916558e-02
3.152726e-02
-1.557293e-02
-1.807828e-02
5.556225e-02
1.301529e-02
-7.670720e-02
6.936737e-02
7.407186e-02
9.843007e-03
8.861548e-02
1.005693e-01
1.068727e-02
1.375316e-01
2.202106e-01
1.263811e-01
2.678995e-01
4.565381e-01
2.596366e-01
1.423285e-01
2.889816e-01
1.561371e-01
7.057187e-03
-2.264725e-02
-7.480884e-02
-8.300417e-02
7.617262e-03
-4.345344e-02
-1.513776e-01
-4.209927e-02
7.735661e-03
2.910645e-02
7.301462e-02
5.515746e-02
5.784864e-02
5.089110e-02
3.870443e-02
-4.542068e-03
2.485957e-02
6.390022e-02
-1.529968e-01
-7.941434e-02
8.828388e-02
-1.719273e-01
-9.867548e-02
5.892105e-02
-8.096364e-02
-5.975207e-02
3.743726e-02
-1.221769e-01
-2.125805e-04
4.759636e-04
1.408427e-02
1.283442e-01
1.073060e-01
-6.167035e-02
-1.368290e-02
-2.074457e-02
8.408518e-03
6.859288e-03
6.598607e-02
8.668704e-02
9.747434e-02
1.763038e-01
5.763669e-02
5.285315e-02
1.070517e-01
-4.755908e-02
-1.494792e-01
-9.136390e-02
-5.995565e-02
-2.263633e-01
-1.462566e-01
-2.170717e-02
-1.463833e-01
-1.172165e-01
1.798484e-02
9.795271e-02
9.465160e-02
-1.511840e-02
1.439159e-01
1.718415e-01
-1.538276e-02
8.808230e-02
1.124858e-01
1.214098e-01
8.165268e-02
4.552621e-02
1.443896e-01
2.381549e-02
-3.915601e-02
9.353220e-02
-3.654634e-02
-1.317392e-01
-1.788842e-01
-1.479124e-01
-8.468916e-03
-2.838689e-01
-2.895828e-01
-1.353827e-01
-1.572156e-01
-1.871615e-01
-7.659300e-02
-1.176234e-01
-1.412296e-01
-1.860805e-01
-3.949228e-02
-1.071383e-01
-1.068672e-01
7.007259e-04
-4.967438e-02
1.001123e-04
5.399767e-02
1.678326e-01
1.473143e-01
4.319562e-02
5.403866e-02
4.636887e-02
-8.182102e-02
-1.566584e-01
-1.450427e-01
2.512327e-02
6.104494e-03
-1.491214e-02
5.723505e-02
-1.044060e-02
-5.165536e-02
-4.251475e-03
-5.029226e-02
-4.637673e-02
-3.136773e-02
-4.442142e-02
2.042201e-02
-4.804939e-03
3.916928e-02
3.043076e-02
3.425092e-02
4.670245e-02
-3.525479e-03
9.691719e-02
1.243641e-01
-9.679448e-02
2.135859e-01
9.101511e-02
-9.643585e-02
1.720475e-01
1.801318e-02
-7.174334e-02
2.519180e-02
5.681460e-02
3.359227e-02
5.723665e-02
7.379398e-02
1.902774e-02
-2.778383e-02
1.110496e-02
-1.695263e-02
-2.176631e-02
-3.110231e-02
-2.044668e-02
-5.288856e-02
-3.614032e-02
3.754427e-02
-3.582407e-02
6.832513e-03
5.377531e-02
-2.721388e-02
-4.338876e-02
-4.151016e-02
-1.483404e-02
-3.338731e-02
-6.146070e-02
-2.123667e-02
-5.416501e-02
-8.660571e-02
1.200305e-02
1.643966e-02
2.683001e-02
-7.539260e-02
6.954545e-03
-1.219094e-02
-5.269825e-02
7.440215e-03
2.869013e-03
1.196423e-02
-4.187551e-02
3.098542e-02
1.161920e-02
1.445318e-02
4.701685e-02
2.541157e-02
2.233711e-02
3.422882e-02
-1.510569e-01
-3.110714e-01
-5.431990e-02
-3.151250e-01
-1.696574e-01
1.816981e-01
-1.029078e-01
1.837537e-01
2.265606e-01
1.609686e-01
2.741739e-01
1.254440e-01
2.838692e-01
1.417314e-01
-1.200017e-01
1.316866e-01
-1.083891e-01
-2.702880e-01
3.703820e-03
-1.397000e-03
2.644197e-02
-3.015534e-02
-1.595596e-02
1.861242e-02
-3.122224e-02
5.840235e-03
-2.908533e-02
-5.806174e-02
-1.007078e-01
5.163899e-02
-8.307193e-02
-8.672675e-02
6.544923e-02
-3.570674e-02
-2.801885e-02
6.774598e-02
-2.993722e-02
-7.106881e-02
1.700752e-02
-2.532079e-02
-5.297736e-02
-2.209494e-02
3.289435e-03
-5.432079e-02
-1.032188e-01
5.429065e-02
8.321519e-03
-8.641315e-02
6.673957e-02
1.264102e-02
-5.682604e-02
-3.304621e-02
4.218370e-02
-2.153686e-02
-3.952286e-02
-7.643776e-02
4.070355e-02
-1.106165e-01
-5.220740e-02
3.688050e-02
-8.832395e-02
5.075057e-02
8.589198e-02
8.760808e-03
-3.134015e-01
-1.904882e-01
-2.444209e-01
-2.608328e-01
6.695094e-02
-2.113324e-01
2.624421e-02
2.788330e-01
-7.452382e-02
3.014564e-02
1.742932e-01
1.280833e-03
1.339424e-01
1.666048e-01
7.414185e-02
1.074941e-01
3.441684e-02
1.243287e-01
7.035563e-02
-8.576003e-02
1.681482e-01
1.457869e-01
-2.115687e-02
3.682303e-02
7.762057e-02
9.422642e-03
-4.852540e-03
1.098135e-02
3.018353e-02
2.596536e-02
5.524491e-02
5.862592e-02
7.058157e-03
2.896697e-02
1.533147e-02
-1.082719e-02
1.064011e-01
1.216999e-01
2.440886e-02
1.211429e-01
1.169006e-01
3.416201e-02
9.856641e-02
1.599706e-04
4.105487e-02
5.967928e-02
-1.267449e-03
5.141354e-02
1.049938e-01
4.819523e-02
3.608908e-02
8.178550e-02
2.709877e-02
-7.227028e-02
4.850838e-02
3.861825e-02
-8.284952e-03
1.096022e-01
1.066483e-01
4.638128e-02
6.550614e-02
1.271061e-02
5.248281e-02
-4.614801e-02
-1.102853e-01
-4.345862e-02
-1.071578e-03
-2.169037e-02
-1.144841e-01
-5.654763e-02
1.128449e-02
-8.721767e-02
-8.398063e-02
-3.636307e-02
-1.189329e-01
-5.363369e-02
-9.286822e-03
-1.621457e-03
3.471180e-02
3.306567e-02
-5.416149e-02
1.186789e-02
2.849765e-02
1.877499e-02
-2.018324e-02
-4.864991e-03
-7.672617e-02
-4.222884e-02
2.614425e-02
-5.271134e-02
-6.411080e-02
-5.364881e-02
-8.250087e-02
-1.203065e-01
-3.350565e-02
-1.242602e-01
-1.332601e-01
-4.480031e-02
9.878980e-02
7.406146e-02
3.323098e-02
3.596848e-02
1.525351e-01
1.257279e-01
-1.978446e-02
-1.811175e-02
-4.539109e-03
-1.052180e-01
-7.959352e-02
-1.023043e-01
-8.203583e-02
-1.347444e-01
-9.223807e-02
-2.931306e-03
-1.011182e-01
-4.106407e-02
-4.165173e-02
-6.161963e-02
7.868121e-03
3.617539e-03
8.157317e-03
6.038462e-03
7.008432e-03
-4.517738e-02
-2.421813e-02
1.230178e-01
1.491271e-01
1.109310e-01
2.082231e-01
2.718003e-01
1.992264e-01
1.339077e-01
1.932755e-01
1.171714e-01
-6.248888e-02
-1.500422e-01
-8.945832e-02
-9.849790e-02
-1.785868e-01
-1.041544e-01
-4.462195e-02
-1.173209e-01
-6.483685e-02
-3.911636e-02
3.826231e-04
-1.160642e-01
-6.468979e-02
2.228102e-02
-1.481464e-01
3.354126e-03
5.181653e-02
-1.242325e-01
4.074315e-02
1.906611e-02
-5.606437e-02
5.783090e-02
8.178409e-02
-6.629612e-02
1.661706e-02
7.284036e-02
-3.885670e-03
-1.798276e-02
-7.607366e-02
2.088438e-03
-4.941777e-02
-9.438444e-02
-3.789135e-02
-5.820564e-02
-1.389625e-01
-7.548115e-02
1.362346e-01
1.391003e-01
-6.866713e-02
1.217448e-01
1.990958e-01
4.627519e-02
4.872520e-02
1.524747e-01
1.427936e-01
3.085788e-02
2.569439e-02
-9.727525e-02
9.441947e-02
9.617375e-02
8.323247e-03
-5.950319e-03
2.071607e-03
2.523829e-02
6.516865e-02
8.621138e-02
8.228618e-03
1.079968e-01
1.349401e-01
3.858470e-02
6.236184e-02
5.604251e-02
1.505335e-02
-5.036641e-04
-6.571267e-02
-7.765856e-02
3.565657e-02
7.528603e-03
-1.329518e-01
-3.607100e-02
-2.374620e-02
-9.347313e-02
3.137608e-02
3.828273e-02
5.432959e-02
6.518954e-02
2.521749e-02
2.744054e-02
3.470621e-02
6.028725e-02
1.150334e-01
1.794959e-03
-9.481324e-02
-7.882555e-02
3.781640e-03
-1.251669e-01
-1.254847e-01
3.147081e-02
-1.016452e-01
-6.225561e-02
-7.413521e-02
-8.198425e-02
2.741080e-02
2.266245e-02
-2.042409e-02
2.158786e-02
9.602918e-04
2.495776e-02
2.508800e-02
-9.274454e-02
-1.246048e-01
-1.538799e-01
-2.792992e-02
-1.041856e-01
-1.620438e-01
7.172311e-03
-9.545877e-02
-1.562886e-01
-1.507167e-02
6.388678e-02
2.867511e-02
3.587106e-02
4.282991e-02
-9.394103e-03
9.733035e-03
-4.481445e-02
4.457118e-03
1.781182e-03
-1.854165e-03
1.458441e-02
4.285851e-02
1.352929e-01
1.370443e-01
-1.187358e-02
6.081945e-02
1.496479e-01
1.297953e-01
1.167483e-01
-1.914387e-02
1.623422e-01
1.960582e-01
1.461196e-01
8.599003e-02
9.071038e-02
1.477600e-01
-5.423603e-02
2.588058e-02
1.765887e-02
-4.891871e-02
-1.085979e-02
5.926618e-03
-3.059003e-02
5.484846e-03
-1.222230e-02
-1.732593e-02
2.608767e-02
1.197457e-02
-2.543232e-02
7.648087e-02
9.866665e-02
-6.416896e-02
1.728518e-03
1.653835e-01
-1.630099e-01
2.579639e-02
5.483508e-02
-1.744144e-01
-1.033744e-01
-5.901105e-02
-1.732899e-01
-1.719704e-01
-1.639261e-01
7.725523e-02
1.094220e-01
1.510248e-02
1.801004e-01
2.003947e-01
8.071329e-02
7.722167e-02
1.908849e-01
1.161033e-01
-1.494903e-01
-9.874448e-02
-2.591417e-02
-1.137612e-01
-2.147821e-01
-9.785531e-02
-3.635566e-02
-2.300379e-01
-1.949645e-01
7.509849e-03
-4.691204e-02
-5.585917e-02
-3.345784e-02
5.688576e-03
6.459733e-03
-8.105986e-02
-9.871490e-02
-1.616348e-02
-3.136153e-02
-5.614532e-02
1.081205e-02
1.099446e-01
1.341982e-01
1.137390e-01
2.979970e-02
2.611295e-01
1.457157e-01
2.089308e-02
-3.844575e-03
-7.006002e-02
2.112210e-02
6.459936e-03
-6.936140e-02
5.453863e-02
5.158978e-02
-1.143624e-02
-1.075606e-02
-6.256498e-02
-2.122548e-02
9.494412e-02
6.123257e-02
4.487121e-03
-6.160622e-02
1.010091e-01
8.203828e-02
-6.305573e-02
8.962343e-03
1.477769e-01
-1.261995e-01
-1.904709e-01
3.069980e-02
6.776941e-03
-1.291653e-01
-2.122619e-01
1.522441e-01
-1.031055e-01
-2.737111e-01
1.502943e-01
4.512883e-02
-2.734744e-01
5.438641e-02
1.314552e-01
-1.404294e-01
-1.283631e-02
3.551773e-02
3.220667e-02
-1.008719e-01
5.521387e-03
8.065065e-02
-8.558233e-02
-1.062217e-01
-7.176992e-02
5.554132e-02
-3.702469e-03
-1.983973e-02
3.602922e-02
6.352107e-03
-2.755019e-02
3.254174e-02
6.700021e-03
3.595173e-02
-3.034318e-02
-5.224047e-02
-7.888043e-02
-5.660615e-02
-1.263112e-01
-5.996013e-02
-8.347217e-02
-8.120465e-02
5.343438e-03
-1.280543e-01
5.316282e-02
5.797919e-02
-1.540037e-01
9.383825e-02
1.000678e-01
-6.224206e-02
-1.725710e-02
6.732586e-02
-1.058787e-03
-3.554522e-02
-8.755495e-02
3.863653e-02
4.983436e-02
-2.393373e-02
4.232824e-02
6.958015e-02
-1.517879e-02
6.652381e-02
1.167324e-02
-5.130368e-02
1.451260e-02
2.350601e-02
-1.033903e-02
-3.078037e-02
-4.477503e-02
-5.501185e-03
-1.134514e-01
8.481273e-02
2.841855e-01
-3.516208e-02
-8.096205e-02
5.324854e-02
3.914173e-02
-1.157617e-01
-1.073777e-01
-6.312020e-03
-1.178190e-01
-9.856156e-02
1.517971e-01
7.799842e-02
-2.476900e-02
-1.407189e-02
1.283196e-01
1.415183e-03
-6.467415e-02
1.431854e-02
-8.370638e-03
-9.029425e-02
4.202225e-04
4.880485e-02
-7.643276e-02
2.553202e-03
8.775105e-02
6.604137e-02
2.364825e-02
2.785894e-02
7.763379e-03
3.235460e-02
4.086373e-02
1.112354e-02
-1.267193e-02
-3.766621e-02
1.595268e-02
2.256313e-02
2.959828e-02
4.688126e-02
7.505696e-02
2.563857e-02
3.196166e-02
2.673582e-02
2.569404e-02
-7.457799e-02
-1.681154e-02
6.612373e-02
-3.463133e-02
2.694701e-02
9.502660e-02
2.663347e-02
3.874762e-02
8.638474e-02
1.937235e-02
5.208356e-02
5.575235e-02
1.385797e-02
6.752746e-02
9.824769e-02
-5.348634e-03
4.498656e-02
4.431558e-02
1.279054e-01
2.023336e-02
7.330050e-02
5.958742e-02
1.321662e-04
1.306310e-02
-1.746545e-02
-1.160159e-01
-3.263571e-02
2.081884e-02
4.948145e-02
-2.374060e-02
3.207571e-02
7.086761e-02
-2.590737e-03
3.180596e-02
3.574724e-03
4.400729e-02
-1.378079e-02
5.998619e-02
1.005112e-01
6.017820e-02
6.180411e-02
2.179180e-02
4.993881e-02
5.174850e-02
-9.113348e-02
1.040204e-02
8.284242e-02
9.557936e-02
9.490363e-02
1.731995e-01
1.112096e-01
7.411730e-02
6.974195e-02
2.931308e-02
7.171983e-03
7.932720e-02
6.201372e-02
3.148105e-02
7.521818e-02
6.557547e-03
3.987034e-03
6.025031e-04
-1.175734e-01
-4.251780e-02
-6.375488e-03
3.423047e-02
-4.255241e-02
2.762384e-03
4.361811e-02
-4.334040e-02
2.802300e-02
5.895317e-02
2.268013e-02
-2.414985e-02
-5.308732e-03
-3.729242e-02
-8.986706e-02
-5.615774e-02
-8.770401e-02
-8.148729e-02
-4.903959e-02
4.935220e-03
7.855676e-02
8.070199e-02
1.883181e-02
8.360948e-02
7.068297e-02
-5.427762e-02
2.218095e-04
5.754733e-03
-2.216873e-02
-2.416539e-02
2.441178e-02
8.284551e-03
6.439108e-02
7.694522e-02
1.790070e-02
9.946773e-02
6.299052e-02
-1.691076e-01
-2.215405e-01
-1.717258e-01
-3.062980e-01
-2.775998e-01
-9.494232e-02
-2.622192e-01
-2.231108e-01
-5.606732e-03
-8.315752e-02
-1.874207e-01
-1.501449e-01
-2.220757e-02
-1.635369e-01
-1.466939e-01
-5.890138e-02
-1.615099e-01
-1.462163e-01
-1.527547e-02
-4.149178e-02
-1.396470e-02
8.423640e-02
1.901453e-02
-2.300451e-02
1.162508e-01
9.861065e-02
-4.993336e-03
-5.352573e-02
-5.006852e-02
6.169563e-02
-1.222551e-01
-1.705334e-02
1.032380e-01
-9.010297e-02
7.632577e-03
6.649419e-02
5.554986e-02
-2.252755e-02
-4.514392e-02
9.321551e-02
7.704000e-03
-1.201895e-01
1.706357e-02
8.620137e-02
-2.848560e-02
3.423355e-03
-1.083307e-01
-5.866711e-02
4.234010e-02
3.429599e-02
-1.614255e-02
4.697804e-02
1.563103e-01
9.983215e-02
5.051123e-02
1.623432e-02
8.369151e-03
5.633504e-02
5.819797e-02
2.899933e-02
7.109795e-02
8.706716e-02
2.672880e-02
1.483614e-02
9.071296e-03
5.951581e-03
1.073291e-01
1.044781e-01
5.672335e-02
1.277523e-01
1.946732e-01
1.066511e-01
-5.910220e-02
2.529220e-02
1.360491e-01
-4.570805e-02
2.072172e-02
4.080696e-02
-4.389486e-02
-1.390038e-02
-2.957435e-02
-6.517968e-02
-4.573589e-02
-4.622396e-02
-5.409686e-03
7.182395e-02
1.001830e-01
2.241571e-02
3.235434e-02
1.146172e-01
-1.986689e-02
-7.994464e-02
-6.554413e-02
9.581013e-02
3.898858e-02
4.438955e-02
-9.887456e-03
1.202518e-01
1.092457e-01
3.048039e-02
7.824337e-02
1.511211e-01
6.319874e-02
1.029143e-01
2.000171e-01
-5.384373e-03
-3.035459e-02
2.083645e-02
1.460973e-02
2.780464e-02
6.088576e-02
9.104955e-03
7.915077e-02
1.401438e-02
3.618670e-02
-7.963669e-02
-6.302681e-02
-3.917873e-02
-1.114020e-01
-6.111008e-02
-3.760566e-03
-1.216318e-01
-1.551223e-01
-6.384716e-02
2.519297e-02
-4.248859e-02
2.033454e-01
1.285825e-01
6.243724e-03
1.036707e-01
1.217129e-01
4.236378e-02
1.668268e-02
1.115230e-01
1.092867e-01
2.293050e-02
1.273594e-01
6.451338e-02
-2.418893e-02
1.364060e-01
7.173387e-02
-2.222010e-02
6.550796e-02
5.853055e-02
-1.388253e-02
1.479106e-01
9.889547e-02
1.238737e-01
3.870333e-01
2.305084e-01
1.414411e-01
3.951285e-01
2.257660e-01
6.577801e-02
1.085999e-01
-9.909634e-03
7.284454e-02
2.419911e-01
1.576005e-01
3.358254e-02
1.956746e-01
1.409480e-01
-1.055755e-01
7.027344e-02
1.377315e-01
-3.682788e-02
1.802517e-01
2.352075e-01
8.325872e-02
1.705025e-01
1.222534e-01
5.373666e-02
9.132674e-02
-3.222003e-03
1.061904e-01
1.495727e-01
-2.083309e-03
3.720234e-02
1.193549e-01
5.579205e-02
1.151890e-02
4.997357e-02
6.209140e-02
-3.824096e-02
5.939736e-02
1.187869e-01
1.264823e-02
2.336083e-02
1.077761e-01
-8.663225e-02
-2.757754e-02
5.896217e-02
6.450823e-02
1.774164e-01
1.766330e-01
1.598449e-01
2.194589e-01
1.353399e-01
9.557911e-03
-3.062603e-02
-2.928811e-02
8.513678e-02
1.049200e-01
3.859688e-02
1.038733e-01
2.070527e-01
9.976135e-02
-3.297511e-02
-2.175545e-02
4.788651e-02
-5.025813e-02
3.734761e-02
5.158798e-02
-9.608556e-03
1.024114e-02
-1.834038e-02
1.108366e-01
6.136620e-02
-2.676337e-03
4.286811e-02
8.510015e-02
9.353642e-02
1.773035e-02
4.261226e-02
3.912330e-02
5.431948e-02
1.061304e-01
1.102083e-01
2.298076e-02
1.638294e-01
1.172717e-01
-3.022806e-02
8.272169e-02
5.724411e-02
-1.058433e-01
-2.212585e-02
3.038963e-02
-1.169098e-01
-5.790688e-02
-5.033007e-03
-8.515302e-02
-4.323109e-02
3.881498e-02
-1.403096e-01
1.591356e-02
-5.253151e-02
3.169696e-03
1.611712e-01
9.836584e-02
1.215442e-02
1.511818e-01
1.163837e-01
6.384184e-02
1.354113e-02
-4.754937e-02
1.658470e-01
2.213324e-01
1.872483e-01
9.645774e-02
2.111630e-01
1.628368e-01
1.055102e-01
1.850397e-01
6.619233e-02
5.374484e-02
9.716125e-02
7.281864e-02
1.164254e-02
5.181097e-03
4.322963e-02
-7.589106e-02
3.776313e-02
6.005089e-02
1.900106e-02
1.145848e-01
1.037141e-01
7.652592e-02
4.194402e-02
8.063276e-02
4.584857e-03
-8.180324e-03
6.895158e-03
6.432699e-02
-2.051493e-02
-4.720490e-02
2.083794e-02
-2.719154e-02
-7.374337e-02
-1.113372e-01
-6.680615e-03
-4.003792e-02
2.456609e-02
9.686433e-02
3.592185e-02
-3.911316e-03
6.235845e-02
5.055328e-02
3.742016e-02
-1.029212e-02
-4.602616e-02
6.663686e-02
-5.007170e-02
-7.019043e-02
5.696414e-02
-5.480127e-02
-1.265648e-01
3.042992e-02
1.622461e-03
-2.776725e-02
3.463356e-02
-2.309197e-02
1.015359e-02
-3.271374e-02
-9.839456e-03
3.354294e-02
7.023304e-02
5.915136e-02
2.356871e-02
4.527900e-02
1.426618e-01
9.988135e-02
6.819603e-02
2.293746e-01
-7.759053e-02
-2.519366e-02
4.352135e-03
-1.967441e-02
-4.566070e-02
-1.639855e-02
-1.003637e-01
6.499755e-02
-3.398122e-02
-7.974788e-02
2.669627e-02
6.316110e-02
2.608912e-02
-3.019698e-04
2.906518e-02
1.053628e-02
-9.896283e-03
4.018676e-02
9.007054e-03
-5.613588e-02
-8.759801e-02
-3.717821e-02
-7.161630e-02
-3.621830e-02
9.190503e-03
-3.715136e-02
3.765826e-02
2.661804e-02
-1.109214e-02
-2.957610e-02
5.616334e-03
-3.861293e-02
-3.254882e-02
-9.699919e-02
-9.462143e-02
-6.285758e-02
-2.364971e-02
-2.051562e-01
-1.517476e-01
1.476913e-01
-1.823177e-01
1.538748e-01
2.190647e-01
1.312670e-01
9.217973e-02
-9.976073e-02
-1.853165e-01
-1.616248e-01
1.454951e-01
-2.286950e-01
8.382196e-02
1.675556e-01
-4.163809e-02
2.063068e-01
-7.595743e-03
-1.776154e-01
-8.638310e-02
4.153628e-02
-3.538392e-02
1.115470e-01
1.318506e-01
1.651292e-01
3.121050e-02
-9.526464e-02
4.274918e-02
1.917867e-02
-6.171546e-03
2.841759e-02
-2.168805e-02
7.518637e-04
-2.438533e-02
-3.993732e-02
5.567998e-02
-6.217710e-02
5.004821e-02
1.652566e-02
2.429567e-02
1.740263e-02
2.470511e-02
3.003033e-02
-4.490876e-02
-1.085830e-01
1.872173e-02
2.838098e-02
-1.309159e-01
1.194505e-01
2.452690e-02
-1.502647e-01
9.223880e-02
-1.454829e-01
-3.103365e-02
-3.453111e-02
-7.406188e-02
7.017472e-02
1.177547e-02
8.600269e-02
1.193317e-02
-2.275757e-03
-6.365832e-02
-5.445841e-02
-9.263305e-02
-2.636858e-02
-3.259912e-02
-3.937447e-02
-4.971815e-02
-3.903131e-03
-9.934269e-02
2.495661e-02
4.722267e-02
1.658573e-01
4.630503e-02
-2.481202e-02
-3.041739e-02
-1.280406e-01
-1.873130e-02
-4.644345e-02
-7.215597e-03
9.912742e-02
1.148138e-01
1.126568e-01
6.711841e-02
1.127344e-01
-2.447094e-02
-9.308030e-02
-1.356080e-01
-1.084022e-01
-5.332651e-02
1.194282e-01
1.368512e-01
1.117006e-01
1.442342e-01
1.759408e-01
1.793208e-01
7.176387e-02
6.239666e-02
8.715484e-02
1.575312e-02
3.105663e-02
1.086949e-02
-1.340846e-01
-1.768788e-01
-1.227513e-01
-1.368307e-01
-1.480147e-01
-1.527371e-01
2.656322e-02
2.835083e-03
7.307374e-02
3.326589e-02
8.565709e-03
1.006347e-01
3.800334e-02
-2.449512e-02
6.194826e-04
-8.821353e-02
5.740182e-03
9.421445e-02
-2.085770e-01
-2.234232e-01
-9.728677e-02
-2.160013e-01
-2.748871e-01
-1.539720e-01
3.780752e-02
6.645371e-02
4.837159e-02
-3.813955e-02
-5.754380e-02
-5.461208e-02
-1.025202e-01
-1.414897e-01
-7.346185e-02
-1.352130e-02
5.452713e-03
3.598103e-02
-2.456446e-03
4.288323e-02
1.120014e-01
1.222506e-02
3.023024e-02
3.965157e-02
-9.996637e-02
-1.328000e-02
4.389695e-02
-1.080021e-01
2.031804e-02
7.185683e-02
-4.490636e-02
4.448412e-02
1.131859e-01
3.721840e-02
1.467958e-02
2.217628e-02
4.094441e-02
8.504105e-03
4.505688e-02
2.343131e-02
-1.771555e-02
6.603824e-02
-9.309775e-02
-8.252529e-02
-9.751352e-02
3.215001e-02
7.143150e-02
-3.976467e-02
1.671205e-02
1.217715e-01
3.340638e-03
7.677525e-02
-4.032252e-02
-5.914262e-02
9.285971e-02
-1.296635e-02
1.759306e-02
-8.935348e-05
-4.990523e-02
8.275045e-02
-2.249189e-01
-3.071861e-01
-1.462589e-01
-3.860390e-01
-5.691846e-01
-3.648222e-01
-2.504607e-01
-4.617946e-01
-2.392460e-01
1.226274e-01
9.052380e-02
9.133627e-02
1.215376e-01
7.606770e-02
7.397430e-02
2.803501e-02
2.358366e-02
3.437464e-03
-5.777337e-02
3.860290e-03
3.923582e-02
-1.688271e-02
8.969841e-03
-2.666374e-02
4.970440e-02
-8.749071e-02
-1.354317e-01
3.849381e-02
2.671181e-02
-2.209366e-02
4.351425e-02
1.522019e-02
-2.516811e-02
1.340328e-02
-5.357499e-04
-7.576258e-02
9.601807e-02
-8.138040e-02
-1.000776e-01
8.053134e-02
4.737544e-03
4.692469e-02
9.023920e-02
4.071006e-02
1.050884e-01
8.766799e-03
-7.047465e-02
2.989659e-02
3.582470e-02
-1.075656e-02
5.812568e-02
-5.978818e-02
-9.918238e-02
-7.557784e-02
1.126500e-03
-2.903266e-02
-3.885023e-02
1.611839e-01
1.383175e-01
-5.384405e-03
5.575789e-02
7.916051e-02
-6.489518e-03
1.206214e-02
3.676912e-02
3.548755e-02
9.227192e-03
2.051246e-02
4.921605e-02
1.599547e-02
-2.188820e-02
-5.553114e-02
1.214777e-02
2.497122e-02
-2.285673e-02
-3.894961e-02
3.663586e-03
6.254956e-02
-4.216537e-02
4.632480e-02
9.635605e-02
5.398660e-02
-3.207913e-02
-1.020408e-01
-4.863167e-03
5.386924e-02
-5.766777e-02
-1.207158e-01
-1.584229e-02
-6.073290e-03
6.383590e-02
6.634384e-02
4.108860e-02
6.228368e-02
1.232586e-01
8.510374e-02
5.021906e-04
4.501872e-02
3.722658e-02
-1.089794e-02
3.272764e-02
-1.229942e-01
-1.812338e-02
1.206126e-01
-5.748985e-03
-3.943319e-02
1.963632e-02
-1.866776e-02
-8.221361e-02
-9.202753e-03
-1.623536e-02
-2.049449e-01
-1.694718e-01
-9.281929e-02
-1.766493e-01
-1.008690e-01
-7.715428e-02
6.575883e-02
1.634475e-01
6.306618e-02
8.625319e-02
1.864569e-01
1.689806e-01
3.708830e-03
6.820253e-02
1.448258e-01
-1.321426e-01
-2.168852e-01
-1.506670e-01
3.313866e-02
-6.601308e-02
-1.244471e-01
-2.219499e-02
1.039777e-02
-2.996586e-02
-3.719546e-02
-1.772674e-02
4.262020e-02
8.728905e-02
1.272798e-02
7.473059e-03
4.860799e-02
-2.821555e-03
-2.015670e-02
8.059517e-02
2.537576e-02
4.443220e-02
-5.699644e-02
-6.865664e-02
-1.753079e-02
-1.192406e-01
-1.409575e-01
-1.120429e-01
-1.356561e-02
-4.434184e-02
-9.870582e-02
-3.226891e-02
2.133071e-03
-6.212437e-02
-9.497446e-02
-4.300089e-02
5.538821e-03
2.258769e-01
2.180302e-01
1.208428e-01
1.250830e-01
2.520705e-01
2.528611e-01
3.867978e-02
6.211932e-02
5.257111e-02
3.412148e-02
1.691093e-02
-1.717884e-02
-1.102579e-01
-1.303019e-01
-1.584033e-02
-8.508035e-02
-1.661867e-01
-3.807397e-02
1.731788e-02
-7.612451e-02
-1.118578e-01
-2.636989e-02
-8.695903e-02
-7.323840e-02
-3.251618e-02
-1.151873e-01
-7.312294e-02
-2.692469e-02
-1.752984e-02
1.761138e-03
7.776861e-02
9.217606e-02
1.085619e-01
2.483040e-03
-3.576906e-02
3.270358e-02
1.747243e-03
6.678108e-02
-6.197057e-03
6.011188e-02
8.001737e-02
-3.363239e-02
1.900866e-02
5.290136e-02
2.250267e-02
8.020367e-03
-8.921378e-02
-1.475266e-01
2.011761e-02
-1.978181e-01
-2.688813e-01
9.161950e-02
-2.829734e-02
-1.565681e-01
1.037183e-01
1.794130e-02
-4.453947e-02
2.036831e-03
6.482985e-03
-2.730921e-02
-5.114107e-02
-4.967660e-02
1.117592e-02
2.813962e-03
9.246311e-02
5.651490e-02
-8.152409e-03
1.808157e-01
1.555890e-01
-2.043162e-02
1.442685e-01
1.384246e-01
2.539040e-04
-5.198170e-03
-6.718029e-02
4.038114e-02
1.606986e-02
-8.060981e-02
9.237207e-02
7.723567e-02
1.741739e-02
7.000991e-02
1.083286e-01
3.103041e-02
1.370490e-01
1.861252e-01
8.995147e-02
1.610591e-02
1.125153e-01
1.010893e-01
3.756480e-02
1.766000e-02
8.822466e-03
1.006922e-01
2.056978e-01
1.933475e-01
8.880876e-02
1.923471e-01
2.077205e-01
1.768836e-02
1.267650e-03
3.759703e-02
-7.010265e-03
-9.409627e-02
-1.428201e-01
3.973868e-02
-1.067628e-01
-2.067635e-01
-4.002252e-02
-2.340759e-02
-2.320850e-03
2.292155e-02
-1.853311e-02
-5.180460e-02
2.045112e-02
-6.543091e-03
-6.729939e-04
-1.488790e-03
3.199401e-02
-9.413035e-02
-7.291673e-02
-5.150999e-03
-1.975991e-02
-7.981752e-02
-6.203293e-02
3.913508e-02
-2.064750e-01
-2.020562e-01
-1.259689e-01
-6.053617e-02
-1.258596e-01
-1.065530e-01
1.686998e-02
8.102386e-02
1.370612e-01
6.857752e-02
8.351190e-02
-4.724880e-02
2.391193e-01
9.156734e-02
-5.726574e-02
6.815758e-02
4.592319e-02
8.026062e-03
-6.147477e-02
7.772172e-02
-6.681541e-02
-1.836551e-02
6.237417e-02
4.548151e-02
4.310587e-02
1.718708e-02
1.098662e-01
4.979445e-02
-1.029049e-01
-1.172121e-01
3.153184e-02
-6.012149e-02
-1.305652e-01
5.337445e-02
-4.984672e-02
-1.242340e-01
1.317375e-01
8.426995e-02
-1.453411e-03
7.289235e-02
8.196761e-02
7.126126e-02
-1.178336e-02
-8.902743e-03
-1.191190e-02
-3.286240e-02
-8.527135e-02
-1.180862e-01
-5.551831e-03
-6.953563e-02
-4.749120e-02
-1.562574e-02
4.922346e-03
-4.963725e-02
-2.544233e-03
7.935090e-03
1.004225e-02
-5.266679e-03
4.173482e-02
1.636792e-02
2.753612e-02
9.073093e-03
2.404824e-02
2.177267e-02
1.972851e-02
-2.394760e-02
5.731765e-02
4.303608e-02
-2.384817e-02
4.867193e-02
8.075278e-02
3.963582e-02
3.371280e-02
5.283882e-02
3.776148e-02
1.086051e-01
1.889591e-01
6.335256e-02
1.002853e-01
1.171569e-01
4.430071e-02
-2.450100e-02
-2.670147e-02
-9.406284e-04
-4.704372e-02
-6.891374e-02
1.238323e-03
8.976854e-03
-3.352023e-02
-2.514386e-02
1.422508e-02
6.032326e-03
-4.471340e-03
-2.457406e-02
-4.221809e-02
5.226611e-03
-2.357188e-03
-2.375806e-02
-9.739005e-04
-5.324250e-02
-2.982542e-02
5.350188e-02
-5.676726e-03
2.824221e-03
-1.254814e-02
1.628152e-02
2.270459e-02
-4.598227e-02
9.112467e-02
1.098569e-02
-3.994842e-02
3.106374e-02
2.468334e-02
-2.118109e-02
-1.643288e-02
4.625663e-03
3.330893e-02
4.820978e-02
4.501516e-02
3.006785e-02
6.425208e-03
6.639640e-02
3.513429e-02
3.929763e-02
2.185243e-02
1.040073e-02
2.432012e-02
1.511929e-01
1.151532e-01
1.939104e-01
5.003453e-01
4.044987e-01
8.055545e-02
3.373727e-01
2.584396e-01
-4.745334e-02
-2.544605e-02
-1.392325e-02
-2.414044e-02
-6.276253e-02
-1.198301e-02
-1.019228e-02
-3.206187e-02
-1.765530e-02
-3.601104e-02
-8.559716e-02
3.901373e-03
-2.529563e-02
-2.009348e-02
-3.324269e-02
-1.284961e-02
-2.362113e-02
9.480204e-03
1.169954e-01
8.393878e-02
5.030693e-02
1.418080e-01
9.752088e-02
6.761355e-02
5.590580e-02
1.858616e-02
-3.202843e-03
-9.246655e-02
-4.654007e-02
-1.401051e-02
-1.870805e-02
-1.307089e-02
2.445523e-02
2.347107e-02
-4.046253e-02
-1.693726e-02
-5.583674e-03
-2.007665e-02
1.368075e-02
4.498406e-02
4.931509e-02
2.159741e-03
1.068526e-01
8.648849e-02
8.096968e-03
4.591548e-02
2.132392e-02
1.748940e-02
-7.617739e-02
-1.315335e-01
-7.518174e-02
-8.257332e-02
-1.184192e-01
-5.143670e-02
4.773675e-02
6.593341e-02
1.211856e-01
1.559492e-01
2.738454e-01
2.503501e-01
1.134431e-01
2.099077e-01
2.030794e-01
-2.703788e-02
-1.250708e-02
-3.007866e-03
5.025238e-02
9.489456e-03
6.346339e-02
4.315611e-02
-2.315200e-02
5.045628e-03
-1.426502e-02
1.274777e-01
1.007663e-01
1.396836e-01
2.420293e-01
1.962142e-01
1.288732e-01
1.690020e-01
2.004326e-01
-1.866123e-02
-6.671440e-02
-1.989007e-02
-4.670300e-02
-1.178132e-01
-4.775244e-02
-6.869363e-02
-8.560631e-02
-3.903237e-02
-5.190891e-02
4.709571e-03
-2.808095e-04
6.194597e-02
6.492086e-03
-1.403902e-02
-8.290840e-03
-2.716321e-02
-5.687769e-02
3.209832e-02
-7.039020e-03
-2.203346e-02
-1.406369e-02
-5.384961e-02
-1.242268e-01
-6.219018e-03
-9.832200e-02
-1.241311e-01
-2.301817e-03
-2.123278e-02
-6.143645e-02
-5.552528e-03
-1.776686e-02
-4.855387e-02
-1.209462e-03
-6.855482e-03
1.353522e-02
9.775168e-02
-2.669372e-02
-4.238658e-02
-1.366574e-01
-9.572437e-02
1.019191e-01
-3.833149e-02
7.008598e-02
1.969842e-01
1.018920e-01
-1.212537e-01
-5.056793e-02
-3.563521e-02
-1.898800e-01
-5.947875e-02
-2.432863e-02
-1.291791e-01
1.861487e-02
-2.678007e-02
-3.438533e-02
2.144357e-02
-2.296442e-02
-8.779106e-03
3.313415e-02
-1.440994e-02
1.955672e-02
-4.937126e-04
9.644363e-02
1.195040e-01
-1.071964e-01
1.509972e-01
1.481512e-02
-1.426226e-01
2.356123e-02
-6.599498e-02
-8.971171e-02
2.496171e-02
-7.692818e-02
-1.185586e-02
-7.514925e-02
-5.635627e-02
-2.983491e-02
-1.981107e-02
-5.849892e-02
1.330043e-02
4.215897e-02
1.498760e-01
2.500548e-03
9.265654e-02
1.442542e-01
-1.203853e-01
6.581912e-02
2.589974e-02
-1.545428e-01
8.458738e-02
8.999718e-02
8.091740e-02
2.698818e-01
2.311861e-01
1.220298e-01
1.980811e-01
9.264833e-02
-8.210488e-02
4.390339e-03
3.140779e-02
-3.440763e-02
2.391749e-02
1.929732e-02
-1.313148e-02
1.698394e-02
3.258362e-02
-7.940222e-05
-1.969628e-02
-2.707132e-03
-8.697540e-03
3.284159e-02
-8.529951e-02
-8.405844e-02
3.734566e-02
-1.000811e-01
-7.674906e-02
9.600710e-03
8.946181e-02
1.036225e-01
2.064965e-02
1.046192e-01
4.256172e-02
-1.063596e-01
-2.322311e-02
-3.883518e-02
5.518241e-02
4.578436e-02
2.135661e-02
8.412552e-02
5.431009e-02
6.497531e-02
2.368583e-02
1.002469e-01
6.511465e-02
7.904497e-02
8.824612e-02
2.946763e-02
1.195341e-02
7.145265e-04
-1.027257e-02
3.514967e-02
-3.130505e-04
-9.610595e-03
-7.212230e-02
8.523406e-02
1.243309e-01
-1.736384e-01
5.402145e-02
2.985486e-01
-1.314599e-01
-4.829700e-02
6.288198e-02
-5.021657e-02
-1.056472e-01
-5.539752e-02
-4.512566e-02
-4.347711e-02
-4.695675e-02
5.189094e-04
9.397123e-03
-1.868990e-02
-3.303079e-02
-8.076313e-02
1.071429e-02
1.790447e-02
-7.735966e-02
-6.638157e-02
2.293698e-02
-2.106002e-02
-4.129883e-02
6.250698e-03
-4.938724e-02
-4.212464e-02
1.289783e-01
4.608201e-02
-9.621666e-02
1.572023e-01
1.762399e-01
-4.585052e-02
-1.827461e-02
3.999742e-05
-1.759739e-02
-3.223210e-02
-4.032729e-02
-2.895756e-02
4.712118e-02
-1.195907e-02
-2.132534e-02
1.866444e-02
-1.155696e-01
-4.392769e-02
6.095138e-02
3.631516e-02
-4.778889e-02
-1.169569e-02
2.718130e-02
8.116812e-03
5.958901e-02
9.383357e-02
2.319895e-02
-6.319466e-02
8.280095e-02
1.495502e-01
-1.583675e-01
-9.624165e-02
1.990131e-02
1.119711e-01
1.017293e-01
-9.583092e-02
1.658363e-01
3.610296e-01
1.815316e-01
-1.481362e-01
1.280045e-01
1.996335e-01
-6.284595e-02
-3.659602e-02
-1.828813e-02
-5.692022e-02
-1.470067e-02
-1.920679e-02
1.167102e-02
6.924746e-03
1.904946e-02
3.842504e-02
1.254969e-02
-4.719805e-02
-7.935472e-02
-4.562118e-02
-3.684880e-02
-6.170199e-02
-2.949787e-02
1.858029e-02
-3.865356e-03
1.403283e-01
1.864886e-01
-1.290981e-01
-6.581473e-02
1.161560e-01
7.993221e-04
-1.582273e-01
-1.228652e-01
1.639742e-02
4.238810e-02
3.242093e-02
1.204268e-01
9.366094e-02
3.553487e-02
1.030947e-01
8.201019e-02
6.213494e-02
-7.029738e-02
4.055938e-02
1.869479e-01
-1.062340e-01
-1.672689e-01
4.353414e-02
1.033899e-01
-1.053623e-01
-2.965441e-02
-3.350662e-02
-1.084960e-01
-4.689230e-02
1.191914e-01
-1.818599e-02
-8.524293e-02
1.274099e-01
5.547411e-02
-4.148687e-02
-9.077337e-02
-7.107329e-02
-4.592194e-02
-3.508063e-04
6.380556e-04
-4.519495e-04
9.144858e-02
1.224245e-01
8.583417e-02
-1.148485e-01
-1.032147e-01
1.501234e-02
-4.972904e-02
-1.269502e-02
-4.716896e-02
2.534351e-02
-5.018901e-02
-2.893666e-02
4.457572e-02
6.423457e-02
3.770802e-02
7.279756e-02
1.065897e-01
3.838902e-02
5.017121e-02
7.769624e-02
-1.002849e-03
-4.005134e-02
-1.138052e-01
-3.817736e-02
-1.020926e-01
-1.620939e-01
-5.057266e-02
3.341504e-02
3.294953e-02
1.695459e-02
-1.172322e-02
1.767445e-02
5.460432e-02
-8.909657e-03
4.847782e-02
1.104911e-01
7.868511e-02
1.094679e-01
7.175525e-02
3.436267e-03
3.370530e-04
5.832685e-02
-2.212144e-02
-2.732788e-03
-1.421621e-02
3.114263e-02
7.982682e-03
4.585732e-02
-4.106663e-02
-1.670722e-03
4.294884e-02
9.677927e-02
8.963706e-02
4.992897e-02
1.075136e-01
2.495591e-02
-3.445433e-02
8.024908e-02
1.050947e-01
1.163163e-01
1.896513e-01
2.731651e-01
2.624448e-01
1.990207e-01
2.342624e-01
1.689614e-01
1.212092e-01
5.506836e-02
-7.435425e-02
1.825150e-03
-2.980671e-02
-3.501553e-02
-1.688411e-01
-1.752762e-01
-1.708434e-01
-1.710933e-02
-1.376231e-01
-9.294400e-02
-2.302180e-02
-8.084698e-02
-4.369042e-03
-3.842285e-03
1.137798e-02
6.911244e-02
-1.065328e-01
-8.534960e-02
-2.309279e-02
-2.234487e-02
-7.616707e-02
-2.693352e-02
8.247685e-02
8.417708e-02
5.961714e-02
-6.453994e-03
1.275260e-02
2.262129e-02
-2.407076e-02
-7.664396e-02
-3.899456e-02
1.029733e-02
5.862226e-03
-1.478449e-02
-6.630088e-02
-1.243328e-01
-5.185816e-02
-3.826466e-02
-4.515460e-02
2.994732e-02
-3.321553e-02
1.390087e-04
8.191307e-02
-5.464273e-02
-7.840232e-02
-1.456511e-02
-9.041728e-02
-1.087698e-01
-1.035986e-01
3.141731e-02
-3.229583e-03
-6.036586e-02
-1.704189e-01
-1.708954e-01
-8.152191e-02
-1.374828e-01
-1.528962e-01
-1.109268e-01
1.011858e-01
1.164082e-01
4.213300e-02
-5.902078e-02
2.340086e-02
1.153042e-01
-2.062210e-02
3.074182e-02
2.980025e-02
-4.478030e-02
5.384948e-03
-2.416942e-02
-4.778945e-02
-8.766272e-02
-4.468197e-02
1.080360e-01
1.436652e-01
9.415318e-02
-8.720318e-04
-4.113419e-04
-7.019215e-02
-6.199115e-02
-9.355038e-02
-1.674944e-01
5.633423e-02
1.671789e-01
1.943829e-01
-4.824323e-02
-5.844713e-02
-6.124794e-02
-1.339917e-02
2.000129e-02
5.089675e-02
7.565957e-02
3.958988e-02
3.104474e-02
-5.297991e-02
5.826725e-02
8.634213e-02
-1.069898e-02
-3.686989e-02
-8.897901e-02
1.094001e-02
-1.742896e-02
-3.498372e-02
-2.741507e-02
-4.296540e-02
2.597629e-02
-6.191003e-02
-7.174072e-02
-2.363588e-02
-2.318443e-02
-4.605162e-02
-8.605939e-02
-6.499913e-02
1.225202e-02
-2.051420e-02
-9.735813e-02
-1.138232e-02
-1.239574e-03
4.091933e-02
8.303345e-02
1.561308e-02
1.054227e-02
-1.031223e-02
-9.168964e-02
2.968919e-02
-1.813602e-01
-3.124655e-01
7.745548e-02
2.638591e-01
2.425217e-01
5.273249e-02
-1.191834e-02
-2.469703e-02
-9.674223e-02
-2.626532e-01
-3.902451e-01
1.627537e-01
3.283425e-01
3.663689e-01
4.006196e-02
8.835230e-03
2.091818e-02
1.567463e-02
4.201129e-02
5.638038e-02
-4.210183e-02
-8.414929e-02
-1.422484e-01
-6.928396e-03
-1.299717e-03
1.996152e-02
8.639998e-02
1.145418e-01
9.916712e-02
-7.690613e-02
-1.265380e-01
-1.051909e-01
-2.867508e-02
2.873331e-03
8.043122e-02
1.610915e-02
2.284944e-02
1.329118e-02
-4.016965e-02
9.216611e-02
7.545723e-02
3.450278e-02
-3.377396e-02
-4.292604e-02
1.327421e-01
3.080384e-01
3.412803e-01
-1.017142e-01
-3.423621e-01
-2.140922e-01
-2.954318e-02
4.712359e-02
7.399917e-02
-9.437926e-02
-9.588113e-02
-6.864285e-02
8.130081e-02
8.169121e-02
9.667274e-02
-3.420186e-02
1.646451e-02
1.033856e-03
-7.939925e-02
3.566996e-02
4.254020e-02
5.078285e-02
-2.349104e-02
-2.493277e-02
7.579675e-04
1.245377e-02
6.647305e-02
-7.758445e-03
1.281850e-03
9.396353e-03
-2.323418e-02
-3.638427e-02
-5.560319e-02
7.350989e-04
-3.967258e-02
-1.850124e-02
-8.805926e-04
-1.868788e-02
-2.389997e-02
-3.241219e-02
3.254426e-02
1.249175e-01
1.071397e-02
1.352796e-02
-2.404370e-02
1.870035e-02
-2.085344e-02
-2.044688e-02
-9.852817e-02
-1.306108e-01
-7.261644e-02
-5.928331e-02
-1.226448e-02
1.672584e-02
-9.459493e-02
2.165531e-02
4.341275e-02
-3.330033e-02
3.467665e-03
-5.859371e-02
3.368378e-02
1.157462e-02
-4.077758e-02
-1.226158e-02
3.613331e-02
1.023664e-01
-4.358285e-02
8.445881e-02
1.271978e-01
-8.024778e-03
9.429216e-02
5.625426e-02
-1.351271e-02
-6.287611e-03
2.269570e-02
-4.493529e-03
-2.082041e-03
-8.700063e-03
3.873081e-02
3.876754e-02
2.294501e-02
-8.254138e-03
3.212035e-02
2.849010e-02
2.270966e-02
6.500917e-02
6.620789e-02
2.107640e-02
1.363429e-02
2.633535e-02
1.059214e-02
-8.968786e-02
-5.751915e-02
-9.020251e-02
-1.598307e-01
-8.165450e-02
-9.137803e-02
-1.152945e-01
8.977684e-03
-5.105911e-02
-6.402759e-03
-7.388453e-02
-5.466589e-02
-2.136713e-01
-2.561819e-01
1.433534e-02
-1.157554e-01
-1.716022e-01
-2.503964e-02
-1.382625e-01
-1.174756e-01
-7.556627e-02
-1.964738e-01
-1.970156e-01
-7.896595e-02
-1.364496e-01
-1.323605e-01
1.212912e-01
-3.002350e-02
-8.987229e-02
-2.849961e-02
-1.398666e-01
-1.169219e-01
-1.633902e-01
-1.075204e-01
-3.244586e-02
-6.981913e-02
-1.493892e-02
3.583971e-02
1.896429e-02
4.492622e-02
1.248369e-01
1.401344e-02
2.818034e-02
3.683300e-02
-2.062417e-02
1.486913e-03
1.421045e-04
4.509024e-02
2.575871e-02
3.759496e-02
8.294186e-02
3.939715e-02
-2.851497e-02
7.818513e-02
1.725257e-01
1.054695e-01
7.855456e-02
2.344057e-01
1.734944e-01
8.492973e-02
1.817623e-01
1.357340e-01
-1.164700e-02
5.214614e-04
3.854236e-02
1.235550e-02
2.141184e-02
4.330646e-02
5.100633e-02
1.099258e-01
1.276435e-01
-1.814199e-03
4.721045e-02
5.907626e-02
6.720711e-02
6.821658e-02
4.109054e-02
5.692344e-02
-5.255375e-03
2.043002e-02
3.892310e-02
1.161448e-01
1.884701e-02
-2.102423e-02
6.127454e-03
-1.843693e-01
-8.199402e-03
-5.135211e-02
-1.787724e-01
5.502047e-03
6.443661e-02
7.911652e-02
1.262395e-01
1.460197e-01
9.067752e-02
4.445257e-02
8.864480e-02
-3.070429e-02
-7.725938e-02
-1.566560e-01
-7.721850e-02
5.546121e-03
-7.359603e-02
-3.926020e-02
1.323579e-01
6.238327e-02
-1.733139e-02
-1.093281e-01
-2.533441e-01
-2.455539e-01
-1.328176e-01
-2.686322e-01
-2.380736e-01
-4.459606e-02
-1.330202e-01
-3.830145e-02
5.802834e-03
-1.510605e-01
-1.380995e-01
-4.911028e-02
-1.728809e-01
-1.878270e-01
-6.351764e-02
8.280502e-03
5.474553e-02
5.416765e-02
3.066600e-02
-1.502490e-03
2.075418e-01
1.549911e-01
-1.214005e-03
1.927920e-01
2.269301e-01
1.386826e-02
-1.017629e-01
-2.384631e-01
-1.789358e-01
-2.503545e-01
-5.121627e-01
-3.664339e-01
-1.264823e-01
-3.026016e-01
-1.830708e-01
-9.329031e-02
-8.121577e-02
-4.969461e-02
-2.971622e-02
-4.029428e-02
-7.042082e-02
8.288467e-02
8.987837e-02
-3.031114e-02
5.196581e-02
1.642606e-02
2.884968e-02
-6.484496e-03
4.543047e-02
4.870642e-02
-1.285915e-02
3.150818e-02
8.487213e-02
-5.812888e-02
-9.381291e-02
-9.848813e-02
-8.659451e-02
-9.447943e-02
-5.549829e-02
-7.757661e-02
-6.415437e-02
6.939478e-02
-8.017766e-02
1.049947e-01
1.138111e-01
-1.407024e-01
2.165139e-02
1.429628e-02
-1.190850e-01
-6.849257e-02
-5.151526e-02
-5.138874e-03
-6.586822e-02
-1.399003e-01
9.792189e-02
-1.147074e-03
-9.414107e-02
9.514984e-02
1.017586e-01
1.141340e-02
5.269959e-02
-1.262023e-01
-1.475008e-01
2.124143e-02
-9.149180e-02
-9.769463e-02
4.326611e-02
3.031269e-02
4.222402e-02
-5.406041e-02
-8.328665e-02
-8.358952e-03
2.314540e-02
-3.829480e-02
-4.955907e-02
3.416365e-02
4.108328e-02
2.389365e-02
1.559652e-01
4.278806e-02
-7.394353e-02
1.629805e-01
6.947386e-02
-8.279029e-02
9.275030e-02
4.600938e-02
4.494961e-02
-1.056669e-01
-7.247064e-02
-9.749297e-02
-1.443060e-01
-1.171555e-01
-7.490756e-02
-1.189340e-01
-5.711600e-02
4.159524e-02
-9.397608e-02
-8.631400e-03
6.863654e-02
-6.618915e-02
-6.058882e-02
-4.858044e-02
-6.245471e-02
-1.887890e-02
-5.871873e-02
9.883358e-02
1.029528e-01
2.917158e-02
-3.168422e-02
1.005024e-01
1.570959e-02
2.570448e-03
8.069914e-02
-2.876108e-02
-1.745554e-02
-2.636230e-02
-4.508967e-02
-1.155349e-01
-4.312311e-02
-3.651225e-02
-1.199529e-01
-6.306724e-02
-4.360898e-02
4.250158e-03
-3.165198e-03
2.637983e-03
-4.305385e-02
-4.237571e-02
9.552346e-03
8.631408e-03
-2.396603e-02
-2.115492e-02
-3.637467e-02
-4.927341e-02
-1.564338e-02
-2.325743e-02
-1.354219e-01
-9.330937e-02
-3.562773e-02
-6.878760e-02
-9.245862e-02
4.094750e-02
1.168447e-01
4.710482e-02
2.552778e-02
1.616594e-01
1.297677e-01
2.649556e-02
8.367238e-02
9.866396e-02
5.249684e-02
4.332736e-02
2.507462e-02
2.816032e-02
4.963636e-02
2.423226e-02
-3.231968e-02
-1.217336e-02
1.642371e-02
2.858775e-02
8.665004e-02
1.597175e-02
-1.739553e-02
6.702594e-02
8.296029e-02
-1.287448e-01
2.939812e-02
1.748592e-01
-1.140653e-01
-1.182671e-01
3.338102e-02
-9.664579e-02
-1.548973e-01
-6.910705e-02
8.141227e-02
-1.937326e-02
-5.375059e-02
5.465738e-03
8.549539e-02
5.079798e-02
9.625758e-04
1.237335e-01
5.010899e-02
-4.540223e-03
9.279757e-02
2.763899e-02
-1.254847e-01
-1.240852e-01
1.540313e-03
-7.478101e-02
-1.413108e-01
-4.414155e-02
7.596660e-02
-7.476072e-02
-6.256516e-02
-4.830359e-03
4.579370e-02
1.526518e-01
-5.401659e-02
-3.002326e-02
8.144155e-02
1.469448e-02
-4.225764e-02
2.442976e-02
2.635876e-02
6.433158e-02
5.432045e-02
2.356231e-02
-5.426146e-03
3.015066e-02
-1.654656e-02
-1.948322e-02
4.484333e-02
2.492390e-02
-5.035973e-02
-9.521359e-02
3.696338e-02
-1.034097e-01
-9.449317e-02
1.068464e-01
-2.234786e-02
1.184520e-02
-7.899030e-02
-6.285908e-02
-4.796275e-02
-2.206543e-02
3.346987e-03
-6.189707e-02
3.524552e-02
8.769146e-02
1.613358e-02
1.969847e-02
-2.660732e-02
-3.064645e-02
3.355201e-02
2.542743e-02
-8.086641e-02
-5.361504e-04
-1.882207e-03
-6.231112e-02
-7.118808e-02
-2.227125e-01
-3.062822e-01
1.439430e-01
-5.304717e-02
-2.807992e-01
2.552973e-01
1.816768e-01
-1.457824e-01
7.769883e-02
1.573057e-01
-9.336484e-03
2.971139e-02
2.121355e-01
1.071493e-01
-1.277610e-01
1.647185e-01
1.132917e-01
1.414131e-03
-1.287674e-02
-1.575416e-02
-2.608709e-02
-2.137697e-02
-3.285113e-02
5.967163e-02
2.056268e-01
7.265925e-02
1.353246e-02
2.001343e-02
8.143423e-03
-7.474698e-02
-9.392981e-02
-7.104523e-02
1.151671e-01
1.332804e-01
3.490568e-02
-5.547208e-02
-1.678056e-02
-5.584880e-02
-1.941173e-02
4.089175e-02
1.279380e-02
9.397241e-02
6.929459e-02
8.808193e-02
-5.357541e-02
-2.995886e-02
-3.878618e-02
4.004381e-02
2.176887e-03
-7.242610e-02
-4.312754e-02
-1.067526e-01
-4.579406e-02
-2.631812e-02
-1.450062e-02
6.619339e-03
-8.402275e-02
-5.050421e-02
-6.019231e-02
-2.292776e-02
-7.403813e-02
-4.897308e-02
4.824243e-02
1.314217e-02
1.174137e-02
-8.097749e-02
-1.682236e-02
-2.290830e-02
5.182522e-02
1.402957e-02
-4.354728e-02
2.663961e-02
5.313594e-02
-2.048512e-02
-1.181279e-01
-2.639792e-01
-2.062583e-01
2.679291e-01
2.829509e-01
1.321095e-01
9.773656e-03
1.291278e-01
-6.574267e-02
-2.475183e-01
-3.433985e-01
-1.404496e-01
3.242819e-01
3.216698e-01
1.498148e-01
-3.804281e-02
-2.133512e-02
4.465122e-03
9.404461e-02
7.075894e-02
4.271580e-02
-1.043286e-01
-9.561216e-02
-8.802456e-02
6.266414e-02
1.484659e-02
9.726573e-02
4.406726e-02
1.860023e-02
3.779306e-02
-7.379903e-02
-5.393618e-02
-4.415915e-02
7.220952e-03
-1.435366e-02
1.049882e-02
-2.067149e-02
4.402660e-02
-1.531688e-02
5.281340e-02
6.874914e-02
3.097821e-02
-6.812327e-02
-8.666136e-02
7.600257e-02
3.573699e-01
3.327023e-01
1.272316e-01
-3.159139e-01
-3.157277e-01
-1.078046e-02
-3.107913e-02
3.679798e-02
1.476507e-02
-7.877489e-02
-1.005623e-01
-1.418460e-02
3.105700e-02
6.754468e-02
4.853315e-02
-5.906150e-03
1.302719e-02
-6.513095e-03
-1.452239e-03
6.465675e-02
1.993535e-02
-5.054801e-02
-6.534655e-02
4.673194e-02
8.452947e-02
2.955481e-02
6.825668e-02
1.590472e-03
-2.988113e-02
-7.416639e-02
-7.307587e-02
-6.768692e-02
-2.411886e-02
-1.758844e-02
6.680176e-02
2.345819e-02
-9.587854e-02
-7.478563e-02
-5.638070e-02
3.440041e-02
1.075056e-01
1.066274e-01
-5.727674e-02
-7.069606e-02
-5.105581e-02
-1.683978e-01
-1.669526e-01
-5.334160e-02
-1.044112e-01
-5.626587e-02
-3.449863e-02
-9.868722e-03
5.332511e-02
-6.977277e-03
6.282447e-02
-4.378319e-04
-9.176110e-02
5.578892e-02
7.445729e-03
-6.931099e-02
-5.857283e-03
-3.410040e-02
-2.322737e-02
-2.600632e-02
-1.306736e-01
-5.826645e-02
-7.542265e-02
-1.135763e-01
-5.467279e-02
-1.252296e-01
-6.891501e-02
-1.081734e-02
-1.009729e-01
3.032901e-02
2.807169e-02
-3.256923e-02
7.463520e-02
7.081524e-02
-2.830664e-02
3.981150e-02
-3.619179e-03
-2.363493e-02
2.678138e-02
-3.138785e-02
1.403780e-02
2.274174e-02
1.091397e-02
-1.415092e-02
-1.361761e-02
-3.445566e-02
-4.116215e-02
1.892633e-02
-6.337344e-03
2.789986e-02
6.572810e-02
4.846411e-02
1.218041e-01
1.423629e-01
7.524791e-02
2.839627e-01
2.718614e-01
5.395790e-02
1.579065e-01
1.077697e-01
-2.854814e-02
1.916585e-02
2.422957e-02
-2.216981e-02
6.546426e-02
1.755866e-02
2.206566e-02
1.258729e-01
1.376843e-02
4.847088e-02
4.826023e-02
5.466493e-02
4.202475e-02
1.861263e-01
6.696212e-02
2.888195e-02
1.734025e-01
-3.043192e-02
-1.758948e-02
-8.563729e-02
-2.914049e-02
6.431825e-03
-4.090295e-02
-2.887386e-02
-2.448090e-02
-3.208250e-02
-3.751628e-02
-1.048350e-02
4.192591e-02
5.856342e-02
-9.868266e-02
9.162647e-02
6.954464e-03
-7.748468e-02
1.075004e-02
-4.198585e-02
-8.748524e-02
-7.337826e-02
7.300311e-02
9.345843e-02
-5.337469e-02
-2.415791e-02
1.277833e-01
2.811152e-02
-1.845476e-02
2.895983e-02
-6.052473e-03
5.324300e-02
-2.208506e-03
1.368411e-01
1.892968e-01
2.902121e-02
5.533388e-02
3.890314e-02
-1.080313e-01
5.822200e-03
6.524723e-02
4.814235e-02
-7.548957e-02
7.125504e-02
-1.363889e-02
1.538021e-02
5.092655e-02
-4.390952e-02
-2.213464e-01
-3.462428e-02
9.322772e-02
-1.372496e-01
1.704184e-01
2.065478e-01
-8.137449e-02
2.530384e-01
1.863107e-01
-3.114097e-02
-8.057017e-02
-6.474191e-02
-1.233722e-01
-1.174868e-01
6.346240e-02
-2.372069e-01
-1.135831e-01
7.304370e-02
5.218755e-02
6.354203e-02
7.487806e-02
6.848210e-02
3.042306e-02
6.108362e-02
3.237535e-02
-1.089474e-03
2.857044e-02
-1.264849e-01
-1.249254e-01
-2.350679e-02
-6.906167e-02
-7.107879e-02
9.669309e-03
-9.576223e-03
2.313271e-02
1.158415e-02
-1.142139e-01
1.511117e-02
6.656227e-02
-1.217138e-01
4.333988e-02
3.295940e-02
7.133657e-02
9.058461e-02
-9.122978e-04
9.012131e-02
5.197822e-02
6.425847e-03
1.247635e-02
-6.721788e-02
-7.367162e-02
-6.969021e-02
-1.137119e-01
-4.354243e-02
3.312159e-02
6.260535e-03
1.653426e-03
1.948007e-02
4.521314e-02
-4.340427e-03
1.806798e-02
3.157664e-02
1.790451e-02
2.701564e-03
-7.935659e-02
-7.456604e-02
1.099784e-02
6.197685e-03
6.801088e-02
2.588737e-03
5.322468e-02
1.041812e-01
-5.340361e-03
7.100370e-02
4.326584e-02
1.447667e-01
2.039616e-01
1.698058e-01
1.485056e-01
1.538629e-01
6.595308e-02
-8.741466e-02
-8.433966e-02
-1.918791e-02
-2.080560e-01
-1.273246e-01
2.206927e-02
-1.065068e-01
-7.090370e-02
6.166541e-02
-2.375024e-01
-2.622119e-01
-8.541591e-02
-3.363282e-01
-1.116954e-01
1.322700e-01
-1.023508e-01
8.564006e-02
1.303014e-01
-1.743928e-01
-1.224259e-01
1.614668e-02
-1.709479e-01
1.003859e-02
1.764725e-01
-1.021965e-01
7.482362e-02
1.063896e-01
-1.819748e-02
1.690811e-02
1.483413e-02
3.516333e-02
8.683573e-02
1.800479e-02
5.262510e-02
8.209299e-02
2.759863e-02
-8.955922e-02
-6.256835e-02
2.054437e-02
-7.705612e-02
-1.499814e-02
5.949418e-02
-1.568791e-02
-3.140250e-02
3.936285e-02
2.030887e-02
-1.118399e-02
1.433136e-02
-1.270522e-01
-7.977302e-02
-3.599023e-02
-1.073443e-01
-5.305472e-04
2.902075e-02
-5.491226e-03
5.894065e-02
1.624667e-02
-2.281951e-02
1.276686e-02
-5.533908e-02
-1.367131e-02
-4.821360e-03
-9.462611e-02
1.022450e-01
7.415184e-02
-6.746712e-02
6.960455e-02
-6.822427e-02
-2.064609e-01
-1.913904e-02
-1.705220e-01
-1.611009e-01
5.369414e-02
9.929140e-02
1.852747e-01
1.915505e-01
1.682471e-01
1.295458e-01
2.183583e-01
4.027269e-02
-8.749063e-02
-3.423174e-02
-1.975710e-01
-1.388722e-01
-7.837900e-02
-2.216996e-01
-1.478468e-01
-1.144748e-01
-1.856482e-01
-9.136678e-02
-1.340973e-01
-5.232813e-02
5.312737e-02
-1.198634e-01
-3.287962e-02
9.814563e-02
-2.583595e-02
4.490408e-03
5.649673e-02
-4.691178e-02
-1.334441e-01
-8.635983e-02
-2.797516e-02
-1.594504e-01
-1.057361e-01
-2.005849e-02
-1.279854e-01
-6.913619e-02
3.397361e-02
3.126446e-03
-6.424799e-02
7.314737e-02
1.626714e-01
1.180623e-01
1.121945e-02
7.958549e-02
9.773844e-02
-7.362626e-02
-2.754699e-02
3.749767e-02
-1.406149e-02
2.593884e-02
2.845489e-02
4.607892e-03
-1.223263e-02
-1.955864e-02
9.893144e-03
-1.137602e-01
-3.606538e-02
-7.081546e-02
-1.587000e-01
7.525155e-03
-6.895245e-02
-1.128407e-01
1.523047e-02
6.689565e-02
2.680504e-02
-9.677107e-02
1.352618e-01
4.341329e-02
-1.092682e-01
1.246531e-01
7.821312e-02
-8.871307e-02
-7.407802e-02
-1.072109e-01
-1.209112e-01
6.867475e-02
-8.256164e-02
-1.615315e-01
7.287330e-02
-4.297742e-02
-9.550218e-02
3.424447e-02
2.488156e-02
-3.940934e-02
3.182216e-02
5.784643e-02
-5.180219e-02
-7.404017e-02
-5.172033e-02
-1.040731e-01
-6.932924e-02
-2.079226e-02
5.436058e-02
3.018444e-02
2.808278e-02
1.938331e-02
6.139439e-02
-5.655010e-03
-1.475900e-02
1.055633e-01
3.750063e-01
2.153712e-01
2.434291e-01
5.641299e-01
3.737903e-01
1.767189e-01
3.657304e-01
2.185683e-01
-6.356530e-02
-8.152410e-02
4.233656e-02
-1.001523e-01
-8.708002e-02
1.758695e-02
-6.952129e-02
-6.191918e-02
-1.613466e-02
-5.527714e-02
7.021831e-02
1.420249e-01
-9.252058e-03
1.910567e-01
2.119536e-01
-6.051651e-02
1.550921e-01
2.104897e-01
-4.132084e-02
-3.242979e-02
-1.592889e-02
-5.841889e-02
-1.078528e-01
-7.819624e-02
-5.937894e-02
-1.146088e-01
-1.081844e-01
-5.343544e-03
-2.077249e-02
9.286438e-02
-3.496880e-02
-7.360090e-02
3.447613e-02
-2.146926e-02
-3.263695e-02
2.327866e-02
-9.270902e-02
5.836193e-02
5.507869e-03
-3.594902e-03
1.428400e-01
8.045521e-02
-2.633866e-02
6.174465e-02
-5.326853e-02
-6.411283e-02
-1.917173e-01
-1.149767e-01
-1.405364e-01
-2.749267e-01
-1.840690e-01
-8.571672e-02
-1.309244e-01
-7.034163e-02
1.114595e-01
2.019991e-01
4.155108e-02
2.248892e-01
2.778235e-01
8.150729e-02
1.329138e-01
1.592449e-01
7.048631e-02
-1.052746e-02
5.357547e-02
7.495279e-02
-3.285957e-02
-1.818674e-03
-1.376802e-02
-1.295932e-04
-6.144750e-02
-3.481428e-02
-6.618662e-02
-2.106180e-01
-1.574544e-01
-1.629272e-01
-2.814243e-01
-2.611907e-01
-1.141926e-01
-1.455583e-01
-1.184795e-01
1.196455e-01
2.487460e-01
1.263563e-01
3.144186e-01
3.891440e-01
1.699242e-01
2.245006e-01
2.420422e-01
8.554705e-02
-1.968328e-02
-9.648278e-02
-9.690043e-02
-9.706823e-02
-1.374476e-01
-1.384041e-01
-1.468066e-01
-1.206613e-01
-2.560912e-02
6.062402e-03
5.805611e-02
3.939016e-02
6.039743e-02
1.143650e-01
5.340206e-02
3.196087e-02
4.952587e-02
5.551878e-02
-1.134967e-02
-1.475134e-02
1.539524e-02
-2.946381e-02
-1.049161e-01
4.479328e-02
-4.579594e-02
-1.102491e-01
1.273173e-03
-4.265811e-02
-6.691489e-02
-8.356141e-02
-1.291874e-01
-5.361702e-02
1.851073e-02
-2.715309e-02
2.270523e-02
6.804029e-02
-3.983451e-02
-1.079335e-01
-3.021052e-02
-9.176213e-02
-5.888251e-02
3.732556e-02
-5.424760e-02
-2.687956e-02
1.154391e-02
-6.880237e-02
-4.969657e-02
-5.761870e-02
-1.570823e-02
-3.810335e-02
-7.287445e-02
7.758749e-03
-5.324398e-02
-3.143626e-02
2.698618e-02
-1.214906e-01
-7.480332e-02
1.145389e-02
-1.197995e-01
-8.629763e-02
-3.663486e-02
-4.644652e-02
-1.345307e-02
-8.551877e-02
-5.780469e-02
-1.795674e-02
-7.764514e-02
-6.802556e-02
-2.194734e-02
3.347706e-02
7.291442e-03
-4.199822e-03
2.488972e-02
6.926185e-02
3.127979e-02
8.211482e-02
1.282913e-01
6.240192e-03
8.031123e-02
7.637250e-02
-4.348550e-02
-2.142701e-02
3.897585e-02
3.331723e-03
5.366233e-02
1.235666e-01
4.780107e-02
3.312560e-02
7.802840e-02
5.614828e-02
-6.019174e-02
-1.528014e-03
-6.069670e-02
5.422670e-02
9.340954e-02
-2.005712e-02
2.612771e-02
7.971381e-03
-8.467913e-02
-2.025579e-01
-2.324302e-01
-1.558426e-01
-3.428259e-01
-4.775011e-01
-3.307524e-01
-2.895986e-01
-3.819391e-01
-2.263982e-01
1.292946e-01
2.950603e-02
-1.349939e-03
1.001215e-01
9.355588e-02
6.457102e-02
4.233506e-02
9.324157e-02
1.085168e-01
4.350410e-02
-6.997202e-02
-6.819426e-02
-7.032719e-03
-6.151922e-02
-4.809170e-02
5.058791e-03
-4.249460e-02
-3.716660e-02
-1.066103e-01
-1.551715e-01
-1.458098e-01
-2.139155e-01
-2.827241e-01
-1.743707e-01
-1.566199e-01
-2.960584e-01
-1.221449e-01
1.470740e-04
-1.180528e-01
-1.049614e-01
-1.346983e-01
-2.591846e-01
-1.342011e-01
-1.463350e-01
-1.967970e-01
-5.801756e-02
-5.445679e-03
-3.852743e-02
-4.142032e-02
-4.225466e-02
-8.233421e-02
-9.183665e-02
-4.896571e-02
-1.245344e-01
-1.075841e-01
4.887431e-02
4.341063e-02
3.647869e-02
5.627069e-02
4.127486e-02
1.422651e-02
-4.601793e-02
4.648083e-02
8.619027e-03
1.368929e-01
4.096486e-03
-1.161631e-01
5.234463e-02
3.800183e-02
1.543279e-02
6.065627e-02
9.626344e-02
7.394915e-02
-7.154912e-02
-1.800094e-02
9.542934e-03
4.646335e-02
3.641948e-02
-2.599410e-02
3.388651e-02
-2.075804e-02
-7.395704e-02
-1.294429e-02
3.312135e-02
1.146650e-01
-2.722766e-02
6.920934e-03
1.375850e-01
5.336769e-02
4.837636e-02
9.334230e-02
2.853853e-02
3.920515e-02
1.910410e-02
-4.758139e-02
-4.121907e-02
1.858630e-03
-5.247491e-02
7.453272e-03
2.083826e-02
-1.210900e-02
7.025287e-03
1.582872e-02
-7.083444e-02
-6.951533e-02
6.397717e-02
1.048904e-02
6.127072e-03
-1.390155e-02
4.445282e-03
7.858652e-03
-5.031482e-02
3.905304e-02
6.332790e-02
8.682057e-02
-6.956001e-02
7.047994e-02
1.823813e-01
1.072181e-01
7.111811e-02
3.415828e-03
6.189892e-02
8.040240e-02
4.076619e-02
3.891128e-02
3.316052e-02
3.447890e-03
-9.632420e-02
-7.101428e-02
-8.954828e-03
-8.768260e-02
-8.774069e-02
-1.265732e-01
4.634932e-02
9.150942e-02
-2.250673e-03
-1.647124e-02
3.072115e-02
4.765048e-02
2.505668e-02
1.406837e-01
8.404846e-02
-3.396130e-02
5.851019e-02
-2.336983e-02
-1.016374e-01
1.349357e-03
5.407437e-02
-9.484499e-02
-7.007432e-03
4.672276e-02
-3.358589e-02
-3.798683e-02
2.802486e-02
1.208111e-02
3.501888e-02
4.510051e-02
-3.377477e-02
-1.631169e-02
2.877278e-02
-9.026358e-02
-1.864516e-02
2.509914e-02
-6.569774e-02
-4.559924e-02
3.420714e-02
-2.056054e-02
4.224068e-02
1.242139e-01
5.639543e-05
5.650173e-03
5.261744e-02
-2.624832e-02
-2.241915e-03
1.206072e-02
-8.432007e-02
-1.323549e-01
-4.909058e-02
-2.252639e-02
-1.908412e-01
-1.309603e-01
4.513626e-02
3.420430e-02
3.063348e-03
1.000230e-02
-6.212034e-02
-3.675783e-02
-9.196681e-02
-1.178187e-01
-5.515333e-02
8.276866e-02
1.157501e-01
9.105871e-02
7.492474e-02
8.162686e-02
1.219338e-02
1.010257e-01
1.104482e-01
5.037125e-02
6.055358e-02
6.281955e-02
2.701949e-02
3.182564e-02
9.833253e-03
1.564957e-02
-1.125518e-01
-4.104721e-02
-3.517431e-02
-1.762267e-01
-2.405689e-01
-1.842544e-01
-1.571861e-01
-2.042050e-01
-1.592952e-01
-3.914852e-02
-4.027953e-02
4.556748e-02
5.149371e-02
5.807529e-02
-1.308515e-02
9.546605e-02
1.010686e-01
5.376911e-02
4.596572e-02
-3.627912e-02
-1.156270e-01
6.278279e-02
8.417258e-02
1.291119e-01
5.209398e-02
3.483060e-02
1.381808e-01
-8.313023e-02
-1.636744e-01
-7.514001e-02
2.297419e-02
6.828374e-02
4.902680e-02
2.787831e-03
-2.667000e-02
-1.448153e-02
-2.490784e-02
-6.092463e-02
-3.282880e-02
4.313956e-03
6.630570e-02
1.155230e-01
-2.602212e-02
-1.382279e-02
8.565005e-02
-4.379824e-02
-7.170744e-02
1.902174e-03
-1.525001e-02
-5.322324e-03
-9.723851e-03
4.245865e-02
-4.303418e-02
-3.814240e-02
-5.758871e-02
-5.441647e-02
-5.891461e-02
-8.530281e-02
-6.970041e-02
-5.777879e-02
-1.026638e-01
-1.623341e-01
-1.046969e-01
-6.016573e-02
-1.290057e-01
-8.098017e-02
3.108169e-02
1.421775e-01
2.215188e-01
-1.548912e-01
-1.182945e-01
-5.787231e-02
-1.239405e-01
-1.120449e-01
-1.432438e-01
-1.164257e-01
-9.705321e-02
-7.167303e-02
-6.655151e-02
-7.044833e-02
-3.428410e-02
-1.211628e-01
-7.528061e-02
3.722435e-03
1.467353e-01
8.826964e-02
-9.519365e-02
1.626592e-01
-3.019233e-02
-1.765040e-01
-9.837470e-03
-1.151311e-01
-8.417889e-02
4.832473e-03
9.196396e-02
5.752272e-02
6.310613e-02
1.156440e-01
8.263110e-04
-1.597708e-02
6.194218e-02
-2.422432e-02
-6.066217e-02
1.650343e-02
3.283180e-02
1.057153e-01
1.116302e-01
5.696421e-02
5.511566e-04
3.929903e-03
-2.605144e-02
1.969493e-01
2.116815e-01
5.064256e-02
1.118856e-01
7.859575e-02
-9.295451e-02
-1.162708e-01
-1.622882e-01
-1.302844e-01
-1.833567e-02
-5.322602e-04
-1.322832e-02
-4.760423e-03
-2.442675e-02
-8.525674e-02
-1.354803e-02
-8.798669e-02
-9.748929e-02
1.106137e-01
1.041906e-01
-3.052794e-02
9.093146e-03
-5.723317e-02
-9.643143e-02
-1.001000e-01
-2.258040e-01
-1.227696e-01
7.225454e-02
2.019901e-01
1.417506e-01
8.528853e-02
1.414296e-01
-3.376214e-02
-1.048192e-03
-1.338137e-01
-1.602066e-01
1.899291e-01
1.803107e-01
4.335259e-02
2.070236e-01
1.581526e-01
3.269583e-02
2.002141e-02
-1.198782e-02
-4.126788e-02
-1.617206e-01
-9.664915e-02
-1.130128e-02
1.404786e-02
6.254818e-02
1.227346e-01
-2.218890e-02
2.550257e-02
4.441702e-02
-5.492885e-02
6.908834e-03
1.937926e-02
-6.275603e-03
7.756238e-02
1.364821e-01
-5.652213e-02
-6.233730e-02
-3.272063e-02
8.403783e-02
1.665276e-01
1.257765e-01
3.115782e-02
-1.331747e-02
-6.992479e-02
-9.875985e-02
-1.107287e-01
-9.447440e-02
2.084795e-02
-4.623496e-02
4.320424e-04
4.999106e-03
-1.258786e-02
7.661717e-02
-5.264888e-02
1.921419e-02
1.300264e-02
1.628038e-01
1.513373e-01
4.497904e-02
7.922469e-03
-1.445734e-01
-1.167961e-01
-6.789093e-02
-1.111157e-01
-1.344766e-02
-1.707349e-02
-5.418946e-04
-4.323385e-02
-1.175222e-01
-1.575830e-01
-7.439177e-02
-9.011082e-02
-1.209632e-01
-9.726392e-02
-7.130087e-02
-5.897532e-02
-1.538544e-02
2.911252e-02
5.896008e-02
3.474722e-02
9.036010e-02
9.253981e-02
1.929880e-02
-1.082141e-01
-2.589253e-02
-1.064761e-01
5.894218e-03
9.825260e-02
2.841043e-02
-3.289417e-02
7.092556e-02
5.337983e-02
-2.623295e-02
-2.252467e-03
-5.032075e-02
1.738832e-02
4.167309e-02
-4.781177e-02
2.449641e-02
9.318877e-04
1.759242e-02
-8.549901e-03
4.624699e-02
8.881700e-03
1.114457e-02
7.712406e-02
-3.137729e-02
1.747735e-03
4.442794e-02
7.223835e-03
3.108604e-02
-2.522430e-02
-4.083441e-02
1.145649e-04
-4.182572e-02
1.389505e-02
7.945833e-03
-8.034096e-02
-5.905344e-02
-5.357025e-03
-6.872071e-02
3.933758e-04
3.895930e-02
-1.164537e-01
6.910499e-02
-2.387910e-03
-1.659230e-01
3.123441e-02
-4.441895e-02
-7.470017e-02
-1.364342e-02
-3.365537e-02
-1.039916e-01
-2.642340e-02
-8.828395e-02
-9.796327e-02
-3.113645e-02
-4.898072e-02
-1.402433e-02
3.276476e-02
-7.207885e-02
1.047364e-03
5.766252e-02
-2.739863e-02
4.923005e-02
-4.182998e-03
-2.398359e-01
8.550789e-02
1.449118e-01
-3.072297e-01
1.640474e-01
2.803730e-01
-2.114044e-01
1.044927e-01
2.088305e-01
1.109188e-01
3.507746e-02
1.245456e-02
6.852937e-02
-5.692269e-02
-8.680887e-02
2.309337e-02
-7.844670e-02
-9.183969e-02
-9.094040e-02
1.794673e-02
-4.571662e-04
-1.144845e-01
7.463247e-02
4.285989e-02
-1.144355e-01
6.831134e-02
1.005951e-02
-1.564748e-02
-7.128679e-02
5.005359e-02
6.592843e-02
-3.043389e-02
1.480765e-02
1.733728e-02
-7.128403e-02
1.000590e-02
4.491956e-02
2.274672e-03
1.006434e-01
7.734288e-02
1.418812e-01
1.365435e-01
2.194883e-02
8.347771e-02
3.042000e-02
3.340071e-03
-3.620016e-02
6.157419e-02
1.700821e-02
-2.873544e-02
4.359951e-02
6.206547e-02
3.497370e-02
-6.603165e-03
1.288159e-02
-6.319076e-02
-6.398406e-02
6.314179e-02
7.689869e-02
-4.475173e-02
1.918781e-02
6.688240e-02
-5.449859e-02
6.820765e-02
2.924997e-02
-2.601737e-03
4.429370e-02
-6.153385e-02
2.307058e-02
4.920891e-03
-2.192004e-02
7.122708e-02
-6.348715e-02
-1.306272e-01
1.068396e-01
-7.176261e-02
-1.488551e-01
2.085972e-01
-1.033415e-01
-1.860954e-01
1.711438e-01
1.017676e-01
-4.946071e-03
-3.264143e-02
1.769904e-01
-1.531095e-02
-5.604041e-02
1.363061e-01
-2.721328e-02
-7.213105e-02
-2.767670e-02
-1.016778e-01
-5.806389e-02
-7.649437e-02
-1.846222e-01
-4.846942e-02
-1.564355e-02
6.151835e-02
7.497418e-02
-1.058605e-01
-7.816497e-02
2.458584e-02
-2.229219e-02
6.646072e-02
8.351704e-02
1.129133e-01
2.136898e-01
1.131159e-01
-2.904940e-02
3.907433e-02
1.639089e-02
-7.557312e-02
1.983980e-02
5.343021e-02
-5.576800e-02
-4.691013e-02
-3.620777e-02
3.463463e-02
-6.031783e-02
-8.990683e-02
2.425507e-02
-5.720346e-02
-5.722579e-02
2.162351e-02
5.869919e-02
7.575694e-02
-3.577776e-02
-6.168166e-02
-3.049102e-02
-1.249726e-02
-1.392431e-02
3.681565e-02
4.114581e-02
8.451299e-02
6.412435e-02
-5.070764e-03
-3.223113e-02
2.305238e-02
2.359657e-02
4.179543e-02
1.021341e-01
7.323430e-02
1.969309e-01
1.434516e-01
-6.054601e-02
-2.371211e-02
-4.685758e-02
3.498221e-02
-7.617586e-02
-1.285081e-01
6.535218e-03
-6.452325e-02
-2.347934e-02
-1.231601e-02
2.094557e-02
6.696967e-02
2.854148e-02
5.775882e-02
1.093242e-01
-3.967642e-03
-2.927872e-03
2.040075e-02
-5.634815e-02
1.192141e-01
4.307812e-02
-1.193378e-02
3.471278e-02
-1.200453e-01
-1.967371e-02
-3.904150e-02
-2.109046e-01
6.317477e-02
4.626469e-02
-6.246010e-03
9.195577e-02
9.442013e-02
1.392972e-02
-1.555264e-02
-6.477711e-02
-1.395389e-01
2.546219e-02
-3.453025e-02
-6.751130e-02
6.199375e-02
1.659995e-02
-4.290221e-03
-5.815896e-04
8.789977e-02
9.461384e-02
2.713539e-03
6.182741e-02
1.355533e-01
7.257044e-02
2.245127e-01
2.136579e-01
1.914833e-01
2.881603e-01
2.566610e-01
-8.948953e-02
-2.436056e-01
-1.789910e-01
-8.222824e-02
-1.511457e-01
-9.607575e-03
6.970327e-02
1.699870e-01
1.885379e-01
-1.827598e-03
-3.010239e-02
7.604407e-04
-1.187643e-02
2.724002e-02
3.205181e-02
-1.491880e-02
-1.974542e-02
-2.847130e-02
-2.362881e-02
-8.569381e-02
-2.211639e-03
-9.973833e-03
2.765576e-02
6.854808e-02
1.407067e-02
1.083961e-01
8.324494e-02
-7.426407e-02
-2.141477e-02
-2.757763e-02
-1.528289e-02
-2.961992e-02
-8.805421e-02
-5.027989e-02
-1.019547e-01
-1.040701e-01
5.275847e-02
6.860135e-02
-7.665952e-04
6.899618e-02
1.314310e-01
6.588289e-02
4.158801e-02
5.160679e-02
1.665207e-02
2.095319e-03
3.060800e-02
1.411637e-02
-9.649928e-02
1.523611e-02
9.749985e-02
-6.440311e-02
-2.228051e-02
5.182950e-02
2.015068e-02
-6.610895e-02
-5.453324e-02
-8.661904e-02
-1.605286e-01
-1.111631e-01
-8.308236e-02
-1.140369e-01
-1.384157e-01
6.978935e-02
7.400046e-02
-2.441733e-02
3.412090e-02
8.124661e-02
6.655170e-02
-6.892444e-03
5.549558e-02
1.039327e-01
5.217088e-02
3.104678e-02
7.881601e-03
1.005672e-01
1.455973e-01
5.095080e-02
8.559375e-02
1.199853e-01
3.609843e-02
2.028133e-02
9.364235e-02
6.782801e-02
-3.173204e-02
1.446629e-01
1.979579e-01
-1.383647e-01
-3.438872e-02
1.298190e-01
1.871652e-02
3.213020e-02
-1.003680e-02
1.744974e-03
5.897444e-02
9.186022e-02
-2.503368e-02
6.087296e-02
8.470505e-02
-6.076088e-02
-4.304505e-02
6.770397e-02
-3.175684e-02
-4.798231e-02
8.885434e-02
-3.688531e-02
-5.799645e-02
2.471423e-02
3.287495e-02
7.381965e-03
-4.811577e-02
6.260193e-02
1.243085e-01
7.484444e-02
-1.232323e-01
-3.266456e-02
-1.402967e-03
-1.175715e-01
-1.307864e-01
-1.085727e-01
-3.070346e-01
-4.188634e-01
-3.086631e-01
-2.523065e-01
-3.677115e-01
-2.924049e-01
1.069571e-03
-1.036160e-02
-6.875943e-03
-4.376034e-02
-3.454997e-02
-8.544596e-03
-5.093405e-02
-3.707962e-02
-3.686788e-02
6.816848e-02
7.818493e-02
5.079356e-02
5.391666e-02
9.025060e-02
6.188235e-02
-5.139372e-03
1.712719e-02
4.296859e-02
-4.009386e-06
-1.947311e-03
-7.315047e-03
3.782276e-02
3.470255e-02
4.129215e-02
8.217341e-02
7.322310e-02
-5.410550e-03
-3.401080e-02
-2.116876e-02
-2.146825e-02
-4.621365e-02
3.336878e-02
3.099602e-02
-2.332293e-02
4.390600e-03
-3.201059e-03
-6.345589e-02
-8.274276e-02
-8.484009e-02
-3.315548e-02
-2.824402e-02
-3.366803e-02
3.879686e-02
3.167149e-02
2.766953e-02
1.234067e-01
5.992924e-02
4.325949e-02
1.526813e-01
1.594395e-01
2.139030e-01
2.467268e-02
3.371225e-02
5.410071e-02
-4.158600e-02
-4.626780e-02
-5.467015e-02
-1.460167e-02
1.298654e-02
-2.918974e-02
-7.775376e-02
-5.603627e-02
-1.023368e-01
-4.175879e-02
-6.555957e-02
-5.179945e-02
-6.160560e-02
-6.523765e-02
-9.252182e-02
-5.358766e-02
-9.095179e-02
-1.019190e-01
-2.203087e-02
-1.945229e-02
-5.369959e-02
-4.114622e-02
-4.157685e-02
-5.110175e-02
7.503675e-02
3.101001e-02
2.742799e-02
-4.081596e-04
-1.540365e-02
8.583478e-03
3.082900e-02
-1.387878e-02
3.614791e-03
1.065044e-02
-6.263947e-02
-3.883640e-02
-3.435929e-02
-3.699604e-02
-4.384116e-02
2.045445e-02
4.127622e-02
9.404375e-03
6.848753e-02
7.251263e-02
9.800998e-03
-6.111501e-03
-6.469047e-02
-4.672962e-02
2.442905e-02
-3.132485e-02
-2.382711e-02
9.329322e-04
-1.264839e-02
-2.570335e-02
-3.490853e-02
-6.709363e-02
-1.793233e-01
-5.675327e-02
-6.974518e-02
-1.490419e-01
-1.081136e-01
-1.085232e-01
-1.923908e-01
-4.192229e-02
-2.768836e-02
1.084340e-01
-2.291284e-02
-5.042439e-02
1.013478e-01
1.063180e-01
9.764520e-02
1.818872e-01
2.190076e-02
2.728020e-02
1.289460e-02
-1.203332e-02
3.450359e-02
3.491069e-02
3.298584e-02
7.411056e-02
8.939576e-02
-7.676159e-02
-8.455192e-02
1.749633e-02
-1.154493e-01
-1.179080e-01
2.973112e-02
-4.813424e-03
-8.443754e-03
1.281759e-01
-8.978555e-02
2.616754e-02
1.062458e-01
-8.747994e-03
7.226186e-02
8.983150e-02
2.647023e-03
9.287667e-02
1.200038e-01
1.235510e-02
1.433704e-02
-1.620645e-02
5.600102e-02
1.966524e-02
3.687395e-02
2.705558e-02
-2.408235e-02
2.555549e-02
-5.114476e-02
-5.170863e-02
-1.030189e-02
1.431128e-02
-2.138997e-02
7.349148e-02
-1.071023e-01
-1.711468e-01
-4.901089e-02
8.885416e-02
1.168233e-01
3.648501e-02
7.109461e-02
3.028424e-02
-4.996062e-02
5.578696e-02
3.825136e-02
-2.290922e-02
-3.404000e-02
1.712252e-02
8.238340e-03
-1.329263e-01
-8.860179e-02
-6.018206e-02
6.098151e-02
1.509836e-01
2.449044e-01
-4.208972e-02
-6.838384e-02
-7.837865e-02
-4.641234e-02
-8.427497e-02
-7.665142e-02
-7.356366e-02
-1.584501e-01
-1.342298e-01
