3.478926e-02
4.018206e-02
3.709496e-02
6.377923e-02
4.698029e-02
2.439870e-03
-1.192222e-02
-8.167604e-02
-5.039436e-02
-1.992256e-02
-2.097471e-02
5.885302e-02
6.057315e-02
-3.863560e-02
-8.764463e-03
-4.811000e-02
5.460802e-03
-1.189679e-01
3.984490e-02
-7.974257e-02
-9.868760e-02
3.088910e-02
-1.864234e-03
-2.049641e-02
7.154397e-02
-1.010922e-03
-3.979661e-02
6.704600e-02
-4.740772e-02
-4.400715e-02
-3.529708e-02
1.944167e-02
-5.318619e-02
5.203974e-02
-5.091592e-02
-4.429448e-03
-4.514046e-02
6.877799e-02
2.262563e-02
-3.298864e-02
-1.857891e-02
7.771938e-02
4.549799e-02
-3.704053e-02
4.991941e-02
7.176894e-02
5.388335e-02
-4.527830e-02
-8.120847e-02
-2.691200e-02
4.121924e-02
-9.556337e-02
-3.684349e-02
-1.033360e-01
1.794763e-02
-2.592327e-02
2.617229e-03
1.576312e-02
-7.568758e-02
5.686004e-02
4.774630e-02
-1.186248e-01
-2.443705e-02
-5.126116e-02
1.293311e-02
1.247210e-01
2.634201e-02
3.869946e-02
3.931607e-02
8.067854e-03
5.581229e-02
4.043794e-02
6.349385e-02
7.349917e-02
3.397311e-02
1.360922e-02
-3.386854e-02
8.691872e-02
-7.686037e-02
6.678772e-02
4.709515e-02
-1.174313e-02
-7.124162e-02
1.767533e-02
-4.736640e-02
7.540928e-02
5.554804e-03
-1.141654e-02
-7.302962e-02
-4.913067e-02
4.142516e-02
6.125028e-02
-5.217892e-02
3.029419e-02
1.998941e-02
-1.320866e-01
3.567973e-02
-2.173671e-02
2.495528e-02
2.844202e-02
