4.646409e-01
4.125060e-01
2.919710e-01
4.015218e-01
4.427475e-01
4.200571e-01
4.458069e-01
3.496630e-01
4.449073e-01
2.935382e-01
4.680971e-01
3.494035e-01
4.715684e-01
4.140626e-01
3.642004e-01
4.016391e-01
3.213356e-01
3.056741e-01
4.290451e-01
5.759162e-01
4.934204e-01
5.571209e-01
3.387049e-01
5.242312e-01
4.066455e-01
3.944782e-01
2.615194e-01
4.373336e-01
4.747880e-01
2.942920e-01
5.136291e-01
3.659144e-01
5.003666e-01
4.078000e-01
3.754373e-01
3.167512e-01
3.682213e-01
4.046852e-01
3.379138e-01
4.227983e-01
3.532420e-01
4.628215e-01
4.382453e-01
4.322976e-01
3.380293e-01
3.822651e-01
5.194721e-01
4.837439e-01
2.808431e-01
4.477593e-01
3.975677e-01
4.903013e-01
4.663822e-01
3.239990e-01
3.630890e-01
4.595374e-01
5.139679e-01
4.164362e-01
3.328601e-01
4.286346e-01
3.062351e-01
4.100163e-01
3.694369e-01
4.164816e-01
