-4.757970e-01
-5.243967e-01
-7.023153e-03
-2.019070e-01
-5.767195e-01
-7.600060e-01
1.163941e-01
-1.914623e-01
-4.734578e-01
-1.379907e-01
-4.902432e-02
-5.724226e-01
-1.532928e-01
3.859046e-01
-9.010490e-02
-2.789253e-01
-5.583843e-01
-8.248975e-01
-1.066209e+00
-1.870213e-01
-7.865611e-01
-1.121966e-01
-3.780087e-01
-2.627546e-01
-2.277620e-01
-3.124749e-01
-3.107749e-01
-8.263690e-02
-2.380897e-01
-1.314069e+00
-5.533611e-01
-2.676930e-01
-7.093342e-01
-5.313566e-01
-3.515777e-01
-7.666873e-02
-4.591507e-01
1.131795e-01
-9.846379e-01
-5.220861e-01
-8.101386e-01
-5.569739e-01
-2.517001e-01
2.516161e-02
-3.294173e-01
3.676724e-01
-3.780670e-01
-1.061860e+00
-1.314785e+00
3.057105e-01
-7.908460e-01
-3.479837e-01
-3.905075e-01
-2.711862e-02
-1.746765e-01
-1.767895e-01
-4.595755e-01
-1.708722e-01
-6.784468e-01
-8.014283e-01
-8.779312e-01
-9.821343e-01
-7.708075e-01
-4.447176e-01
