9.424302e-01
9.634315e-01
6.555982e-01
6.832222e-01
7.429150e-01
8.517624e-01
8.065276e-01
8.344355e-01
7.180793e-01
8.910577e-01
7.804261e-01
7.296436e-01
7.436216e-01
5.994655e-01
8.641176e-01
6.451363e-01
7.389349e-01
7.490065e-01
6.903181e-01
7.940387e-01
6.780690e-01
7.099290e-01
5.465743e-01
1.072312e+00
1.022661e+00
8.828049e-01
6.784497e-01
8.796852e-01
7.373336e-01
8.084335e-01
8.706131e-01
8.497109e-01
8.526239e-01
6.197114e-01
7.727889e-01
6.845990e-01
8.079651e-01
8.623591e-01
6.584154e-01
7.089603e-01
6.083524e-01
2.422863e+00
6.450872e-01
8.422263e-01
7.353389e-01
6.894415e-01
8.485947e-01
6.751266e-01
1.026774e+00
6.729650e-01
6.423913e-01
7.153336e-01
8.241525e-01
9.627339e-01
9.156896e-01
6.626768e-01
7.471537e-01
7.186912e-01
8.292637e-01
7.472008e-01
7.461423e-01
6.232065e-01
8.204338e-01
6.942242e-01
