6.397458e-01
5.880191e-01
5.831898e-01
6.139148e-01
6.553876e-01
6.680169e-01
6.253712e-01
5.306101e-01
6.119651e-01
6.141899e-01
6.091751e-01
5.208105e-01
5.964986e-01
5.905286e-01
5.972366e-01
6.178545e-01
6.206448e-01
5.978386e-01
6.290124e-01
4.949154e-01
4.839178e-01
5.270656e-01
5.441929e-01
5.869823e-01
5.106059e-01
6.395606e-01
6.121022e-01
5.621547e-01
5.829213e-01
5.670398e-01
5.476115e-01
5.806562e-01
5.935703e-01
5.983367e-01
5.747705e-01
4.871825e-01
5.503581e-01
5.232198e-01
5.482904e-01
6.562397e-01
5.437832e-01
5.391906e-01
6.135510e-01
6.221327e-01
5.595940e-01
5.024217e-01
6.776879e-01
6.621366e-01
5.222628e-01
6.644861e-01
5.138739e-01
6.358324e-01
5.729116e-01
5.865367e-01
5.514646e-01
6.561505e-01
7.086968e-01
6.248132e-01
5.841255e-01
5.943219e-01
5.302133e-01
6.272822e-01
5.250221e-01
5.539603e-01
