2.365846e+00
1.953174e+00
2.099485e+00
2.030659e+00
2.016895e+00
1.772845e+00
2.087218e+00
2.094589e+00
1.876497e+00
1.925131e+00
2.006077e+00
2.150972e+00
2.006972e+00
1.990916e+00
1.844384e+00
2.184093e+00
2.230381e+00
1.906048e+00
2.003790e+00
2.015565e+00
2.006733e+00
1.574145e+00
1.983714e+00
2.087832e+00
2.007444e+00
1.933697e+00
1.967985e+00
2.305669e+00
1.969624e+00
1.811050e+00
2.163624e+00
2.049108e+00
2.120177e+00
2.225899e+00
2.111273e+00
2.036861e+00
2.010315e+00
2.211814e+00
1.609948e+00
2.293489e+00
2.058645e+00
2.034381e+00
1.766871e+00
2.066329e+00
2.147086e+00
2.194713e+00
2.150454e+00
1.900645e+00
2.008052e+00
1.964618e+00
1.959686e+00
2.112520e+00
1.865502e+00
1.936851e+00
1.884854e+00
2.182235e+00
2.204309e+00
1.920858e+00
2.187746e+00
2.138947e+00
1.693994e+00
2.110925e+00
2.014595e+00
2.128112e+00
