2.666996e-01
2.369430e-01
2.794873e-01
2.748277e-01
1.634729e-01
1.839858e-01
1.934658e-01
4.343227e-01
3.217797e-01
1.692793e-01
1.537617e-01
2.437304e-01
2.282686e-01
3.357347e-01
2.912592e-01
1.494785e-01
2.623931e-01
3.447800e-01
1.736508e-01
2.230298e-01
3.777700e-01
3.049466e-01
2.248995e-01
1.208780e-01
4.860234e-01
2.174538e-01
2.444927e-01
1.170110e-01
3.123612e-01
3.578414e-01
2.191444e-01
2.420666e-01
2.505924e-01
2.887450e-01
2.621203e-01
2.947494e-01
4.624235e-01
2.434038e-01
2.762252e-01
1.259463e-01
2.066552e-01
2.547615e-01
2.985889e-01
2.583968e-01
3.158946e-01
3.172511e-01
1.520778e-01
1.238330e-01
3.310343e-01
3.032496e-01
2.707958e-01
1.523781e-01
3.109832e-01
2.665018e-01
2.752499e-01
2.420730e-01
1.488334e-01
1.442643e-01
2.966390e-01
1.099200e-01
3.016546e-01
1.379530e-01
2.511592e-01
2.838094e-01
