3.370601e-01
3.155199e-01
3.168206e-01
3.234116e-01
3.209271e-01
3.261237e-01
2.982464e-01
3.426929e-01
3.146239e-01
3.340311e-01
3.285084e-01
3.139144e-01
3.588178e-01
3.181533e-01
3.438309e-01
3.153378e-01
3.349085e-01
2.990673e-01
3.046750e-01
3.362384e-01
3.295597e-01
2.980154e-01
3.228692e-01
2.995636e-01
3.463576e-01
3.250906e-01
3.619208e-01
3.365336e-01
3.023277e-01
3.294025e-01
3.195924e-01
3.275493e-01
3.346875e-01
3.092374e-01
3.410451e-01
3.277890e-01
2.980424e-01
3.073392e-01
3.893322e-01
2.712033e-01
3.591963e-01
3.058354e-01
3.009005e-01
3.223458e-01
3.597035e-01
3.217741e-01
2.963659e-01
2.956447e-01
3.365592e-01
3.142731e-01
2.924335e-01
3.174769e-01
3.085102e-01
2.852474e-01
3.034243e-01
3.478201e-01
2.964885e-01
3.276008e-01
3.280914e-01
3.353029e-01
3.258395e-01
3.106972e-01
3.190331e-01
3.389903e-01
