-1.131754e-01
-2.476365e-02
8.046074e-02
-7.883332e-02
-1.743989e-02
4.676255e-02
1.105830e-02
4.417477e-02
6.125072e-02
-2.804996e-02
-5.350461e-03
7.415527e-02
-6.096184e-02
-8.875575e-02
6.688953e-03
-6.972709e-02
-1.078150e-01
-5.657901e-03
2.396641e-02
-2.916788e-02
-1.263378e-02
-1.675936e-02
-2.844356e-02
4.908754e-02
-2.952133e-02
-3.900872e-02
4.870681e-02
-2.389848e-02
1.250851e-02
2.955993e-02
1.545742e-02
-9.881025e-03
-8.038714e-02
2.120664e-02
-2.165309e-02
-5.739528e-02
5.366886e-02
-1.410798e-01
-6.167834e-02
4.048109e-02
-2.049216e-01
-1.540226e-01
8.695064e-02
-1.328709e-01
-1.251239e-01
-1.892729e-02
-1.632884e-02
-1.146015e-02
-4.892815e-03
6.349537e-03
3.478603e-02
-8.539628e-03
-5.339499e-03
3.056286e-02
6.098112e-02
1.321754e-01
4.588799e-02
1.323561e-01
1.622870e-01
1.479872e-02
1.260340e-01
1.443748e-01
-9.675507e-03
1.555949e-02
-6.960675e-02
-8.213799e-02
2.037025e-02
-1.108533e-01
-9.134609e-02
4.805573e-02
-5.429078e-02
-6.914816e-03
-6.325477e-02
9.456614e-03
1.920839e-02
-7.303251e-02
9.501209e-03
2.209912e-02
-5.691713e-02
-1.408041e-02
1.521758e-02
-1.965420e-02
1.233545e-02
-4.869108e-02
-7.403334e-02
5.685073e-02
-3.917951e-02
-9.651311e-02
-2.813946e-02
-1.052002e-02
-1.166459e-01
3.183988e-02
4.499301e-02
-1.053169e-01
5.903608e-02
8.352412e-02
-9.345007e-02
7.348891e-02
7.082081e-02
-8.963468e-02
8.830364e-03
1.274962e-01
-1.214670e-01
-5.103933e-03
1.439577e-01
-1.024585e-01
-2.171854e-02
9.504277e-02
-1.811306e-02
1.852545e-03
-1.586361e-03
1.383727e-03
2.092468e-02
1.167451e-02
-4.365766e-02
-2.188627e-02
-1.505886e-02
6.951507e-02
4.240377e-02
-4.777823e-02
1.139831e-01
6.225514e-02
-9.726150e-02
9.759395e-02
4.254332e-02
-9.362146e-02
-2.237317e-02
3.429431e-02
-4.716568e-04
-2.946989e-02
1.555567e-02
4.280115e-02
2.015971e-02
5.814476e-02
3.087559e-02
5.402927e-02
-1.308450e-02
-2.852433e-02
5.087155e-02
-5.293925e-02
-4.565229e-02
1.063648e-01
4.679093e-02
2.059521e-02
-2.010392e-02
-1.030880e-01
-1.720948e-01
-7.348863e-02
-8.759328e-02
-1.181679e-01
-8.477607e-02
-1.004848e-01
-3.256054e-02
-1.164383e-02
-1.312362e-02
5.856059e-02
-1.192045e-01
-4.177434e-02
8.617041e-02
-5.892549e-02
2.846448e-02
5.205449e-02
2.578794e-02
1.968676e-02
1.292804e-02
2.774383e-02
4.243814e-03
-1.383432e-03
1.235107e-02
7.403095e-03
8.721037e-03
-2.420318e-02
2.754155e-02
1.457647e-02
2.033866e-02
4.194054e-02
5.440631e-02
1.905758e-02
1.163860e-02
2.390489e-02
-3.756185e-02
3.027487e-02
5.564364e-02
-1.096196e-01
-9.322046e-02
-6.419981e-02
-1.099076e-01
-7.383875e-02
-5.110377e-02
-1.105046e-03
1.825133e-02
-9.019293e-03
1.126214e-02
1.247102e-02
-4.286715e-02
-3.992692e-02
-2.700650e-02
-6.565905e-02
2.214519e-02
1.251904e-01
1.070387e-01
1.007270e-01
1.410289e-01
1.036294e-01
-4.517861e-02
3.213116e-02
1.924146e-02
1.103989e-01
1.049597e-01
-5.138472e-02
1.165286e-01
-8.288305e-03
-1.028447e-01
-4.023546e-03
-9.818910e-02
-7.911526e-02
-2.017000e-02
-3.586362e-02
-3.267492e-02
1.567993e-02
-3.064398e-02
4.063208e-02
-1.793688e-02
4.625508e-02
6.522658e-02
-3.804046e-02
-4.586687e-02
-8.363628e-02
1.300527e-01
7.393056e-02
5.599266e-03
1.878659e-01
9.179764e-02
2.115571e-03
3.013591e-02
3.249554e-02
6.125282e-02
4.385018e-02
8.916212e-02
1.394847e-01
-3.713031e-02
2.971146e-02
7.365353e-02
-8.576664e-02
-5.776258e-02
-1.525119e-02
-3.688736e-02
2.086806e-02
7.389819e-02
5.859504e-02
8.904690e-02
8.881968e-02
-4.095134e-02
-3.726599e-02
-6.725638e-02
-5.919980e-03
-1.601582e-02
-3.125255e-02
-5.866712e-04
-2.441857e-02
-3.553295e-02
-1.698874e-02
-4.291077e-02
-5.608938e-02
-2.360768e-02
-5.278947e-02
-8.496093e-02
-5.692942e-02
-7.593883e-02
-5.817532e-02
6.125172e-02
2.750158e-02
-4.166396e-02
4.512665e-02
-1.084090e-01
-1.157279e-01
-4.504393e-02
-7.684844e-02
-1.084812e-01
1.646112e-01
1.610914e-01
1.016512e-01
1.281752e-01
6.890034e-02
-3.195724e-02
-8.480479e-02
-9.463370e-02
-1.165585e-01
2.915660e-02
-1.427463e-02
3.243666e-02
3.576247e-02
-1.219428e-02
2.282820e-02
-7.997117e-05
-2.789643e-02
-4.050895e-03
2.064955e-02
-2.119066e-02
-1.579580e-02
2.559035e-02
-1.886068e-02
-2.375936e-02
4.040354e-02
-2.670482e-02
-4.022523e-02
-7.183000e-02
-2.811032e-02
6.948502e-02
-9.254403e-02
-1.007932e-02
1.122964e-01
-8.832882e-02
-1.408397e-02
8.175946e-02
6.601353e-02
-4.726974e-02
-1.601283e-01
1.555351e-01
-3.146707e-02
-2.210316e-01
1.107776e-01
-4.709144e-03
-1.404625e-01
5.153178e-02
3.152884e-02
4.965642e-03
1.645787e-01
2.369775e-02
-1.429181e-02
1.087534e-01
6.690804e-02
-3.675397e-02
-7.607340e-02
-2.900692e-02
3.812806e-02
-5.526270e-02
-3.263849e-03
5.239869e-02
-1.599526e-02
1.204303e-02
4.032490e-02
7.642204e-02
2.903202e-02
1.340940e-02
3.456619e-02
2.439184e-02
7.018486e-02
4.706755e-02
5.529424e-03
1.014821e-03
4.603543e-02
3.461067e-02
4.475504e-02
1.888773e-02
-1.387249e-02
4.201785e-02
-1.408258e-02
1.662981e-02
2.855249e-02
-5.957435e-02
6.746412e-02
1.033075e-01
-9.887505e-02
-5.164637e-03
4.800119e-02
-1.188541e-01
-7.759672e-02
-3.029253e-02
-1.677211e-01
-2.847943e-02
6.339032e-02
-1.555463e-01
5.184403e-02
5.693484e-02
-1.141414e-01
-3.930011e-02
1.944433e-02
6.596512e-02
2.763849e-02
-1.052242e-01
1.243318e-01
2.561877e-02
-1.366477e-01
8.919501e-02
4.897162e-02
-4.727142e-02
7.286567e-02
2.347478e-02
1.332866e-02
6.152246e-02
2.298435e-02
4.654252e-03
4.866630e-02
3.125145e-02
-1.305544e-02
1.767543e-02
1.224065e-02
4.260895e-02
2.756804e-02
1.364991e-02
1.809566e-02
2.931099e-04
-1.193168e-02
8.344937e-03
3.014605e-03
3.638343e-04
-4.300157e-02
7.876390e-02
4.476638e-02
-3.072100e-02
5.915020e-02
1.539434e-03
-4.613825e-02
-3.494550e-03
-3.382364e-02
-2.636446e-02
4.167446e-02
-6.071680e-02
1.015080e-03
1.777552e-02
2.020021e-02
-1.248208e-02
-8.572776e-03
-2.945678e-02
2.594888e-02
-6.082003e-02
-9.747678e-02
4.379872e-02
-5.040310e-02
-6.149405e-02
2.453427e-02
-3.612283e-02
-4.178492e-02
1.812384e-01
3.145539e-02
-1.049480e-01
9.590473e-02
7.052805e-02
-7.687183e-03
-1.098705e-01
-9.628760e-03
-2.817051e-02
-2.585000e-02
-2.319360e-02
3.186499e-02
-5.257990e-02
9.460998e-03
-2.247884e-02
-6.239378e-03
3.067839e-02
-6.063174e-03
-2.214734e-02
1.391393e-02
2.414074e-02
-5.132203e-02
-9.954666e-03
4.966225e-03
-1.913029e-02
-7.338124e-03
-5.696153e-02
7.987347e-03
3.123093e-03
-1.574117e-02
-9.591811e-03
2.770647e-03
-1.968189e-02
6.081610e-03
2.033577e-02
2.488139e-02
-1.464495e-01
-2.000014e-02
1.030007e-01
-5.055416e-02
-3.705494e-02
-4.893454e-02
1.349673e-01
-2.657294e-04
-5.472890e-04
-1.956391e-02
-8.909256e-03
-1.683814e-03
2.451089e-02
-1.070953e-02
-2.690406e-02
1.881638e-02
-1.127518e-01
1.883021e-01
-5.684895e-02
-7.918373e-02
-1.181207e-01
2.144190e-01
5.817998e-02
-1.138559e-01
-4.067577e-02
-4.237417e-03
2.265661e-01
-1.933387e-01
-7.492667e-02
3.143864e-02
2.404272e-02
-2.672685e-02
-8.787601e-02
1.655794e-01
2.558345e-02
-1.889892e-02
-8.690940e-02
2.393991e-02
7.821107e-03
-5.947512e-02
-4.193999e-02
3.717424e-02
-4.769890e-02
-3.031923e-02
3.730421e-02
-4.606622e-02
-3.332368e-03
4.453234e-02
-1.771406e-02
-5.592632e-04
5.099364e-03
4.704038e-03
1.615740e-02
-3.011813e-03
6.135463e-02
1.485022e-02
-4.046361e-02
-3.168722e-02
-6.432114e-02
2.723203e-02
-3.377604e-03
-1.948968e-02
2.369960e-03
3.154824e-02
2.277616e-02
3.310848e-02
3.985392e-03
-2.549325e-02
1.092600e-02
-2.834762e-02
-1.026298e-02
1.128428e-02
1.535325e-02
5.487280e-03
2.772575e-02
-1.922266e-02
-1.458190e-03
2.274845e-02
-2.281209e-03
8.445502e-03
-2.230339e-03
-3.392749e-02
8.453545e-03
-2.215455e-02
1.527804e-02
2.213808e-02
-2.339708e-02
4.040773e-02
1.197362e-01
-1.708587e-01
1.173984e-01
2.917132e-02
3.314915e-02
-1.159105e-01
-1.135746e-02
1.110616e-01
-4.814039e-02
1.444317e-02
2.117331e-02
7.713860e-03
1.619234e-02
-8.044506e-02
7.299903e-03
5.311681e-02
1.229473e-02
-1.333697e-02
-5.610616e-02
-1.249966e-01
-1.192416e-01
-3.015592e-02
-6.271454e-02
-1.579959e-01
3.474226e-02
-5.619095e-03
-8.678994e-02
7.218868e-02
2.107735e-03
-1.750879e-02
-4.768996e-02
-2.419696e-02
-7.821747e-02
-1.187973e-01
-4.758557e-02
-7.243199e-02
-3.675157e-02
6.857714e-03
1.228373e-02
-9.463413e-02
-3.387092e-02
3.931202e-03
-9.885552e-02
-5.923354e-02
-2.953123e-02
1.735737e-03
-3.163738e-02
-5.744747e-02
5.259200e-02
3.722518e-02
-2.382638e-02
2.691814e-02
5.972399e-02
4.185763e-02
1.513008e-02
-2.279226e-02
-6.974909e-02
-2.796735e-02
2.739476e-02
3.989653e-02
9.215085e-03
7.064967e-03
2.361180e-02
2.946350e-02
6.475794e-02
5.386732e-02
-1.452292e-02
3.569636e-02
3.161583e-02
-2.215341e-02
1.525568e-03
-1.517508e-02
-4.407845e-02
-4.061009e-02
-2.819109e-02
-1.242509e-02
4.661472e-02
1.451287e-02
1.054645e-02
5.473952e-03
2.933311e-02
-8.087690e-03
6.440556e-02
2.832472e-02
1.191515e-01
1.021700e-01
1.459867e-01
1.696512e-01
1.623055e-01
7.504505e-02
9.886377e-02
-6.002352e-02
-1.623467e-01
1.012197e-01
-7.346850e-02
-1.855048e-01
2.016878e-01
3.571032e-02
-1.031822e-01
-6.618091e-02
4.929954e-02
1.002980e-01
-1.175131e-01
6.549489e-03
4.009463e-02
-1.215633e-01
-3.115284e-02
-4.741408e-02
-1.116511e-03
-1.825646e-02
-5.550323e-02
3.688872e-02
6.353409e-02
-5.284921e-02
9.263107e-03
3.454429e-02
-2.714429e-02
1.483193e-02
-3.412430e-02
-7.465031e-02
3.492898e-02
2.817487e-02
-2.301799e-02
6.653994e-02
8.510283e-02
4.811561e-02
8.900229e-03
2.652502e-02
2.745236e-02
-3.099977e-02
4.450913e-03
1.123529e-02
-3.968233e-02
-4.965946e-03
1.494918e-02
-4.650341e-02
-8.379282e-02
-5.492952e-02
-2.867793e-02
-6.956042e-02
-9.098751e-02
-1.569171e-03
-4.688515e-02
-4.610595e-02
-6.274268e-02
-3.894319e-02
-3.210714e-02
2.135018e-02
-3.025730e-02
-2.179050e-02
6.189578e-02
1.689032e-02
-1.400945e-02
-8.013178e-02
-9.190527e-02
-5.849117e-02
-3.581306e-02
-6.004738e-02
-1.055014e-01
7.774504e-02
5.271286e-03
-1.291203e-01
-3.529972e-02
8.620334e-02
-7.636356e-02
1.134953e-01
-4.645853e-03
-1.039335e-01
8.194703e-02
-1.089924e-01
2.207755e-02
-3.637323e-02
1.344496e-02
5.872652e-02
1.774212e-02
-1.001688e-02
4.914963e-02
2.208039e-02
9.718845e-03
5.805704e-02
3.002565e-02
-1.017146e-02
3.319403e-02
-6.519320e-03
-2.935264e-02
2.724819e-03
-1.114514e-02
1.569726e-02
3.058103e-02
-6.576667e-02
2.989508e-02
5.973333e-02
3.451389e-02
2.728949e-03
1.381535e-02
6.154945e-02
-5.719269e-02
-8.710261e-03
6.099261e-02
1.532755e-01
2.740255e-02
2.278737e-01
-8.045944e-02
-1.558177e-01
-1.024743e-01
-1.910206e-01
6.477724e-02
-2.855163e-03
-1.482322e-02
-7.823985e-03
-4.431759e-03
5.586774e-03
2.394366e-03
-1.648066e-02
-3.098939e-03
-1.693784e-02
-9.291541e-02
-1.747178e-01
-3.570055e-02
-1.492018e-01
6.635728e-02
2.098357e-01
6.619537e-02
1.725141e-01
-2.792365e-02
-4.702130e-02
-2.307721e-03
2.683865e-02
-4.243693e-02
8.743873e-02
-7.699444e-02
-6.537159e-02
-1.293500e-02
-5.632161e-02
5.019720e-02
-3.360499e-02
-1.585631e-02
-1.543658e-03
-1.025295e-01
8.603775e-02
1.820407e-03
1.513866e-01
1.040836e-01
2.043021e-02
-2.611465e-02
-3.283210e-02
-4.379265e-02
1.369627e-02
-4.306662e-02
-1.863229e-02
1.576096e-02
-4.370441e-02
5.609758e-02
-5.265281e-02
-4.886504e-02
-1.557503e-01
-9.224342e-02
1.170762e-01
-1.296587e-01
1.444714e-01
1.056449e-01
-4.602926e-02
-4.959389e-02
-3.729575e-02
-3.698445e-02
-3.152235e-02
1.720670e-02
-2.985785e-02
2.342227e-02
1.851286e-02
3.342313e-02
3.149315e-03
-1.110343e-02
-9.404949e-03
-2.177877e-02
-1.175462e-02
-3.717953e-02
-1.184799e-02
5.461120e-03
-2.590916e-02
9.913071e-03
1.726767e-02
2.533037e-02
-1.345027e-02
-1.822672e-02
5.154844e-02
-3.331549e-02
-1.046782e-02
-1.062280e-02
1.185754e-01
-6.019869e-03
1.034284e-01
9.464178e-02
-1.648373e-01
3.955032e-02
-1.167973e-01
-9.932275e-02
-5.786918e-02
-2.974777e-02
5.234184e-02
-1.011867e-01
-6.072539e-03
3.311479e-02
-1.515512e-02
4.253417e-02
1.346625e-02
7.573721e-02
8.405076e-02
4.622652e-02
5.660350e-02
5.697238e-03
-3.604144e-02
-2.727860e-02
-6.143395e-02
-6.600179e-02
6.923001e-02
2.933686e-02
2.752533e-02
-2.310121e-02
-9.403218e-02
-2.608675e-02
-5.385400e-02
-9.842980e-02
1.414283e-02
-1.767119e-02
-1.735340e-02
-6.973584e-02
1.498054e-04
-3.287539e-02
-9.047551e-02
2.034741e-02
-2.272172e-02
-6.415235e-02
1.705577e-02
9.083822e-03
-9.114714e-04
3.693226e-02
3.021782e-02
-2.250641e-02
4.691431e-02
4.514116e-02
-7.304918e-03
1.556042e-01
1.343446e-01
2.213329e-02
1.483544e-01
8.420736e-02
8.088197e-02
9.827918e-02
1.053271e-01
-2.130674e-02
6.997767e-03
1.065173e-02
-3.274877e-02
2.492648e-04
-5.469095e-03
-3.812452e-02
-1.232929e-02
-7.939737e-03
-1.808912e-02
2.304188e-02
5.132275e-02
8.512209e-02
1.452496e-02
2.676178e-02
1.139123e-01
-1.910920e-02
5.604988e-03
1.047531e-01
-3.059195e-02
-7.442942e-02
-5.132632e-02
8.522049e-02
3.467992e-02
-5.178361e-02
1.290691e-01
6.439625e-02
-4.754971e-02
-2.435823e-02
-5.705500e-02
-7.756994e-02
-9.298143e-02
-7.922959e-02
-6.661732e-02
-7.596112e-02
-6.473329e-02
4.342908e-02
-9.733273e-02
2.502298e-02
3.341909e-02
-1.016851e-01
1.392797e-03
5.304173e-02
-3.724178e-02
3.471379e-02
8.882023e-02
-9.759930e-02
-9.143487e-02
-4.987857e-02
-1.006776e-01
-9.114406e-02
-1.895928e-02
-6.420568e-02
-1.383813e-01
-3.157613e-02
-1.993248e-02
-9.279728e-02
-1.317695e-01
-3.966774e-02
-1.110688e-01
-1.607890e-01
-1.453527e-02
-7.957985e-02
-9.157303e-02
1.523415e-02
1.696959e-02
-1.103724e-02
2.722865e-02
2.178100e-02
-1.803444e-02
2.752885e-03
-2.659524e-02
-5.357243e-02
-6.727535e-02
-3.105644e-02
3.692280e-02
-2.784221e-02
5.548077e-02
9.512807e-02
-2.382211e-02
7.478634e-02
8.449945e-02
-6.896982e-02
-1.173775e-02
-1.565645e-02
1.104713e-03
6.965110e-02
1.254945e-02
-8.926922e-03
7.052564e-02
8.047942e-02
-2.833072e-02
-7.971480e-02
-5.305266e-02
-2.443087e-02
-6.079191e-02
2.585801e-03
5.118059e-02
4.137248e-02
8.586570e-02
6.554499e-03
-3.944568e-02
-6.661666e-03
2.213309e-02
-6.252261e-02
-7.253706e-02
7.244989e-02
-8.703902e-02
-9.259367e-02
-3.460504e-03
-6.265623e-03
7.214495e-03
-2.582322e-02
1.211976e-02
-6.597754e-02
-1.453343e-02
-2.298022e-02
-6.847724e-02
1.527889e-01
-1.169820e-02
-1.489602e-01
1.527329e-01
1.151859e-02
-1.643857e-01
1.228072e-01
8.298835e-02
-7.179238e-02
-5.938584e-02
1.423734e-01
2.234414e-01
-1.428315e-01
4.394245e-02
1.801766e-01
-9.013806e-02
1.605383e-02
1.544696e-01
6.325064e-03
7.403978e-02
4.554409e-04
1.054389e-01
1.071803e-01
2.162497e-02
4.578823e-02
1.046109e-01
9.107845e-02
-4.411367e-05
-3.129541e-02
-5.278646e-02
1.623247e-02
-1.168068e-02
-2.401866e-02
-2.411687e-02
-4.497205e-02
-4.781583e-02
-6.775985e-02
5.094689e-03
5.033667e-02
-5.385751e-02
-4.553338e-02
5.248407e-02
2.140820e-02
-2.890512e-02
1.102841e-02
-6.469192e-03
-9.036687e-03
-1.087437e-02
-3.113781e-02
4.505142e-03
5.159165e-03
-4.281577e-02
9.848192e-03
-3.207957e-03
-1.222909e-02
-3.702181e-02
-4.808740e-03
5.026765e-02
-2.255044e-02
-3.602172e-02
3.701790e-02
-2.744245e-02
-3.743668e-02
-5.918682e-02
-7.146890e-02
-3.223705e-02
-5.062575e-02
1.799836e-02
-1.035562e-02
2.126831e-02
6.814949e-03
1.174799e-02
-8.296207e-02
-1.157130e-02
1.179577e-01
-7.365206e-02
-1.129080e-01
6.601261e-02
4.562090e-02
-1.034246e-01
-1.823574e-02
6.503396e-02
-6.525078e-03
-6.617428e-02
5.856386e-02
-1.400916e-02
-1.060057e-01
1.536965e-02
7.423227e-03
-8.701600e-02
9.382906e-03
-4.256133e-03
-2.991199e-02
-1.684061e-02
-1.051638e-02
-3.972573e-02
1.975598e-02
2.967653e-02
-1.261479e-02
-1.251440e-01
2.953718e-02
1.597846e-01
-2.075544e-01
-7.685982e-02
8.769404e-02
-1.643612e-01
-9.746254e-02
5.163557e-02
-5.225096e-02
-4.708985e-02
-1.740797e-02
-5.768661e-02
-3.483564e-02
-1.528404e-03
-2.240946e-02
-2.726604e-03
1.942406e-02
1.300976e-01
-1.303943e-02
-6.641807e-02
1.290628e-01
-2.778612e-02
7.338541e-03
8.317185e-02
6.036149e-02
-2.128425e-02
4.796718e-02
-1.675073e-01
-1.784154e-01
1.299675e-01
1.463765e-03
-1.670269e-01
1.595537e-01
1.344382e-01
-3.270288e-02
1.850974e-02
-1.023314e-03
1.423054e-02
1.949882e-04
5.288613e-02
-4.600266e-04
-5.104382e-02
-6.129174e-02
-1.195069e-02
4.992827e-02
2.938139e-02
-3.812690e-02
5.662192e-03
4.381774e-02
3.535251e-02
-4.993069e-02
9.985689e-03
5.726936e-02
2.676837e-03
2.327722e-02
8.100319e-02
-6.601547e-03
-2.600281e-02
4.105268e-02
4.089347e-02
-2.689526e-02
-3.836545e-02
-5.580926e-02
2.809059e-02
1.170956e-01
-1.015408e-01
-4.028596e-02
4.465631e-02
-4.843844e-02
-1.424438e-01
-1.253188e-01
-2.985698e-02
-4.314786e-03
2.289487e-02
-2.036281e-02
-1.005891e-02
-5.477354e-03
1.346324e-02
-5.533901e-03
-3.238264e-02
-9.460489e-02
-1.074215e-01
5.087021e-02
-9.435012e-02
-1.487848e-01
-9.607510e-02
4.867088e-02
-5.172801e-02
-8.434977e-02
-5.486832e-02
9.784540e-02
1.273645e-01
-1.408425e-01
-5.608255e-02
1.779070e-01
-1.870564e-01
-7.616304e-02
2.258735e-02
-9.511384e-02
8.061960e-03
2.602313e-02
-5.247390e-02
-1.842907e-02
1.480141e-02
-5.235222e-02
-7.616632e-02
6.169646e-03
-3.236717e-02
-4.529526e-02
-1.509984e-02
-2.510679e-03
1.225679e-02
-3.239873e-03
-1.690158e-02
-2.332854e-02
4.153024e-03
-7.481549e-02
-1.638056e-01
-4.193971e-02
1.054847e-01
-8.832619e-02
-1.657995e-01
1.000782e-01
1.024896e-01
-3.187375e-02
1.044884e-02
-1.062729e-02
-3.189107e-02
-3.855843e-02
1.628987e-02
3.122644e-02
-4.988325e-02
1.903162e-02
1.035174e-01
8.386126e-03
2.050958e-03
4.369184e-03
-2.110353e-02
-5.187934e-04
1.762580e-02
-2.931268e-02
3.807079e-03
2.871557e-02
-6.747703e-02
-1.169987e-02
1.177712e-01
-1.775383e-02
-7.581718e-02
-2.290283e-02
6.021958e-02
-3.989715e-02
-9.336313e-02
6.444142e-02
1.295654e-02
-4.837405e-02
7.009697e-02
4.499545e-02
-6.549848e-02
4.288516e-03
3.681644e-02
-1.673564e-02
4.457625e-02
9.588010e-03
-3.763226e-02
-7.821735e-03
2.716784e-03
-6.911206e-02
-1.506860e-02
2.775653e-02
-4.733324e-02
-4.635445e-03
3.456981e-02
-4.680311e-03
7.642601e-02
1.631190e-01
1.368217e-01
-1.205991e-01
-1.828548e-01
-2.104094e-01
1.406948e-02
2.105017e-03
2.072316e-02
-4.447592e-03
7.242517e-02
2.126144e-02
-4.391913e-02
-3.790611e-02
-3.527883e-02
-2.751017e-02
-1.135395e-02
3.038443e-03
-1.552648e-02
-1.559896e-02
-1.473353e-03
1.653017e-02
-1.944245e-03
1.967676e-02
4.975122e-03
2.464764e-02
-1.667183e-03
-2.736164e-02
-2.655014e-02
-3.248037e-02
-3.389958e-03
1.995255e-02
3.135942e-03
-1.574106e-02
-3.334213e-02
-5.667938e-02
7.378506e-03
8.553119e-02
7.315037e-02
-6.149731e-02
-4.797407e-03
2.163753e-02
-2.689025e-03
-1.004869e-02
7.921413e-03
-3.132465e-02
-2.198730e-02
-2.176751e-02
-1.768908e-02
-1.052420e-02
-1.600572e-02
3.066220e-02
9.803244e-03
1.995157e-02
-2.802857e-02
-1.061971e-01
-1.355910e-01
-1.561355e-03
1.509878e-01
7.816496e-02
-7.723375e-03
3.594052e-02
1.833473e-02
-9.944930e-02
-2.099375e-01
-1.618660e-01
6.722578e-02
1.939685e-01
2.350489e-01
2.145514e-02
4.288615e-02
1.707336e-02
-2.496281e-02
-1.000018e-01
-2.701754e-02
4.818113e-02
9.221185e-02
5.669529e-02
-1.240924e-02
-3.095540e-02
-2.385066e-02
5.057959e-02
5.582569e-03
2.602340e-02
2.039769e-02
-8.238005e-04
2.259996e-02
-9.731039e-03
-1.911002e-02
-2.761334e-02
-3.750825e-02
-8.362785e-02
-9.060781e-02
8.309770e-02
6.529375e-02
3.896140e-02
2.215522e-02
5.616190e-02
3.461685e-02
-4.349340e-02
-2.892830e-02
-3.254793e-02
9.729480e-04
-1.180370e-03
6.308638e-03
-1.705748e-02
-1.043950e-02
-6.867133e-03
-2.984637e-02
-1.721947e-02
-7.664560e-03
-1.554817e-02
-5.060623e-03
8.366139e-03
1.643513e-03
2.041306e-02
2.228867e-02
-1.273771e-02
-2.796080e-02
-1.503643e-02
-9.758929e-03
1.049067e-03
2.389278e-02
2.830979e-02
-2.368800e-02
-2.275435e-02
9.770431e-02
2.799959e-01
2.305897e-01
-9.175074e-02
-3.038018e-01
-2.826992e-01
-1.084008e-02
-2.809534e-02
5.699094e-03
1.507220e-02
-3.138003e-02
4.280280e-02
6.452444e-03
-5.395677e-02
-5.977204e-02
8.064335e-03
-8.113661e-02
-1.227600e-02
-4.063435e-02
-7.021560e-02
1.159466e-01
-5.518113e-02
3.176235e-02
1.042467e-01
-9.999853e-03
-4.644295e-02
-9.510765e-03
-1.554916e-02
1.539889e-02
4.808974e-02
1.277440e-02
5.338781e-02
-1.715984e-02
5.827567e-03
2.159055e-02
9.066668e-03
8.835181e-03
1.487736e-02
2.242333e-03
2.163386e-03
-1.902262e-03
7.538032e-03
1.084754e-02
-3.459366e-02
-1.203315e-02
-2.519175e-02
-3.711906e-02
-1.536831e-02
1.441531e-03
1.798319e-02
2.538709e-02
-1.161670e-01
-6.890154e-02
-7.215891e-02
-1.241677e-01
-2.508631e-02
1.212723e-01
4.687651e-02
2.656824e-01
1.712609e-01
3.285924e-02
2.071310e-02
-2.587280e-02
2.151145e-02
-2.547570e-02
-5.084588e-02
-2.919557e-02
-4.347172e-02
-1.029475e-02
-2.528897e-02
7.628559e-02
4.662383e-02
7.858808e-02
1.127506e-01
-9.462769e-02
-3.647527e-02
-2.821930e-02
-8.221941e-02
8.804941e-02
7.208510e-02
-1.090121e-01
7.710040e-02
-9.690519e-02
-1.767626e-01
-7.974356e-03
-1.085296e-01
7.486071e-02
-5.080524e-02
1.124161e-03
2.128694e-02
3.919735e-02
6.295538e-03
9.481499e-02
1.509319e-01
1.312010e-01
-5.713177e-03
-1.612647e-02
4.036443e-02
-3.799649e-02
6.379145e-02
4.953910e-02
-1.993314e-02
-1.567867e-02
-7.327988e-02
-5.392519e-02
-2.358319e-02
5.651731e-02
3.265006e-02
4.698788e-02
1.109104e-01
2.530806e-02
9.907556e-02
4.009338e-02
-1.004502e-01
-7.837561e-03
2.265353e-02
9.427287e-03
-7.847468e-03
3.206810e-02
-1.356931e-02
2.803201e-02
1.702628e-02
-5.770488e-02
-1.525221e-02
1.628610e-02
2.705202e-02
2.799356e-03
2.064338e-02
1.527018e-02
1.703664e-02
1.963363e-02
-3.244178e-03
6.797047e-03
4.784362e-03
2.127994e-02
-3.883734e-03
-3.729383e-03
-2.139596e-02
-2.728443e-02
-7.316472e-03
3.261547e-02
1.031873e-01
-2.932947e-02
-3.491211e-02
1.663275e-02
-1.950587e-01
-9.115263e-02
-1.134185e-01
-8.397315e-02
1.302850e-01
6.341245e-02
5.428210e-02
-1.628702e-02
6.630489e-02
-3.308906e-02
-7.610159e-02
4.298232e-04
-5.035718e-02
-6.786613e-02
1.267631e-02
-1.388878e-03
2.088120e-02
-1.428711e-01
-1.544457e-01
-1.141615e-01
-1.291569e-01
-2.329779e-01
-1.809966e-01
-1.499292e-02
3.694166e-02
2.917173e-02
-9.086267e-02
-3.577074e-02
-5.294470e-02
2.242319e-02
-2.221012e-02
-4.407625e-02
-6.292175e-02
-5.108298e-02
-2.892132e-02
-3.976937e-02
-4.024057e-02
-4.352170e-02
6.548024e-02
9.290495e-02
6.430291e-02
4.750616e-02
1.678087e-02
-5.422283e-02
5.470915e-02
2.064851e-02
-1.203119e-02
-7.044286e-02
-1.027008e-01
-8.015245e-02
-6.696159e-03
-1.197574e-02
1.378751e-02
-6.126254e-03
1.014061e-02
-2.111552e-02
1.310831e-02
-3.689720e-02
2.336692e-02
-2.373423e-02
-2.213397e-02
-1.682752e-03
-1.122810e-02
-1.928734e-02
-1.287848e-02
2.556521e-02
3.126594e-02
2.125036e-02
-3.020712e-03
-4.242709e-02
-3.255188e-02
-1.823328e-02
2.927840e-02
-5.386639e-02
2.997257e-02
1.532804e-02
2.084979e-02
1.839268e-02
-1.852457e-03
-1.592362e-02
3.730789e-02
4.477900e-02
9.112706e-02
6.496092e-02
1.398614e-01
9.951712e-02
-7.261740e-02
-1.085551e-01
-1.494049e-02
1.078439e-01
-3.472089e-03
5.681366e-02
1.693753e-01
1.480041e-01
3.700312e-02
6.162784e-02
7.806405e-02
6.691612e-02
3.944938e-02
-1.600162e-02
1.092631e-02
2.482777e-03
-2.590465e-02
-2.516897e-02
-6.773120e-03
6.892106e-03
5.548570e-02
-6.780256e-02
3.196280e-02
4.992237e-02
-8.865188e-02
-4.428779e-02
-5.424973e-02
-1.246852e-01
-1.568768e-01
-1.346029e-01
3.025416e-02
-8.373805e-04
-3.137520e-02
1.748797e-01
1.598218e-01
9.432773e-02
-2.464713e-02
-1.709314e-02
-1.234638e-02
-3.239499e-02
-1.716835e-02
-1.123102e-02
2.741055e-03
4.678509e-03
3.322376e-02
9.630417e-02
9.433462e-02
4.785897e-02
4.345412e-03
1.877677e-02
3.102113e-02
-7.053035e-02
-7.262140e-02
-4.555029e-02
-2.922780e-02
-2.980133e-02
3.960991e-02
-1.077983e-01
-1.289859e-01
-7.286739e-02
-1.073137e-02
-5.847098e-02
-6.779192e-02
-3.581087e-03
3.019208e-03
2.879673e-02
-5.175745e-02
-1.000153e-01
-5.942056e-02
-1.961764e-02
-2.667422e-02
-2.492369e-02
-1.108201e-02
3.424767e-02
-2.673552e-02
2.807208e-02
-7.938826e-02
2.225121e-02
-5.122779e-03
-3.578626e-02
-3.881286e-02
-3.863700e-02
3.865675e-02
3.318356e-02
3.113687e-02
4.090616e-03
-8.673203e-03
-1.832654e-02
2.113257e-03
1.093245e-02
-6.810394e-03
2.638396e-03
-2.388401e-03
-2.949924e-03
6.840742e-03
2.338739e-03
5.633791e-03
-1.383551e-02
-2.162812e-02
-5.030766e-02
-1.669774e-02
2.617052e-02
4.119070e-03
3.708147e-03
-2.607208e-03
6.993188e-03
6.761485e-03
-1.206418e-02
3.890728e-02
3.274015e-02
-7.018040e-02
2.690939e-02
-1.635749e-01
1.773427e-01
-6.900539e-02
1.495254e-01
-1.065668e-01
-1.379922e-02
-3.191933e-03
-2.606311e-02
-1.219590e-02
-8.926996e-03
-8.984502e-03
-1.437491e-02
-1.272633e-03
8.648673e-03
-1.650903e-02
-8.396880e-02
1.808279e-01
-8.790766e-02
3.006431e-01
-2.438876e-01
1.141107e-01
-2.088048e-01
1.326476e-01
-3.832232e-02
-1.691390e-02
1.745612e-02
-7.722461e-03
5.505858e-03
2.420181e-02
2.203775e-02
-1.359674e-02
-5.379897e-02
7.121570e-02
-5.240147e-03
-4.666630e-03
6.889709e-03
-2.885179e-02
6.529895e-02
2.986978e-02
9.815592e-02
-2.296989e-02
-1.570160e-02
-7.141122e-03
-2.464787e-02
3.030367e-02
3.244018e-02
-2.005871e-02
2.401767e-02
-2.339682e-02
1.435631e-02
2.738925e-02
-8.313181e-02
-3.297653e-02
-1.034701e-01
7.180416e-03
6.256924e-02
1.294380e-02
3.188906e-02
-4.364114e-02
1.670685e-03
5.452277e-03
9.006963e-03
-8.586964e-04
-5.684464e-03
1.850993e-02
-2.511008e-02
-2.381622e-02
7.026637e-03
-2.526749e-02
-2.390139e-02
-1.511122e-02
-9.988503e-03
7.181869e-03
6.876751e-03
-1.595597e-02
5.272587e-03
2.825536e-03
3.419346e-03
-2.086723e-02
-1.503527e-02
3.948094e-03
-3.051680e-02
-1.147031e-02
3.889701e-04
-1.668029e-02
-1.789518e-02
3.490377e-02
1.330842e-01
-1.068875e-01
9.228902e-02
-2.747588e-01
2.400347e-01
-1.404108e-01
2.160723e-01
-3.501219e-02
-5.279475e-02
-7.385830e-04
3.194194e-02
-4.318793e-02
7.620872e-03
-5.293711e-02
2.217320e-02
-2.918689e-02
3.829538e-02
8.388090e-03
-3.465676e-02
-2.953545e-02
-3.194818e-02
-4.243235e-02
-5.952607e-02
-6.918082e-02
-5.207351e-02
3.426810e-02
2.844430e-02
-5.096104e-02
-3.669815e-02
-2.295489e-03
-7.683325e-02
-2.632229e-02
-1.235525e-02
-5.498296e-02
-2.553126e-02
-1.015801e-01
-1.239509e-01
-1.313978e-02
-1.284672e-01
-7.190130e-02
5.744494e-02
-6.556081e-02
2.952408e-02
7.542368e-02
1.770011e-01
8.131253e-02
-1.563067e-01
1.331363e-01
-1.026529e-01
-2.515714e-01
-9.112306e-02
-2.177436e-01
-1.518341e-01
-9.254799e-04
-2.336137e-02
-3.062808e-02
-5.873751e-02
-8.347135e-02
-8.343237e-02
-8.536600e-02
-9.628472e-02
-1.333169e-02
4.988108e-03
-9.204904e-03
2.002407e-03
-3.937506e-02
-2.830200e-02
5.618078e-03
-5.420920e-02
-2.956381e-02
-1.837412e-02
-1.685327e-02
4.944713e-02
2.229112e-02
6.150428e-02
4.252425e-02
4.265297e-02
6.016934e-02
4.966755e-02
-1.312631e-02
-2.510944e-02
-3.795768e-02
2.554590e-02
-8.128757e-02
2.093040e-03
-6.403348e-03
-3.846176e-02
-8.788515e-03
4.256388e-03
-2.042138e-02
4.465608e-02
3.502242e-02
8.696482e-03
3.363424e-02
1.000004e-01
6.495007e-02
6.618451e-02
6.480458e-02
-5.444762e-02
-8.962546e-02
-6.088269e-02
-1.532694e-02
-2.945088e-02
-8.964705e-03
2.651505e-02
1.008219e-02
8.967508e-04
1.602215e-02
1.155392e-01
4.075405e-02
1.271625e-01
3.569117e-02
-1.090280e-02
9.295525e-02
1.609190e-02
4.188011e-02
-1.771482e-02
1.908251e-02
4.084267e-02
2.769115e-03
4.604231e-02
6.033695e-02
4.492139e-02
6.812473e-02
2.918302e-02
9.650461e-03
1.534586e-02
1.525570e-02
4.518028e-03
-1.059159e-02
-2.376050e-02
-9.044719e-03
-4.881287e-03
2.595341e-03
1.054536e-01
1.458383e-01
8.006821e-02
1.320131e-01
3.991586e-02
-4.783840e-02
8.520404e-02
-5.147639e-02
-5.788645e-02
-1.174958e-02
-3.162983e-02
-1.173991e-02
-3.977152e-02
-5.527510e-02
-4.865918e-02
-1.543267e-02
-1.912467e-02
-3.879393e-02
-5.778399e-02
-1.215027e-01
-7.220937e-02
-1.252422e-01
-7.706711e-02
6.683816e-03
-4.447798e-02
2.318400e-02
5.065748e-02
-4.013436e-03
-1.600196e-02
-1.408272e-02
-3.154961e-02
-6.051228e-02
3.570373e-02
1.213997e-02
-1.127755e-02
6.753061e-02
-1.043219e-02
6.852042e-02
-4.006670e-02
-1.473367e-02
9.298382e-02
-6.855021e-03
-2.723339e-02
1.962283e-02
-3.880020e-02
1.737618e-02
1.628072e-02
2.637714e-02
4.702685e-03
1.479609e-02
-1.986131e-02
-9.428139e-03
1.841153e-03
-4.049077e-02
-6.223946e-03
-1.410497e-02
-4.082070e-03
1.188628e-02
-3.428609e-02
2.948761e-02
-1.265627e-02
-2.888029e-02
2.452658e-02
8.215645e-03
1.648388e-01
-2.830981e-01
-9.733598e-02
2.427030e-01
-3.066936e-01
-8.793686e-02
1.865866e-01
-1.610628e-01
2.119634e-04
3.286883e-03
1.449253e-02
8.306092e-03
1.175140e-02
1.234717e-03
-2.154254e-04
1.492648e-03
-1.327558e-02
5.965220e-03
-1.468271e-01
1.907124e-01
1.191912e-01
-2.921913e-01
3.065816e-01
7.281426e-02
-1.456579e-01
1.719937e-01
-4.051415e-02
4.953252e-02
-5.103454e-02
-3.439548e-02
1.440116e-01
-8.935051e-02
-1.582151e-02
5.110553e-02
-3.894184e-02
-1.107121e-02
1.161675e-02
6.101459e-02
-2.550668e-02
-2.995937e-02
-1.593740e-02
8.471019e-03
-2.632316e-02
-1.672133e-02
-2.322676e-02
-1.846826e-02
-3.618259e-02
-1.036560e-02
4.852661e-02
1.267485e-02
6.968852e-04
-1.073689e-02
1.918719e-02
4.949605e-02
5.706002e-02
-1.181011e-01
7.019300e-04
9.478987e-02
-1.390261e-01
-3.502766e-02
9.138829e-02
-1.156195e-01
1.592649e-02
-1.871160e-02
-5.286922e-03
5.769978e-02
-6.094501e-03
1.589715e-02
2.969718e-02
-4.345910e-02
-2.488370e-02
5.167219e-02
1.956589e-02
-5.368388e-03
1.579871e-02
4.404272e-03
-1.038781e-02
-6.623478e-03
-1.536318e-03
-1.049917e-02
-1.937636e-02
-2.741629e-02
-1.971543e-02
-7.488847e-03
-8.822596e-03
1.497917e-02
-1.821561e-02
3.483901e-03
5.772881e-02
-2.129345e-02
-8.924724e-03
1.562309e-02
6.450280e-02
9.698678e-03
2.957711e-02
1.655301e-02
-3.625922e-02
4.213399e-02
9.098028e-03
-5.467286e-02
1.142391e-02
1.199072e-02
-7.634328e-02
2.554298e-02
4.529408e-03
2.064614e-03
2.118352e-02
-2.083890e-02
9.809063e-02
-4.595931e-02
-7.648207e-02
8.035287e-02
-4.952157e-02
-4.490697e-02
6.578536e-02
-7.796758e-02
-2.537322e-02
1.489224e-02
4.356238e-03
1.892496e-02
6.800146e-03
4.709469e-02
6.372971e-03
-2.065999e-03
2.299478e-02
1.708707e-02
-1.291511e-02
7.356917e-03
-7.414032e-04
-3.294031e-02
-2.121112e-02
9.684793e-03
-2.270760e-02
1.376646e-02
8.002555e-03
-2.460863e-03
-1.747769e-04
9.591760e-03
-9.289826e-04
9.015832e-04
-2.423800e-02
-1.942819e-02
-1.941233e-02
-9.693360e-02
1.364859e-01
-1.473656e-01
6.106976e-02
-6.479041e-02
9.465962e-02
1.374844e-01
-1.597234e-01
1.183850e-01
-2.080681e-02
-2.358419e-02
9.993284e-03
-8.803441e-03
-5.718239e-03
-2.158931e-02
-1.803228e-02
-3.329691e-03
-3.265521e-02
1.762497e-01
-2.353194e-01
2.173521e-01
4.494413e-02
-8.088395e-02
1.072708e-01
-1.743335e-01
2.407269e-01
-1.739781e-01
9.704388e-02
-5.352281e-02
1.083544e-02
6.619668e-02
-1.259000e-01
9.912290e-02
-5.833281e-03
-5.812744e-02
9.865306e-02
3.740701e-02
-3.400061e-02
3.134075e-02
7.434868e-03
-3.613305e-02
-1.818688e-03
-2.981913e-05
1.915394e-02
-2.374080e-03
2.650646e-02
-2.612492e-02
-1.580661e-02
2.682427e-02
3.873412e-02
1.161655e-02
-2.988952e-02
2.375844e-04
1.446110e-02
-3.864748e-02
6.565941e-03
-5.110958e-02
5.875118e-02
-5.510671e-02
9.872715e-03
5.837510e-02
-8.134437e-02
6.034812e-02
-5.373320e-03
3.077235e-02
2.008400e-02
-1.301032e-02
8.626467e-03
5.089498e-03
-2.740418e-02
-1.937555e-02
-1.392570e-02
-1.891482e-02
-2.355795e-02
-2.423314e-02
-1.960619e-02
-2.112866e-03
-1.528710e-03
-1.853003e-02
-4.299738e-03
3.912382e-03
5.000542e-03
-1.275677e-02
-5.576494e-02
-7.902331e-03
-1.559056e-02
-3.624686e-02
7.793128e-03
-1.500971e-02
-7.868176e-03
-6.807944e-02
1.529862e-01
-7.077056e-02
-8.403579e-02
1.311731e-01
-2.621580e-02
1.203649e-02
-3.846473e-02
9.768400e-02
2.830418e-02
-5.119647e-02
1.189238e-02
1.276683e-02
-4.653415e-02
3.190739e-02
-7.016332e-04
5.180188e-02
-4.457889e-02
1.499988e-02
1.521005e-01
-6.432052e-02
-8.885425e-02
-5.164729e-02
1.109706e-01
4.188830e-02
-1.388717e-01
1.162274e-01
-2.096262e-02
-6.234770e-02
4.038472e-02
-4.855264e-02
2.739396e-02
-7.607955e-02
-3.108965e-02
-2.010556e-02
-4.315618e-02
-7.362624e-03
-2.271066e-02
1.916572e-03
1.793646e-02
-7.841961e-03
3.647793e-03
7.421891e-03
2.919708e-02
-1.248908e-02
-4.549251e-02
-1.819113e-03
3.497415e-02
2.566868e-02
-4.946156e-02
-2.051138e-03
3.582241e-02
-2.383093e-02
1.844610e-03
-4.782628e-02
-9.739801e-02
2.604087e-02
9.807506e-02
1.509114e-02
-1.281283e-01
-3.362206e-02
8.343055e-02
3.587036e-03
1.546609e-02
2.209773e-02
-8.998397e-03
1.134650e-03
2.597067e-02
-2.062115e-02
-1.116806e-02
4.239394e-02
2.766186e-02
1.600240e-01
-1.186424e-01
-1.290447e-01
-1.208098e-01
2.345122e-01
-1.046271e-01
-1.097400e-01
-1.064123e-01
1.532250e-01
1.599592e-01
-1.446468e-01
4.290955e-02
8.313658e-02
9.141755e-02
-2.019214e-01
-1.532173e-01
1.329553e-01
8.786532e-02
-9.248496e-02
-3.608936e-02
6.334679e-02
1.001087e-02
-9.320786e-02
3.872040e-02
6.629609e-02
1.316788e-02
-1.221559e-01
3.311180e-02
-2.563536e-02
6.061603e-05
-1.631946e-02
5.217066e-02
-1.781686e-02
-1.616484e-02
5.863649e-03
8.560515e-03
-7.132968e-02
4.189559e-02
2.678956e-02
-3.179946e-02
-1.104778e-01
1.057738e-01
5.589924e-02
2.996575e-02
-9.652784e-02
-1.724324e-02
1.936818e-02
3.925786e-03
3.513202e-03
3.247005e-02
3.272320e-02
-2.932463e-02
2.864648e-02
-4.541367e-02
-5.502125e-03
9.355051e-03
3.387726e-02
1.324225e-02
-3.402930e-03
-2.735293e-02
3.556415e-02
1.972181e-02
-2.296642e-02
5.116612e-02
-1.164334e-02
-1.246088e-02
2.622004e-02
-5.292235e-03
-2.388966e-02
-4.289556e-03
-4.595374e-02
5.825842e-02
-2.145433e-01
1.246451e-01
1.362464e-01
1.028799e-01
-3.103942e-01
1.431730e-01
8.960570e-02
2.297697e-02
-1.892469e-01
4.370041e-02
2.415716e-02
-5.749914e-02
-4.675474e-02
-2.246984e-02
4.608855e-03
2.362659e-02
-3.973443e-02
2.978594e-02
-2.028536e-03
-3.830788e-02
-2.326723e-02
-1.286296e-01
-7.465816e-02
-6.739615e-02
-2.761164e-01
-2.776714e-01
-2.063924e-01
2.579339e-02
-1.355751e-01
-1.601067e-01
9.586931e-02
-5.302205e-02
-2.016521e-01
7.287293e-02
-6.409805e-02
-1.840450e-01
-4.687798e-02
-3.010802e-02
-4.254607e-02
-2.311054e-02
1.241297e-02
-4.425817e-02
-9.605004e-03
4.049663e-02
-3.733703e-02
7.113972e-02
1.040453e-03
-6.798812e-02
4.062380e-02
1.131520e-02
-6.547584e-04
-2.240633e-02
-1.605009e-02
6.372645e-03
-4.145939e-02
-6.938563e-02
-8.378430e-02
7.359811e-02
8.102147e-02
1.935076e-02
2.509959e-02
3.328399e-02
6.091077e-02
-2.959049e-02
-5.396288e-02
-5.798675e-02
-2.204327e-02
-3.652941e-02
-4.473374e-02
-1.126410e-03
-2.539675e-02
-6.346813e-02
-3.115859e-02
-9.614799e-03
-3.689296e-02
9.545022e-02
9.010978e-02
1.719926e-02
3.283599e-02
8.518845e-02
5.292657e-02
-1.819738e-02
1.054881e-01
1.596952e-01
-1.669604e-01
-9.070315e-02
1.092634e-01
-1.283213e-01
-8.638177e-02
4.543534e-02
2.083229e-01
6.615077e-02
3.425382e-03
3.802895e-02
3.887831e-02
-5.585534e-02
-1.745400e-01
-2.206788e-01
-1.402076e-01
1.052500e-01
3.387770e-02
-1.544013e-02
7.381061e-02
1.032509e-02
-9.802300e-02
2.191123e-03
-4.369904e-02
-1.631615e-01
-2.513386e-02
-1.410545e-02
-1.369884e-03
-1.272903e-02
4.155478e-02
2.524450e-02
2.125452e-02
-5.164738e-03
8.665422e-03
-1.133688e-01
-6.986915e-02
-4.605991e-02
-4.961087e-02
-1.269986e-04
5.495404e-03
3.196085e-02
7.035263e-02
5.441929e-02
-2.796506e-02
-3.948628e-02
-8.157058e-02
5.915239e-03
7.186404e-03
-5.030407e-02
-1.916141e-02
-1.851781e-02
-6.293918e-02
8.317719e-02
3.518851e-02
8.229932e-02
-2.034073e-02
-4.412963e-02
2.996622e-02
-3.989661e-02
-5.560298e-02
-3.196148e-03
-7.406668e-02
-2.835800e-02
3.050160e-03
-3.757645e-02
-8.145451e-02
2.133576e-03
-2.966686e-03
5.655305e-02
7.599852e-02
-7.211831e-02
7.296139e-02
8.808495e-02
-1.201779e-01
-2.287728e-02
5.421054e-02
-1.738510e-01
-1.343638e-01
1.683712e-02
-1.064680e-03
5.940977e-03
-1.836508e-03
-1.296529e-02
-3.055815e-02
6.558103e-04
3.490598e-02
4.104010e-02
2.119877e-02
-5.140669e-02
-3.321843e-02
1.012689e-02
4.682903e-03
-7.785124e-03
-1.610729e-02
4.533760e-02
9.837614e-03
2.793980e-02
4.874728e-02
1.144564e-01
1.390569e-01
-9.202586e-03
-7.913008e-03
3.478033e-02
-6.605268e-02
-1.397824e-01
-1.081766e-01
-1.333150e-01
-2.600576e-01
-2.319284e-01
8.171626e-03
-2.418746e-02
-8.764261e-02
1.325894e-01
2.504612e-01
1.826377e-01
-8.900206e-03
8.470623e-03
4.648427e-02
9.260147e-03
2.113733e-02
1.907053e-02
1.172245e-02
-1.005046e-02
8.575656e-03
2.974913e-02
3.897536e-02
3.479987e-02
1.088211e-02
-1.359324e-03
2.878724e-03
3.717153e-02
-7.593021e-03
-1.525764e-02
-1.775419e-02
1.389086e-02
3.382754e-02
-1.258380e-02
-5.477868e-02
-3.021122e-02
-1.761091e-02
-7.797015e-02
-2.925812e-02
3.982627e-02
6.609057e-02
5.943653e-02
1.579075e-02
-8.640424e-03
7.207603e-02
1.485759e-02
3.743823e-02
-8.189631e-03
-3.265178e-02
-6.904548e-03
5.909080e-02
-1.067527e-02
-1.656677e-02
8.253459e-02
-8.229121e-03
5.302798e-03
-1.085041e-02
5.658247e-02
8.325411e-02
7.516114e-02
-2.562761e-02
-3.763489e-02
1.464661e-02
-6.167658e-02
-7.758612e-02
-4.829391e-02
-4.872038e-02
-6.882595e-02
-7.328994e-02
6.127145e-03
8.677746e-02
5.948560e-02
5.387803e-02
1.138842e-01
1.216933e-01
-2.610741e-03
-1.613383e-02
-4.952103e-02
2.318680e-02
9.212583e-03
-2.854610e-02
-7.492000e-03
6.020016e-03
-2.133187e-02
-2.183883e-02
-1.742468e-02
-1.768162e-03
1.683886e-03
2.636327e-02
2.917636e-02
3.057936e-02
5.729207e-02
5.822338e-02
-4.109236e-02
-1.031442e-01
-6.432105e-02
-3.547461e-02
-5.998640e-02
-6.144234e-02
6.622830e-02
1.479381e-01
1.343057e-01
2.671776e-02
8.888984e-02
7.921170e-02
1.319523e-02
2.745129e-02
1.409551e-02
-4.759752e-03
-4.246131e-02
-5.190223e-02
5.926347e-02
8.658323e-02
1.646483e-01
-7.018609e-02
-1.155471e-01
2.243183e-03
-7.174640e-02
-1.373061e-01
-1.174667e-01
-1.168114e-02
2.109906e-02
2.249814e-02
-1.375444e-02
-5.120023e-02
3.405603e-03
-4.106259e-02
-9.341176e-02
-7.813592e-02
6.513364e-02
-1.029079e-03
-7.156865e-02
5.635111e-02
1.249444e-02
-7.061366e-02
6.266344e-02
1.226305e-02
9.519528e-03
5.150597e-02
5.789959e-03
-2.675446e-02
2.801371e-02
-3.854464e-03
-3.355954e-02
-3.994476e-02
-3.090990e-02
-3.742243e-02
-5.864654e-02
-3.407007e-02
4.655323e-03
-2.049519e-02
-3.965151e-02
-1.844548e-02
4.371844e-02
-2.623798e-03
-3.303283e-02
-6.001347e-02
-1.025809e-01
-6.304075e-02
2.241469e-02
-5.532916e-02
-5.561864e-02
3.285950e-02
5.083956e-02
4.231406e-03
1.276922e-03
-4.170099e-04
-2.469707e-02
3.004429e-02
2.258619e-02
3.204772e-03
-6.207540e-03
-3.581995e-02
-3.483004e-02
-4.601410e-02
-5.334561e-02
-8.559153e-02
3.251687e-02
3.306783e-02
3.319243e-03
-7.569711e-04
7.253079e-02
1.016411e-01
-4.913972e-02
6.740389e-02
1.258886e-01
7.158579e-03
-2.894249e-02
1.068851e-01
2.334240e-02
6.646377e-03
2.656499e-03
9.606130e-02
4.294192e-02
8.336655e-03
1.496226e-01
-4.694969e-02
-7.889776e-03
1.161853e-01
1.139986e-01
6.440558e-02
1.070299e-01
9.700551e-02
7.086775e-02
-2.818982e-03
3.693293e-02
2.038485e-02
-1.010301e-01
-5.907870e-02
-1.481997e-02
-2.460721e-02
-1.705813e-02
-4.715700e-02
1.222242e-02
3.246103e-02
-3.973886e-02
2.101701e-02
-1.436087e-02
-3.716380e-02
-1.057830e-01
-1.186984e-01
-8.106892e-02
-9.857164e-02
-1.002678e-01
-9.317552e-02
-1.104701e-01
-1.265022e-01
-9.185820e-02
5.072597e-04
-2.824236e-02
-4.253691e-02
-5.691494e-02
-7.232194e-02
-8.170812e-02
-6.746681e-02
-5.509489e-02
-7.009294e-02
-4.081570e-03
1.644997e-02
6.624971e-02
4.191126e-02
4.071087e-02
1.286483e-01
5.027651e-02
3.574030e-02
6.365499e-02
-2.473314e-02
-4.904623e-02
-9.850429e-03
-1.034354e-02
-9.837094e-02
-7.310858e-02
4.253542e-03
3.549883e-03
-1.882834e-02
-1.181879e-01
9.346735e-03
7.196923e-02
-4.667103e-02
-6.386092e-03
1.599348e-01
1.110338e-01
2.116694e-01
3.121016e-01
-1.116845e-01
-1.288154e-01
-1.313804e-01
1.641470e-02
-1.216275e-02
1.952338e-02
3.195629e-01
2.422834e-01
8.317498e-02
-5.254418e-02
-4.618236e-02
-4.008152e-02
-1.942886e-02
2.388373e-03
3.561750e-02
4.590743e-02
1.737507e-02
1.606097e-02
-2.624386e-02
5.149723e-03
2.090081e-02
-2.372631e-02
-3.795504e-03
1.997913e-02
-3.386383e-02
-4.894891e-03
1.696289e-02
2.238022e-02
2.432300e-02
1.959848e-02
4.178612e-02
1.489291e-02
-3.302003e-03
3.006106e-02
-1.712220e-02
-3.496965e-02
-2.649965e-02
-6.364464e-03
-6.729824e-03
5.201650e-03
1.135491e-02
-1.097196e-02
5.832030e-02
-2.745139e-03
-1.102748e-02
-7.513002e-04
1.467145e-02
-9.262085e-03
2.145364e-03
2.014390e-02
-7.933862e-03
-3.763191e-03
1.593706e-02
1.534562e-03
4.060126e-02
8.515676e-02
4.150614e-02
-1.910883e-02
-3.174936e-02
-4.796670e-02
-9.264626e-02
-7.622410e-02
-1.021132e-02
1.255098e-01
5.084486e-02
-6.053251e-03
4.324838e-02
-5.893742e-02
1.970182e-02
-8.123532e-02
-1.141327e-01
-1.807224e-02
5.020998e-02
2.543148e-02
4.329352e-02
1.011611e-01
-4.398660e-02
-4.386079e-03
1.049053e-01
1.006994e-02
-5.374067e-02
-6.232898e-03
-2.195199e-02
-5.283841e-02
4.404764e-02
-2.249966e-02
-2.572379e-02
1.427753e-01
8.532181e-02
3.259980e-02
3.335080e-02
6.725021e-02
6.181485e-02
-9.651498e-02
-1.946956e-02
-9.327839e-03
-1.657920e-01
-6.811925e-02
-1.266391e-02
5.641896e-02
3.822304e-02
1.150116e-02
4.915636e-02
2.269181e-02
-4.042532e-03
-4.300339e-02
-3.864324e-02
-1.794226e-02
7.406672e-03
8.738633e-03
-3.176908e-03
-2.409250e-02
-2.581654e-02
-8.288085e-04
2.966387e-03
1.405511e-02
2.818090e-02
-3.515093e-03
5.091604e-03
7.676816e-03
-3.322439e-02
-1.091353e-02
-3.224672e-03
-1.418261e-02
-3.396824e-02
-4.595824e-02
-1.110015e-01
-1.044207e-01
2.049974e-02
-7.047994e-02
-5.487693e-03
-1.028102e-02
7.458263e-02
1.064083e-01
-4.792880e-02
1.518593e-02
8.828282e-02
8.238410e-02
-1.043776e-01
-3.008145e-02
-1.027524e-02
-8.725293e-02
-2.921437e-02
-2.416108e-02
-2.001044e-02
-2.564074e-02
-1.521097e-02
1.702034e-01
9.842074e-02
-3.063475e-02
-1.322614e-01
-5.967754e-02
4.866860e-03
-1.038790e-02
6.090207e-03
3.784464e-03
-2.528377e-02
2.474167e-02
-2.677416e-02
-1.633507e-02
-6.258307e-02
-4.318090e-02
-4.335876e-03
-6.887395e-03
7.962496e-03
1.848820e-03
-5.769199e-03
8.828624e-03
1.705854e-02
3.952879e-05
-5.004195e-03
8.232567e-03
-2.869628e-04
-1.237637e-02
-2.856415e-02
1.626668e-02
2.646030e-02
1.143761e-03
-1.807227e-02
-6.853963e-03
-2.918458e-02
-3.834746e-02
4.070617e-03
7.101482e-02
5.875419e-02
1.467389e-02
-3.928875e-02
-3.168282e-02
-6.406205e-02
-2.265831e-02
-1.759780e-03
6.303626e-03
-1.053670e-02
3.629881e-03
2.866284e-03
1.812805e-02
1.550984e-02
-2.025743e-02
7.468551e-02
9.863658e-02
-5.619150e-02
-2.449906e-01
-1.451384e-01
9.608538e-02
2.208994e-01
7.470617e-02
-9.570565e-02
1.213495e-01
2.744975e-02
-4.374997e-02
-1.448637e-01
-1.084027e-01
5.838774e-02
9.149154e-02
2.423231e-02
-1.351154e-01
-9.762277e-03
1.448054e-02
2.640667e-02
9.180461e-02
-3.241730e-02
-3.147754e-02
-6.423743e-03
8.363657e-02
4.362581e-02
1.174665e-03
-6.878231e-03
-2.828715e-03
1.638640e-03
-3.241117e-02
2.093826e-02
1.499843e-02
-2.076089e-02
-1.310272e-02
-7.914727e-03
4.371129e-02
1.487282e-02
-2.545485e-03
-7.967806e-02
-5.427615e-02
2.287954e-02
5.405045e-02
2.661150e-02
1.786483e-02
-1.062033e-03
-2.491644e-03
8.854916e-03
6.016587e-03
1.289813e-02
-1.751503e-03
-6.916960e-03
-1.247845e-02
-4.735469e-03
-8.052619e-03
-2.781086e-02
-1.048402e-02
-7.605355e-04
-1.025554e-02
1.805384e-02
1.096799e-02
-1.577226e-03
6.052928e-03
4.612463e-03
1.872098e-02
-4.564136e-02
-2.381760e-02
1.392312e-03
1.330056e-03
-9.541846e-03
-1.770716e-02
-1.921658e-01
-1.246352e-01
5.348776e-02
2.534957e-01
2.160770e-01
-1.414774e-01
-2.499945e-01
-1.410635e-01
1.542733e-01
-9.411192e-03
4.043726e-02
-6.649922e-03
-2.723937e-02
-4.950687e-02
-2.379341e-02
-3.571178e-02
-1.217424e-02
-5.116637e-02
-6.694297e-03
2.539606e-02
7.332644e-02
-1.030085e-02
5.202336e-03
4.311438e-02
1.052551e-02
2.093650e-03
2.596766e-02
-1.457269e-02
-1.770751e-02
-4.062908e-02
-2.774034e-02
-4.518991e-03
-1.457893e-02
-6.886092e-02
-6.200534e-02
2.409900e-03
-4.805516e-03
6.947385e-03
8.412392e-02
-1.552417e-02
4.762028e-02
1.507122e-01
-1.415555e-02
8.159814e-02
1.611305e-01
-1.698126e-01
-1.156651e-01
-1.677003e-01
-9.634751e-02
-8.824240e-02
-1.564152e-01
-9.511457e-02
-1.262915e-01
-1.237744e-01
3.736777e-02
-1.632814e-02
-6.657315e-02
4.949666e-02
5.914294e-02
3.293734e-02
-1.350382e-02
2.188710e-02
4.179253e-02
-8.183703e-04
-3.556403e-03
8.489446e-03
5.640853e-03
1.089051e-02
3.364329e-02
3.500609e-02
3.798419e-02
5.284522e-02
-2.762749e-02
-1.397726e-02
-1.691008e-02
-8.967821e-03
3.361967e-02
7.965020e-02
3.280246e-02
7.319921e-02
1.093350e-01
-1.440800e-03
5.599717e-02
1.038428e-01
1.080985e-02
-1.982045e-02
4.060357e-02
-2.581762e-02
-4.664251e-02
-3.174185e-02
3.526542e-02
1.196164e-01
9.774475e-02
2.693146e-02
7.763129e-02
9.105922e-02
-7.813358e-02
-2.171582e-02
1.150262e-02
-9.100211e-02
1.358551e-02
6.929131e-02
-1.407487e-01
-1.962042e-02
3.371758e-02
-1.467049e-01
-6.403224e-02
3.737866e-03
-3.633508e-02
-2.171697e-02
-3.259256e-02
6.740137e-03
-4.930747e-02
-6.455164e-02
2.682235e-02
-1.849592e-02
2.729974e-02
-5.510814e-02
-3.871045e-02
4.117378e-03
-4.005087e-02
-1.800755e-02
1.146366e-02
-9.779019e-03
-2.728851e-04
1.708099e-02
-3.661099e-02
-3.562860e-02
-3.326072e-02
-3.113720e-02
-3.656245e-02
-2.203970e-02
-3.957082e-02
-2.132688e-02
1.619040e-03
1.029082e-03
5.883901e-03
-1.753809e-02
-1.172240e-02
-5.009442e-02
-1.159001e-01
-5.543984e-02
-1.401792e-01
-1.741956e-01
-2.475600e-02
-7.325361e-03
7.676573e-03
-2.108556e-02
7.601809e-03
5.251913e-02
2.203417e-02
2.120844e-02
2.086443e-02
1.020469e-02
-2.130084e-02
-3.433242e-02
6.071978e-02
1.550172e-02
6.646378e-02
1.084964e-01
8.198967e-02
7.234242e-02
7.847279e-02
1.453555e-01
1.727724e-01
-7.298537e-02
-1.784515e-01
-1.405617e-01
-1.441503e-02
2.628110e-02
-1.158021e-02
2.487934e-02
4.366868e-02
2.729039e-02
-7.046869e-02
-7.542592e-03
-6.286700e-02
-8.069404e-03
-4.225008e-02
2.674367e-02
-7.941484e-02
-6.674463e-02
-4.677866e-02
9.305359e-03
1.642392e-02
4.146134e-02
3.880473e-02
4.104350e-02
4.814185e-02
-3.953799e-02
-2.790339e-02
-1.948634e-02
-6.200108e-03
8.116880e-03
1.250257e-02
2.823054e-02
3.947287e-03
-8.002833e-04
-2.143689e-02
1.795722e-02
6.696740e-02
-5.927901e-02
2.418477e-02
2.366558e-02
-2.230621e-03
-4.091069e-02
-6.349704e-02
-2.045854e-02
-8.048579e-03
-2.654690e-03
-1.895102e-02
-3.212740e-02
-2.315019e-02
1.810148e-02
-7.181597e-03
-6.586217e-04
-6.365594e-02
-1.801846e-01
-1.267520e-01
5.691312e-03
2.131260e-01
8.588661e-02
-2.306356e-02
-9.701901e-02
-3.776063e-02
-1.565048e-01
-1.867965e-01
-8.831625e-02
1.026570e-01
1.650618e-01
1.902434e-01
-1.027563e-02
-8.078107e-02
-8.479786e-02
3.928543e-02
7.365759e-02
6.957997e-03
1.845851e-02
-1.285353e-01
1.826523e-02
4.141808e-02
7.920451e-02
4.920748e-02
-1.631059e-03
-1.510102e-02
-1.177477e-03
2.660697e-02
-1.091301e-03
2.040910e-02
-3.190517e-02
-4.020113e-02
-1.127796e-02
-5.206095e-02
-7.129174e-02
-5.574111e-02
4.696928e-02
3.648095e-02
4.655103e-02
1.899485e-03
-4.928179e-02
5.102570e-03
-1.918663e-02
-4.403115e-02
-2.311129e-02
-2.465195e-03
-3.286735e-02
-2.842327e-02
6.931790e-02
4.630313e-02
6.160457e-02
-3.575394e-02
-2.053204e-02
-4.031706e-02
-5.289722e-03
1.588864e-02
6.704006e-03
-1.300775e-02
-1.331121e-02
-3.379694e-03
-6.599121e-03
1.012575e-02
-1.825001e-02
7.748169e-03
1.835842e-02
2.325144e-02
-3.303828e-03
-7.352051e-04
1.679837e-03
1.933075e-01
3.459327e-01
2.227093e-01
-1.618606e-01
-4.002928e-01
-3.181684e-01
-5.324602e-03
9.497811e-02
8.579155e-02
2.416527e-02
-1.269869e-02
-1.635671e-02
1.219786e-02
9.426202e-04
-2.033601e-02
-3.545774e-02
-5.891775e-02
-6.983969e-02
-2.899389e-02
-3.371301e-02
7.529994e-02
-5.452994e-02
1.155414e-01
-7.240584e-02
-1.077559e-02
6.410086e-02
-1.417673e-01
1.371186e-02
-2.612589e-02
7.048551e-03
-3.376102e-02
-1.417261e-02
5.668822e-02
-1.047075e-02
4.660258e-03
1.337165e-02
1.439455e-02
1.624620e-02
-7.743618e-03
3.546514e-02
-3.284796e-03
-1.967592e-02
8.399854e-03
-3.599641e-02
-1.487022e-02
-2.646165e-02
-1.539341e-02
-7.774465e-03
-3.914548e-02
1.631671e-02
2.558570e-02
1.970489e-02
4.380277e-02
-4.946738e-02
-8.716669e-02
-1.543890e-02
1.857633e-01
1.009056e-02
2.754645e-01
5.073040e-02
1.620485e-01
-6.876807e-02
-2.764183e-01
2.850848e-02
-1.831704e-02
-4.713223e-02
-1.379775e-02
-3.981453e-02
-2.937435e-02
-2.687034e-03
3.303444e-03
-1.419478e-03
5.163803e-02
8.087198e-02
-1.323492e-01
5.495945e-03
-2.127537e-01
1.902117e-02
-8.208466e-02
-1.003759e-02
2.335507e-01
4.008453e-02
-1.121397e-01
-4.409736e-03
-1.313241e-03
-6.595034e-02
8.447073e-02
2.383460e-02
-4.603365e-02
-5.882255e-02
-2.325197e-02
8.390831e-02
2.960601e-02
6.961962e-02
-7.020407e-02
-1.138037e-02
4.245602e-02
-3.763082e-02
1.000321e-01
-7.642527e-04
-1.002697e-02
-2.480705e-02
2.190819e-02
2.040766e-02
1.759588e-02
-1.114241e-02
2.248149e-02
2.202507e-02
7.220816e-04
3.866221e-02
-5.221660e-02
9.977780e-02
-3.698436e-02
-1.016806e-01
1.037968e-02
-1.126034e-01
1.650417e-01
-2.124887e-02
2.006970e-02
-2.039052e-02
1.969218e-02
8.112550e-03
-1.860525e-02
3.339477e-02
-1.905102e-03
3.561297e-02
1.719425e-02
-9.528859e-03
-5.800564e-03
4.183996e-02
2.805968e-03
3.487317e-03
-7.599612e-03
-3.710260e-02
-1.506742e-02
-1.784754e-02
-9.390878e-03
1.687286e-02
-4.385778e-02
-1.130223e-02
1.808900e-02
-1.363622e-02
1.631572e-02
-2.174534e-02
-4.164594e-02
-7.361063e-02
8.316668e-02
-7.366185e-02
9.127742e-02
1.179772e-01
2.691848e-02
1.330525e-01
-1.724016e-01
4.459409e-02
-3.287721e-02
3.630759e-03
-3.286440e-02
-7.684149e-02
1.240159e-02
-3.881763e-02
1.865110e-03
4.809244e-02
-3.392291e-03
5.991247e-02
2.591836e-02
-1.364177e-02
2.312583e-02
-1.933238e-02
-1.423794e-02
-5.929232e-02
-4.333893e-02
-4.508381e-02
9.223583e-02
8.882783e-02
-5.835259e-02
6.843062e-02
7.769588e-02
-6.262653e-02
6.474040e-02
3.625665e-02
-2.362380e-02
-7.068281e-03
1.873468e-02
-1.945219e-02
1.158497e-02
4.981825e-03
-2.115881e-02
1.517504e-02
1.347951e-02
-2.099900e-02
1.083152e-02
3.522268e-02
-2.680638e-02
-4.840676e-02
1.512855e-02
-1.943585e-03
-9.407521e-03
2.101752e-02
-1.045721e-01
3.099287e-02
1.064198e-01
-1.651201e-01
-7.548876e-04
1.839232e-01
-1.576500e-01
-1.387581e-02
1.571302e-01
-2.862139e-02
-1.792357e-02
3.017808e-04
-4.355140e-03
5.869430e-03
-4.941202e-03
-4.421836e-02
-3.823877e-02
-4.768134e-02
5.950528e-02
2.467787e-02
-1.350468e-01
1.965999e-01
-5.693933e-02
-1.734406e-01
1.942982e-01
-4.814282e-02
-1.062251e-01
-3.790838e-02
-4.032648e-02
7.265723e-02
-8.639106e-02
-2.390790e-03
8.872048e-02
-4.618179e-02
-2.487342e-02
6.051652e-02
1.909964e-03
-2.725474e-02
-1.191455e-02
2.408697e-02
-9.192901e-03
-4.613668e-02
4.655615e-02
-4.462159e-02
-1.037841e-01
-1.147397e-02
-2.531856e-02
-5.162771e-02
-4.430703e-02
3.808423e-02
-2.576919e-02
-6.964181e-02
-1.370391e-02
-2.757798e-03
7.556897e-02
4.366349e-02
-5.831316e-02
4.483494e-02
9.283455e-02
-5.458381e-02
3.147018e-02
1.041195e-01
-6.978289e-02
-3.120693e-02
3.753199e-02
2.317129e-02
-1.872313e-02
4.884860e-02
2.273483e-02
-2.784154e-02
4.322669e-02
6.180314e-03
-2.746863e-02
-2.760758e-02
-4.395862e-02
-1.980204e-02
-2.761519e-02
-4.075388e-02
-7.700122e-03
-5.084216e-03
-1.872508e-02
5.592161e-02
-3.943676e-02
-4.660921e-02
5.455308e-02
-6.395293e-02
-6.406695e-02
5.814161e-02
-6.270045e-02
-4.379404e-02
-7.894959e-03
-4.230950e-03
-2.151773e-02
2.839101e-02
2.946921e-02
-1.295167e-02
5.506043e-02
-2.976357e-02
-7.006105e-02
1.428213e-02
2.492257e-02
-9.264370e-03
2.358575e-02
-1.169465e-02
-7.930627e-02
8.244726e-02
4.596116e-02
-6.157197e-02
1.520626e-01
1.579383e-01
-2.894529e-02
8.613328e-02
1.482198e-01
1.182101e-01
2.429437e-02
1.534320e-01
1.587190e-01
2.390065e-03
-2.492988e-02
4.419672e-02
-4.377914e-02
-2.009656e-02
9.548484e-03
-1.931568e-02
-9.080047e-02
-6.043836e-02
8.027826e-03
-6.937048e-03
5.480819e-03
-3.265424e-02
-3.555813e-02
-2.011102e-02
-2.088392e-02
-2.906230e-02
-3.488857e-02
4.901059e-02
7.764857e-02
6.059470e-02
-4.165427e-02
3.284284e-02
5.351426e-02
-8.595744e-02
-3.956455e-02
2.180460e-02
-6.861170e-02
-1.092404e-01
-4.978798e-02
-6.516664e-02
-9.205186e-02
-1.657642e-01
7.348048e-02
8.949144e-03
-2.739425e-02
-1.319329e-03
4.819585e-03
1.209824e-02
1.112352e-03
-2.490003e-02
-4.223980e-02
3.473528e-02
3.633439e-03
-3.229253e-02
-4.808931e-02
-1.336952e-01
-1.057218e-01
-9.895680e-03
-1.594403e-02
-1.040643e-01
9.243819e-02
1.305000e-01
1.627887e-03
-9.621105e-03
-3.015758e-03
5.671095e-03
-9.776010e-02
-1.310738e-01
-2.060100e-02
-4.416261e-02
-4.183477e-02
2.748851e-02
-3.452222e-02
-6.881522e-02
-3.198155e-02
1.743261e-02
-6.984787e-02
-9.236887e-02
8.803750e-02
-1.832013e-02
-8.645885e-02
5.816219e-02
5.265323e-03
-2.326871e-03
2.275322e-02
-2.425654e-02
-4.835751e-02
3.853672e-02
-1.289275e-02
-6.047771e-02
1.582592e-02
-2.836635e-02
-6.562145e-02
7.017391e-02
5.589530e-02
1.215813e-02
1.424426e-02
4.720771e-02
7.916081e-02
-8.980635e-03
1.306624e-02
4.262849e-02
-7.192778e-02
-2.442019e-03
8.693987e-02
-9.890811e-02
-7.040118e-02
5.158572e-03
-3.626597e-02
9.447841e-04
3.144512e-02
-5.087401e-02
2.901278e-03
3.866743e-02
-5.988191e-02
-3.018120e-02
-6.432209e-03
-5.796213e-02
-6.920977e-02
-9.693508e-02
-1.996338e-03
-1.891595e-02
-9.642797e-02
1.538217e-02
2.916731e-02
1.449862e-02
2.016033e-02
6.243543e-02
7.512243e-02
1.407093e-03
9.932874e-02
1.107673e-01
-7.738400e-02
4.409775e-02
4.758349e-02
-9.207283e-02
-8.780178e-02
-7.695075e-02
-1.098465e-02
-2.129412e-02
-8.020261e-02
9.898643e-02
1.441694e-01
6.376969e-02
-1.559313e-02
-4.868655e-02
6.720074e-03
-3.233256e-02
2.044804e-03
1.991459e-03
-2.662258e-02
3.634495e-02
-3.107519e-02
8.688677e-03
-1.586311e-02
3.313055e-02
2.805127e-02
6.311002e-03
4.374725e-02
-2.073844e-02
-2.941778e-02
2.119739e-02
2.198452e-02
2.323892e-02
7.774487e-03
1.372497e-02
-1.857879e-02
-1.733079e-02
2.879362e-02
-1.174212e-02
-6.744514e-03
3.414516e-03
1.546187e-02
1.028843e-02
-4.876643e-02
3.319613e-02
-6.519628e-03
-4.579673e-02
5.492968e-02
-1.185232e-02
1.606727e-01
-2.303937e-01
3.271345e-02
2.676336e-01
-2.893227e-01
7.238651e-02
1.714277e-01
-1.585385e-01
8.566217e-03
-1.775147e-02
9.134965e-03
2.026132e-03
-3.726729e-03
4.165313e-03
5.270657e-04
3.105729e-03
1.120298e-03
8.214314e-03
-1.613806e-01
2.134477e-01
-5.236287e-02
-2.514554e-01
2.910086e-01
-5.562937e-02
-1.499909e-01
1.736674e-01
8.538997e-03
2.569660e-04
-1.327256e-02
1.083694e-02
8.554214e-02
-4.638908e-02
3.019462e-02
-5.802984e-03
-1.257172e-02
-1.291760e-02
-1.239724e-02
6.719490e-02
-4.119304e-02
-8.288079e-03
1.985367e-02
-6.004479e-02
-2.213798e-02
1.810554e-02
-2.597303e-02
-1.193740e-02
2.901059e-03
-2.799463e-02
-1.332467e-02
8.229682e-02
-1.441897e-02
-4.113669e-02
1.675878e-02
3.038258e-02
1.376776e-01
-1.725638e-01
5.170650e-02
1.821986e-01
-1.684074e-01
7.858084e-02
1.276919e-01
-1.496903e-01
-1.118881e-03
7.083062e-03
-1.538413e-02
3.754320e-02
-2.963323e-02
-2.618343e-02
3.145918e-02
-3.252757e-02
-5.206985e-02
7.944003e-03
1.602784e-02
4.768021e-03
2.715075e-02
7.692876e-04
2.987269e-03
3.145184e-03
-8.468291e-03
-1.364137e-03
-1.032263e-02
-2.375015e-02
-1.441815e-02
-1.345044e-02
-2.778849e-02
-3.616434e-04
-4.681683e-03
-4.100883e-02
3.636286e-02
3.379495e-02
-7.844632e-03
-1.327188e-02
-6.813850e-03
7.355768e-02
-4.561647e-02
3.684060e-02
-4.687485e-03
7.294427e-03
2.168043e-02
-3.763104e-02
7.862096e-03
8.744957e-03
-2.314909e-02
-1.828642e-03
8.528002e-03
4.004921e-03
1.826432e-02
-5.239364e-03
-1.610131e-02
-6.414696e-02
-5.165295e-02
-4.554900e-02
-4.792791e-02
-7.153593e-02
-2.190841e-02
-7.650424e-02
-1.337587e-02
-1.600387e-02
2.426864e-02
2.779718e-02
8.618652e-02
4.758904e-02
-1.925518e-02
1.013502e-01
2.942416e-02
-5.227587e-02
-4.120097e-02
2.604824e-02
3.146047e-02
1.136044e-02
8.084048e-03
-4.015347e-02
1.016839e-02
-4.219583e-02
-8.656532e-02
-2.810576e-02
-8.353117e-02
7.867221e-03
-5.217984e-02
1.715669e-02
1.205553e-01
2.512729e-02
1.337949e-01
1.538543e-01
1.197535e-01
6.661543e-02
6.357053e-03
7.028860e-02
-1.011520e-01
-8.671209e-02
-4.671328e-02
-9.191278e-02
-7.629326e-02
1.918282e-02
2.040785e-03
1.616738e-03
2.711912e-02
-1.058057e-03
6.775573e-03
-6.757793e-03
-2.140349e-02
8.673227e-03
6.470412e-02
9.795406e-02
1.381435e-02
1.044462e-01
3.875503e-02
-1.219412e-02
6.240339e-02
-1.003259e-02
-7.198932e-03
-1.763775e-01
-1.547291e-01
-8.775788e-03
-1.999283e-01
1.993673e-02
8.719981e-02
-1.335592e-01
6.040325e-02
8.675868e-02
-1.232480e-01
9.456242e-02
7.084803e-02
6.240289e-02
1.094445e-01
9.264391e-02
1.158104e-01
1.242149e-01
5.045314e-02
-5.880003e-02
2.834868e-02
8.186774e-02
-6.042823e-02
1.069625e-02
3.466288e-02
-4.683156e-02
-6.884717e-03
-2.235254e-02
-1.090887e-01
-1.069809e-01
1.393688e-02
-1.087919e-01
2.720467e-02
1.119654e-01
1.128282e-01
1.727350e-01
1.131068e-01
-1.314583e-01
-1.044818e-01
-7.790838e-02
-9.504040e-02
-4.181540e-02
-6.673478e-03
-2.094030e-02
4.126366e-02
3.848555e-02
-4.212450e-02
-3.282452e-02
-2.332655e-02
-5.866841e-02
-2.813867e-02
-4.538241e-02
-6.808807e-04
1.828562e-02
-4.362549e-02
6.207028e-02
-5.079737e-02
-3.946319e-02
-4.147953e-04
-7.968963e-02
-2.952222e-02
-5.640694e-02
-6.866752e-02
6.966333e-03
-1.015774e-02
-9.280588e-02
-7.075878e-02
-3.761259e-02
-5.200787e-02
3.179045e-02
6.606083e-03
2.777272e-02
7.728995e-02
-2.977069e-03
3.377633e-02
2.344013e-02
7.240798e-02
1.397067e-02
9.508200e-03
1.222718e-01
1.282571e-02
-1.080455e-02
7.956891e-02
-9.414432e-03
-2.401632e-02
-3.739403e-02
9.231706e-02
1.264104e-04
-1.002321e-01
-3.742886e-02
1.639910e-01
-4.448207e-02
-3.126658e-02
3.908750e-02
4.527086e-03
-3.435627e-02
-4.811765e-02
-5.153868e-03
-7.436229e-02
-9.763758e-02
5.315982e-03
1.310759e-02
1.501449e-02
1.046641e-03
-1.114211e-02
2.084242e-02
4.973377e-02
-1.400565e-03
-2.000173e-02
-3.088991e-02
-1.747096e-02
-2.488782e-02
-1.286524e-02
-2.582895e-02
2.434128e-02
4.595343e-02
3.194457e-05
-6.383164e-03
-7.215180e-02
-1.241369e-02
7.774793e-02
1.648563e-02
-5.074041e-02
-7.236773e-02
5.756849e-02
5.932969e-03
-4.009339e-02
4.720384e-03
-1.503069e-03
-1.288689e-02
1.358640e-02
-1.405461e-02
-3.876748e-02
3.086665e-02
3.003820e-02
-2.069240e-03
-1.197052e-01
-8.592111e-02
6.367648e-02
1.800412e-01
-6.935790e-02
-6.365315e-02
3.113656e-02
1.576589e-01
-4.313257e-02
-1.164627e-01
2.308572e-02
3.609067e-02
1.412312e-01
-2.220858e-01
1.406643e-02
5.898282e-02
2.123801e-01
-1.102038e-01
7.022293e-03
2.466778e-02
-2.609805e-03
-5.579712e-02
4.291010e-03
5.507656e-02
-2.276267e-02
-1.050534e-01
5.036493e-03
1.116654e-02
-6.614037e-03
8.343672e-03
5.045829e-02
-2.233041e-02
-9.514381e-03
2.870193e-02
2.293139e-02
-8.694556e-04
8.899171e-02
8.933343e-03
-2.143345e-02
-8.354002e-02
4.778184e-02
3.350502e-02
-5.590042e-02
-1.146131e-01
2.220450e-02
-2.648014e-02
-1.536027e-02
-3.621551e-02
-8.530474e-03
9.799504e-03
2.851246e-02
1.930586e-02
-5.069871e-04
-1.594444e-02
-1.726843e-02
-2.570402e-02
7.159303e-05
-4.895180e-03
-1.173236e-02
1.648141e-02
3.064230e-02
-5.261688e-03
-1.959804e-02
-1.126572e-03
-1.824025e-02
9.229232e-03
-1.134620e-02
-2.552144e-02
-2.136553e-02
-1.572281e-03
4.275019e-02
3.326176e-02
7.911181e-02
1.148808e-01
-7.894459e-02
-2.939029e-01
1.365644e-01
1.402985e-01
4.715517e-02
-2.502949e-01
8.424769e-02
5.223813e-02
-2.267060e-02
-3.224033e-02
4.962713e-02
4.020020e-03
-5.568070e-02
-7.255539e-02
-8.741933e-03
2.128283e-02
-6.454378e-02
1.536558e-02
1.052646e-01
-1.896835e-02
6.074835e-02
1.607100e-01
-4.932303e-02
5.557276e-02
1.451609e-01
-1.017112e-02
2.776511e-02
-5.312289e-03
6.405647e-02
2.691850e-02
-1.301627e-02
8.306816e-02
2.103499e-02
-6.819049e-02
8.649019e-03
3.839595e-03
1.150063e-02
-2.296430e-02
-4.399669e-02
-4.622492e-02
-5.686668e-03
-3.227901e-02
-2.614362e-02
1.663940e-03
-7.445354e-03
4.957462e-02
1.258236e-02
-1.645674e-02
1.183442e-02
-2.654513e-02
-6.641053e-02
-8.287027e-02
-1.333730e-02
2.693192e-02
-7.327533e-03
1.491846e-01
1.000628e-01
5.854798e-02
1.237634e-01
1.626560e-01
9.992185e-02
3.753715e-02
-1.009594e-02
-3.046638e-02
-9.617214e-03
-6.634117e-03
1.128252e-03
-2.449888e-02
1.745578e-02
5.045766e-02
1.212591e-02
1.519859e-02
5.402807e-05
-1.121043e-02
-8.816189e-02
-5.819854e-02
8.673186e-03
-4.656965e-02
-4.207178e-03
-3.029182e-02
-1.150115e-01
-3.591990e-02
-1.380450e-01
-1.499866e-01
5.038701e-02
-6.527786e-02
1.164906e-01
2.377468e-01
-6.836569e-02
5.282102e-02
3.231153e-02
-5.179464e-02
4.455707e-02
6.901184e-02
-1.455361e-02
8.615691e-02
3.842790e-02
3.725195e-02
5.797188e-02
5.883463e-02
-2.643984e-02
-3.896447e-02
2.084638e-03
-1.642251e-01
-1.051810e-01
-2.388916e-02
1.495493e-03
1.658392e-02
2.611840e-02
-1.987383e-02
-5.956123e-03
-2.921965e-02
1.813813e-02
8.376791e-03
-7.065447e-02
-8.906879e-03
2.362041e-02
-4.081977e-03
1.997027e-02
7.485881e-03
-5.347913e-02
2.644391e-02
-3.223869e-02
-7.809459e-02
4.913604e-02
8.621319e-03
-2.104503e-02
5.018535e-02
-1.609535e-02
-5.145798e-02
9.077591e-03
-5.987862e-02
-7.164175e-02
-4.137087e-02
1.135181e-02
-9.209776e-03
-1.486019e-02
5.354237e-05
-5.742877e-03
4.366188e-02
1.453889e-03
2.407425e-02
3.174308e-03
-2.520305e-02
2.458641e-02
-4.592352e-02
2.416961e-02
1.631004e-01
3.193308e-02
1.295624e-01
2.303250e-01
6.188680e-03
-1.269588e-01
-1.034787e-01
-1.408784e-01
-1.775886e-01
-8.685154e-02
-9.222791e-02
-7.672899e-02
5.126944e-02
6.731107e-02
-6.606761e-02
-5.373463e-03
-4.365098e-02
3.097160e-03
-2.267200e-02
-5.056743e-02
3.484685e-03
-4.305352e-02
4.856457e-02
5.255366e-02
-1.250926e-02
1.302181e-02
-4.488500e-03
3.123260e-02
-2.188687e-02
2.091735e-02
-7.019602e-03
-1.527313e-02
7.382444e-03
1.783846e-02
-2.150808e-02
9.279778e-04
-1.326375e-02
-1.708781e-02
3.770441e-03
1.387458e-02
-2.281378e-02
2.263195e-02
2.586508e-02
4.967595e-03
1.228785e-03
1.330762e-02
-2.438539e-02
1.709768e-04
-4.668345e-03
1.304057e-01
-1.117408e-01
2.645738e-02
-2.032953e-01
1.059493e-01
-6.556384e-02
7.005686e-02
-3.209708e-02
-8.447667e-03
-1.009527e-03
3.443577e-03
-5.581231e-03
-4.520209e-03
2.565175e-03
6.053538e-03
-1.758011e-02
-3.451205e-03
1.040522e-02
-2.028111e-01
2.398737e-01
-9.834524e-02
3.268479e-01
-2.424489e-01
6.128590e-02
-1.281715e-01
5.878098e-02
6.659978e-03
-2.303902e-02
5.222830e-02
-3.079365e-03
-1.402696e-02
-2.340694e-02
-2.987815e-02
4.014818e-02
-8.847659e-03
-8.084852e-03
1.015597e-02
-3.126900e-02
1.681591e-02
1.303679e-02
7.361572e-02
-1.998589e-02
6.417421e-02
-6.456909e-03
1.889775e-02
-2.509498e-02
-1.058967e-02
-3.601523e-02
2.636989e-02
-3.313476e-02
8.856458e-03
-2.072339e-02
-6.021182e-03
2.837825e-02
-1.252636e-01
-5.744544e-02
3.628505e-02
-3.217512e-02
1.091041e-01
-3.180574e-02
5.795109e-03
9.744351e-03
-2.320497e-02
-9.223925e-03
8.769269e-03
-8.887438e-03
-1.816881e-02
1.674944e-02
3.400750e-02
-3.694683e-02
-2.468904e-04
-2.158292e-04
-1.342642e-02
-2.127134e-03
-2.246344e-02
-9.968261e-03
-9.882110e-03
-1.127238e-02
-1.774556e-02
-1.328487e-03
-1.815580e-02
-1.964835e-02
-2.023549e-02
2.209440e-02
-3.169492e-02
-1.626336e-02
-1.414636e-02
-1.764504e-02
1.554454e-02
-7.078728e-03
2.013272e-01
-2.286187e-01
5.435229e-02
-1.738020e-01
1.747121e-01
2.152176e-02
1.067371e-01
-2.019742e-02
-4.098789e-02
-6.226784e-02
5.348267e-02
-6.894199e-03
3.979869e-02
-6.579548e-02
-4.036911e-03
-3.971638e-02
1.226832e-03
-2.172816e-03
