-8.264936e-01
-3.761801e-01
-2.303441e-01
9.946032e-02
-8.776990e-01
-1.263903e+00
-8.858984e-01
-4.263609e-01
-3.218368e-03
-1.322411e+00
-4.005178e-01
-8.450950e-01
-1.102895e-01
2.304556e-02
-4.922020e-01
-5.740379e-02
-2.805619e-01
4.813237e-01
-8.131441e-01
3.130248e-01
-3.035291e-01
-1.557607e-01
-4.114488e-01
-1.647683e+00
-1.486643e+00
-3.908396e-01
-3.482373e-01
-1.190770e+00
8.256108e-02
-4.735543e-01
-1.105112e+00
-1.124842e+00
-5.064898e-01
5.647325e-01
-6.056161e-01
-7.196564e-01
-4.411434e-01
-1.059688e-01
-5.905408e-01
-1.866240e-01
-2.228367e-01
-2.262655e+00
-5.757432e-02
-1.088070e+00
-2.741225e-01
-1.000021e-01
-2.620452e-01
-2.657339e-01
-1.423610e+00
-7.237421e-02
-1.932360e-01
-1.181556e+00
7.407942e-01
-4.422328e-01
-7.841232e-01
-4.487890e-01
-7.693480e-01
-1.779891e-01
1.211833e-01
-8.120143e-01
-4.906869e-01
-9.154090e-02
-6.508040e-01
-6.750418e-01
