4.126221e-02
2.572200e-02
2.616601e-02
1.407406e-02
-3.616953e-02
-5.091032e-02
7.001080e-03
-2.654788e-02
-2.055162e-02
-1.628282e-02
-3.129077e-02
-3.711163e-02
-3.345771e-02
-2.156841e-02
2.572175e-02
-1.186231e-02
-3.616938e-03
1.120357e-02
-4.130420e-02
-3.066902e-02
1.569555e-02
-1.841139e-02
-2.736077e-02
4.874497e-02
1.179030e-02
-1.509904e-02
4.783735e-02
1.349950e-01
4.107296e-02
-1.074876e-01
1.395061e-01
3.326357e-02
-1.532656e-01
5.694602e-02
2.160795e-02
-1.067235e-01
2.437410e-02
-2.025934e-02
-3.987204e-03
3.419199e-02
1.798009e-02
1.833082e-02
3.076311e-02
6.566316e-03
2.636867e-02
6.077735e-03
1.688634e-02
8.720285e-02
-1.491566e-02
6.161607e-04
7.419775e-02
2.502041e-02
2.220647e-04
6.609660e-02
1.085595e-02
-1.392108e-02
1.967048e-02
1.144050e-03
-1.642449e-03
8.859632e-02
-3.991244e-02
-1.405431e-02
3.605016e-02
7.110157e-02
2.557127e-02
-3.363084e-02
7.363900e-02
2.891941e-02
-3.434915e-02
4.566514e-02
8.433188e-03
-1.546471e-02
-1.403896e-10
-1.244890e-10
2.105352e-10
-8.086224e-10
3.342930e-10
-1.203921e-10
-2.065964e-10
-4.887993e-10
-7.105645e-11
5.172403e-04
9.110806e-03
2.421976e-02
-1.488118e-02
3.011933e-03
6.580966e-02
-4.016812e-02
8.368279e-03
6.159832e-02
1.227343e-01
8.445606e-02
-1.320654e-01
9.790409e-02
1.246757e-01
-1.085579e-01
-2.305747e-02
1.467255e-01
1.976304e-02
5.853868e-02
9.243418e-03
-1.213027e-01
4.692624e-02
-2.197341e-02
-1.499885e-01
3.657823e-02
-1.418206e-02
-6.204251e-02
4.749392e-02
-1.546394e-02
-6.777700e-02
7.830996e-02
3.208303e-02
-1.225871e-02
3.174993e-02
3.862004e-02
4.236216e-02
2.562981e-02
7.021626e-03
-2.833337e-02
-1.175327e-02
-1.550799e-02
-1.979886e-02
-1.569749e-02
-3.924659e-02
-5.532331e-02
-2.261443e-02
6.959356e-02
2.430606e-02
4.709592e-02
2.225172e-02
-1.405879e-02
2.641795e-02
2.663148e-02
-3.543957e-02
-2.405461e-02
1.170762e-03
3.467394e-02
-1.437359e-02
2.985661e-02
1.254289e-01
3.489876e-03
3.097656e-02
5.044698e-02
2.689421e-02
2.721747e-02
4.132412e-02
3.701438e-02
2.617475e-02
9.440273e-03
-1.298334e-02
-1.294191e-02
-1.246775e-02
1.991237e-02
1.092580e-02
1.853835e-02
-6.746123e-03
-2.757889e-02
9.680780e-03
1.735012e-03
1.065937e-02
-8.092015e-03
-5.776619e-02
-1.513271e-01
-1.125288e-01
-5.312179e-02
-1.447607e-01
-1.143595e-01
3.521564e-02
-6.616968e-02
-4.234081e-02
-2.147431e-02
1.945488e-02
-7.586346e-02
-4.455490e-02
2.824214e-02
-6.066990e-02
-8.054821e-02
-4.205910e-02
-6.961620e-02
3.865823e-02
2.914295e-02
-1.141808e-02
3.752670e-02
3.332109e-02
7.691020e-03
1.529226e-02
2.007728e-02
1.154660e-02
-2.427926e-02
2.209282e-02
-9.898724e-03
-3.344983e-02
1.272153e-02
-3.497772e-03
-7.036820e-02
-3.420921e-02
-6.844243e-02
5.046790e-03
-1.543542e-02
3.479644e-02
1.456087e-02
-1.447467e-02
5.777296e-02
1.350099e-02
2.279416e-02
2.703140e-02
2.044732e-02
2.534372e-02
3.659396e-02
-5.778986e-03
-1.004127e-02
1.099968e-02
-6.153905e-03
-1.338120e-02
-2.975580e-03
2.291338e-11
3.318080e-12
-2.146886e-10
-1.995371e-10
5.056192e-10
4.494342e-10
4.551979e-10
3.612484e-10
-1.034590e-10
1.315931e-02
3.417936e-02
1.822876e-02
-7.404618e-03
-1.287285e-02
1.002408e-02
-1.403864e-02
-1.753573e-02
-1.043094e-02
-3.284111e-02
1.130747e-01
-8.398427e-02
-5.658102e-02
1.184000e-01
-7.208069e-02
-2.683484e-02
-1.476877e-02
3.168740e-02
7.786028e-03
3.016191e-02
1.580988e-02
-7.699355e-03
6.186546e-03
2.298517e-03
-1.002973e-02
4.819126e-03
2.906381e-02
-7.004734e-02
-1.630329e-01
-1.126752e-01
-5.678079e-02
-1.532448e-01
-9.574673e-02
4.980672e-02
-3.708722e-02
3.331724e-03
-2.207398e-02
-2.294975e-02
-3.871088e-02
-2.739591e-02
-2.249520e-02
-3.471565e-02
-1.136535e-02
-1.765933e-02
-3.077411e-02
2.428350e-02
-4.638063e-02
-1.289765e-02
-5.907671e-02
-1.391477e-03
-5.125893e-02
6.328650e-02
-7.263144e-02
6.863812e-02
3.051130e-02
-5.012159e-02
-2.280463e-02
-2.636491e-02
-1.138327e-01
-5.009804e-02
-1.872550e-02
-2.480199e-02
-3.774659e-02
-2.711362e-02
-3.803767e-02
-5.174625e-02
-1.661650e-02
2.432664e-02
-2.448558e-02
3.970211e-02
-3.899125e-03
-8.206499e-03
-1.627863e-01
-1.109031e-01
-1.547658e-02
-1.665763e-01
-1.212240e-01
7.704327e-03
-1.278111e-01
-6.514945e-02
7.152482e-02
2.227681e-01
1.593583e-01
-2.120486e-02
8.464843e-02
8.395849e-03
-6.735360e-02
-1.210846e-01
-1.652540e-01
-8.958134e-02
-1.283938e-01
-9.530633e-02
5.558986e-03
-3.129341e-02
4.396348e-03
4.186646e-02
1.087498e-01
8.639112e-02
1.553793e-02
-3.887269e-02
-3.183630e-02
7.287266e-02
-2.868553e-02
-1.959585e-02
8.638170e-03
-3.698249e-02
-3.410919e-02
-2.400816e-02
1.955364e-01
-1.543358e-02
-1.594490e-01
2.478234e-01
2.855826e-02
-1.705787e-01
1.761433e-01
5.474420e-02
-6.412265e-02
4.360010e-03
-4.573084e-02
-2.418125e-02
1.133895e-02
-6.308106e-02
-1.540743e-02
6.700655e-03
-4.072565e-02
-1.922484e-02
-1.896986e-02
-9.449521e-03
-3.745522e-02
3.452989e-02
4.191340e-02
-1.223499e-02
9.182951e-02
9.351198e-02
1.507314e-02
-3.686400e-10
-6.614607e-10
-5.504981e-10
-1.258069e-10
1.549194e-10
4.500446e-10
7.643161e-10
-1.656751e-10
8.166087e-10
-6.125820e-02
-1.798692e-02
-5.259882e-02
-2.797515e-02
-1.602818e-03
-4.576162e-02
-1.593446e-02
1.137709e-02
-2.486927e-02
-1.804964e-01
-9.470766e-02
1.334743e-01
-6.628899e-02
2.137902e-02
-8.443175e-03
1.229239e-01
1.171083e-01
-1.513686e-01
3.588443e-02
1.690950e-02
-1.100045e-01
3.315241e-02
9.050657e-04
-9.959801e-02
-2.676163e-02
-2.030265e-02
-8.577279e-02
-4.936280e-02
1.071150e-01
1.825834e-01
-1.440691e-01
1.675822e-02
1.534016e-01
-1.011436e-01
-1.057171e-01
-2.548788e-02
-1.069966e-01
-3.508228e-03
1.264447e-01
-8.437087e-02
1.260186e-02
1.416281e-01
-6.995968e-02
2.855963e-02
1.173175e-01
3.889952e-02
4.740010e-02
-5.378523e-02
1.675952e-02
6.446891e-03
-7.163023e-03
-7.349173e-03
-1.296445e-02
-2.585807e-02
-4.207546e-02
-5.117389e-03
-1.319563e-02
1.826731e-02
8.903631e-04
1.325339e-02
-9.364111e-03
-3.584059e-02
-8.518124e-03
-1.670570e-02
4.858548e-02
3.386754e-02
2.739859e-02
2.837313e-02
2.345319e-02
-2.095208e-02
-2.280848e-02
-1.941566e-02
4.169532e-02
6.131317e-03
2.381830e-03
4.036081e-03
-4.195226e-02
-5.192171e-02
2.473513e-02
-2.502892e-02
-3.723082e-02
-7.868458e-02
-7.017987e-02
-7.654496e-02
-4.042684e-02
-2.157181e-02
-1.250660e-02
-2.687660e-02
6.825762e-03
1.480152e-02
4.167995e-02
8.900705e-02
7.382821e-02
3.549879e-02
4.360850e-02
2.790384e-02
3.517134e-02
2.947204e-02
1.342884e-02
1.438948e-02
2.307481e-02
1.612613e-02
2.610720e-02
4.488814e-02
1.671089e-02
-2.074284e-02
2.159442e-02
1.449473e-03
-6.069615e-02
-7.802920e-03
-3.012150e-02
-2.383480e-02
2.218726e-02
-7.765631e-03
-3.228370e-02
-1.222847e-02
-3.933687e-02
-1.987260e-02
-1.646419e-02
-1.885666e-02
2.389976e-02
2.410812e-02
2.772637e-02
3.661918e-03
5.326760e-03
9.513556e-03
-3.530418e-03
-3.770868e-02
-4.529729e-02
-2.547804e-02
-7.264825e-02
-8.090667e-02
-3.725025e-02
-7.554426e-02
-7.835878e-02
3.966020e-10
3.712646e-10
-7.520954e-10
2.138452e-10
-3.474312e-10
-2.614812e-10
-7.171148e-10
-2.203605e-10
-2.408981e-10
3.482573e-02
2.012954e-02
1.126401e-02
1.050785e-02
-2.185898e-02
-2.670063e-02
3.530182e-02
-1.217814e-03
-1.699852e-02
-8.256482e-02
1.655998e-02
-5.199987e-02
2.641703e-02
2.276797e-02
-1.198028e-02
9.047419e-02
1.086739e-01
6.308148e-02
5.345580e-02
7.829601e-02
5.774550e-02
6.163670e-02
9.720837e-02
7.685374e-02
6.136036e-02
9.060761e-02
8.325167e-02
-7.929814e-02
-7.908126e-02
-4.629476e-02
-2.553927e-02
-3.091335e-02
-1.528017e-02
3.626192e-02
5.825803e-02
5.694458e-02
5.942521e-02
2.581575e-02
9.140883e-03
4.337857e-02
1.398035e-03
-1.242359e-02
4.822700e-02
4.185861e-03
1.288317e-03
-7.174338e-02
3.129766e-02
-3.726567e-02
-2.847415e-02
-1.031872e-02
-5.853528e-02
-3.798289e-02
6.900305e-02
-1.249232e-02
2.073331e-02
-7.188292e-03
-1.113746e-02
-1.753238e-02
-4.873248e-02
-5.135332e-02
8.379244e-03
-2.651137e-02
-3.389019e-02
-6.696752e-02
-5.992565e-02
-8.377608e-02
-4.711005e-02
-2.576740e-02
-6.216363e-02
2.558305e-02
5.717994e-02
-4.907218e-02
-1.769299e-02
3.063911e-03
-4.789197e-03
2.860499e-03
3.387440e-02
1.812723e-03
-1.308602e-02
9.703228e-03
-1.263799e-02
-4.245613e-02
-2.339169e-02
-3.883072e-02
1.531729e-02
4.160846e-02
-3.477815e-02
-8.499866e-03
1.937730e-02
-2.324083e-02
-1.149060e-02
-1.506941e-02
-3.771242e-02
-2.159021e-02
-5.602744e-03
-1.481220e-02
-2.964591e-02
-1.533587e-02
-2.730871e-02
4.501996e-03
-3.998519e-03
4.533273e-02
-6.294280e-02
1.958549e-02
1.132977e-01
-4.654604e-02
-4.753609e-02
2.878878e-02
-1.640512e-02
5.133231e-03
5.362013e-03
3.395784e-02
3.384816e-02
2.924156e-02
1.566921e-02
1.335656e-02
-5.590322e-03
9.233357e-03
3.392006e-02
-3.199990e-02
1.239466e-02
-9.963434e-03
2.660814e-02
9.854658e-03
-7.777706e-03
2.510266e-02
7.687566e-02
9.620010e-02
4.193503e-02
7.416095e-02
9.234582e-02
3.216112e-02
3.199394e-02
4.008580e-02
6.093600e-03
1.996204e-11
2.066560e-10
6.938080e-10
1.807261e-10
3.377210e-10
3.701560e-10
3.301511e-10
-6.932649e-11
3.034867e-10
-1.064634e-02
2.861487e-02
1.974212e-02
1.542885e-02
6.347909e-02
4.702210e-02
7.956229e-03
2.762095e-02
8.328266e-03
-4.289945e-02
-2.772936e-02
-2.644419e-02
-2.054395e-02
1.516361e-02
-1.738612e-02
-3.923910e-02
-2.263663e-02
-4.659156e-02
7.298122e-02
7.844414e-02
1.618015e-03
8.187311e-02
1.026229e-01
-2.157963e-02
-1.360444e-02
1.310254e-02
-1.466181e-02
-7.777856e-03
2.647660e-02
1.951546e-02
2.961012e-02
7.486883e-02
1.015556e-02
2.634897e-02
5.605748e-02
-2.314873e-03
6.419669e-03
2.862178e-02
2.480895e-02
2.281872e-02
3.709728e-02
1.896544e-02
1.013301e-03
2.099067e-02
-2.046425e-02
-3.067854e-02
-8.840998e-02
1.428062e-03
-8.757195e-03
1.954414e-01
-5.653339e-02
-6.425416e-02
4.948478e-02
-5.733875e-02
-1.066638e-02
1.343828e-02
-9.064239e-03
1.100691e-02
5.639390e-02
1.635899e-02
-5.000080e-03
1.565260e-02
-2.581337e-02
1.626396e-02
-6.254644e-03
-3.944673e-03
8.317847e-03
3.161068e-03
-2.354036e-02
2.225004e-02
-2.269071e-02
-5.373105e-02
1.101733e-02
2.153721e-02
7.047996e-02
-3.052092e-02
-5.727145e-02
-4.278296e-03
-2.510829e-02
-3.987224e-02
1.040353e-02
7.333691e-02
1.427581e-03
-7.610185e-02
1.095057e-01
2.538321e-02
-9.192735e-02
9.709997e-02
3.555606e-02
-2.585933e-02
-4.656397e-02
9.899314e-03
7.288533e-02
-6.661221e-02
-3.887304e-03
8.682033e-02
-1.019830e-02
5.104432e-03
9.239437e-02
-3.635405e-02
-1.849506e-02
1.789431e-03
-3.587572e-02
-1.584445e-02
2.860287e-02
-1.321363e-02
-3.383342e-02
2.580478e-02
1.971483e-02
-4.394493e-02
-8.383618e-03
3.052447e-02
-1.581645e-02
1.758604e-02
6.680083e-02
4.733720e-02
8.507220e-02
3.160530e-02
-7.326029e-02
9.466796e-02
-1.715858e-02
-1.018699e-01
2.097646e-02
6.392235e-02
-5.151295e-02
8.008974e-02
-8.376085e-03
-2.566912e-02
-1.045405e-02
-3.171269e-02
-4.611218e-02
-5.081940e-02
-3.305411e-02
-4.870824e-02
-7.152147e-02
3.105296e-10
4.703902e-10
-8.946127e-11
3.907216e-10
1.926360e-10
5.763348e-13
-2.919465e-10
-4.220995e-10
-1.899612e-10
-2.690553e-02
-1.874296e-02
-4.712474e-03
-4.183558e-02
-4.153800e-02
-4.450364e-02
4.264231e-02
1.233234e-02
3.948309e-03
-6.107103e-04
3.438523e-02
4.383768e-02
-3.942402e-02
-4.478822e-02
7.880495e-02
7.552321e-02
5.239934e-03
6.294346e-02
-1.717848e-02
-4.656900e-02
-3.876977e-02
-3.210080e-03
-1.512185e-02
-3.906127e-02
-5.344880e-03
-2.117473e-02
7.636255e-03
8.679777e-02
8.467308e-02
4.750334e-02
7.262907e-02
1.500424e-02
-2.946260e-02
5.418598e-02
-4.424079e-02
-6.299453e-02
5.855642e-03
3.303339e-02
7.005285e-02
-3.962053e-02
-2.493674e-02
2.320199e-02
-4.092974e-02
-2.986577e-02
-1.303302e-02
-1.014877e-01
-5.523955e-02
-2.077881e-01
1.156309e-01
1.579075e-01
1.025903e-01
-1.483451e-02
4.987165e-02
-9.546271e-03
4.325342e-02
-5.545218e-03
2.582872e-03
9.868656e-03
-6.738567e-02
-8.902053e-02
8.477714e-02
1.319704e-02
-1.904977e-02
2.855914e-02
6.543825e-02
-2.061646e-03
2.460251e-02
9.526949e-03
-1.110623e-03
-1.368880e-02
-2.014768e-02
-1.143644e-02
-7.677615e-02
4.385484e-02
-8.373434e-03
4.431907e-02
1.822346e-01
1.167775e-01
-4.759245e-02
5.658099e-02
1.221512e-02
-4.463508e-02
-6.907712e-02
8.088798e-03
-3.656665e-02
-5.027288e-02
1.390406e-02
6.356847e-03
3.083588e-02
4.610695e-02
-3.595528e-02
-4.664724e-02
-5.078198e-02
-3.924320e-02
-6.119628e-02
-8.189443e-02
-2.357489e-02
-5.491853e-02
-5.334393e-02
7.695052e-02
-1.727921e-02
-6.101190e-02
7.330093e-02
-1.057956e-02
-3.428131e-02
2.605458e-03
-3.065031e-02
2.680552e-02
-6.726632e-02
-3.772932e-02
-3.081608e-02
-3.114663e-02
-2.359836e-02
-9.681496e-03
2.387399e-03
-9.718591e-03
2.359088e-02
-4.614680e-02
7.153872e-02
4.907698e-03
-2.150765e-02
1.812752e-01
6.022156e-03
-1.510215e-02
-8.615674e-03
-6.835230e-03
2.263413e-02
2.953275e-02
2.705644e-02
1.779991e-02
2.569447e-02
2.427782e-02
-3.491840e-03
8.398065e-03
1.486965e-03
8.982028e-11
1.007103e-09
1.804228e-10
2.880459e-10
6.943070e-10
1.218113e-09
-4.482263e-10
6.091405e-10
-2.489971e-10
-5.449569e-02
5.605349e-02
8.681673e-03
3.037317e-02
2.177333e-01
1.184867e-01
-1.832529e-02
1.206619e-01
6.651890e-02
-1.327968e-02
3.057704e-02
-2.298409e-02
-2.270459e-02
2.061309e-02
4.675845e-02
-7.852143e-03
-1.287158e-03
7.362167e-03
4.551382e-02
2.350500e-02
7.112098e-02
-2.202370e-02
-4.700243e-02
1.468410e-02
1.230581e-02
5.242385e-02
2.261331e-02
2.353504e-03
-3.556165e-02
5.899360e-03
-1.778166e-02
-4.054134e-02
6.466455e-04
-2.923837e-02
-3.784030e-02
-2.927093e-03
-4.303749e-02
6.870119e-02
4.853648e-04
1.108594e-02
1.138489e-01
2.595928e-02
-7.382546e-02
-2.954565e-02
-1.004460e-01
5.617163e-02
-2.122208e-02
2.381188e-02
2.256876e-02
-1.745558e-01
8.221420e-02
-1.584365e-02
5.371641e-02
2.971164e-02
-1.388785e-02
1.502096e-01
7.161520e-02
8.288065e-02
3.221291e-01
1.848223e-01
1.490395e-02
1.076148e-01
7.806239e-02
2.176641e-02
4.703615e-02
4.291371e-02
-2.079801e-02
-2.167178e-02
3.191007e-02
-1.006308e-02
-2.071168e-02
1.462729e-02
9.842580e-03
8.661702e-02
9.574768e-03
1.220992e-01
2.279367e-01
1.427796e-01
4.878268e-02
1.292338e-01
6.133245e-02
-5.078912e-02
-6.689120e-02
-6.403825e-02
-5.525019e-02
-5.975906e-02
-5.227770e-02
-5.751879e-02
-3.843823e-02
-6.096735e-02
-1.333016e-02
-5.521629e-02
1.236936e-02
2.825543e-02
-3.030112e-02
1.366126e-02
2.768406e-02
-2.821760e-02
1.060689e-02
7.540898e-02
-2.163114e-03
-7.665893e-02
7.607396e-02
-5.536909e-03
-6.951023e-02
3.170511e-02
-5.758803e-03
-8.479529e-03
2.503208e-02
2.091927e-02
-1.286728e-03
-5.379847e-03
1.554344e-02
-4.300688e-03
-6.318612e-02
-4.992668e-02
-5.145342e-02
1.416572e-02
1.885759e-02
-2.582589e-02
1.655337e-02
1.416078e-01
-1.242478e-02
-2.462224e-02
4.548066e-02
-5.034747e-02
1.437428e-03
-4.783317e-03
-1.202754e-02
2.513348e-03
8.883939e-03
-5.059080e-03
2.454570e-03
1.173529e-02
-1.267712e-02
4.045414e-10
1.296064e-09
6.975954e-10
-6.204882e-10
8.916331e-10
8.250445e-10
-3.089400e-10
3.144663e-10
3.884119e-10
-2.146782e-02
2.353758e-03
-6.142597e-03
5.164827e-02
1.426723e-01
7.717501e-02
1.728685e-02
6.442405e-02
1.391700e-02
-6.763664e-03
-7.849859e-02
1.835962e-02
3.311722e-02
-8.455670e-02
5.038017e-02
4.998492e-02
-3.039079e-02
6.263665e-02
-4.593919e-02
-7.016820e-02
3.651459e-02
-3.049643e-02
-5.402642e-02
2.051483e-02
2.294544e-02
5.256500e-03
1.798704e-02
-8.174493e-03
-2.290798e-02
3.113417e-02
-1.067822e-02
-3.571969e-02
2.037178e-02
4.362374e-03
-6.910216e-03
2.162156e-02
3.296126e-02
7.341922e-02
3.658717e-02
7.565280e-02
1.351720e-01
8.099383e-02
-2.811208e-02
1.535577e-02
5.829081e-03
1.846753e-02
5.208717e-02
-3.765583e-02
4.597504e-02
-1.795999e-01
-3.157080e-02
2.946189e-02
-1.599208e-02
2.579365e-02
-4.732895e-02
-6.032877e-02
-4.926413e-02
3.062106e-02
6.064750e-02
2.880386e-02
1.339423e-03
-1.478725e-02
-1.111698e-02
6.386191e-02
-4.321910e-02
-2.264483e-02
1.966479e-02
3.357487e-03
1.370347e-02
8.040903e-03
5.130688e-03
2.376978e-02
-1.970575e-03
2.535530e-02
2.169209e-02
-1.449661e-02
9.807546e-02
6.864611e-02
-3.885305e-02
8.609801e-03
4.648815e-02
3.794938e-02
3.910375e-02
2.295131e-02
8.014381e-02
-5.002051e-02
-2.936878e-02
3.448896e-02
-8.869165e-02
-9.993645e-02
-2.648398e-02
-8.343977e-02
-2.425419e-02
-1.764659e-02
-3.651644e-02
-1.145132e-02
1.601489e-02
6.297585e-02
4.036945e-02
-1.378507e-04
-1.633606e-02
1.256687e-02
3.689865e-02
-7.131096e-03
-2.909605e-02
6.297553e-02
2.000567e-02
-5.670271e-03
-2.266897e-01
-3.093302e-01
-2.236089e-01
-2.323247e-02
-2.956121e-02
-4.122395e-02
2.635062e-01
2.792368e-01
2.531955e-01
-2.822530e-03
-3.611629e-02
-1.388481e-02
-5.115588e-02
9.524952e-02
-3.503166e-02
1.486444e-02
9.755471e-02
-1.548732e-03
-1.482883e-02
3.863987e-03
-1.655601e-02
-2.946442e-02
-1.382776e-02
-3.801473e-03
7.720862e-03
1.656950e-02
4.921300e-02
-8.255028e-10
-2.728394e-10
-7.295492e-11
-8.778875e-10
9.525054e-11
3.114527e-10
-2.572238e-10
-3.357349e-11
9.924904e-10
-5.874674e-02
-1.080405e-01
-6.443608e-02
-6.471908e-02
1.670286e-02
5.359332e-03
-6.155170e-03
9.501699e-02
9.440683e-02
1.847921e-03
-5.606333e-02
-6.174165e-03
-2.655335e-02
1.863390e-02
5.962428e-02
-9.101617e-03
1.225998e-01
-1.860747e-02
-1.902638e-03
-4.476675e-02
-3.491349e-02
2.412880e-02
-6.508072e-02
-9.675950e-03
3.481268e-02
1.493446e-02
7.283996e-02
2.634746e-01
2.987719e-01
1.975983e-01
2.115866e-02
-6.790482e-02
-3.246891e-02
-2.538285e-01
-3.764287e-01
-2.430795e-01
2.921055e-02
3.065631e-02
3.705133e-02
-1.192667e-02
1.743951e-02
-2.062672e-02
-7.797289e-02
-6.324491e-02
-7.566956e-02
-2.034905e-02
3.704561e-02
-2.524494e-03
1.222070e-01
-1.286509e-01
1.015200e-01
4.027291e-02
-1.094466e-02
2.097106e-02
-7.891180e-02
-5.334095e-02
-4.370178e-02
-5.733175e-02
7.467400e-02
-2.632905e-02
-3.837614e-02
-9.272922e-04
-4.456548e-02
-2.294046e-02
-3.743501e-02
2.453041e-03
-7.896579e-02
-8.452559e-02
-1.042119e-01
-2.122723e-02
-3.285624e-02
-4.230892e-02
4.073347e-02
2.759039e-02
-6.412889e-03
6.187678e-02
4.227602e-02
1.004206e-02
1.673918e-02
-9.101512e-03
-5.744050e-02
-8.060256e-02
-1.341727e-01
-8.401282e-02
1.681594e-02
-2.004211e-02
-2.208625e-03
1.948671e-01
2.197341e-01
1.772513e-01
1.760242e-01
2.729254e-01
1.997375e-01
9.842560e-04
8.705798e-02
5.864838e-02
-1.796901e-01
-1.565755e-01
-1.066610e-01
1.354935e-02
-1.493673e-03
-5.908902e-02
-2.710680e-02
-4.979810e-02
-3.294400e-02
-4.696471e-02
-7.439482e-02
-3.678419e-02
-7.220291e-02
-6.969619e-02
1.873305e-02
-9.794775e-02
-1.510026e-02
7.666888e-02
4.607594e-02
1.381865e-01
1.814654e-01
2.167202e-02
3.026379e-02
-2.277341e-02
-1.598101e-02
1.072173e-02
-9.245485e-03
-1.301823e-02
2.349087e-02
3.277068e-02
1.034080e-01
1.130416e-01
1.097587e-01
2.195640e-02
1.135315e-02
1.761751e-02
-1.826434e-03
-2.776028e-02
-1.861737e-02
2.851111e-10
-2.126767e-10
6.192752e-10
-6.916470e-10
-4.125223e-10
-2.689846e-10
-7.498206e-10
-1.344185e-10
6.371512e-11
-6.304555e-02
-8.998977e-02
-8.541287e-02
-2.038384e-02
-2.871287e-02
-2.495521e-02
7.324745e-03
-1.050250e-02
-1.741520e-02
5.350484e-02
2.148118e-01
6.584343e-02
-1.095688e-02
-5.637896e-02
-2.612145e-02
-1.050893e-01
-2.322908e-01
-1.273940e-01
5.064452e-02
6.988528e-02
5.236031e-02
9.484831e-03
2.132801e-02
-7.293202e-03
-6.096688e-02
-8.986000e-02
-7.289894e-02
9.898756e-02
8.643077e-02
3.511711e-04
8.003065e-02
-7.651266e-03
-1.077637e-01
2.746751e-02
-4.801562e-02
-9.007689e-02
1.986346e-03
2.722742e-02
-2.605168e-02
-2.083196e-02
-9.406664e-03
-5.944820e-02
-6.912915e-02
-7.197955e-02
-1.135568e-01
-2.833086e-02
1.490614e-02
1.441523e-02
-2.738252e-02
-5.540695e-02
2.436912e-02
-1.449345e-02
7.331626e-02
-1.188699e-02
-5.000029e-02
-8.896511e-02
-9.172320e-02
-6.546385e-04
-1.309363e-02
-3.623923e-02
5.312403e-02
4.973458e-02
3.445186e-02
-2.590816e-03
4.500535e-02
5.570861e-02
-1.764525e-02
-6.014226e-02
-1.613633e-02
-2.223939e-02
-4.526911e-02
4.323070e-02
-3.914212e-02
-5.408939e-02
-7.115468e-02
3.604357e-02
4.746014e-02
-4.843048e-02
7.157365e-02
6.773039e-02
7.888581e-04
-1.257183e-01
2.965067e-02
1.600074e-01
-1.902989e-01
-1.021073e-02
1.925089e-01
-1.503610e-01
-2.423037e-02
8.420663e-02
2.133637e-02
-6.989061e-02
-7.650543e-02
8.698390e-02
-2.719346e-02
-5.464559e-02
8.381480e-02
1.789624e-02
1.845181e-02
-5.214065e-02
-9.103560e-02
-3.827827e-02
-3.209256e-02
-8.288488e-02
-6.253575e-02
-2.955056e-02
-6.477931e-02
-4.597454e-03
7.549045e-02
7.256754e-03
-2.473010e-02
1.318119e-01
2.462046e-02
-8.436653e-02
1.094392e-01
-1.080600e-02
-1.133395e-01
-3.936209e-02
-3.757154e-02
1.182327e-02
2.464322e-02
-1.560132e-02
1.272345e-02
1.830739e-02
-8.208039e-02
-7.851926e-02
-2.650248e-02
-3.949359e-02
-7.656737e-02
-1.608281e-02
-5.785186e-05
3.745242e-04
-4.270672e-02
-3.195269e-02
-4.792344e-03
-4.100237e-10
-2.397876e-10
-6.515434e-10
6.820914e-11
7.066945e-10
3.840807e-10
7.781921e-10
-4.759665e-10
3.981329e-10
8.126172e-02
6.550561e-04
-6.723340e-02
5.764600e-02
3.898529e-02
-6.632378e-02
3.008445e-02
6.003169e-02
-4.221651e-02
1.073477e-01
-3.173396e-02
-1.118238e-01
8.960106e-02
-4.021558e-02
-4.943980e-02
-9.310088e-03
1.441948e-02
2.920068e-02
-2.179452e-02
-2.616314e-02
1.843613e-02
-2.525344e-02
-2.478860e-02
3.460003e-02
5.603988e-02
5.109321e-02
1.186493e-02
-1.149975e-01
1.710674e-02
1.159234e-01
-2.229706e-01
1.291194e-02
2.139459e-01
-1.636354e-01
1.559607e-02
1.454781e-01
-4.765365e-03
-2.605981e-02
-3.610295e-02
4.460075e-02
3.552701e-02
3.467019e-03
4.927017e-02
2.401856e-02
2.418523e-02
-2.057349e-02
6.731576e-02
4.699579e-02
-6.792358e-02
-3.939279e-02
-2.079851e-02
-1.781077e-02
8.157600e-02
6.853537e-02
1.804570e-02
-2.242334e-02
-3.008555e-02
-1.284973e-03
2.957377e-02
-2.076365e-03
-3.797425e-02
-2.089844e-02
-1.742630e-02
-1.453327e-03
-9.487449e-03
-2.047816e-02
2.047556e-03
-7.860447e-03
-2.171215e-02
1.982783e-02
1.692851e-02
-1.353902e-02
-7.031248e-04
2.784186e-03
-9.842110e-04
1.617519e-03
5.175229e-03
-3.591205e-04
5.778837e-03
1.048671e-02
6.220639e-03
1.443088e-02
1.975004e-02
9.991178e-03
2.041064e-02
3.026410e-02
1.510495e-02
4.741586e-02
5.473199e-02
3.512089e-02
-2.688655e-02
-2.883195e-02
-4.418381e-02
-3.557660e-02
-3.645444e-02
-5.100459e-02
-5.164931e-02
-5.006899e-02
-5.612103e-02
3.225495e-02
1.500125e-02
1.653258e-02
6.823037e-03
-3.568753e-03
7.100159e-04
-7.473224e-04
-9.562073e-03
-1.859634e-02
2.965257e-02
3.508335e-02
3.581255e-02
5.209985e-02
5.860457e-02
5.351481e-02
7.074009e-02
7.922164e-02
6.514142e-02
5.677005e-03
1.040415e-02
-9.384861e-03
7.599168e-03
7.617718e-03
1.806867e-03
1.110494e-02
1.507248e-02
5.636719e-03
-1.702533e-02
-1.461173e-02
-2.250317e-02
-1.187268e-02
-9.194656e-03
-1.762560e-02
-9.120499e-03
-1.044903e-02
-1.636974e-02
-1.096702e-10
1.795540e-10
4.017452e-10
3.749413e-11
1.044533e-10
2.720819e-10
-5.950439e-10
4.926590e-11
8.538230e-10
-1.452450e-02
-8.222336e-03
-1.089383e-02
-8.045386e-04
7.310009e-03
4.524367e-03
1.317087e-02
1.967569e-02
1.998371e-02
1.115128e-02
1.714376e-02
-7.505548e-03
-1.687769e-02
-1.982641e-02
-2.860822e-02
-4.976663e-02
-4.444199e-02
-3.080178e-02
1.328126e-02
2.544261e-02
1.793995e-02
3.283858e-03
1.540518e-02
7.817468e-03
-1.136670e-02
-1.635027e-04
1.214291e-02
-8.647548e-03
-1.097793e-02
-3.731725e-02
-3.700014e-02
-3.432722e-02
-5.516904e-02
-4.446038e-02
-4.264800e-02
-5.711507e-02
-9.442999e-03
-7.875800e-03
-1.546858e-02
6.677078e-04
3.812892e-03
-9.711182e-04
3.552380e-03
8.868479e-03
3.468145e-03
-7.148731e-03
3.776474e-03
1.042449e-02
-1.237891e-02
1.246517e-02
-7.299724e-03
6.184648e-03
8.338380e-03
-1.979597e-02
-2.042119e-02
-2.092645e-02
-3.210400e-02
-1.295285e-02
-1.160618e-02
-2.792638e-02
-3.858116e-03
-4.221046e-03
-2.235455e-02
-1.118948e-02
2.728852e-02
7.719386e-02
-2.485288e-02
-2.422521e-02
6.784415e-03
-4.569962e-02
-5.198238e-02
-1.506583e-02
-3.207899e-02
-1.753828e-02
1.204478e-03
-1.172096e-02
1.683293e-02
4.210438e-02
-1.040609e-02
2.032356e-02
4.853837e-02
-2.523577e-02
-5.337238e-02
-4.219676e-02
-1.464210e-02
-5.092142e-02
-3.711007e-02
-2.287942e-02
-5.427967e-02
-5.083579e-02
-5.355334e-02
-8.104964e-02
-5.643191e-02
-5.716711e-02
-9.183499e-02
-8.385909e-02
-5.545200e-02
-7.609386e-02
-7.875196e-02
7.986703e-03
-3.601213e-02
-3.659673e-02
6.846135e-02
2.200092e-02
-2.173351e-02
5.026060e-02
4.156128e-02
2.357458e-03
-6.861391e-02
-1.024437e-02
1.715589e-03
1.415301e-02
7.092451e-02
6.775827e-02
-2.410492e-02
2.846268e-02
3.936473e-02
-3.278630e-02
-3.570040e-02
-2.287457e-02
4.525679e-03
5.603058e-02
2.530788e-02
1.128196e-02
2.909152e-02
2.523355e-02
2.963543e-02
3.266773e-02
3.411299e-02
4.271409e-02
4.422449e-02
3.939457e-02
3.659262e-02
3.766773e-02
3.146893e-02
2.136378e-10
1.927597e-10
-5.207554e-10
5.129918e-11
2.012535e-10
-6.192707e-11
-3.627317e-11
1.056439e-10
3.724306e-10
-2.918281e-02
7.199524e-03
1.840137e-02
6.347492e-03
6.741847e-02
8.805312e-02
2.504525e-02
9.159184e-02
9.948722e-02
-2.353691e-02
-3.378992e-02
-1.572545e-02
-2.141677e-02
-3.148860e-02
-2.107115e-02
1.589121e-02
2.494077e-02
2.303950e-02
-7.314056e-03
-4.200608e-02
1.128820e-02
4.572348e-03
-3.625923e-02
4.364973e-02
2.292873e-02
1.898048e-02
8.048981e-02
-3.378583e-02
-9.014110e-02
-5.535368e-02
-6.265194e-02
-1.292669e-01
-9.410279e-02
-1.200382e-02
-7.646587e-02
-4.318839e-02
-2.972375e-02
-1.854021e-02
-1.340295e-02
-1.269824e-02
6.054993e-03
-7.537530e-04
-1.133667e-02
-9.824253e-03
-2.646472e-03
3.869224e-02
1.800796e-02
6.723443e-02
5.008088e-02
-6.111527e-02
-5.441494e-03
1.973525e-02
-2.920045e-02
1.015504e-03
-6.513403e-02
-4.666566e-02
-3.569116e-02
-4.814339e-02
-5.382157e-04
-7.082365e-03
-4.247749e-02
-3.637911e-02
-4.040185e-02
-4.836849e-02
-4.960987e-02
-7.315694e-02
-2.640319e-02
-3.425457e-02
-5.921599e-02
5.985412e-04
-1.823751e-02
-3.850504e-02
-1.044550e-02
-3.199647e-03
4.724121e-03
5.613121e-03
1.145754e-02
1.552682e-02
5.364615e-03
9.771252e-03
1.266990e-02
4.763779e-02
3.765716e-02
3.168564e-02
7.397035e-02
7.534216e-02
6.227394e-02
2.908543e-02
4.096850e-02
3.066849e-02
-8.156058e-02
-5.342386e-02
-6.481469e-02
-7.013629e-02
-4.847259e-02
-5.440518e-02
-9.566709e-02
-8.535087e-02
-8.474901e-02
1.650766e-02
1.552080e-03
-1.280768e-02
1.818560e-02
-5.878767e-03
-2.186365e-02
-3.868034e-03
-3.698699e-02
-5.483741e-02
-1.625601e-02
-1.548014e-02
-1.952642e-02
2.104810e-02
2.781281e-02
2.089989e-02
2.969539e-02
4.495612e-02
4.146474e-02
-4.190013e-02
-1.851328e-02
-2.559499e-02
-1.411922e-02
3.751857e-03
-1.594901e-02
-1.492579e-02
-5.063535e-03
-3.012072e-02
-4.182765e-02
-4.207816e-02
-4.713771e-02
-3.500638e-02
-3.663729e-02
-4.101089e-02
-2.315045e-02
-2.695916e-02
-3.037003e-02
-5.504964e-10
-1.326647e-10
-2.204482e-10
-1.446964e-10
1.004788e-10
1.781650e-10
-6.475179e-10
-1.513285e-11
-2.199330e-10
-3.571948e-02
-3.211825e-02
-3.584719e-02
-2.738385e-02
-2.656815e-02
-4.210776e-02
-1.630753e-02
-2.923479e-02
-4.897817e-02
-4.584549e-03
4.073341e-03
-1.088252e-02
-1.102875e-02
-1.315116e-02
1.526610e-02
-3.069024e-02
-2.482882e-02
-1.130742e-02
-3.639604e-02
-2.441745e-02
-1.664601e-02
-3.229232e-02
-1.037067e-02
1.413541e-02
-4.840427e-02
-1.703667e-02
1.509855e-02
5.601922e-02
7.291403e-02
5.076230e-02
7.527204e-02
8.736530e-02
6.425343e-02
-3.747732e-03
-3.247770e-03
-2.058126e-02
-2.306614e-02
-1.451383e-02
-1.675924e-02
-1.873046e-02
-1.702286e-02
-2.032682e-02
-2.473870e-02
-2.702871e-02
-3.076786e-02
-1.788945e-02
-1.190405e-02
-4.622380e-02
-1.087497e-02
7.327459e-03
1.717046e-03
-1.809247e-02
-2.063775e-02
-1.809948e-02
-1.588046e-02
-7.485402e-03
-2.558216e-02
7.164833e-03
6.964674e-03
-2.845046e-02
2.402548e-02
7.252611e-03
-2.913246e-02
-1.202193e-02
-3.738610e-02
8.171138e-03
6.950120e-03
-1.404326e-02
6.179573e-03
-2.161140e-02
-3.449753e-02
-2.748991e-03
-1.827178e-02
-2.387672e-02
6.710570e-02
-5.473497e-02
4.314289e-02
5.685861e-02
-6.943811e-02
8.798865e-03
3.959551e-02
-1.587289e-01
-2.055019e-01
-1.182535e-01
-3.869448e-02
-1.036633e-01
2.353315e-02
1.331678e-01
1.151080e-01
1.515951e-01
1.683723e-01
1.900464e-01
1.446300e-01
-7.024048e-03
5.962407e-04
2.572821e-02
-1.161176e-01
-1.462802e-01
-8.667228e-02
6.136596e-02
5.635781e-02
-4.819043e-02
2.941004e-02
6.102333e-03
-5.579110e-02
2.101983e-02
-2.367426e-02
-2.651406e-02
8.311731e-02
-3.286415e-02
-1.396683e-01
1.690372e-01
1.705267e-02
-1.777295e-01
2.017998e-01
6.799891e-02
-9.050545e-02
-3.569267e-02
-4.472716e-02
1.037141e-02
5.809780e-03
1.179064e-02
-3.171297e-02
-2.262824e-02
-8.272543e-03
-5.655681e-02
6.102145e-02
7.867344e-02
2.625147e-02
1.203523e-03
-1.188535e-02
-2.869439e-02
-2.162117e-02
-6.260022e-02
-4.556132e-02
-2.326286e-11
-7.287607e-10
-1.930661e-10
-5.040687e-10
-3.539479e-10
2.837627e-10
-1.903402e-10
5.783929e-10
5.385662e-10
7.233588e-02
-2.741618e-02
-4.582134e-02
3.904499e-02
2.731688e-02
-4.377767e-02
4.128851e-03
7.144357e-02
-2.787616e-03
2.127801e-02
9.366789e-02
-1.004216e-02
-5.740972e-02
-1.507928e-01
-1.093465e-02
5.935513e-02
-9.343404e-02
-1.108939e-02
2.571797e-02
-1.252413e-04
-1.826843e-02
-2.271488e-02
-5.894688e-02
-3.489014e-03
2.118829e-02
-1.850186e-02
3.376118e-02
-1.590852e-01
-2.740815e-02
1.338387e-01
-1.908067e-01
-4.527650e-02
1.909998e-01
-3.992248e-02
5.883365e-02
1.787323e-01
-4.597406e-02
-6.152099e-03
6.109289e-02
-5.551559e-02
4.971093e-03
3.863279e-02
-9.710890e-02
-6.970796e-02
-3.695881e-02
-4.164858e-03
1.202276e-02
4.542336e-03
-3.588289e-02
-9.290691e-02
7.854392e-02
-2.580892e-02
-3.098685e-02
-5.930053e-02
3.197266e-02
-1.274304e-01
-5.943796e-02
9.541753e-03
1.883262e-02
-5.330163e-02
3.374013e-02
7.234646e-02
5.275252e-02
4.413710e-02
4.676094e-04
-3.016635e-04
4.923137e-02
-3.852944e-02
-2.060573e-02
3.967987e-02
-4.330858e-02
4.409003e-02
3.821982e-02
-1.661824e-02
-8.642902e-02
-1.119348e-03
-1.158446e-02
-6.235376e-02
4.436900e-03
2.472491e-02
-2.651560e-02
-2.108422e-01
1.512576e-02
2.412831e-01
-2.632894e-01
-2.875786e-02
2.691831e-01
-1.147381e-01
2.919740e-02
1.597493e-01
3.557568e-01
2.612182e-02
-1.890127e-01
4.395650e-01
7.271497e-02
-2.122056e-01
2.715054e-01
3.889225e-02
-1.205540e-01
1.183988e-02
-3.204885e-02
-2.684275e-02
7.323253e-03
-6.181574e-02
-4.637976e-02
-3.152923e-02
-6.173571e-02
1.813451e-02
-7.006919e-02
-5.051966e-02
1.922070e-02
-1.856295e-02
2.705795e-02
3.252590e-02
4.483007e-02
3.560545e-02
1.751237e-02
-1.994001e-03
3.401720e-02
-1.354448e-02
1.718114e-02
2.960598e-02
-1.085981e-02
3.984840e-02
1.401229e-02
-1.194982e-02
1.452309e-01
5.781900e-02
-7.374515e-02
9.132697e-02
2.631964e-02
-6.852908e-02
1.484174e-02
-3.559990e-02
-3.429340e-02
-6.243814e-10
-9.395181e-10
-4.710227e-10
4.716320e-10
1.344659e-10
2.899741e-11
8.725807e-10
7.008034e-10
-1.411241e-10
2.491732e-02
1.241582e-03
4.966292e-03
2.829568e-03
8.464957e-03
-4.711055e-03
-5.387538e-02
2.657077e-02
2.691908e-02
1.379709e-01
-9.964238e-02
-2.674056e-01
2.349981e-01
-1.354545e-03
-1.600006e-01
-1.394132e-01
-4.698431e-02
5.581140e-02
9.127834e-02
-3.646024e-02
-8.352111e-02
7.994606e-02
-4.072309e-02
-1.167500e-01
5.990184e-02
-4.841872e-02
-9.814592e-02
-3.511062e-02
2.755227e-02
6.219311e-02
-4.265358e-02
3.203645e-02
1.196836e-01
-1.059589e-01
-4.660764e-02
5.911126e-02
1.007260e-01
-1.248720e-02
-1.330271e-01
7.541170e-02
-4.186672e-02
-1.497945e-01
8.233333e-02
-1.759790e-02
-8.541680e-02
-3.131251e-02
-6.777526e-03
1.524076e-03
2.930677e-02
-2.515939e-02
1.830644e-02
-3.929302e-02
5.661603e-02
-4.255138e-02
-5.503068e-02
2.222913e-02
7.038063e-02
-1.208486e-01
-2.677060e-02
3.728612e-02
-1.150713e-01
-2.566472e-04
6.788381e-02
