-2.682320e-01
-2.976534e-01
-1.094287e-02
-1.160105e-01
-5.909865e-02
-4.257638e-02
-1.631743e-01
-8.415116e-02
-2.382410e-01
-1.738380e-01
-1.725736e-01
-1.642198e-01
-3.297040e-01
-1.688407e-01
5.357544e-02
-2.539805e-01
-2.288355e-01
-6.028011e-02
3.583815e-02
-1.533878e-02
-1.049879e-01
3.273816e-02
-7.328217e-02
-2.738394e-01
-9.602334e-02
-1.100325e-01
-1.030355e-01
-1.701387e-01
-8.851749e-02
-7.073294e-02
-2.756537e-01
-2.143955e-01
-2.040673e-01
-1.363061e-01
-1.900216e-01
-2.053729e-02
-6.619274e-02
-1.245377e-01
-1.964235e-01
-2.203301e-01
-1.513526e-02
-2.513721e-01
-1.277839e-01
3.496179e-02
-1.572604e-01
-1.513315e-01
-9.260236e-02
-1.456976e-01
-9.066355e-02
-1.170103e-01
-1.903256e-01
2.118679e-02
-1.198377e-02
-2.892799e-02
-1.606804e-02
-2.748235e-01
-2.263139e-01
-1.617619e-01
-1.852705e-02
-1.384403e-01
-1.226763e-01
-1.444826e-01
-2.373106e-01
-8.772913e-02
