2.986817e-01
3.309050e-01
3.923576e-01
3.431621e-01
3.975873e-01
3.909492e-01
3.396047e-01
4.098382e-01
3.761734e-01
3.433738e-01
3.842595e-01
3.551404e-01
3.172028e-01
3.268220e-01
3.220267e-01
3.455319e-01
3.432206e-01
3.072993e-01
3.427238e-01
3.971036e-01
3.385313e-01
3.199251e-01
2.638745e-01
3.770695e-01
4.090120e-01
3.079021e-01
3.238007e-01
3.821686e-01
4.110878e-01
3.539832e-01
5.136617e-01
3.589195e-01
3.424709e-01
3.064334e-01
4.011286e-01
3.384874e-01
4.024343e-01
3.474456e-01
3.097627e-01
2.692292e-01
3.954989e-01
3.647574e-01
3.328676e-01
3.730797e-01
3.014045e-01
3.730186e-01
3.377373e-01
3.301222e-01
3.686287e-01
3.567517e-01
3.635622e-01
3.589191e-01
3.062664e-01
3.888451e-01
3.631289e-01
3.206555e-01
3.297012e-01
3.563673e-01
3.767276e-01
4.535832e-01
3.765948e-01
3.772160e-01
3.484279e-01
3.508549e-01
