5.571706e-03
-3.441390e-02
-6.107550e-02
-6.106619e-03
1.389143e-02
1.892020e-02
-7.014809e-03
7.976089e-02
5.429812e-02
1.766315e-02
2.722755e-02
-9.304849e-03
3.272488e-02
4.547196e-02
-2.702669e-03
-1.431218e-02
1.948762e-02
-1.182809e-02
1.074129e-02
4.744759e-02
-2.987310e-02
4.711009e-05
6.882282e-02
-1.749775e-02
-4.032014e-02
-1.402571e-03
-3.669045e-03
-4.150584e-02
8.021994e-03
1.138026e-02
-2.500661e-02
-1.142933e-02
7.606359e-03
-3.842803e-02
-9.552631e-03
2.561102e-02
-3.732694e-02
-3.227763e-02
2.067060e-02
-6.488506e-02
-6.270106e-02
4.196335e-02
-4.924335e-02
-7.226092e-02
-4.019329e-02
7.644076e-02
7.777739e-02
7.422850e-02
7.179775e-02
6.283864e-02
7.327587e-02
5.854212e-02
6.516745e-02
7.649131e-02
-1.857432e-02
-2.937301e-02
1.641034e-02
-8.257412e-03
-4.078631e-02
2.554642e-02
-4.035901e-02
-6.982344e-02
9.997280e-03
2.274634e-02
5.745374e-02
7.359837e-02
3.656439e-02
6.600504e-02
7.047562e-02
1.257145e-02
1.388964e-02
2.818637e-02
-3.802659e-02
-2.964862e-02
-3.133385e-02
-2.839950e-02
-1.686048e-02
-2.507818e-02
-3.555724e-02
-2.556190e-02
-2.715196e-02
1.363243e-02
8.277401e-03
2.135898e-02
5.637478e-02
4.082599e-02
3.786028e-02
2.041372e-02
5.659413e-03
1.811090e-02
1.994304e-03
-2.841453e-02
-1.564816e-03
4.336966e-02
3.759668e-02
3.610625e-02
-2.354623e-02
1.058643e-02
2.347576e-02
-1.663137e-02
4.895456e-02
2.791877e-02
1.571048e-02
9.207376e-02
3.969587e-02
-2.963165e-02
9.857031e-03
-8.194605e-03
6.403000e-02
9.913253e-02
6.726267e-02
5.988755e-02
1.138575e-01
7.577197e-02
2.716247e-02
4.686856e-02
2.639683e-02
2.310743e-02
4.038615e-02
3.791043e-02
3.232443e-02
3.026310e-02
2.259251e-02
-3.604371e-02
-2.623602e-02
-2.447174e-03
-5.574124e-02
2.399640e-02
8.618820e-03
-1.071713e-01
1.714845e-01
-1.700816e-02
-1.314404e-01
5.329724e-02
-5.449955e-02
1.773394e-03
-6.340609e-03
-1.501311e-02
6.812105e-03
3.562643e-02
1.412402e-03
-7.104646e-02
-1.427008e-02
-1.498090e-02
-2.358724e-02
2.252288e-03
2.818580e-02
-8.130788e-02
-8.000287e-02
-2.143781e-02
-3.051230e-02
-7.167881e-02
-5.381540e-02
-2.917510e-02
-8.249173e-02
-7.297979e-02
-6.875170e-02
-1.138971e-02
-5.059607e-03
-6.473215e-02
-2.356025e-02
3.933842e-02
-1.416088e-02
-3.697381e-02
-2.195097e-02
4.480598e-02
-5.441009e-02
-2.178121e-02
4.386021e-02
-1.565668e-03
4.329567e-02
2.929869e-02
-2.636084e-02
3.911665e-02
1.674846e-02
-4.490113e-02
2.158156e-02
2.053385e-02
5.905743e-02
-2.037713e-03
1.539774e-02
1.840650e-02
-1.501408e-02
8.801721e-02
9.049550e-02
1.730262e-02
5.059259e-02
1.215175e-01
1.012407e-01
7.712142e-03
2.452966e-02
1.623778e-02
2.545595e-02
1.253252e-05
-7.172921e-02
6.083425e-02
-9.065934e-03
-2.287850e-02
-4.388088e-02
2.879809e-02
-1.551106e-02
-6.772137e-02
2.151778e-01
-1.088252e-02
-3.160249e-02
3.149315e-02
-4.439311e-02
2.472275e-02
1.014290e-02
-5.043492e-02
5.983449e-02
2.742227e-02
-1.973925e-02
7.340302e-02
3.597923e-02
-3.877728e-03
1.512679e-02
3.654838e-02
6.480398e-02
1.930412e-02
2.567594e-02
4.027494e-02
2.918505e-02
7.959851e-04
-1.073685e-02
2.028667e-02
-4.015532e-03
5.090477e-02
-4.399388e-02
2.317202e-02
4.887064e-02
-3.847203e-02
2.285529e-02
6.066621e-02
2.487779e-02
-9.684401e-02
-2.474098e-02
3.810650e-03
-8.928660e-02
-1.917067e-02
2.529628e-02
5.373551e-02
9.906951e-03
3.049203e-02
-7.102470e-02
-1.901881e-02
4.389465e-02
-1.362960e-01
-8.724893e-02
1.497650e-01
4.010388e-02
4.875297e-02
-7.182284e-02
-3.754753e-02
5.981579e-02
-1.610930e-02
5.607722e-03
8.463652e-02
3.720474e-03
5.423296e-02
5.623722e-02
8.637143e-04
-1.040085e-02
-2.041298e-02
-3.002625e-02
7.950722e-03
1.778667e-02
-4.051499e-02
-1.207508e-02
7.057917e-02
2.571974e-02
-5.889658e-03
1.164229e-01
4.210439e-02
-3.169224e-01
-2.619087e-02
1.211187e-01
8.311022e-03
-6.322981e-02
1.464342e-02
-2.374289e-02
1.573829e-02
-8.812097e-02
4.285265e-02
1.568240e-02
-2.018182e-02
5.572523e-03
5.907677e-02
5.296430e-02
2.363431e-02
3.919428e-03
8.504600e-03
4.652282e-02
3.467874e-02
-1.912419e-03
2.648137e-02
3.108326e-02
3.030612e-02
-1.545415e-02
1.943522e-02
-1.700634e-02
1.473751e-02
-1.611670e-02
1.140454e-03
1.767199e-02
-1.585270e-03
-6.960937e-02
-2.619310e-02
-6.883221e-02
2.973170e-02
7.506753e-03
1.182177e-02
-1.209106e-02
-2.658164e-02
-1.348222e-02
5.729270e-02
5.571437e-02
-4.093594e-03
-1.948073e-02
-2.846123e-02
5.349658e-02
-5.646161e-02
-7.032677e-02
-7.088379e-03
-5.695012e-02
3.250949e-02
5.984847e-02
-5.659742e-02
-1.277459e-02
3.478506e-02
-5.973788e-03
-3.594989e-02
-1.711018e-03
2.534767e-02
1.410469e-01
5.177981e-02
2.487602e-02
9.814531e-02
4.610835e-02
-9.281471e-02
-8.460110e-02
-4.117361e-02
9.198808e-02
1.041000e-01
1.621096e-01
8.445502e-02
1.908883e-01
4.751654e-02
6.429864e-02
1.854050e-01
-2.202956e-02
3.346977e-02
5.161018e-02
3.024336e-02
2.196669e-02
1.359105e-02
1.198443e-02
7.892571e-04
5.778641e-03
2.661561e-04
3.304505e-02
4.310419e-02
3.168821e-02
5.829011e-02
8.157393e-02
6.667697e-02
7.230547e-02
8.492645e-02
5.602695e-02
5.848641e-02
-2.141664e-02
3.189564e-02
5.107593e-02
2.745502e-02
4.237524e-02
-7.033309e-03
2.273998e-02
-1.377235e-02
-2.389150e-02
2.078201e-02
-3.071888e-02
5.631514e-02
-3.196177e-02
2.219310e-02
7.375886e-02
1.132129e-02
-4.637869e-02
9.199043e-02
1.136796e-01
7.078182e-02
-3.731225e-03
-6.162635e-03
1.503236e-02
-1.058603e-01
-1.413987e-01
-3.615954e-02
-2.963370e-02
-1.267217e-01
-1.014607e-01
1.989237e-02
-2.360397e-02
7.754324e-03
1.180196e-01
1.779834e-01
1.227445e-01
-5.668648e-02
-7.161624e-02
-5.266043e-02
1.875108e-02
-2.265121e-03
2.198262e-02
2.459042e-02
1.319553e-02
4.103695e-02
-3.685211e-02
1.163587e-01
-2.780199e-02
3.193329e-02
-7.581697e-02
8.115841e-02
1.260359e-02
2.834222e-02
5.932314e-03
-6.638024e-02
-1.156366e-01
-5.636669e-02
2.093047e-02
4.114138e-02
-2.533729e-02
6.298001e-02
6.823742e-02
-3.867792e-02
-1.073022e-01
-1.449127e-01
-9.362150e-02
9.309204e-04
-4.203339e-03
2.562840e-02
4.281993e-02
7.420450e-02
-9.548883e-03
-2.631090e-02
7.872960e-03
4.888741e-03
-6.855050e-02
-1.606205e-01
-4.326023e-02
-1.156011e-02
-2.359475e-02
5.651944e-03
3.908509e-03
-2.217223e-02
1.704758e-02
1.109097e-02
6.205170e-02
-3.692900e-02
4.253158e-02
-1.110518e-02
5.287840e-03
-1.189537e-02
1.647006e-02
-1.073847e-02
3.943411e-02
2.401394e-02
1.057377e-02
-2.307651e-02
-3.709059e-02
3.860516e-02
4.413642e-02
7.205657e-03
-1.141986e-02
-1.178670e-02
7.203394e-04
3.348361e-02
-5.440664e-02
2.186689e-02
-8.966119e-03
-2.165568e-02
4.528186e-02
-2.991180e-02
-3.475242e-02
-1.844294e-02
4.006961e-02
-1.438223e-02
2.064043e-02
2.109443e-02
2.845807e-02
1.478322e-01
-5.912538e-02
1.678503e-02
-7.069341e-02
-1.427618e-02
7.333418e-02
4.362226e-02
1.694364e-01
1.682677e-02
2.070232e-02
7.247923e-02
2.111499e-02
3.298074e-02
2.142720e-02
-1.037075e-02
-2.478491e-02
-9.561808e-03
-2.347689e-02
-3.337765e-02
-1.899518e-04
-2.660729e-02
-9.945933e-03
-1.113792e-02
6.336495e-04
2.238589e-02
3.719873e-02
-1.556063e-02
1.087605e-01
5.585808e-03
1.429697e-03
-7.709002e-03
-2.548809e-02
-1.640638e-02
-4.078693e-02
-1.192048e-02
-3.720817e-02
-9.827705e-02
4.178661e-02
-5.382954e-02
7.187304e-02
-1.618165e-03
1.511346e-02
-5.905059e-02
-2.023659e-02
-2.410895e-02
3.024143e-02
6.399482e-02
1.014188e-01
1.477336e-01
6.772558e-02
-5.267608e-02
-3.936552e-02
-8.589503e-02
-2.485846e-02
-2.554432e-02
5.001599e-03
-9.044308e-03
1.425972e-02
-1.229045e-02
1.740207e-02
-4.212451e-02
-2.118982e-02
9.199765e-03
8.146892e-03
1.196267e-02
-2.862039e-02
-3.431664e-02
2.939917e-02
6.530818e-02
4.763988e-02
2.330579e-02
2.801730e-02
-3.485031e-01
7.056972e-02
-7.031213e-02
4.376502e-01
-2.327855e-02
-8.001157e-03
-1.739223e-01
-1.416022e-01
-4.368677e-02
1.019015e-02
-6.167541e-02
4.665196e-02
-8.713702e-02
-1.094389e-02
4.555801e-02
-6.746956e-04
4.373069e-02
-3.750019e-03
-3.341158e-03
4.067102e-03
-1.435814e-02
-1.437206e-02
-1.118242e-02
-4.443068e-02
-4.480153e-02
-5.028407e-02
2.587078e-02
1.868892e-03
-1.790736e-02
-2.129683e-04
-1.648881e-02
-4.325190e-02
9.457327e-03
4.348520e-03
-1.722449e-02
-3.809978e-02
3.017683e-02
5.009542e-03
2.655252e-02
1.130611e-01
7.121459e-02
-1.184322e-02
2.790974e-02
1.697712e-02
-2.670632e-02
-9.193128e-02
-1.701725e-02
-4.942567e-02
-1.481692e-01
-6.259028e-02
-4.744950e-03
-5.816101e-02
-2.463800e-02
6.495103e-03
2.315835e-02
-6.088642e-03
-7.472588e-03
2.954491e-02
-2.024251e-03
-1.656722e-02
4.107352e-02
-6.840510e-04
-4.064184e-02
-1.948072e-02
9.050963e-03
-2.442005e-02
-2.336363e-02
-1.575739e-02
-2.563797e-02
-2.954360e-02
-4.113144e-02
7.475901e-03
4.720317e-02
2.001795e-02
1.095753e-02
4.276236e-02
5.750066e-02
2.098027e-02
7.623132e-03
5.868853e-02
-1.668713e-02
-1.446982e-02
-8.668065e-03
-1.605090e-02
-1.354170e-02
-1.097426e-02
-1.417533e-03
3.904026e-03
1.102160e-02
8.497611e-03
-3.424241e-03
-1.163442e-02
-1.084249e-02
-6.677681e-03
-1.500056e-02
-1.124011e-02
-1.276259e-02
-2.285897e-02
6.580513e-03
1.582302e-03
-2.755749e-02
-3.446189e-02
-2.940619e-02
-3.628663e-02
-2.866654e-02
-4.101822e-02
-2.887434e-02
3.802704e-02
-1.073447e-01
-2.642830e-02
2.096280e-02
-1.018756e-01
-4.545762e-02
8.780434e-02
6.830583e-02
4.652711e-02
-4.483962e-02
-5.428820e-02
-2.222678e-02
-1.963164e-02
-1.556389e-02
1.164117e-02
2.012946e-02
1.399150e-02
4.503527e-02
-1.851863e-02
-1.959177e-02
-3.937563e-02
-1.478879e-02
-1.338602e-02
-1.226342e-02
-8.650678e-03
-3.984588e-02
-3.166279e-02
-4.500736e-02
-8.068922e-02
-6.477058e-02
-3.867020e-02
-7.741556e-02
-7.749248e-02
8.101393e-03
-1.607735e-02
-1.238615e-02
1.418426e-02
1.162843e-02
5.089304e-02
4.693367e-02
3.147307e-03
-2.073368e-02
-3.877737e-02
7.831569e-03
-1.052357e-01
2.457681e-02
1.354537e-02
-1.657971e-02
4.747368e-02
3.850503e-02
1.671356e-02
6.314811e-02
8.425663e-02
7.850187e-02
3.749203e-02
1.868773e-02
-1.693439e-02
-2.228274e-02
-2.112592e-02
-4.098435e-02
6.493690e-02
7.560859e-02
3.426514e-02
8.381207e-03
2.308252e-02
-4.578339e-03
1.131886e-02
1.888030e-02
5.755388e-03
9.279626e-03
1.064527e-02
1.873970e-03
-1.450485e-01
-8.294833e-02
-1.325778e-01
-5.859180e-02
-2.806121e-02
-5.090417e-02
-1.011183e-01
-7.580061e-02
-9.345883e-02
-5.848756e-02
-3.280487e-02
5.977570e-02
-7.915802e-02
-5.980903e-02
3.640749e-02
-4.547896e-02
-2.572065e-02
9.635728e-03
4.083153e-03
3.696753e-02
2.244035e-02
-7.084516e-03
5.142480e-02
6.054640e-02
-3.920805e-02
3.085536e-02
3.574881e-02
-6.498558e-02
-5.533222e-02
-1.035248e-01
1.503367e-02
2.694556e-02
-4.999325e-02
-1.008064e-02
2.043996e-02
-3.454494e-02
-2.538207e-03
3.700167e-02
-1.654411e-02
-1.203860e-02
4.377852e-02
-4.829170e-02
1.960615e-02
3.176450e-02
-8.141218e-03
1.497863e-02
6.315140e-03
-1.667391e-03
3.334688e-02
2.709730e-02
1.559054e-02
2.787129e-02
2.276324e-02
1.563736e-02
2.423263e-03
5.646664e-03
3.101762e-03
8.475767e-03
1.981914e-02
3.442087e-03
2.092210e-02
2.612486e-02
3.198458e-03
-3.533938e-02
1.421572e-02
4.045002e-02
-3.711338e-02
6.104031e-03
1.615314e-02
-4.590380e-02
-2.040310e-02
3.584303e-03
1.220190e-02
-2.898803e-02
1.087763e-02
4.479436e-02
-1.147434e-02
1.184031e-02
9.383257e-02
9.661149e-02
3.308987e-02
-8.395100e-03
1.882067e-02
-4.176822e-02
4.896551e-02
6.317095e-02
-1.508512e-02
-1.480027e-02
-3.245451e-03
-7.172564e-02
-1.371961e-02
2.710853e-02
-1.240484e-02
-1.426336e-02
6.087070e-03
-9.854729e-03
4.001644e-02
4.790018e-02
3.225804e-03
1.182394e-02
-1.651181e-02
-2.975300e-03
1.165399e-02
-2.789105e-02
-8.444730e-03
3.530222e-02
-1.285758e-03
8.423960e-03
-5.039065e-02
1.828785e-02
-8.632087e-02
5.412794e-02
1.710960e-02
2.104974e-02
1.112508e-02
8.024999e-02
-7.145087e-02
-1.265796e-02
1.543639e-02
-3.207260e-03
-7.224543e-03
1.748591e-02
9.598471e-04
-1.337325e-02
9.820806e-03
1.513172e-03
-6.592322e-03
-5.855667e-02
-6.485726e-02
4.991580e-02
7.310057e-02
4.958727e-03
1.220572e-02
2.811081e-02
1.036610e-02
-4.248961e-02
-4.910565e-02
-3.657025e-02
-1.864032e-02
-7.495903e-02
-3.389276e-02
5.540909e-03
-2.824782e-02
-3.410247e-02
-1.920285e-02
-5.698936e-03
-1.381526e-02
-2.659717e-02
1.887832e-02
-2.006347e-02
-1.752311e-02
-9.020531e-03
-3.440884e-02
8.699634e-02
5.477844e-02
-3.085506e-02
5.157154e-02
8.580456e-03
-2.097525e-02
2.132719e-02
-1.223637e-02
3.528321e-02
-5.537223e-02
4.612152e-02
7.731373e-02
-1.101238e-01
7.888601e-03
1.046195e-01
-6.158574e-02
-4.979115e-02
1.481764e-02
7.504806e-03
-6.392362e-03
-4.034127e-02
8.122020e-02
4.264815e-02
1.948143e-02
4.453133e-02
2.857665e-02
-4.115730e-02
-2.038584e-02
-5.691211e-02
2.084658e-02
-7.512939e-03
-1.235826e-01
7.794841e-02
-1.971015e-02
-1.641222e-02
-2.719507e-02
4.476066e-02
5.540396e-02
4.097132e-02
4.456216e-02
7.873590e-02
2.696993e-02
7.103749e-03
2.669488e-02
2.272452e-03
-5.610416e-03
-1.525786e-02
-1.906337e-02
1.715611e-02
-5.667223e-03
-1.693966e-02
3.984810e-02
1.721810e-02
7.130123e-03
2.623695e-02
5.389039e-02
-1.170898e-02
5.435763e-02
2.543659e-03
-1.150305e-02
4.857183e-02
4.083992e-02
1.485654e-02
1.015032e-02
-9.195075e-03
-1.715546e-02
-2.243428e-03
4.826783e-02
-3.815769e-02
9.491500e-04
-1.338137e-02
2.202566e-02
5.477137e-02
9.837370e-02
-5.433146e-02
2.823792e-02
6.399415e-02
-7.304223e-02
-7.172564e-02
-1.029224e-01
-1.488236e-01
-3.280010e-02
1.074336e-02
-2.481346e-02
-3.230180e-02
2.720725e-02
9.893992e-04
4.387565e-02
4.874186e-02
5.929307e-02
-1.993702e-02
-9.664969e-03
3.357651e-02
-2.428387e-02
1.758493e-03
1.278853e-02
-1.701385e-02
1.013326e-02
-1.124231e-03
3.345470e-02
2.766061e-02
-3.518057e-02
-1.438708e-01
3.325477e-01
-4.422560e-02
-7.478271e-02
-1.456683e-01
-5.131946e-02
1.751364e-02
-5.437706e-02
-2.884747e-02
-2.599156e-03
-5.753491e-02
-3.604885e-02
-6.873642e-02
-2.660535e-02
-8.554659e-02
-6.352690e-02
-1.970974e-02
4.090409e-02
2.829075e-02
4.012641e-02
7.685003e-03
5.772815e-02
2.715761e-02
7.771330e-03
1.931771e-02
-5.233971e-02
-1.518373e-02
-8.079216e-02
-1.191714e-01
-9.661862e-03
-4.873766e-02
-7.040742e-02
-1.765862e-02
-5.745362e-02
1.896021e-03
1.392122e-02
-6.308239e-02
3.576390e-02
3.397463e-02
-4.920598e-02
-3.593468e-02
4.944036e-02
2.342233e-02
4.914464e-02
-4.589573e-02
5.523046e-02
1.126445e-02
7.902975e-03
-3.361592e-02
7.441511e-03
3.961720e-02
-8.072036e-02
-2.816832e-02
6.889689e-02
-5.330682e-02
-3.415960e-02
9.078804e-02
-2.395117e-02
-9.218200e-02
-2.666326e-02
-3.689871e-02
-1.808899e-03
6.162608e-03
-8.763679e-02
-1.065682e-02
1.337634e-01
-8.246529e-02
-1.819424e-02
6.368828e-02
6.481986e-02
-1.101119e-01
6.805085e-02
-7.147785e-03
-9.389877e-02
1.713535e-01
-1.758006e-02
6.385139e-02
6.676495e-02
2.295961e-02
8.303642e-02
9.029718e-02
2.029003e-02
6.054339e-02
3.253436e-02
-3.941033e-02
-2.357304e-02
-1.037672e-02
2.489826e-02
-1.304368e-02
-1.742816e-02
7.282737e-03
-5.855435e-03
1.260266e-02
1.580638e-02
4.015720e-02
4.354332e-02
3.992079e-02
1.755244e-02
-2.658608e-02
-2.135876e-02
-5.366851e-02
3.234086e-02
-3.162324e-02
-1.262273e-02
3.297323e-02
-2.958343e-02
-2.621030e-02
-3.192343e-04
-3.759192e-02
1.793008e-02
8.924663e-03
4.552321e-03
1.771521e-02
2.963621e-02
1.933155e-02
9.447224e-02
-5.943333e-02
2.714484e-02
1.931746e-02
-9.722225e-02
-1.054007e-01
-1.501040e-01
-6.044289e-02
-1.857256e-02
-5.082475e-02
-8.982893e-02
8.150530e-02
7.202747e-03
-6.333542e-02
7.065751e-02
2.709690e-02
1.667155e-02
-2.154806e-03
-1.568716e-02
-1.312151e-02
-9.985113e-04
3.895514e-02
8.591316e-03
4.854200e-02
4.033036e-02
-4.253318e-02
-1.639311e-01
6.997066e-02
9.104928e-02
-1.073425e-02
2.882731e-01
-1.273364e-01
4.755712e-02
-8.636846e-02
3.784947e-02
6.665668e-02
-6.049710e-02
-1.462286e-02
-5.451811e-02
-2.935143e-02
3.944735e-02
-1.000497e-02
3.579410e-02
-6.687489e-02
-3.530901e-02
-2.463064e-03
1.513551e-02
-2.942767e-02
-5.637224e-02
-2.204733e-02
-1.408165e-03
-3.578863e-02
-3.240782e-02
-3.338668e-03
-9.767271e-03
1.827139e-02
-3.164139e-02
-2.321131e-02
1.118927e-03
3.211952e-03
-4.660018e-03
-6.315521e-04
-8.008123e-02
-4.464967e-02
-2.223763e-02
-6.349036e-02
1.633922e-02
1.008731e-03
-2.799176e-02
1.288344e-02
2.473017e-02
-8.615291e-02
-6.211105e-02
3.741979e-02
-8.128100e-02
-1.235692e-01
1.895978e-02
-2.732471e-02
-6.815396e-04
8.493393e-02
4.170534e-02
1.056735e-02
-5.450382e-02
3.358080e-02
2.061233e-02
-4.731257e-02
-1.017000e-02
5.763361e-03
-4.840644e-03
-1.775078e-02
-7.131284e-02
-1.583740e-02
-5.244873e-02
-1.135667e-01
-7.477709e-02
-1.251068e-02
-4.337618e-02
-3.605178e-02
3.385969e-02
3.732761e-02
-2.368755e-02
9.691536e-03
9.417067e-03
-4.572393e-02
-3.034134e-02
-2.359829e-02
-9.122121e-02
-2.654850e-02
-3.149720e-02
-2.762070e-02
-2.742960e-02
-4.523573e-02
-3.805180e-02
-2.379022e-02
-3.521825e-02
-2.642573e-02
1.881582e-02
1.981002e-02
2.829412e-02
-1.907065e-02
-1.606517e-02
-1.161077e-02
-4.832673e-02
-5.324066e-02
-4.806764e-02
-7.010374e-03
-1.519089e-02
1.165437e-02
-6.341274e-02
-6.057526e-02
-6.733182e-03
-5.523503e-02
-4.434713e-02
-1.448929e-02
-2.909920e-02
-1.139441e-01
1.514071e-02
-2.807823e-02
-1.300637e-01
-6.059230e-03
4.765113e-02
3.258174e-02
1.008348e-01
-3.006611e-02
-6.880067e-02
-1.513640e-02
-6.896649e-03
-4.075590e-02
2.791631e-03
2.987359e-02
3.987493e-02
7.005011e-02
-2.420465e-02
3.636380e-02
-2.275993e-02
-1.335805e-02
2.315640e-02
-6.087908e-04
-8.310742e-02
-7.475521e-02
-5.329980e-02
1.410072e-02
-1.159242e-02
1.408526e-02
-3.185867e-02
-7.312964e-02
-4.310374e-02
-1.006156e-02
-5.908044e-02
-3.547474e-02
4.770443e-02
-4.010197e-02
1.206952e-02
7.749728e-03
-3.921780e-02
-1.087359e-01
3.339004e-02
-5.493306e-02
-2.078893e-02
4.905253e-02
1.730412e-02
3.496267e-02
9.658801e-03
4.100887e-02
3.831790e-02
6.047445e-02
8.077699e-02
7.182998e-02
3.541444e-02
5.746739e-02
3.541647e-02
5.462298e-03
-4.323065e-02
-5.800472e-02
-2.512613e-02
-4.451200e-02
-1.216233e-02
-8.695102e-02
-4.930417e-02
-3.897327e-02
-1.170700e-01
9.096006e-03
4.559601e-02
-9.495316e-02
-6.123200e-02
3.937501e-03
4.603291e-03
1.313868e-02
-1.546465e-03
-1.847226e-02
-1.887946e-04
1.301574e-02
-3.811002e-03
5.789329e-02
1.341918e-02
-4.228816e-02
-6.692976e-02
5.278281e-02
1.010735e-02
-1.390151e-02
8.318079e-02
-5.388740e-03
-3.158356e-03
3.853640e-02
-4.102272e-02
-3.699056e-02
-5.874469e-02
-7.799928e-03
5.494188e-03
-6.010444e-02
-6.189209e-02
-4.307882e-03
-8.026165e-03
-3.517306e-02
-5.417433e-02
6.475612e-02
-1.128951e-01
3.403001e-03
1.917832e-01
-9.890903e-02
-6.626048e-02
1.388414e-01
-1.225888e-02
-1.018911e-01
-1.033335e-01
-2.785276e-02
2.590776e-02
-2.766128e-02
-7.453165e-02
-8.735912e-02
-4.220553e-02
1.526101e-02
2.975939e-02
3.732004e-02
1.846014e-02
1.020369e-02
1.216189e-02
2.671543e-02
1.316896e-02
-4.963777e-03
2.841806e-03
-9.703355e-03
-2.105770e-02
-2.311861e-02
-5.226545e-03
1.248087e-02
-4.275338e-02
-3.954305e-03
2.191177e-02
-3.694124e-02
-2.385534e-02
6.626922e-02
-1.083506e-01
8.757518e-03
9.348563e-02
-3.190355e-02
3.100530e-02
8.990119e-02
-3.845948e-02
-6.788208e-02
-3.132190e-03
-1.572887e-03
-5.387575e-02
6.571678e-03
3.704613e-02
-1.303263e-03
-2.884734e-02
1.024568e-02
-3.147671e-02
4.348527e-02
-6.105075e-02
-1.045915e-01
-5.092751e-04
-2.197689e-02
-3.985879e-03
5.659047e-02
1.086783e-01
1.684844e-02
-1.125429e-01
1.877806e-01
-2.809762e-03
-2.283566e-01
6.810619e-02
3.559322e-02
-1.161671e-01
1.792364e-02
4.149246e-02
1.049886e-02
1.555392e-02
3.426771e-02
1.107545e-02
6.004045e-03
-5.329015e-02
-2.250682e-02
2.116996e-02
6.753228e-02
2.263604e-02
4.925795e-02
-1.960272e-01
-1.250327e-01
1.428959e-02
2.819967e-02
4.748258e-02
-6.991690e-02
-2.965921e-02
-2.402731e-02
-1.076323e-01
-1.021845e-02
-4.019552e-02
5.841032e-02
-2.171485e-02
-6.027424e-02
2.049791e-02
3.812131e-03
-7.345926e-03
5.773860e-02
8.032615e-02
8.816291e-02
6.933237e-02
6.254353e-02
5.145602e-02
3.005267e-03
5.664492e-03
1.482444e-02
-1.966740e-02
-9.064690e-03
-1.306097e-02
-1.339846e-02
4.604950e-03
-1.079380e-02
-4.183576e-02
-4.117107e-03
-4.191177e-02
3.373424e-02
3.277864e-02
1.429514e-02
3.272549e-02
2.140036e-02
1.874024e-02
4.056392e-02
5.001310e-02
5.823360e-02
-2.636525e-02
1.408469e-03
2.093614e-02
-4.353930e-02
-2.634876e-02
-5.234931e-02
-1.805482e-02
6.595803e-03
3.985296e-02
-2.943501e-02
3.808375e-03
2.495874e-02
-6.518804e-02
-1.729050e-02
-2.084275e-02
-6.778454e-02
-2.620685e-02
-6.739339e-02
5.142231e-02
7.810085e-02
1.776627e-02
-2.032824e-02
-1.054464e-02
-3.833610e-02
-4.696207e-02
-6.139238e-02
-3.036595e-02
-4.307979e-02
1.256249e-03
-3.443702e-02
-8.339994e-02
2.749069e-02
-6.180539e-02
-9.477531e-03
-7.600432e-03
-1.281771e-02
-6.088590e-03
-2.690694e-02
-9.521225e-03
-1.892141e-02
-3.071581e-02
-1.142939e-02
-1.763125e-02
-1.486525e-02
-1.170027e-02
2.501594e-03
9.966521e-03
8.638148e-03
-1.024791e-02
6.920971e-03
4.776791e-03
-1.662925e-02
-1.283771e-03
-1.237938e-03
-1.575726e-02
1.807889e-03
-3.003221e-03
-4.268974e-02
-2.388130e-02
-4.462431e-02
-1.510625e-02
-4.049525e-02
-2.573900e-02
-1.983888e-02
-2.185743e-02
-4.358245e-02
-7.939276e-03
-2.880090e-02
-7.084608e-02
2.196122e-02
5.538350e-02
2.601141e-02
3.417162e-02
3.699271e-02
1.873625e-02
-4.722963e-02
-5.194063e-02
-4.628786e-02
-3.035742e-02
-2.499689e-02
-8.636046e-03
-4.686149e-02
-4.224283e-02
7.216209e-03
-2.552979e-02
-1.216566e-02
8.183663e-03
1.844391e-02
3.379986e-02
4.051657e-02
-5.222545e-03
-1.197935e-02
-1.226748e-02
-3.757194e-02
-4.315795e-02
-4.110755e-02
-3.258716e-02
7.436369e-02
4.060775e-03
4.450857e-02
4.843283e-02
9.724547e-02
2.491948e-02
-6.605333e-02
-3.092395e-02
6.482827e-03
1.092455e-02
1.295872e-02
-2.907080e-03
2.718002e-02
-3.967485e-03
-3.820819e-02
-3.347012e-03
-3.675083e-02
4.695595e-02
5.207589e-02
7.718519e-03
-9.686260e-02
-5.593479e-02
5.575100e-02
-2.156507e-02
2.508241e-03
7.218684e-02
3.068386e-02
1.014656e-02
-3.161612e-02
6.061522e-02
1.102399e-02
-1.653447e-01
7.807456e-02
7.982787e-02
-8.811227e-03
-4.907718e-02
-5.859612e-02
5.038516e-02
-2.744005e-03
-2.965207e-02
7.063635e-02
1.630769e-02
-4.468353e-02
-2.763288e-02
-1.030243e-02
-8.199374e-03
5.395983e-02
-4.179977e-03
-1.214596e-02
3.044177e-02
5.665108e-02
1.348108e-02
4.464196e-02
-9.082513e-02
-2.061811e-01
-1.081925e-01
1.543499e-02
-2.567591e-01
-1.414238e-01
3.627525e-02
-1.639722e-01
-9.181799e-02
-5.341800e-04
-1.758328e-03
3.685640e-02
2.004194e-02
9.424466e-03
-2.393184e-02
-9.940792e-03
1.672670e-03
3.308526e-02
-4.084760e-02
6.787548e-02
-9.683974e-02
3.150162e-02
9.294245e-02
-2.043309e-01
-3.629417e-02
-3.626505e-02
-1.079302e-01
-2.315064e-02
2.760129e-02
5.008120e-02
-4.499166e-02
1.295255e-02
6.605922e-02
-7.564685e-02
-2.445265e-02
1.879778e-02
-9.445328e-03
9.969258e-03
-4.552019e-03
1.530729e-03
2.195616e-02
1.066294e-02
-1.891735e-02
-6.069221e-03
2.772717e-02
-2.560528e-02
-7.432638e-03
-8.495479e-03
6.198014e-03
5.548048e-02
-7.214691e-02
-1.093838e-02
3.822403e-02
-9.777235e-03
2.139369e-03
3.335502e-02
-8.909063e-03
8.397321e-04
-5.234891e-02
-2.205389e-03
1.972246e-02
6.541580e-03
-5.029301e-02
-7.619043e-02
-2.235222e-02
2.180353e-01
-1.143102e-01
3.640704e-04
2.432412e-01
8.310111e-06
3.851543e-02
8.342516e-02
-1.442661e-02
-3.005962e-02
3.160130e-02
-2.173508e-02
-2.930558e-02
3.471544e-02
1.434622e-02
-2.187788e-02
-3.647091e-02
4.860922e-02
4.190810e-03
-4.168011e-02
5.470665e-02
1.552011e-02
-8.658153e-02
-9.428528e-03
-4.015341e-02
-5.422887e-02
1.070950e-01
-6.855758e-02
-1.674110e-02
-1.794688e-01
-3.565747e-01
3.826924e-01
8.191603e-02
-6.412869e-02
-4.789216e-02
-1.976636e-02
4.124459e-02
1.063001e-02
6.987058e-03
4.259872e-02
-9.039493e-02
-3.303756e-02
6.729604e-03
3.760054e-02
-5.416530e-02
-7.374655e-02
-8.736243e-02
-1.573222e-02
3.020488e-02
-1.162986e-02
-4.043474e-02
2.377977e-02
1.876067e-02
-6.711450e-02
-4.709906e-02
-9.076312e-02
-1.793570e-02
1.086965e-03
-5.158891e-02
-4.378817e-02
-1.456917e-02
-8.592648e-02
-1.001876e-02
2.920540e-02
-9.968911e-03
2.065985e-02
5.565977e-02
-1.885394e-02
-4.741452e-02
2.700474e-03
1.443433e-02
2.602055e-02
3.775124e-03
4.305226e-02
-4.792212e-02
-5.148622e-02
2.983092e-02
2.238766e-02
-1.575278e-02
4.001478e-02
-1.168477e-01
-4.053040e-02
8.751431e-02
-1.419306e-01
-7.361721e-02
8.277132e-02
-1.065983e-01
-9.679386e-02
-2.268395e-02
-4.214553e-02
1.167780e-02
4.633025e-02
-5.267727e-02
-2.251731e-02
-1.588284e-03
-1.736945e-02
1.173818e-02
-2.614534e-02
-1.497065e-02
-2.606169e-02
4.338881e-02
-3.779573e-02
-8.606704e-02
1.823879e-02
-1.935441e-02
-3.921641e-02
3.024596e-02
2.899561e-02
5.318828e-02
6.736802e-02
3.084159e-02
5.842690e-02
5.708099e-02
-1.367185e-02
1.202326e-02
1.581019e-02
1.259120e-04
-1.448111e-02
-2.497530e-02
9.476670e-03
-9.049267e-04
-2.033749e-03
4.315904e-03
3.020982e-03
2.759592e-04
6.765865e-03
-7.370424e-03
-2.819387e-03
2.638962e-02
2.310694e-02
-1.773999e-03
9.842648e-03
4.312337e-03
-1.501615e-02
4.777282e-02
-8.269950e-02
-4.706033e-02
3.321404e-02
-3.007086e-02
9.343272e-03
3.302475e-02
9.519770e-03
-2.473828e-02
8.681422e-03
6.283422e-02
-3.287078e-02
2.229494e-02
1.100812e-01
9.379962e-03
-8.114803e-02
-8.038154e-02
-8.484396e-02
-1.097707e-02
-6.494561e-03
-6.102588e-02
4.664978e-02
6.336483e-02
1.043131e-02
1.980738e-02
-7.370346e-05
4.121025e-03
8.790112e-03
-1.852815e-03
-1.116392e-03
1.404713e-02
-1.938648e-02
-1.377995e-02
4.590475e-02
2.688434e-03
-3.441130e-02
-2.425143e-02
5.964627e-03
-7.392533e-02
-6.674053e-02
2.637796e-01
1.129877e-01
-2.109579e-01
-1.842596e-02
-2.162373e-02
-8.469288e-02
-6.378157e-02
-5.269431e-02
-2.232857e-02
1.078476e-02
-2.615691e-02
-7.985562e-02
-3.794902e-03
-8.783247e-02
-1.208613e-02
-3.710966e-02
-4.936808e-02
-1.753100e-02
5.004223e-03
-1.525695e-02
8.588671e-03
1.204781e-02
3.086980e-02
4.829570e-02
1.404934e-01
4.422426e-02
1.206098e-01
1.693853e-01
1.012527e-01
3.672616e-02
1.542511e-01
5.217187e-02
3.742897e-02
4.462688e-02
9.182941e-03
4.319154e-02
3.417165e-02
3.009557e-02
-1.473259e-02
-2.457541e-04
-1.339915e-02
-1.041135e-02
3.543529e-02
3.514541e-02
-1.159731e-02
3.318566e-02
2.800179e-02
1.867601e-02
2.451069e-02
3.592416e-02
3.652086e-02
8.143480e-02
2.068703e-02
5.904477e-02
9.420297e-02
1.895899e-02
9.807972e-02
9.003162e-02
2.755704e-02
1.269233e-02
-4.079241e-02
-4.496138e-02
3.938946e-04
-2.327061e-02
-2.939197e-02
-2.055833e-02
-1.545640e-02
-1.381327e-02
-4.371289e-04
2.923851e-02
-2.709053e-02
5.556725e-03
5.332023e-02
8.489829e-03
-1.156856e-02
2.907522e-02
-3.306961e-02
2.215039e-02
-7.498540e-03
-8.945715e-03
1.787917e-02
-7.012792e-03
-1.077208e-02
8.258813e-03
3.789933e-03
-5.975427e-03
5.595243e-03
1.303544e-02
-9.336777e-03
2.066919e-02
2.009040e-02
-1.107529e-02
1.007140e-02
1.607507e-02
-8.115719e-03
-1.885155e-02
-1.875859e-02
-6.970333e-02
5.621467e-02
3.508299e-02
-9.638035e-03
-2.826234e-02
-3.066448e-02
-4.178315e-02
-1.964837e-02
2.751539e-04
-1.012582e-02
1.687192e-02
6.662732e-03
-1.314267e-02
1.805989e-03
-1.474300e-02
3.403310e-03
2.826381e-02
-4.462639e-03
-2.723751e-02
1.504295e-02
-1.700433e-02
-4.540515e-02
6.381643e-02
3.759093e-02
-2.352546e-03
1.702505e-03
2.440118e-02
3.966549e-03
6.403555e-03
-4.295486e-03
-1.456701e-02
2.041179e-02
-2.169888e-02
-2.419549e-02
-4.461714e-02
-9.674854e-03
4.477089e-02
-2.616186e-02
1.935153e-02
4.878157e-02
-7.526094e-02
2.656865e-03
-7.784036e-03
-6.662700e-02
3.259528e-02
1.473240e-02
-2.662195e-02
-4.470775e-02
-3.180035e-02
-2.376562e-02
-2.569631e-02
2.481610e-03
-1.868607e-02
-5.715797e-03
-3.057232e-02
6.175366e-02
5.403635e-02
6.144926e-02
-4.753605e-02
2.254583e-02
7.673198e-03
-1.334582e-01
-1.144449e-01
-1.210226e-01
-2.986630e-01
-3.132496e-01
-2.877488e-01
-1.231572e-01
-1.290919e-01
-1.152406e-01
3.091006e-02
3.878742e-02
2.405292e-02
-1.033826e-02
-2.739155e-02
-1.059933e-02
-4.568985e-02
-1.093114e-01
-3.537310e-02
-5.665296e-03
-7.708875e-03
-2.828042e-03
2.002645e-02
7.836957e-02
-1.968166e-02
-1.398015e-02
5.164211e-02
-6.651738e-02
-5.773808e-03
-4.374320e-02
3.122708e-02
6.831711e-03
-2.578715e-02
-1.441294e-02
5.678655e-02
3.751861e-02
2.819430e-02
6.526211e-02
9.116925e-03
-6.092269e-02
3.476617e-02
2.421974e-03
-4.844734e-02
-3.110069e-02
3.331946e-02
1.656911e-02
-1.997484e-02
1.605139e-02
1.341765e-02
5.491799e-04
2.456239e-02
1.466743e-02
-1.703415e-02
-3.768720e-02
1.242158e-02
-3.807434e-02
8.133784e-02
-8.925305e-02
-1.205841e-02
9.153954e-03
-5.986895e-02
-2.773278e-02
-1.434774e-01
3.325317e-02
-4.939836e-02
-5.603807e-02
-5.347538e-02
1.678409e-02
2.935744e-03
8.481750e-03
2.748138e-02
1.406972e-03
-6.385192e-03
-2.247612e-02
-9.042740e-03
-1.230009e-02
-3.425367e-02
-3.527789e-02
-3.798850e-02
-5.421353e-02
-3.988097e-02
-3.037936e-02
-3.288748e-02
4.491302e-02
6.265027e-02
-5.850511e-02
5.540797e-02
4.552229e-02
-7.985710e-02
-3.287243e-02
-1.811154e-02
1.331631e-02
-2.957606e-02
3.336844e-03
-2.850923e-02
-3.921440e-02
-3.274081e-02
1.720104e-02
6.094754e-02
2.455483e-02
-1.099714e-01
-1.122215e-01
-1.008543e-02
3.091541e-02
5.325531e-02
4.940123e-02
2.137974e-01
2.519959e-01
9.312018e-02
-1.628141e-02
-2.190244e-02
3.921186e-03
4.349119e-03
5.039599e-02
-6.693358e-03
4.419780e-02
1.210503e-01
2.228060e-02
7.893444e-02
6.778756e-02
7.921385e-03
1.624629e-02
3.376737e-03
-2.877366e-02
-1.143224e-02
-5.757519e-02
-3.834701e-02
-1.578058e-03
-1.330377e-01
2.447079e-02
-7.154143e-02
-1.363046e-01
-6.701561e-02
8.332304e-02
3.086883e-01
2.682875e-02
1.114216e-02
5.338980e-02
3.267331e-02
-2.464936e-02
7.676073e-03
1.199753e-02
-7.702111e-02
-1.126600e-01
-1.519065e-02
-6.848975e-02
-3.378365e-02
-1.885815e-02
2.642468e-02
5.107646e-02
6.372497e-02
-4.415107e-02
-6.449328e-02
-4.924184e-02
-8.660606e-02
-5.856814e-02
-6.645453e-02
-1.152264e-02
6.050439e-03
-1.554576e-02
1.778354e-01
1.568805e-01
1.578126e-01
4.813080e-03
1.035759e-02
-2.954070e-03
-1.532193e-02
-2.691994e-02
-3.954590e-02
-1.387877e-02
-3.916370e-02
-3.765779e-02
1.139024e-03
2.840506e-03
1.357477e-02
2.002913e-02
3.269979e-02
1.199137e-02
-3.851865e-02
-1.468444e-02
-4.441730e-02
2.921423e-02
2.519909e-02
2.168524e-02
1.731786e-03
7.121382e-03
3.695630e-02
-6.925066e-02
-5.454978e-02
-4.807427e-02
7.552037e-03
2.709239e-02
2.252781e-02
3.060978e-02
3.491713e-02
4.102804e-02
-8.234851e-02
-7.792003e-02
-5.952945e-02
4.878793e-02
6.070844e-02
5.689477e-02
1.472656e-02
-1.225116e-02
1.718686e-02
-8.672597e-02
-8.342735e-02
-1.053300e-01
-2.697962e-02
-3.149876e-02
-2.545189e-02
4.898603e-03
6.208245e-03
8.747582e-03
-8.589860e-03
-5.640622e-03
-5.893381e-03
3.434770e-02
3.977606e-02
3.790136e-02
1.616213e-02
1.807163e-02
2.175890e-02
-3.344400e-03
-1.821794e-02
-2.400581e-02
-4.353811e-03
2.092304e-02
1.840692e-02
-4.561013e-02
-3.024008e-02
-4.473478e-02
-2.200273e-02
-4.194043e-02
-6.883700e-02
-2.099207e-02
-4.338065e-03
1.348615e-02
-3.595234e-02
-1.119324e-03
-9.576598e-03
1.379770e-02
4.106972e-02
2.382955e-02
2.877950e-02
2.813313e-02
1.203770e-02
1.176517e-02
-4.113654e-04
-3.423974e-02
-3.041561e-02
-3.893726e-02
-5.408978e-02
4.630514e-02
3.492696e-02
3.752292e-02
7.914506e-03
2.269392e-03
-1.479207e-02
2.558714e-03
-8.078671e-03
-4.694760e-02
1.465244e-02
-3.795512e-03
-1.171882e-02
-3.459610e-02
-4.815764e-02
-3.361624e-02
2.755043e-02
4.968981e-02
5.951044e-02
-6.028686e-03
-6.407028e-02
-2.204580e-02
1.009642e-01
2.078754e-01
1.013946e-01
-3.333208e-02
-5.623107e-02
-2.394110e-02
-2.964922e-02
1.872169e-03
1.731242e-03
-3.478566e-02
-1.457579e-02
-3.415062e-02
5.071100e-02
3.567921e-02
4.477237e-02
