-3.226114e-02
-4.562995e-02
-7.398141e-02
-8.352736e-02
-7.314923e-02
-1.419230e-01
2.816817e-02
-5.826584e-02
-2.779816e-02
-8.833939e-02
-6.771982e-02
-1.601520e-01
-7.896974e-03
-9.356293e-02
-7.179705e-02
-9.797573e-02
-6.865148e-02
-3.222923e-03
-9.500508e-02
2.808674e-03
-9.624954e-02
3.852649e-01
-8.708363e-02
-6.052982e-02
4.231369e-02
-2.071483e-02
-5.049782e-02
-1.796833e-01
-1.194017e-01
-6.416009e-02
-1.178555e-01
-1.097274e-01
-1.844203e-02
-7.083028e-02
-3.806455e-02
-7.164066e-02
-9.121031e-02
-2.545845e-02
-2.740572e-02
-1.600693e-02
-6.496675e-02
-1.200336e-01
-8.148606e-03
1.064838e-01
-1.281415e-01
-6.371797e-02
-2.066651e-01
1.283875e-02
-1.945290e-01
7.528438e-02
-9.839887e-02
-3.552186e-02
4.443330e-02
-1.749474e-01
-1.465604e-01
-1.434577e-01
-3.014367e-02
-5.404799e-02
-1.448121e-01
-6.883471e-02
2.822803e-02
-5.263857e-03
-1.288753e-01
-1.832941e-02
