-2.698178e-02
-7.957212e-02
-1.264898e-01
-7.374761e-02
-1.160587e-01
-1.401301e-01
8.486473e-02
-7.271679e-02
-9.739482e-02
-4.179475e-02
-8.835162e-02
-3.790627e-02
-1.602125e-02
-3.338727e-02
-1.159798e-01
-1.033921e-01
7.049167e-02
-6.388271e-02
-4.598792e-02
-2.494458e-01
-6.049892e-02
-1.309462e-01
-1.153308e-01
-4.134567e-02
-1.581126e-01
-3.897985e-02
-2.034065e-02
-1.117984e-01
5.491753e-02
-7.485814e-02
-1.561232e-01
6.285697e-03
-2.069056e-02
-4.685785e-02
-6.007653e-02
-2.485104e-02
3.682473e-02
-8.123279e-02
-1.044350e-01
1.288665e-02
-7.657503e-02
-5.448120e-02
4.262548e-02
-1.793936e-01
-8.589821e-02
-5.510322e-02
-1.354533e-01
-1.040904e-01
-9.741120e-02
-1.245954e-01
2.639611e-02
-1.098814e-01
-5.557425e-02
-2.114321e-02
-7.750952e-02
-3.286882e-02
-9.932679e-02
-4.271458e-03
-6.044157e-02
-2.068716e-03
-2.834355e-02
-3.546131e-02
-6.652285e-02
-5.731085e-02
