3.735438e-01
3.190223e-01
3.383859e-01
3.261304e-01
3.545811e-01
3.812464e-01
3.724677e-01
3.532252e-01
3.470588e-01
3.512693e-01
3.321452e-01
3.623967e-01
3.212015e-01
3.461587e-01
3.220802e-01
3.347487e-01
3.515134e-01
3.318427e-01
3.114228e-01
3.670450e-01
3.534539e-01
3.562271e-01
3.076677e-01
3.724471e-01
3.527386e-01
3.355423e-01
3.467394e-01
3.341450e-01
3.438218e-01
3.405388e-01
3.771267e-01
3.542817e-01
3.558353e-01
3.338043e-01
3.000582e-01
3.490932e-01
3.689469e-01
3.378382e-01
3.352687e-01
3.182814e-01
3.440676e-01
2.469968e-01
3.252249e-01
3.990111e-01
3.562696e-01
3.046236e-01
2.612572e-01
2.700599e-01
3.757607e-01
3.431700e-01
3.071654e-01
3.318049e-01
3.457527e-01
3.758239e-01
3.186437e-01
3.452739e-01
3.869184e-01
3.333791e-01
3.059132e-01
3.478757e-01
3.204164e-01
3.558540e-01
3.205150e-01
3.687302e-01
