1.103444e-02
6.832663e-04
-7.176872e-02
6.188327e-03
-2.469849e-02
-5.737803e-02
1.624335e-02
-6.678457e-02
2.778905e-02
-4.785830e-02
-9.568175e-02
5.597059e-02
-1.284269e-02
-1.194912e-01
-9.185235e-02
7.343362e-02
1.256374e-01
-3.908556e-02
-2.223157e-02
9.198992e-03
-3.334403e-02
-6.783389e-02
3.296243e-02
-1.344032e-02
-3.840112e-02
9.262092e-02
2.136168e-02
6.154036e-03
2.558670e-02
5.788356e-02
1.138727e-01
7.461513e-02
4.553821e-02
-1.897530e-03
-2.052381e-01
-8.570161e-02
1.870019e-02
-1.643202e-02
7.881561e-03
6.349218e-02
4.608534e-02
-2.046185e-02
3.738189e-02
-1.232417e-02
-3.855215e-02
-3.755026e-02
1.805151e-02
3.949974e-03
4.630889e-02
5.750717e-02
4.894456e-02
-2.633683e-02
-2.056832e-02
-1.257629e-03
-1.867013e-02
1.140566e-01
-1.440200e-02
-5.359253e-02
9.101816e-02
1.392117e-02
2.618356e-02
-2.216301e-02
4.195485e-02
-5.498365e-02
8.195172e-02
-8.922313e-02
1.618187e-03
1.431429e-01
-3.431443e-02
8.128399e-02
2.102922e-02
-6.557543e-02
4.155103e-03
-2.370361e-02
3.914375e-02
-1.995429e-02
-1.702288e-03
-3.843400e-03
1.412851e-02
1.339181e-02
-3.699549e-02
-1.453300e-02
-4.882568e-02
-6.176568e-03
-7.759719e-03
-2.875563e-02
5.704459e-03
4.294629e-02
1.090487e-01
5.956574e-03
1.887776e-02
4.079559e-02
1.479384e-02
-1.327413e-02
3.553241e-02
-2.415732e-02
-7.835275e-03
1.447995e-02
-7.453728e-03
6.304727e-02
8.066150e-03
-5.619158e-02
1.656624e-03
-5.548064e-02
-7.448355e-03
-1.516459e-01
6.102848e-02
1.296775e-01
-4.211583e-02
5.284621e-02
-2.681508e-02
2.704499e-03
6.798538e-02
4.226288e-02
-1.131934e-02
-4.864766e-02
2.822657e-02
5.435491e-03
8.262265e-03
2.989585e-02
-4.199739e-02
-4.595648e-02
-5.199183e-02
3.308936e-03
-2.894540e-03
-5.396282e-02
-1.974127e-02
-3.910762e-02
4.004658e-02
-7.944651e-04
-2.034648e-01
-7.602066e-02
-6.385475e-02
-1.781383e-01
-1.063571e-01
-2.425993e-02
-4.661354e-02
-5.628516e-02
-2.721698e-01
-2.431849e-01
-2.369571e-01
-1.561661e-04
-1.898408e-02
-5.494269e-03
-4.069770e-02
-4.374424e-02
8.751091e-03
-1.484594e-02
-1.303913e-02
5.990273e-02
-8.706352e-03
4.318919e-03
4.733027e-02
-1.054381e-01
-2.395890e-02
-5.139967e-02
-5.393412e-02
1.346535e-03
1.967397e-02
-4.263939e-02
-3.955311e-02
-4.770631e-02
-8.951936e-03
-2.477785e-02
-6.112666e-03
2.454123e-02
3.586223e-02
1.629256e-02
-2.661644e-02
1.406797e-03
-1.647370e-02
-1.375536e-02
3.265975e-02
-1.611719e-02
7.994990e-04
-9.699033e-03
-1.824593e-02
2.370349e-02
1.998909e-02
1.541206e-02
-1.238984e-03
1.176551e-02
6.715761e-02
-1.081291e-02
-4.837125e-03
3.998969e-02
-5.293384e-03
6.578331e-04
3.868933e-02
-3.904984e-03
3.849519e-03
-5.066137e-03
-9.437990e-03
3.717904e-03
-4.052535e-03
-2.135388e-03
1.264055e-02
-5.400011e-03
3.510396e-02
-8.827874e-03
-6.023127e-03
2.997672e-02
-2.594081e-03
3.698096e-03
3.265114e-02
3.455767e-02
1.458941e-02
1.115689e-02
-3.130483e-02
2.550072e-02
5.298339e-03
-3.186698e-02
-7.523758e-03
3.333146e-02
8.614779e-03
-2.150112e-02
-5.042148e-03
1.850409e-02
4.273205e-02
-3.278386e-02
-7.049069e-03
2.635626e-02
-2.561704e-02
-1.042111e-02
1.728622e-02
-6.307336e-02
3.558319e-03
-5.399062e-02
-1.202978e-02
5.215194e-02
2.212809e-02
-1.583592e-02
4.054165e-03
-1.768569e-02
-4.135338e-02
-5.380945e-02
-5.239996e-02
3.090831e-03
-4.461374e-03
5.675500e-04
7.014621e-03
-2.969015e-04
5.776297e-03
-1.748777e-02
4.559251e-02
-2.758072e-02
2.168237e-02
4.726956e-02
-3.609547e-02
2.504689e-02
3.877064e-02
3.042003e-02
4.702773e-03
3.624022e-03
2.739087e-03
-1.085876e-02
-8.127623e-03
2.360323e-02
6.795094e-03
3.521700e-02
2.506883e-02
3.927702e-03
5.076986e-02
2.240207e-02
-1.917155e-03
4.690656e-02
5.407986e-02
1.578508e-03
3.763780e-02
2.794308e-02
-8.529587e-03
1.519460e-02
-3.405517e-02
2.034969e-02
3.167329e-02
1.744177e-02
1.236963e-02
-2.586975e-02
-1.190947e-02
6.378756e-02
5.974734e-02
5.331738e-02
1.435145e-02
7.851664e-03
1.347286e-02
-4.084013e-02
-4.831627e-02
-4.146696e-02
4.595073e-02
5.752711e-02
1.365274e-02
7.007121e-02
7.416210e-02
1.272847e-02
5.939948e-02
5.646062e-02
3.452335e-02
-1.496302e-03
2.605990e-02
4.082089e-02
3.584801e-02
7.263721e-02
5.991999e-02
1.633927e-02
6.573353e-03
-2.631468e-02
4.859364e-02
6.164247e-02
5.053963e-02
3.362633e-02
3.948216e-02
2.892468e-02
6.041835e-03
-1.367469e-03
7.524976e-04
-1.280788e-02
8.238846e-03
-2.410611e-02
1.525403e-02
1.835310e-02
2.056864e-02
1.748141e-02
-9.741607e-03
-2.423171e-02
-3.466150e-02
-6.316471e-03
-1.229969e-02
2.130879e-02
8.302536e-02
8.339167e-02
1.424050e-02
5.335598e-02
5.047318e-02
5.746824e-02
4.545048e-02
4.188160e-02
1.081432e-01
8.416373e-02
7.494290e-02
1.285137e-01
1.111344e-01
6.154208e-02
1.312949e-02
2.749918e-02
5.928601e-02
-6.938769e-03
1.385495e-02
1.646081e-02
1.352705e-02
3.673610e-02
4.535124e-02
2.759961e-02
2.883094e-02
4.538943e-02
3.377632e-02
2.504801e-02
3.219646e-02
1.677764e-03
4.808876e-02
2.079407e-02
3.706007e-02
5.731520e-02
4.279597e-02
1.185905e-02
5.648837e-02
3.751050e-02
2.832795e-02
4.601093e-02
4.583272e-02
1.065163e-02
4.514185e-02
7.706348e-02
-5.992296e-02
2.843169e-02
8.778452e-02
-7.165918e-02
-3.487045e-02
4.410282e-02
-1.419475e-02
1.138700e-02
2.519616e-02
5.927664e-02
7.165903e-02
7.056914e-02
8.640212e-02
1.054137e-01
6.978453e-02
3.072106e-02
3.350822e-04
-3.488468e-02
1.822705e-02
-2.191857e-02
-4.505560e-02
5.182277e-03
3.301669e-02
9.618437e-05
3.517143e-02
1.766172e-02
2.548397e-02
9.296594e-03
2.035289e-02
1.746412e-02
1.336002e-02
-4.233394e-03
2.088231e-02
-5.434700e-02
-4.819308e-02
-5.542094e-02
-5.571654e-02
-4.811917e-02
-5.407473e-02
-5.546003e-02
-4.540077e-02
-4.690320e-02
-1.283095e-02
2.548855e-02
5.438803e-02
-1.410522e-02
5.987744e-03
3.694035e-02
-9.731002e-03
2.145647e-02
4.178271e-02
-3.465615e-02
-3.713080e-02
-4.645800e-02
3.099353e-02
3.444235e-02
2.514643e-02
-1.384615e-02
7.260927e-03
-8.415898e-04
6.699997e-03
4.940183e-03
8.397582e-03
-3.427838e-03
-3.806195e-03
-6.605877e-03
-4.152429e-03
-6.547419e-03
-9.927728e-03
-3.153385e-03
-1.030488e-02
1.982337e-03
-1.056215e-02
-9.719028e-03
-1.074288e-03
5.495024e-03
-6.998648e-04
-9.974237e-04
-3.788260e-03
-4.504386e-04
9.758061e-04
-5.520052e-03
-3.817055e-03
-5.163557e-03
-8.902534e-04
-9.013886e-04
-4.449780e-03
4.833311e-03
-3.724861e-03
-3.159903e-04
9.057142e-03
2.377361e-03
-8.382179e-03
-2.128619e-04
-5.551574e-03
-1.878762e-02
-1.373381e-02
-6.668017e-03
2.158117e-04
-1.135768e-02
8.308188e-04
4.252839e-03
-1.059620e-02
-4.858886e-03
-7.586660e-03
-9.050208e-03
-1.415736e-02
-8.912186e-03
1.051859e-02
3.464132e-03
9.145135e-03
1.544969e-02
8.148775e-03
9.702506e-03
-4.135568e-03
3.999349e-03
4.760369e-03
-1.024853e-02
-4.819886e-03
-5.821952e-03
-1.341394e-03
7.305976e-03
6.553339e-03
-3.036525e-03
-2.482406e-04
-9.842041e-03
5.180582e-04
2.886265e-03
-1.186410e-03
-3.332758e-03
6.671058e-03
8.853730e-04
-1.512402e-03
-1.477696e-03
1.239682e-02
-1.547218e-03
5.620736e-03
1.443980e-02
6.913155e-04
5.630202e-03
4.453473e-03
1.566033e-02
8.966820e-04
1.433880e-02
8.761737e-03
2.090226e-03
8.543957e-03
-3.550941e-04
-7.073067e-03
1.042274e-03
6.523489e-03
5.903401e-03
4.283957e-03
-7.272792e-04
-1.930245e-03
-1.027528e-03
1.124799e-02
6.682517e-03
-5.807832e-04
3.535302e-03
-1.191655e-03
2.278836e-03
-1.631615e-03
5.083512e-04
-4.215783e-03
-1.888177e-03
2.394742e-03
-8.484010e-03
4.159963e-03
-3.751987e-03
-2.259070e-03
-1.886468e-03
-8.200056e-04
-2.955902e-03
-1.567177e-03
-3.230789e-04
-5.612500e-03
-3.496810e-03
-9.794630e-03
1.012275e-03
1.690855e-02
8.093560e-03
1.878376e-02
-1.022648e-02
-2.106287e-02
-1.274227e-02
8.258662e-03
-2.294995e-04
9.939480e-04
2.081645e-04
-5.628525e-03
-7.205120e-03
-6.334246e-04
1.068971e-02
1.151624e-02
7.606280e-02
7.389095e-02
7.348222e-02
-4.309422e-02
-4.180622e-02
-3.631441e-02
1.485465e-04
2.395453e-03
3.767650e-03
7.467135e-03
2.665108e-02
-2.364972e-02
6.005216e-02
8.600361e-02
-1.001203e-01
1.277008e-02
5.760736e-03
-5.358524e-02
-1.628730e-02
-2.563690e-02
7.262956e-03
-9.662074e-03
1.202579e-02
1.488177e-01
-1.946669e-02
-2.394326e-02
2.167970e-02
-1.691657e-02
-2.357283e-02
1.449041e-02
-2.905239e-02
-5.302927e-02
3.626667e-02
-2.511307e-02
2.206358e-02
-2.369388e-02
-8.684571e-02
-3.029926e-02
6.732424e-02
1.093758e-01
1.316312e-01
-1.255428e-01
-1.678027e-02
-1.377023e-01
2.338366e-02
9.751038e-04
-3.642018e-02
1.603666e-02
1.320449e-02
4.980573e-04
-5.065055e-02
-2.379921e-02
-4.195510e-02
-5.023596e-02
-2.706721e-02
-5.495597e-02
1.377493e-02
5.922791e-02
-2.117744e-02
2.071800e-02
4.046330e-02
6.250641e-03
2.300083e-02
-4.901176e-02
-6.216082e-02
2.789404e-02
4.947122e-02
4.277499e-02
-5.971520e-02
6.540052e-02
6.340412e-02
-8.472292e-03
-8.462408e-02
-6.127388e-02
-2.008691e-02
3.938986e-02
1.531333e-01
4.855727e-03
-5.033805e-02
5.967923e-02
-9.978167e-02
2.620263e-02
-8.798164e-02
-1.345024e-02
1.241063e-02
-3.551381e-03
4.280979e-02
-5.813155e-03
-1.038867e-02
3.057113e-02
2.435345e-02
-6.422456e-02
-6.679519e-02
-7.774127e-03
-3.914435e-03
1.609644e-01
4.868848e-02
-4.115980e-02
-1.971143e-03
-3.219815e-02
-1.641340e-02
3.920312e-02
3.281254e-02
-5.036446e-02
3.399296e-02
5.846513e-02
-9.777301e-03
-2.773768e-02
-2.151478e-02
-6.769489e-03
3.671060e-02
1.827007e-02
-2.824962e-01
-7.881158e-02
3.951896e-03
-2.249902e-01
-3.784985e-02
1.249627e-02
4.062294e-02
-3.225295e-02
1.165252e-01
8.528846e-02
-1.501298e-01
5.919350e-02
3.742330e-02
-6.560097e-02
2.502744e-03
-1.653853e-01
-1.104088e-01
5.841590e-03
-1.407113e-01
-9.747759e-02
-3.414829e-03
-1.403140e-01
-1.054002e-01
-3.262828e-02
2.817397e-02
-5.289306e-04
5.848434e-02
-6.629752e-02
-2.191801e-02
4.881185e-02
-7.225952e-02
8.941285e-02
-9.515976e-03
5.529839e-03
3.606190e-02
9.380419e-02
2.406783e-02
-1.223144e-02
1.033145e-01
3.771808e-02
-5.987111e-02
-1.007030e-01
-8.287483e-02
-9.200066e-02
-8.031177e-02
-7.730068e-02
-8.096014e-02
-4.497120e-02
-5.954919e-02
-5.897675e-02
-4.506021e-02
-4.472489e-02
2.809678e-03
-6.471339e-02
-1.649883e-02
5.731980e-02
1.853590e-03
-2.340608e-02
3.463481e-02
-1.113979e-01
-2.057188e-01
-1.488348e-01
-1.678394e-02
-7.613320e-02
-3.738784e-02
1.612507e-01
2.129265e-01
1.625435e-01
1.981468e-03
-4.349723e-02
8.089745e-03
9.704076e-03
1.973726e-02
-2.532662e-02
3.125381e-02
2.171617e-02
4.257335e-02
5.770300e-02
7.613973e-02
4.680746e-02
7.017122e-02
1.065636e-01
9.258369e-02
6.721233e-02
8.404661e-02
5.838849e-02
5.775243e-02
1.244875e-02
2.882821e-02
6.083029e-02
3.238423e-02
6.783538e-02
9.470828e-02
3.932801e-02
5.142954e-02
1.142378e-03
-4.330867e-03
1.777769e-02
-4.632032e-02
-4.218916e-02
-2.207819e-02
-2.449833e-02
4.314824e-02
2.074441e-02
1.848117e-02
-3.145474e-02
-4.358103e-02
2.372852e-02
-3.567282e-02
-1.103220e-01
1.213444e-01
8.920289e-02
-4.693347e-03
5.642584e-02
8.968956e-02
6.217762e-02
1.492551e-02
2.008381e-02
1.576691e-02
1.531731e-02
-2.482577e-02
-7.661203e-03
1.178770e-01
1.117557e-01
-6.682710e-02
1.682143e-01
7.045317e-02
-2.023376e-01
8.684754e-02
1.900109e-02
-1.849281e-01
-3.029543e-02
-1.684030e-02
-1.705582e-02
7.381907e-03
2.075515e-02
4.185911e-02
3.669601e-02
7.931370e-02
9.091735e-02
1.365667e-02
2.797484e-02
-1.863989e-02
1.047798e-02
-1.288096e-02
-4.215533e-02
-2.676261e-02
-5.363223e-02
-5.308665e-02
1.333050e-02
3.810746e-03
1.070436e-02
4.047075e-02
4.258097e-04
-6.495799e-02
5.300556e-02
1.785604e-02
-6.642094e-02
5.908724e-02
3.768384e-02
1.095272e-03
1.730494e-02
7.937369e-03
-7.769865e-03
5.318346e-03
-1.778309e-02
-2.650349e-02
1.801320e-02
5.061884e-03
-1.182892e-03
2.139595e-02
1.876539e-02
-1.015010e-02
3.987700e-03
1.336900e-02
-3.899633e-02
-7.563586e-03
-6.748792e-03
2.643627e-03
-6.699374e-03
-1.993456e-02
-2.334573e-02
2.294406e-02
-9.408339e-04
-1.244774e-03
-1.503207e-02
3.031516e-02
-1.466617e-02
-3.441306e-02
-1.043782e-02
6.404528e-02
1.237334e-02
-3.843608e-03
4.434222e-02
-2.348680e-02
-3.689540e-02
-9.878267e-02
-4.759811e-02
1.653398e-01
-1.931910e-01
-4.715436e-03
2.222550e-02
-2.896602e-02
-7.998629e-02
-2.277298e-02
-7.127252e-02
-1.131365e-01
2.046987e-02
-5.591622e-02
1.563914e-03
-1.022894e-01
5.746192e-03
-3.212537e-02
2.300236e-02
-7.781402e-02
5.256394e-02
-1.185166e-01
7.127844e-02
-6.675587e-02
1.717829e-01
-7.794158e-02
-1.393580e-02
-5.440330e-03
-1.807851e-02
-1.135210e-02
-9.348598e-02
2.151670e-02
1.527222e-02
-2.824826e-02
-3.577466e-02
-1.429413e-02
1.076098e-02
-2.863913e-02
-1.052599e-02
9.786543e-02
-7.897111e-03
4.020520e-02
1.948497e-02
2.353070e-02
3.855703e-04
-2.176535e-02
2.768287e-02
9.095354e-02
-1.744343e-01
2.068215e-01
7.396264e-02
-8.682479e-02
4.075656e-02
-7.342271e-02
8.649829e-03
-2.517101e-02
1.698847e-01
-1.710107e-01
7.396825e-02
2.139825e-02
-1.237772e-01
1.263507e-01
1.167157e-02
-4.102133e-03
-2.048025e-02
1.150476e-01
2.126998e-02
-9.688606e-03
3.287267e-02
2.327049e-02
-1.776914e-02
8.852324e-02
-2.656247e-02
-7.799711e-03
4.450930e-02
9.959586e-02
-1.615481e-01
-3.931296e-04
3.744700e-02
3.130789e-02
-6.191223e-02
9.348406e-02
-5.541144e-02
1.256043e-02
1.488268e-01
7.218127e-03
-2.683400e-02
-2.926678e-02
2.932870e-02
-3.497217e-02
2.878193e-02
-2.515704e-02
-2.405165e-01
3.375064e-01
1.295040e-01
-1.056000e-01
8.301342e-02
1.870315e-02
4.432321e-02
-2.703533e-02
5.031586e-02
-7.834288e-03
-1.073590e-02
1.289703e-01
-7.636587e-03
-3.948491e-02
1.139009e-01
-2.977795e-02
-5.960543e-02
2.518046e-03
-9.349579e-02
-1.655222e-01
-9.667622e-02
-3.953348e-02
-7.454221e-02
9.203603e-03
3.529277e-02
1.705551e-02
-1.986182e-03
-1.351389e-02
1.139193e-01
7.728774e-04
3.325490e-02
1.124573e-01
7.290260e-02
-4.587044e-02
4.428081e-04
-2.402390e-03
1.556566e-02
1.395722e-02
7.143853e-02
4.944517e-04
-2.749118e-02
1.185082e-02
8.989707e-03
-4.162402e-02
-4.229300e-02
-3.081121e-02
-1.972277e-02
-6.830046e-02
1.126927e-03
8.664244e-02
-1.093567e-01
6.564210e-02
2.352861e-03
-2.750617e-02
2.985660e-02
1.425895e-01
1.247044e-01
-6.956228e-02
-1.295882e-01
-1.083706e-01
-2.205148e-02
-2.147080e-02
-2.216287e-02
-1.719783e-03
2.935722e-02
6.064054e-02
5.330957e-02
-4.506388e-02
3.802686e-02
2.198121e-02
6.530230e-02
-5.289150e-02
-1.568256e-01
-1.379220e-01
-1.661700e-01
6.870693e-04
2.888549e-01
2.068056e-02
6.602315e-03
-3.860238e-04
2.223130e-02
-3.883981e-02
-3.542472e-02
1.122153e-03
-9.566211e-03
-1.455586e-02
-3.482822e-02
4.963579e-03
-5.392949e-02
-1.613650e-02
1.825928e-02
5.085949e-03
-1.778402e-02
2.935058e-02
-1.127343e-02
-2.465624e-02
1.279550e-03
-6.779436e-05
3.640776e-02
-2.546515e-02
-1.519642e-01
-5.949995e-02
6.767943e-02
1.436804e-01
-3.266754e-03
-1.652342e-02
-1.916577e-02
3.497619e-02
-2.641737e-02
-1.004296e-01
4.514316e-03
-1.727353e-02
1.004074e-01
7.821246e-02
1.946076e-03
6.400399e-02
1.291254e-02
1.853939e-02
2.444503e-02
-5.207713e-03
-2.172359e-02
-2.893681e-02
-2.932797e-02
-2.222497e-02
-1.023397e-02
-4.122126e-02
1.463842e-02
7.717992e-02
2.013815e-02
-6.789474e-02
-8.975987e-02
-1.821147e-02
-4.888342e-02
6.810984e-03
4.626539e-02
-5.018083e-02
7.965470e-03
3.607883e-02
6.261153e-03
-2.804680e-02
-2.857984e-02
-6.876633e-02
5.784529e-02
-8.899854e-03
-7.614285e-02
-7.342525e-03
6.413011e-02
1.023402e-01
-6.424009e-02
-4.355258e-02
-7.184655e-04
-3.559822e-02
2.959316e-02
-4.150959e-02
-8.153366e-02
-7.604183e-02
1.038099e-01
1.478819e-01
-3.558997e-02
-1.779012e-02
-4.442418e-02
-1.018420e-02
-3.000257e-03
-5.632393e-02
-1.975859e-02
2.068387e-02
-3.210505e-02
-9.697078e-03
-4.534601e-02
-4.025513e-02
-1.059740e-02
4.365572e-02
2.213937e-01
9.909353e-02
-1.191477e-01
5.352462e-02
8.009749e-03
4.180229e-02
7.481421e-02
4.983910e-02
1.517721e-02
2.793325e-02
2.463700e-02
9.627964e-03
1.735341e-03
-3.208090e-02
-1.270946e-02
-4.160781e-02
3.261239e-02
-2.966400e-02
-2.656877e-02
5.385274e-02
-3.633691e-02
-1.202904e-02
1.000606e-02
2.362366e-02
9.220718e-02
2.234798e-02
-1.287139e-02
-1.982190e-02
-3.605508e-02
5.653143e-04
-6.156985e-02
-3.874638e-02
-1.562619e-02
-3.867118e-02
-6.250361e-02
5.428121e-02
-8.778832e-03
2.004883e-02
-9.998308e-03
-4.369329e-02
3.786346e-02
-6.419529e-02
-1.154484e-01
-3.189440e-02
-1.045350e-01
9.987774e-02
5.738547e-02
8.327034e-02
1.611706e-01
-7.455304e-02
1.737584e-02
1.690423e-02
-2.925520e-02
-2.992409e-02
-3.539544e-02
-3.666240e-02
1.579656e-02
-1.430133e-02
5.107971e-03
-8.307864e-03
-4.355973e-03
1.779696e-02
-5.421311e-02
-3.887713e-02
-4.326381e-02
-2.093294e-03
3.648492e-02
-1.253209e-02
2.350710e-02
-9.844743e-02
-9.119833e-02
-9.454965e-03
2.368033e-02
5.016636e-02
-2.592773e-02
8.234153e-02
-4.406112e-03
9.268098e-02
-1.401006e-01
-1.157642e-01
-8.744527e-02
-6.058867e-02
9.058454e-02
1.891181e-02
9.823405e-02
2.220990e-02
6.760481e-03
7.548458e-02
1.674414e-02
2.061190e-02
-4.411880e-03
-5.782871e-02
6.130725e-03
-4.911335e-02
-2.095475e-02
5.133304e-02
9.932920e-02
-1.851217e-02
5.280405e-02
-8.696031e-03
-6.103108e-02
7.028060e-03
-1.089900e-02
-1.199053e-03
-9.748777e-03
1.843721e-02
9.312358e-03
9.720581e-03
5.247315e-02
1.035009e-01
1.309742e-02
2.813210e-02
6.260466e-03
-3.067077e-02
2.491958e-02
2.147139e-02
1.431252e-01
9.680803e-02
2.356762e-02
3.828996e-03
-7.718771e-02
-5.009717e-02
7.519832e-03
-5.186316e-02
-3.256403e-02
-7.066376e-03
3.615933e-03
7.633317e-02
-1.302843e-03
1.874980e-02
2.452381e-02
-8.183379e-02
-9.199895e-02
-1.048434e-01
-2.144138e-02
-2.584556e-03
3.172039e-02
-6.001450e-02
6.974888e-03
8.212433e-02
3.460501e-02
1.591882e-01
1.524106e-01
5.994998e-02
1.424594e-01
1.359016e-02
4.657432e-02
-1.910792e-03
-4.634200e-02
5.418850e-03
6.031296e-03
1.205561e-04
-5.402179e-03
6.053056e-02
1.440994e-01
-7.194277e-02
-5.755512e-02
-2.305422e-02
5.572551e-03
1.668578e-02
-5.209495e-03
-1.946339e-02
6.466230e-03
-9.139858e-03
-3.888793e-02
-2.465038e-02
-5.740613e-02
-4.855477e-02
-4.154878e-02
-2.882132e-02
6.177655e-04
-3.583763e-03
-2.760189e-02
-1.725153e-02
-3.079482e-02
-2.964236e-02
-3.866259e-02
-3.791674e-03
-3.511810e-02
-2.219149e-02
2.423543e-02
-1.976853e-02
-3.938186e-02
-1.288519e-02
-1.826900e-02
-2.644556e-03
1.438097e-02
-7.426066e-03
-1.608195e-03
4.820181e-02
6.641848e-02
-1.387872e-02
1.056987e-02
1.394500e-02
-1.934188e-02
1.758432e-02
1.883948e-02
-3.965046e-02
1.010356e-02
2.227226e-02
-6.967620e-02
-1.834280e-02
-3.523424e-03
-1.259087e-02
1.253228e-02
4.936384e-02
-2.084581e-02
1.188429e-02
4.484940e-02
-1.266372e-02
-8.364041e-03
3.838576e-02
-1.625933e-02
1.298907e-03
4.573973e-02
-6.366489e-03
-1.480542e-02
4.624550e-02
-1.277930e-02
1.543201e-02
3.885798e-02
-1.562862e-02
5.417074e-03
1.182359e-03
-6.749794e-03
-2.457478e-03
2.621941e-02
-1.434066e-02
1.174841e-02
4.078497e-02
-1.994231e-03
-2.446332e-02
-3.688521e-02
3.674346e-03
-7.944616e-03
-1.966840e-02
-2.317913e-02
-2.615334e-02
-2.249067e-02
-1.677231e-02
-2.896739e-02
-2.259422e-02
-1.076871e-02
9.166286e-03
7.760387e-03
-2.982302e-02
3.518452e-02
6.792242e-02
5.214141e-02
7.196206e-02
4.564726e-02
4.462430e-02
5.349796e-02
4.034636e-02
3.708474e-02
4.156730e-02
4.027690e-02
-2.632667e-02
-8.577259e-02
-7.640553e-02
-2.438027e-02
-1.307105e-02
-1.626361e-02
-7.980717e-02
-6.846627e-02
-1.844170e-02
2.373205e-02
-1.010336e-02
1.139857e-02
5.206835e-03
-2.267111e-02
1.560252e-03
8.639556e-03
6.477518e-03
-7.138874e-04
-1.667908e-02
-4.565799e-02
1.401862e-02
-5.385299e-02
-1.000792e-01
-4.267355e-02
-3.177696e-02
-8.145197e-02
-2.690196e-02
-2.823325e-02
-4.207832e-02
-2.284812e-02
7.585981e-02
8.329760e-02
7.062817e-02
6.962059e-02
8.375441e-02
1.233643e-02
1.019313e-02
2.086719e-02
2.295663e-02
7.865865e-02
9.555063e-02
1.129388e-01
3.160268e-02
4.535114e-02
7.562711e-02
-1.049441e-02
-2.710961e-02
-1.012841e-02
2.359968e-02
9.179339e-03
1.868493e-02
5.587224e-02
4.322144e-02
1.800629e-02
-5.593211e-03
2.069472e-02
1.350179e-02
2.413283e-02
-3.139511e-03
1.213174e-02
1.347961e-03
1.008169e-03
2.184284e-02
5.567424e-03
-5.736151e-04
5.874303e-04
6.739768e-03
-5.631271e-03
1.404441e-03
-9.566996e-03
-1.702427e-02
4.659765e-03
9.533102e-03
-1.083831e-02
-2.057253e-02
7.130947e-03
1.666332e-02
1.921352e-02
2.246894e-02
9.831330e-03
2.961178e-03
1.733213e-02
2.783935e-03
1.831450e-02
2.508182e-02
-9.336228e-03
4.629724e-03
3.225024e-02
-9.345033e-03
1.338635e-02
1.517104e-02
1.713676e-02
8.016180e-03
7.665382e-03
2.069695e-03
6.263883e-03
-6.924466e-03
-1.615047e-03
4.134546e-03
2.362534e-03
-1.672898e-02
-1.373487e-02
-1.051000e-02
-5.060920e-04
7.537341e-03
-2.905894e-02
-1.788979e-02
-6.196040e-03
1.925312e-02
-2.891298e-03
3.724329e-03
-2.037412e-02
-9.740389e-03
1.447751e-02
-3.326331e-02
-1.605441e-02
1.494125e-02
3.067520e-02
2.380977e-03
1.763465e-02
4.217114e-02
-7.805579e-03
1.920500e-02
4.087180e-02
-4.450678e-03
1.122805e-02
-1.494029e-02
-1.179629e-02
1.350956e-02
9.391774e-03
-8.623958e-03
2.740842e-02
1.084503e-02
-5.644527e-03
1.878859e-02
1.874734e-02
-7.591345e-03
-1.273213e-02
1.659827e-02
-2.174783e-03
4.901695e-03
-4.384677e-03
8.218845e-04
6.090696e-03
-4.458764e-03
4.216960e-03
-6.865074e-03
2.123678e-03
7.349405e-03
3.487461e-05
-9.260215e-03
5.764780e-04
-1.681604e-03
6.313971e-03
-5.262766e-03
1.299279e-02
5.594873e-03
-5.225206e-03
1.974629e-02
-2.692511e-03
-8.949904e-03
-8.054662e-04
-3.164540e-02
-2.337068e-02
-2.831022e-03
-5.675262e-02
-4.274886e-02
-2.305613e-02
-3.931279e-02
-1.439231e-02
3.428074e-03
1.037829e-02
4.753781e-03
-2.027997e-02
9.280238e-03
-1.926650e-03
-8.855262e-03
-7.110085e-03
-1.169234e-02
-2.653098e-03
-3.236451e-02
-3.185757e-02
-3.422287e-02
2.394626e-02
3.854049e-02
5.078057e-02
7.256414e-05
1.005491e-02
2.142469e-02
2.215729e-02
-1.723474e-02
-4.652651e-03
8.764839e-02
6.699261e-02
8.748895e-03
9.404378e-02
4.033952e-02
-8.317363e-03
-4.440346e-02
4.996439e-02
8.863230e-02
-8.527712e-02
-1.031501e-02
7.192897e-02
-9.249684e-02
-3.207214e-02
5.422620e-02
-5.008337e-02
-6.324704e-02
-5.854353e-02
-9.541133e-03
-5.682993e-03
-1.490101e-02
7.294723e-02
9.322377e-02
6.934674e-02
2.259738e-02
5.565114e-02
1.442010e-02
-4.450841e-02
1.687540e-04
1.609620e-02
-8.114163e-02
-3.179328e-02
-3.901329e-02
-4.566116e-03
1.556729e-02
3.363499e-02
3.406567e-03
3.471634e-02
6.231774e-02
-4.634446e-02
-2.367171e-02
5.660227e-03
-1.112522e-02
7.932548e-03
1.669368e-02
-5.158344e-02
2.817605e-03
2.655001e-02
-3.341356e-02
2.970453e-02
1.458888e-02
1.624625e-02
4.777553e-03
1.690723e-03
1.585988e-02
6.025602e-02
4.813206e-02
-4.617313e-03
6.244132e-02
5.297548e-02
-7.042284e-03
-6.088714e-02
-4.036684e-02
2.215563e-03
-2.384188e-02
-3.284250e-02
5.205432e-02
7.664463e-02
3.572085e-02
-4.010225e-02
-1.273252e-02
-1.063817e-02
-3.655946e-02
-3.277279e-02
-2.607158e-02
-6.666759e-02
-1.154165e-01
-9.281620e-02
-1.870585e-02
-3.758849e-02
-8.832229e-02
6.365345e-02
1.209342e-02
-9.009314e-02
6.961185e-02
6.275925e-02
-3.945868e-02
-6.580869e-03
-1.652417e-02
2.118754e-02
-7.141467e-03
1.658330e-03
3.164681e-02
-1.245905e-02
3.213095e-02
4.400998e-02
7.090293e-02
4.171757e-03
-1.274729e-01
1.153452e-01
7.419433e-02
-7.054062e-02
6.671721e-02
8.078425e-02
-9.537588e-02
4.883505e-02
2.087779e-02
2.962206e-02
6.671754e-02
6.521431e-02
4.016279e-02
7.628601e-02
5.458539e-02
1.384214e-02
-1.110106e-01
-6.223989e-02
-1.026873e-01
-6.246973e-02
-4.051528e-03
-1.896875e-02
-7.254241e-02
9.595740e-04
-1.024233e-02
4.061985e-02
1.167414e-01
1.383240e-01
4.674575e-03
5.978659e-02
7.592082e-02
-1.236540e-01
-5.090716e-02
-2.696703e-02
-5.327915e-02
-5.866591e-02
-6.426844e-02
1.121309e-02
6.063148e-02
7.287230e-02
-3.990559e-02
4.703079e-02
5.595257e-02
-1.318897e-01
-1.088956e-01
-6.155679e-02
-6.637477e-02
-5.988846e-02
-3.550653e-02
-2.975819e-02
3.458822e-02
1.344073e-02
2.082795e-02
3.348921e-02
2.610501e-02
2.738408e-02
1.196084e-02
-1.421563e-02
-2.676014e-02
-1.082563e-02
-4.642984e-02
4.215681e-02
1.346188e-01
4.406479e-02
-2.721103e-02
3.318776e-02
-8.922857e-03
-1.448947e-01
-2.040813e-01
-1.426142e-01
-1.176237e-03
-3.409874e-03
1.721180e-02
6.381403e-03
-4.702692e-02
2.433624e-02
-2.416383e-02
3.297842e-02
3.418097e-02
3.560441e-02
2.411789e-02
4.777425e-02
5.415219e-02
3.279495e-02
7.021161e-02
6.122451e-02
4.249255e-02
5.580403e-02
-1.646591e-02
-6.698071e-03
-3.343635e-02
1.024020e-02
2.146257e-02
-3.207925e-02
-7.224652e-03
3.037348e-02
-2.003916e-02
-1.175909e-02
-2.743753e-03
-3.345045e-02
1.387112e-02
-6.281911e-03
-1.107909e-02
1.781743e-02
-1.499145e-02
-3.592056e-02
-4.731293e-03
-1.887971e-03
1.275449e-02
-4.055266e-02
-1.768623e-02
6.388744e-02
-7.304735e-02
-7.649766e-02
2.617378e-02
6.488068e-02
-1.223198e-02
8.259168e-03
9.626047e-02
6.548520e-02
4.168834e-02
1.441601e-01
1.427959e-01
1.043594e-01
-4.692787e-02
-7.034258e-02
3.234481e-02
-1.727502e-01
-3.741300e-02
1.666655e-01
-1.457833e-01
-4.097352e-02
1.203552e-01
1.590459e-02
3.177367e-02
8.124871e-04
1.979668e-02
1.797490e-02
4.631480e-03
-7.599774e-03
-1.046970e-02
-3.354894e-02
-5.726362e-02
8.201647e-03
1.459813e-02
-6.673667e-02
1.581538e-02
5.515313e-02
-9.853538e-03
3.407514e-02
1.271655e-02
-7.559866e-03
-3.108286e-02
1.680042e-02
-2.426625e-02
-4.934042e-02
4.328850e-02
-2.143270e-02
-1.843762e-02
2.411000e-02
-3.267851e-02
-1.601082e-02
-1.109498e-02
7.481639e-03
2.249854e-02
3.051324e-02
-7.081606e-03
2.885979e-02
5.180628e-02
-2.487255e-02
7.594891e-03
2.578082e-02
1.434085e-04
2.680714e-02
6.109764e-02
-3.446201e-03
-4.521931e-04
1.499212e-02
-7.911532e-04
1.125409e-02
5.933747e-03
3.481807e-04
2.618107e-02
3.146946e-02
-2.447184e-02
8.094072e-03
-1.998634e-03
-1.397530e-02
-8.308161e-03
-7.802312e-03
-7.344144e-03
-4.760443e-03
4.064435e-03
-7.499737e-03
-1.301293e-03
2.826006e-03
1.755282e-02
1.772418e-02
-1.417855e-03
8.158515e-03
7.872706e-03
-4.451823e-05
-2.710882e-03
-6.842889e-03
1.851796e-03
-9.651591e-05
-2.865030e-03
-8.247185e-03
3.681935e-03
-1.986970e-03
1.777761e-03
-9.861124e-03
-1.496918e-02
1.030496e-03
2.479217e-02
1.150939e-02
2.159429e-02
1.432561e-02
7.169845e-03
5.066453e-03
-1.327560e-02
-7.169142e-03
-1.656653e-02
1.167872e-02
5.040824e-03
6.899516e-03
-8.191812e-04
-1.140664e-02
1.606499e-03
2.459572e-03
-2.709767e-03
9.106776e-03
1.666403e-02
1.839318e-02
4.549508e-03
6.536973e-03
4.334792e-03
-4.044349e-03
3.351817e-03
2.402760e-03
-1.546997e-03
1.934628e-02
1.213611e-02
3.996959e-03
1.093122e-02
1.227066e-03
2.282228e-03
-8.474194e-04
-9.684074e-03
-1.136536e-02
7.819589e-03
-2.566974e-03
1.063482e-02
4.988849e-03
-1.884811e-02
1.670536e-03
-6.354912e-03
-1.995160e-02
-2.368100e-03
1.101038e-02
6.172867e-03
-5.044745e-03
1.525879e-02
5.335933e-04
-3.325058e-03
1.216277e-02
-2.806259e-04
-4.260296e-03
-7.769832e-03
-8.312915e-03
-7.082238e-03
1.318714e-02
2.433449e-03
-6.180557e-03
1.186026e-02
-6.105473e-03
-1.175245e-02
6.250102e-03
7.475876e-03
6.525236e-03
-6.026762e-03
-7.589630e-03
-5.460923e-03
-6.705193e-03
-1.193274e-02
-1.422332e-02
-6.886325e-03
-5.765143e-04
3.810317e-03
-1.066502e-02
4.548565e-03
1.090411e-02
1.596391e-04
9.288177e-03
8.729629e-03
7.334943e-03
-5.622662e-04
3.216010e-03
7.331643e-03
-7.320814e-04
1.085347e-02
1.425412e-03
5.124645e-05
1.253322e-02
3.337138e-03
1.282101e-02
5.898976e-03
1.368305e-02
2.303478e-02
1.597523e-02
5.186369e-03
1.159330e-02
6.689349e-03
-2.607657e-03
-6.597366e-03
-1.245140e-02
-7.547892e-03
1.994462e-03
6.961300e-03
-2.915471e-03
-3.558681e-03
1.050432e-03
4.235894e-02
4.614459e-02
4.486540e-02
-3.668593e-03
-6.439622e-03
-6.746395e-03
-6.918232e-02
-7.148668e-02
-7.141934e-02
-2.718842e-03
-2.625202e-02
4.261254e-02
7.634297e-02
6.787891e-02
-1.447899e-02
6.345456e-02
-6.348971e-02
-1.528367e-02
2.342042e-02
-1.693826e-02
7.996991e-02
1.462476e-01
3.012785e-02
2.849333e-02
1.081677e-01
1.772266e-01
1.600110e-02
-3.984669e-02
2.030678e-02
1.423098e-02
7.336715e-03
4.951950e-03
6.265307e-02
-6.018845e-02
1.178550e-01
-3.684856e-02
5.245945e-02
-9.127640e-02
4.976957e-03
-1.011361e-01
1.545926e-01
-8.401740e-02
8.910033e-03
-2.132824e-01
2.693425e-02
3.411655e-02
-5.105112e-04
2.796963e-02
2.712188e-02
2.376019e-02
-9.400196e-02
-3.375261e-02
-3.275331e-02
-2.726100e-02
-4.509188e-02
1.020068e-02
4.616232e-02
-2.980815e-02
-7.607254e-02
2.721731e-03
-1.443851e-02
9.360906e-02
-6.406770e-02
-7.974121e-02
-2.625872e-02
9.691550e-03
-6.690760e-02
1.718108e-01
-4.575456e-03
1.576037e-02
-2.844795e-02
6.177878e-02
3.358741e-02
-6.447552e-02
-5.812094e-02
-7.504803e-02
1.221370e-01
-1.082824e-01
-2.215227e-02
-1.617925e-02
-5.796934e-02
4.583559e-02
-1.891051e-02
9.259471e-02
-4.136648e-02
8.553036e-02
1.970305e-02
8.733125e-03
3.798562e-02
1.164692e-02
2.246025e-02
4.544007e-02
-7.117809e-03
-4.636633e-03
-5.109228e-02
1.428875e-02
1.702039e-02
7.216479e-02
3.376818e-02
-3.427918e-02
-7.779525e-02
-1.422867e-02
-6.568968e-02
-8.418632e-02
3.141461e-02
-8.091696e-03
4.997725e-02
1.839865e-02
-4.442996e-02
1.034630e-01
1.276873e-02
1.470355e-01
2.355036e-02
8.856578e-02
2.627153e-02
1.065185e-01
7.526925e-02
-7.109497e-02
5.229547e-03
-6.145250e-03
4.262114e-02
9.949580e-02
6.685875e-02
7.639693e-02
2.941316e-03
-1.007110e-01
-3.092469e-02
-8.694219e-02
-1.377644e-01
1.826689e-02
2.394945e-02
-5.744905e-02
6.268109e-02
5.025547e-02
-5.367811e-02
-6.873644e-02
3.710260e-02
-4.842658e-02
-4.182566e-02
-1.508052e-01
-3.865518e-02
-8.743778e-02
-1.023347e-01
1.621923e-02
2.885820e-02
-4.599798e-03
2.759992e-02
-2.243993e-01
-2.079851e-01
-1.701789e-01
9.072578e-04
6.047639e-02
-5.309844e-03
2.298048e-02
1.158392e-02
2.906368e-02
-7.798540e-03
-4.375195e-02
5.464950e-02
-4.026940e-03
-3.499808e-02
1.315229e-02
-3.749533e-02
-2.877705e-02
-3.113879e-02
5.196383e-02
1.431126e-01
-2.899823e-02
1.392824e-02
6.720274e-02
1.060804e-02
6.054285e-03
4.849232e-02
-5.057714e-03
-2.543808e-02
6.928599e-02
1.361810e-03
-3.134388e-02
-1.814135e-02
3.152262e-02
2.693157e-02
3.941588e-02
2.467806e-02
-8.063404e-02
-1.527363e-01
2.983549e-02
1.612861e-02
2.560078e-02
2.342172e-02
-9.823681e-03
5.056954e-03
-2.684696e-02
-9.469508e-02
-5.008582e-02
1.029019e-02
-6.099248e-02
-1.494126e-02
5.531498e-02
-8.696380e-03
-2.733925e-02
-2.427865e-04
-3.358633e-03
2.037690e-02
2.603290e-02
5.884818e-02
3.494288e-02
6.507119e-02
-2.225017e-02
-3.013255e-03
-1.007982e-02
2.934030e-02
-6.122848e-02
9.880116e-02
2.601454e-02
-8.060122e-02
1.909043e-02
4.423425e-03
-8.441228e-03
-2.747360e-02
-1.822226e-02
-1.161551e-01
8.520837e-03
-5.824869e-02
-9.230450e-02
8.634493e-02
-3.485977e-02
2.578009e-02
-3.472782e-03
-2.966669e-02
-8.407229e-03
-3.734032e-02
-2.610750e-02
-2.634464e-03
-5.192383e-02
-2.360931e-02
-3.734003e-02
-1.784864e-02
2.887343e-02
5.474117e-02
-5.450300e-02
-4.489853e-02
2.049383e-02
8.101863e-03
5.492323e-03
-4.977845e-03
-8.318042e-02
8.776284e-02
8.267704e-02
4.590506e-02
-2.326300e-02
-8.139442e-03
2.145488e-02
6.815720e-02
-4.859286e-05
4.579138e-02
4.586728e-02
1.486360e-01
1.256257e-01
-5.854125e-02
2.040382e-02
7.828841e-02
1.916163e-02
5.527158e-02
6.392798e-02
-2.497443e-02
2.065177e-02
1.156136e-01
2.468817e-02
8.833947e-03
8.004990e-02
3.695727e-03
3.687985e-02
-4.753477e-03
-1.591285e-02
-6.720232e-03
-3.324425e-02
-3.740934e-02
-4.060361e-02
-6.173544e-02
-9.183182e-02
-1.539925e-01
-1.165132e-01
8.252265e-02
7.391828e-02
-4.613143e-02
1.517515e-01
1.487165e-01
-5.741057e-03
-1.005568e-02
-1.651527e-02
-4.590210e-02
4.350405e-02
2.163000e-02
4.543247e-02
-1.158933e-02
-3.384262e-02
-4.754296e-04
