4.601135e-02
-1.443765e+00
-1.004939e-01
-1.836374e+00
1.351523e+00
2.329138e-02
-1.106629e+00
6.865709e-02
-1.363306e+00
3.409173e-01
1.151907e-01
-8.359169e-01
-1.066532e+00
5.572041e-03
5.431023e-01
-3.015055e-01
-7.811055e-01
-1.101749e+00
-1.432898e+00
8.152747e-01
-1.757701e+00
-2.298708e+00
-5.985314e-01
3.394407e-01
4.326633e-01
5.090577e-01
-1.549564e+00
-5.464660e-01
-9.131183e-02
-7.082083e-01
-1.089421e+00
-1.396875e+00
-8.313910e-01
-6.731209e-01
1.436802e+00
-1.520741e+00
-1.847241e-01
3.234355e-01
-1.630439e-01
5.641377e-01
6.835962e-01
-5.589747e-01
6.721246e-01
-1.049838e+00
1.337328e+00
-1.973863e-01
-7.786397e-01
-9.123773e-01
8.424905e-02
-2.806978e-01
-1.695248e+00
-2.283232e-01
-1.109704e+00
-1.251884e+00
-1.806994e+00
-1.115808e-01
-1.305966e+00
-2.172348e+00
1.403123e+00
-5.508847e-03
-1.603971e-01
-4.465332e-01
-9.683106e-01
1.789730e-01
