6.958488e-01
6.513133e-01
5.407254e-01
5.599080e-01
6.063324e-01
6.954740e-01
5.952097e-01
5.366575e-01
6.459883e-01
4.774475e-01
5.670810e-01
5.946262e-01
5.913413e-01
5.488458e-01
4.613687e-01
5.574650e-01
6.598545e-01
8.820896e-01
7.957696e-01
6.461107e-01
5.808002e-01
5.870719e-01
6.181301e-01
6.059853e-01
4.408962e-01
6.532744e-01
5.977826e-01
4.863231e-01
5.081599e-01
8.805315e-01
6.981243e-01
5.907566e-01
5.656205e-01
5.560493e-01
6.241790e-01
5.804370e-01
9.005674e-01
4.708699e-01
6.721061e-01
9.351227e-01
5.692134e-01
6.078362e-01
7.644034e-01
5.531148e-01
6.765345e-01
4.688403e-01
6.300642e-01
7.740499e-01
9.605075e-01
5.474170e-01
6.070017e-01
7.460746e-01
5.393585e-01
5.681559e-01
6.643317e-01
5.465989e-01
5.125433e-01
6.167657e-01
7.857718e-01
7.055421e-01
8.084568e-01
6.219314e-01
8.322855e-01
5.899777e-01
