5.572067e-01
4.623658e-01
4.090071e-01
5.305719e-01
5.973475e-01
5.078889e-01
8.711828e-01
6.573027e-01
5.617805e-01
4.950241e-01
6.570547e-01
4.467879e-01
4.963398e-01
5.817075e-01
3.997878e-01
4.658972e-01
7.111661e-01
3.613158e-01
3.776600e-01
4.575721e-01
3.837558e-01
5.788282e-01
6.064585e-01
7.484270e-01
6.888895e-01
6.452499e-01
4.816109e-01
9.819611e-01
5.285053e-01
5.372503e-01
5.347376e-01
4.608121e-01
6.958501e-01
6.025120e-01
6.214484e-01
6.474844e-01
5.621805e-01
6.073906e-01
6.557639e-01
4.643607e-01
4.860976e-01
6.300412e-01
9.058398e-01
4.826782e-01
5.602399e-01
4.184718e-01
4.903322e-01
5.740339e-01
5.505703e-01
6.442078e-01
3.923701e-01
5.487131e-01
5.010846e-01
1.003514e+00
5.060862e-01
7.297058e-01
4.055609e-01
7.080706e-01
7.356542e-01
6.691279e-01
5.626674e-01
6.449420e-01
4.388336e-01
5.777965e-01
