-9.646450e-02
-7.968111e-02
-4.953481e-02
-6.400226e-02
-1.194767e-01
-8.301539e-03
4.649294e-02
-3.566315e-02
-8.697239e-02
-9.348676e-02
-7.113937e-02
-7.772542e-02
-6.227527e-02
-5.354541e-02
-4.947230e-02
-4.642206e-02
-5.081640e-02
-3.027107e-02
-3.817501e-02
-7.831039e-02
-1.265517e-02
1.505021e-01
-8.520322e-02
2.650771e-03
7.906900e-03
1.553366e-03
-3.973940e-02
-4.284670e-02
-3.020831e-02
-6.089232e-02
-9.558509e-02
-4.802644e-02
-2.343015e-02
-9.877853e-02
-1.578985e-02
-1.037405e-01
-3.470537e-02
1.635409e-03
-9.158369e-02
-5.793760e-02
-4.985394e-02
-9.374844e-02
1.142739e-02
-1.074216e-01
6.913629e-02
-1.675863e-01
-8.671347e-02
5.604927e-03
-6.110281e-02
-4.870714e-02
-4.829640e-02
-5.373329e-02
5.468123e-02
-4.579040e-02
-3.767103e-02
-8.153549e-02
-5.575389e-02
-1.673210e-02
-9.089353e-02
-3.301033e-02
-5.142722e-02
-1.855093e-03
-8.952443e-02
-9.098000e-02
