5.426348e-01
4.801972e-01
4.477646e-01
4.214934e-01
4.535418e-01
4.798545e-01
5.644850e-01
4.631309e-01
5.647604e-01
4.046127e-01
5.031276e-01
5.676823e-01
4.259096e-01
5.365680e-01
4.041483e-01
5.573852e-01
6.178476e-01
4.916841e-01
4.818619e-01
5.231432e-01
4.927069e-01
3.254030e-01
5.756087e-01
4.903573e-01
5.625383e-01
5.178227e-01
4.458521e-01
5.897734e-01
4.581158e-01
5.412297e-01
4.665962e-01
4.132523e-01
5.013217e-01
5.649545e-01
5.687285e-01
5.209434e-01
5.814071e-01
5.178158e-01
3.916105e-01
4.994408e-01
5.356101e-01
4.427107e-01
4.403526e-01
5.047571e-01
4.836960e-01
5.569444e-01
5.334682e-01
4.693275e-01
5.184582e-01
5.317296e-01
4.765954e-01
5.002328e-01
4.943123e-01
4.640163e-01
3.994200e-01
5.718969e-01
5.759078e-01
5.519530e-01
5.049949e-01
5.246419e-01
3.913847e-01
5.213107e-01
4.335726e-01
6.095281e-01
