-2.881756e-01
-5.445192e-02
-1.049280e+00
-5.591608e-01
-1.402060e-02
-1.053086e+00
-1.159987e+00
2.821206e-01
-9.709257e-01
-8.452491e-01
-6.418561e-01
-5.459465e-01
-2.055361e-01
-3.551839e-01
-7.770882e-02
-6.788423e-01
-3.892565e-01
-2.166652e-01
-5.952439e-01
-1.188681e+00
-1.121294e+00
-9.727052e-01
-5.855614e-01
-9.114135e-01
-4.728271e-01
-8.346224e-01
-3.464417e-01
-1.656383e-01
-1.499059e-01
-2.401334e-01
-8.084524e-01
6.245233e-03
-2.728850e-01
-1.457710e+00
1.334452e-01
-4.239156e-01
-2.866640e-01
-1.567282e-01
1.791747e-01
2.906166e-01
-2.114255e-01
-4.629759e-01
-6.117691e-01
-3.766955e-01
-6.826042e-01
-2.773403e-02
-9.582112e-01
-7.135234e-02
-8.092938e-01
-2.366220e-01
-4.046845e-01
-1.042841e+00
-6.274885e-01
-4.634143e-01
-3.688473e-01
2.471543e-02
-4.922265e-01
-6.264709e-02
-9.152389e-01
-5.856548e-01
-4.116642e-01
-3.775975e-01
-2.444699e-01
-3.508923e-01
