3.867290e-01
3.524064e-01
3.279426e-01
3.005162e-01
3.360093e-01
3.226272e-01
3.209782e-01
3.089505e-01
3.847962e-01
3.471007e-01
3.306426e-01
3.211575e-01
3.098043e-01
3.471874e-01
3.331365e-01
3.433169e-01
3.386674e-01
3.934041e-01
3.388619e-01
3.005814e-01
2.741400e-01
2.928724e-01
2.773716e-01
3.138408e-01
3.219446e-01
2.938259e-01
3.265418e-01
3.141218e-01
3.237360e-01
3.928555e-01
3.402456e-01
3.283848e-01
3.698574e-01
3.343573e-01
3.439451e-01
3.462602e-01
3.722604e-01
3.357475e-01
3.365365e-01
2.971082e-01
3.273640e-01
3.340686e-01
3.241184e-01
3.367471e-01
3.348908e-01
2.743667e-01
3.419647e-01
3.104956e-01
3.430360e-01
3.610320e-01
3.323712e-01
3.573744e-01
3.390631e-01
3.167702e-01
3.515496e-01
3.474322e-01
3.402116e-01
3.010968e-01
3.177648e-01
3.677534e-01
3.314402e-01
3.571570e-01
4.028665e-01
3.336907e-01
