3.948807e-02
3.039696e-02
3.379891e-02
3.579437e-02
3.073938e-02
2.771148e-02
3.683496e-02
4.231983e-02
2.636296e-02
2.775267e-02
3.008382e-02
3.658798e-02
3.215916e-02
3.036409e-02
2.737589e-02
4.151011e-02
4.172881e-02
2.982977e-02
3.430486e-02
3.094812e-02
3.485962e-02
2.307169e-02
3.585573e-02
3.755828e-02
3.262469e-02
2.961239e-02
3.006442e-02
4.757771e-02
3.190769e-02
2.988827e-02
3.689339e-02
3.810348e-02
3.906582e-02
3.726152e-02
3.756135e-02
3.487690e-02
3.356160e-02
3.645955e-02
2.431031e-02
4.201204e-02
3.686271e-02
3.362560e-02
2.865336e-02
3.490257e-02
3.489209e-02
3.972214e-02
3.809305e-02
2.922932e-02
3.305610e-02
3.270000e-02
3.637049e-02
3.551424e-02
3.094006e-02
3.182071e-02
2.874308e-02
3.645939e-02
3.600159e-02
2.731709e-02
3.933984e-02
3.546545e-02
2.414075e-02
3.422821e-02
3.550733e-02
3.375247e-02
