-4.714137e-01
-3.134452e-01
-3.089687e-01
-4.112702e-01
-2.826101e-01
-4.648124e-01
-5.204744e-01
-4.410913e-01
-4.375312e-01
-2.926765e-01
-3.639808e-01
-2.379736e-01
-3.811518e-01
-4.001741e-01
-3.441378e-01
-3.751764e-01
-4.833117e-01
-4.321930e-01
-2.825734e-01
-4.624617e-01
-3.878986e-01
-4.595298e-01
-3.707455e-01
-2.938323e-01
-1.714279e-01
-3.603845e-01
-3.313832e-01
-2.240830e-01
-4.196133e-01
-3.210915e-01
-4.687372e-01
-3.993469e-01
-4.525012e-01
-4.866259e-01
-3.120040e-01
-3.790370e-01
-4.507076e-01
-3.702163e-01
-3.033023e-01
-3.443408e-01
-4.654179e-01
1.340041e-01
-3.600269e-01
-4.822028e-01
-3.313985e-01
-2.948617e-01
-1.701224e-01
-1.677240e-01
-2.191332e-01
-5.028536e-01
-3.503630e-01
-2.275178e-01
-5.394310e-01
-4.859706e-01
-2.244432e-01
-3.835842e-01
-4.275252e-01
-3.751941e-01
-2.590346e-01
-4.372206e-01
-3.201419e-01
-4.465851e-01
-1.450059e-01
-3.662684e-01
