1.837396e-02
-2.343866e-02
3.778873e-02
4.740697e-02
2.720542e-02
-2.395446e-02
-5.984953e-02
7.791189e-03
-4.704247e-02
9.037928e-03
3.954459e-02
3.871847e-02
1.358794e-02
-1.718252e-02
-6.573635e-02
-3.962870e-02
2.110952e-02
-2.999187e-02
3.090519e-02
-4.301944e-02
-2.059584e-02
8.759815e-04
3.746410e-02
3.393392e-02
3.764744e-02
-1.652208e-02
-1.516869e-02
-3.291230e-02
-1.845467e-02
-2.377188e-02
-3.191609e-02
2.103826e-02
-3.461211e-03
1.255231e-02
-2.829869e-02
8.440178e-03
-5.015924e-02
5.364727e-02
-2.636677e-02
3.543570e-03
1.924570e-02
2.860892e-02
-7.803602e-03
-2.786755e-02
3.326197e-02
4.462226e-02
7.631615e-02
5.354604e-02
-9.060873e-02
-2.317616e-02
-3.309840e-03
-5.423442e-02
2.760838e-02
-2.398355e-02
-1.692726e-02
3.741222e-02
-5.578671e-02
-4.903507e-02
-8.736480e-03
3.388644e-02
5.654623e-02
-8.712321e-02
4.759997e-02
1.557358e-02
-4.052019e-02
7.724113e-02
3.802405e-02
2.929384e-02
1.281859e-03
9.529963e-04
-7.350575e-03
4.521619e-02
3.256902e-02
3.431449e-02
9.153552e-03
-8.971617e-03
-4.166420e-02
1.519302e-02
2.506217e-02
4.631006e-02
-1.438315e-02
-2.108367e-02
-4.334305e-04
-1.297694e-02
3.065672e-02
-4.003126e-02
-1.379182e-02
8.277798e-03
-2.236869e-02
-2.187256e-02
-5.835194e-03
-1.161213e-02
-2.393137e-02
1.169791e-02
2.078838e-02
-5.580579e-02
5.428725e-02
-4.171491e-02
-8.152155e-03
3.388843e-03
