-1.798251e-02
-2.101561e-01
-1.074935e-01
-6.027194e-02
4.318483e-01
-1.222504e-01
3.135099e-01
-1.384626e-01
-2.165465e-01
-7.281937e-02
3.747662e-01
-7.742164e-02
-2.354119e-01
-2.850759e-01
-2.166104e-01
-8.119898e-02
9.791256e-01
-2.118548e-01
2.984169e-02
2.653841e-02
-1.230047e-01
-4.979463e-02
5.884444e-02
-2.592703e-02
7.815141e-02
2.047853e-01
-1.780526e-01
-8.973762e-02
-4.459647e-02
-1.450012e-01
-1.427451e-01
-2.465023e-01
-1.632351e-01
-1.074302e-01
-1.312908e-01
-2.292077e-01
-1.355478e-02
-7.597243e-02
-1.703081e-02
-1.912666e-01
-8.322994e-02
-5.757577e-02
-1.829039e-02
-1.716915e-03
1.006417e+00
-1.266816e-01
1.187484e-01
-4.516882e-02
-4.360072e-02
-3.440210e-02
-1.776570e-01
-9.117641e-02
3.622732e-02
-5.497668e-02
1.589724e-02
-1.165980e-01
7.247861e-02
3.477283e-01
-1.849342e-01
-1.254906e-01
-1.021159e-01
5.602836e-01
-2.078677e-01
-4.787488e-02
-4.072911e-02
-2.315638e-01
-1.372955e-01
-2.163052e-01
-1.625929e-01
5.003612e-02
1.904718e-02
2.544589e-01
-1.422180e-01
1.026997e-01
-1.195284e-01
3.920507e-01
-8.548955e-02
5.405182e-02
-1.095678e-01
-2.196106e-01
-6.058759e-02
1.762740e-01
-9.756955e-02
-7.037128e-02
2.863387e-02
4.226803e-01
-2.010135e-03
-1.566432e-01
-2.534524e-01
-3.011227e-01
3.997492e-01
5.078487e-01
-2.240034e-01
4.295121e-01
-1.317152e-01
-1.091216e-01
4.430034e-02
-1.494132e-01
-3.633052e-01
-1.492674e-01
-1.476507e-01
4.724235e-01
-1.273145e-01
-6.416759e-02
-8.930984e-02
4.196751e-01
-2.087585e-01
1.588983e-01
8.393769e-02
-1.131206e-01
1.696842e-01
-1.662348e-01
-1.729196e-01
-1.795878e-01
-8.427497e-02
1.034732e+00
-8.908169e-02
2.712615e-01
2.715171e-01
-2.678793e-01
-8.779135e-02
-1.285014e-01
-1.110108e-01
-2.151414e-01
-1.866046e-02
6.081593e-02
1.317738e-01
-1.448384e-01
7.692039e-01
-3.045185e-01
2.339119e-02
6.461930e-02
8.028181e-02
1.009963e-02
-2.427288e-01
-2.992745e-02
-1.578506e-01
-3.220205e-02
-1.665818e-01
-6.821058e-02
-2.367553e-01
2.271665e-01
1.393183e-01
-1.699320e-01
-7.842691e-02
-2.080162e-01
-1.453550e-01
1.520257e-01
-9.191843e-02
-1.410788e-01
3.736740e-01
2.237185e-01
-7.432843e-02
-8.848550e-02
-1.205618e-01
5.634443e-02
-2.203391e-01
-2.971584e-01
-1.075091e-01
4.747502e-02
-1.325146e-01
-1.451208e-01
-2.159000e-01
7.390376e-01
-3.879563e-02
-9.007493e-02
-1.415255e-01
-1.799094e-02
-1.930062e-01
-2.164940e-01
7.448827e-02
-3.865786e-03
-3.287125e-02
-2.913269e-01
4.563247e-01
-1.487716e-01
4.215976e-01
-2.433325e-01
1.232033e-02
-3.355632e-02
1.037421e-01
2.536253e-01
4.495893e-01
1.390318e-02
-3.273506e-01
1.194067e-01
3.756627e-01
-2.255307e-01
-8.698157e-02
6.927906e-01
-2.918407e-01
-4.244091e-02
1.233834e-02
-3.057691e-01
-1.341812e-01
2.598223e-01
-1.032835e-01
-2.868678e-01
9.734353e-02
7.130842e-02
8.054855e-02
-2.324404e-01
-1.115571e-01
-1.898853e-01
1.293506e-01
1.184390e-01
3.388735e-01
-4.958520e-01
5.734743e-01
6.628609e-02
2.068419e-01
1.248612e-01
-2.447620e-01
3.651639e-01
-2.768401e-01
6.759922e-02
-3.308150e-01
-1.338716e-01
2.751048e-01
-1.638118e-01
-1.542850e-01
1.626808e-01
2.449244e-01
4.419060e-01
-3.183491e-01
-1.024824e-01
-1.656571e-01
-6.135310e-02
-1.210871e-01
-5.277186e-03
3.600540e-01
8.677806e-01
2.642265e-01
-3.523198e-01
8.449004e-03
-2.957266e-01
9.944069e-02
5.970101e-01
-4.437368e-02
-2.047801e-01
3.231136e-01
-2.069929e-01
-2.030405e-01
-2.646060e-01
3.791358e-01
-9.140295e-02
-4.356141e-02
-3.928169e-01
-3.322988e-02
-1.017228e-01
-3.548532e-02
-1.155601e-01
2.666795e-02
1.084946e-01
4.205587e-01
-1.955925e-01
-1.074015e-01
-1.562598e-01
3.108218e-01
-5.583986e-02
-2.085249e-01
-7.993064e-03
1.033021e-02
1.747032e-01
1.258609e-01
-1.651291e-01
-7.500051e-02
-4.949776e-02
1.037760e-01
6.597863e-03
-1.545957e-01
-5.547327e-01
6.124381e-01
2.372275e-02
-2.241157e-03
-3.425004e-01
-2.814155e-01
1.546483e-01
5.544778e-01
-1.211032e-01
-3.023084e-01
-1.509722e-01
-6.024537e-02
-1.082021e-01
3.561472e-01
1.555719e-01
-2.850661e-01
-1.252690e-01
6.941085e-02
-1.909202e-01
5.172182e-01
1.544688e-01
-1.529411e-01
-2.922419e-01
5.838759e-01
2.417294e-01
-7.426523e-02
-3.110242e-01
-3.514623e-02
-1.879466e-01
-2.035286e-01
6.087422e-01
-6.674792e-02
2.080029e-01
-1.060946e-01
2.874041e-01
9.850693e-02
7.132626e-02
-1.634346e-01
-5.590081e-03
-1.019230e-01
-2.482495e-01
3.256629e-02
-1.904773e-01
8.709680e-01
-4.850388e-02
9.912517e-02
8.317865e-02
-1.768596e-01
-3.696598e-02
2.785390e-02
-2.105597e-01
-2.397780e-01
-2.033120e-02
7.890911e-02
1.076426e-02
-1.956063e-01
-8.010368e-02
-9.658735e-02
1.353939e-01
-3.009037e-01
-2.054655e-02
2.069694e-02
7.907641e-01
1.166769e-01
-1.402648e-01
-8.135097e-02
8.907261e-02
-2.945378e-01
-6.236754e-02
-4.125821e-01
-5.043106e-02
4.214488e-02
-3.580520e-01
-5.660535e-02
7.149878e-02
1.732326e-01
-1.309064e-01
-1.904510e-01
-1.455002e-01
1.892291e-01
-7.439861e-02
2.747306e-01
9.833125e-01
-1.370666e-01
-3.185557e-02
2.666492e-01
-1.199975e-01
-2.769994e-01
-1.573043e-01
-7.220011e-02
-5.672698e-02
-3.216555e-02
-1.334555e-01
3.542928e-01
-9.793241e-02
-1.491731e-01
-5.395525e-02
-4.047531e-01
-1.040955e-01
3.655575e-01
-7.644134e-02
-1.912954e-01
3.992584e-01
3.422452e-01
-6.701878e-02
-9.984697e-02
4.611269e-01
-4.538232e-02
-1.753279e-01
4.367691e-01
-2.263221e-01
-9.689762e-02
-2.332013e-01
-1.449030e-03
-4.584694e-02
8.786577e-01
-2.405297e-01
-6.895310e-03
-2.804914e-01
4.876619e-02
-1.685620e-01
-1.213784e-02
-1.483102e-02
-2.360896e-01
1.079684e-02
5.288560e-02
-2.340905e-01
1.092691e-01
-1.240397e-01
-1.882130e-01
3.462533e-01
4.199464e-02
4.889508e-02
6.657495e-02
-6.913307e-02
-1.459311e-01
-1.870938e-01
-1.635074e-01
1.640073e-01
-9.378213e-02
4.615694e-01
-4.351833e-02
-3.522975e-02
-6.049065e-02
3.224950e-01
-2.781747e-01
-2.195565e-01
-1.799353e-01
1.057965e-01
1.387893e-01
1.513681e-01
-1.550497e-01
6.741920e-01
-1.403622e-01
-2.275529e-01
2.490160e-01
9.352589e-01
6.857773e-03
-5.408370e-02
-1.729557e-01
-3.362985e-01
-2.472330e-01
-1.964757e-01
1.682156e-01
-1.574199e-01
-3.026122e-01
1.167825e-01
-2.562293e-01
4.499943e-01
3.500605e-01
-1.020909e-01
1.032063e-02
-2.189418e-01
-2.559252e-01
-5.805592e-03
-7.964839e-02
-2.344655e-01
-1.751697e-01
1.145548e-01
2.686241e-02
-3.190457e-01
2.250071e-01
-3.071342e-02
2.712917e-01
2.818860e-02
3.938013e-02
-2.455808e-01
3.285766e-01
-2.517801e-01
-1.751693e-01
-1.157363e-01
-9.658356e-02
-3.364576e-01
-1.646063e-01
-2.307886e-02
1.891129e-01
-2.394419e-01
-2.317588e-01
4.096308e-01
-1.738507e-01
-5.037004e-02
7.030312e-01
5.073323e-02
-1.916113e-02
3.067522e-01
1.656468e-02
-7.386809e-03
-1.100965e-01
-1.371318e-01
3.960491e-02
-1.213245e-01
1.545871e-01
9.436605e-02
-3.933362e-02
-3.722544e-01
5.911387e-03
5.450338e-01
1.816493e-01
-2.852594e-01
3.587204e-01
6.359547e-01
4.995875e-01
-2.515589e-01
-1.408252e-01
-3.554798e-02
1.246776e-01
-1.891693e-01
-1.337690e-01
7.943561e-01
2.122874e-02
-2.668963e-01
-2.740003e-01
-1.155234e-01
-1.315127e-01
-1.930296e-02
-1.098431e-01
-2.120184e-01
-2.335753e-02
-1.000922e-01
-3.296829e-02
-2.412212e-01
4.815322e-01
-1.010947e-01
1.078085e-01
-1.283379e-01
1.766957e-02
-8.743117e-02
-1.428747e-01
-9.862556e-02
-1.283518e-01
-1.477553e-01
-5.451951e-02
-1.443297e-01
-1.517637e-01
-2.890051e-02
-1.207536e-01
-1.151917e-01
-1.448981e-01
-2.141115e-01
6.259318e-02
-1.323554e-01
4.612470e-01
-1.374962e-01
-8.356959e-02
-1.638071e-01
1.047581e+00
-1.408078e-02
-5.254520e-02
-2.103684e-01
-1.163065e-01
1.608670e-01
6.234573e-01
-1.059980e-01
-1.406054e-01
1.006658e-01
-1.551370e-01
-1.359411e-01
-2.600734e-01
4.064326e-02
-1.587712e-01
-1.242697e-01
3.304964e-02
-2.181842e-01
-4.902676e-02
-1.701085e-01
-1.633943e-01
-1.299122e-01
-6.507342e-02
7.572479e-02
2.383993e-01
-1.907553e-01
-3.700365e-02
9.126378e-02
-2.066555e-01
6.904859e-01
-8.025321e-02
-3.400444e-02
-1.432696e-01
-1.861866e-02
-1.209650e-01
1.677382e-01
8.929180e-02
-1.168187e-01
1.415860e-01
6.079174e-01
6.205299e-02
-8.652128e-02
-1.953190e-01
-1.560752e-01
7.260436e-02
-1.376435e-01
-7.230539e-04
-1.999001e-01
7.753639e-01
-8.840337e-02
9.018441e-02
-1.762499e-01
-8.802967e-02
-2.933062e-01
-1.356170e-01
-2.286015e-01
-1.602577e-01
1.421795e-01
2.037138e-01
-4.909001e-02
-1.633281e-01
-6.901121e-02
5.219564e-01
-1.285115e-01
2.979822e-02
-2.177188e-01
-7.991562e-02
-6.910487e-02
3.134788e-01
2.753819e-01
9.979530e-01
-4.954588e-02
7.029939e-02
7.764640e-02
-2.262442e-01
-1.587073e-01
5.090414e-01
-2.909636e-01
-7.836285e-02
-9.971271e-02
-3.112905e-02
-8.188563e-02
-2.227155e-01
3.557513e-02
6.793584e-02
1.172958e-02
1.069597e-01
-6.890961e-02
5.850573e-02
2.834864e-01
-1.218283e-02
2.484772e-02
-1.056719e-01
-5.919812e-02
-5.944506e-02
4.437429e-01
-2.951568e-01
-2.226319e-01
-2.507497e-01
7.006498e-02
-2.051587e-01
8.212901e-02
1.157204e-01
-1.058607e-01
1.888968e-01
1.273627e-01
1.366412e-01
-1.006542e-01
8.265760e-01
-1.199459e-01
-8.057746e-02
1.701564e-02
-4.451207e-01
-1.939438e-01
4.207299e-01
2.890372e-02
1.275841e-01
-2.753234e-01
-1.956344e-01
-4.615795e-02
1.188758e-02
-5.413798e-02
7.616998e-01
5.575149e-02
5.790741e-02
1.526246e-01
2.917364e-01
6.873520e-01
-2.397684e-01
-3.044517e-02
-1.698954e-01
7.523982e-02
-1.132702e-01
-9.222676e-02
9.804495e-02
-9.117409e-02
-2.600626e-02
3.828667e-01
-5.398617e-02
-2.080630e-01
5.051356e-03
-1.878261e-01
6.799827e-02
-1.542689e-01
-1.616772e-01
3.808028e-02
-1.513609e-01
-1.534588e-01
-5.171069e-02
3.108020e-02
-2.140682e-02
4.178825e-01
-1.004062e-01
1.396857e-01
7.688146e-02
1.414952e-01
-2.260304e-01
1.329924e-01
4.622373e-02
2.096952e-01
-2.985300e-01
-1.472837e-01
-2.633699e-01
-7.361031e-02
-1.824847e-01
1.983518e-01
8.292185e-02
-3.381941e-01
1.188306e+00
-2.666987e-01
-5.710069e-02
2.249255e-01
-2.245873e-01
-1.390962e-01
-2.328465e-01
-2.550377e-01
-5.330696e-02
-1.823830e-01
-2.175324e-02
-4.180930e-02
2.300481e-01
2.734529e-01
-1.982459e-01
3.199575e-02
8.152084e-04
8.478357e-02
2.013084e-02
1.572473e-01
6.533511e-02
2.211364e-01
1.780373e-02
5.567662e-02
-5.613754e-02
3.948759e-02
-1.545671e-01
-1.600460e-01
2.915765e-02
2.079137e-01
-3.991894e-01
-1.405040e-01
-1.693494e-01
-1.729165e-01
1.319906e-01
6.913884e-01
2.909430e-02
1.462136e-01
-8.496302e-02
-1.082949e-01
-1.219407e-01
-1.450010e-01
3.368613e-02
-1.485909e-01
-2.500149e-02
-1.910971e-01
2.555695e-02
6.479894e-02
5.032898e-01
2.247182e-01
-3.455231e-02
5.728151e-03
2.007133e-01
2.218228e-03
-1.672791e-01
-1.296291e-03
-2.610977e-01
-3.660094e-02
6.366716e-02
-2.193009e-02
3.997439e-01
1.557642e-01
-1.758588e-01
-3.307536e-01
-2.271063e-02
7.328953e-02
-1.625015e-01
-1.408838e-01
-1.487869e-01
-8.535277e-02
-1.993700e-01
-3.984042e-02
-1.028380e-01
-1.321073e-02
5.195237e-01
-3.077208e-01
1.260476e-01
4.110085e-01
-1.464498e-01
2.313408e-01
-1.357619e-01
-9.341315e-02
-2.279877e-02
-2.385619e-02
-1.161574e-01
-1.316496e-01
-3.314811e-01
-1.557550e-02
4.752880e-02
1.646578e-01
-1.248263e-01
-1.405761e-01
2.338529e-01
2.831070e-01
1.049042e-01
-1.222003e-01
-1.286967e-01
5.695806e-01
3.282134e-01
-1.864387e-01
-2.657260e-01
-1.525121e-01
9.493311e-02
-1.799520e-01
7.321426e-02
1.447246e-01
-2.286134e-01
-7.062244e-02
-2.898834e-01
-8.528103e-02
9.877860e-03
2.570385e-02
-1.438874e-01
-2.356854e-02
2.076650e-01
-1.793103e-01
-9.845621e-02
-2.302385e-01
-1.314448e-01
-2.750277e-01
-8.917016e-02
2.720653e-01
-7.939142e-02
1.195386e+00
2.429754e-01
-1.250726e-01
1.583494e-01
1.304786e-01
1.619321e-02
-2.092844e-01
-1.591449e-01
-1.653562e-01
5.011563e-01
-1.501591e-01
-1.816662e-01
1.108014e-01
-8.531973e-02
1.949447e-01
-6.837188e-02
-2.776218e-02
-2.438847e-01
3.720666e-02
-7.596029e-02
-1.132817e-01
-1.710302e-01
2.309546e-01
-1.117731e-01
7.142794e-01
-9.507316e-02
-1.592656e-01
-1.708418e-01
-1.433387e-01
-3.717598e-01
-1.480386e-01
3.295235e-01
-1.029863e-01
-1.751584e-01
7.912949e-02
-1.895514e-01
-4.164540e-03
-2.090829e-02
3.266230e-01
-6.399566e-02
-7.438096e-02
-2.037375e-01
2.973845e-02
-1.344996e-01
-1.976163e-01
-2.462201e-01
-1.519250e-01
1.203873e-01
-1.099360e-01
-2.219833e-01
1.308069e-01
-1.351966e-01
5.374855e-02
9.411574e-02
-8.737992e-02
-2.591139e-02
3.192401e-01
8.579771e-02
-8.055623e-02
-1.933979e-01
1.050394e+00
-7.951499e-02
4.951034e-01
-1.886116e-01
3.500295e-01
-3.049998e-01
-2.142646e-01
2.948887e-02
3.662131e-01
-6.463864e-02
-2.233523e-01
-1.609706e-01
5.614861e-02
-2.846865e-01
-1.711293e-01
-2.334210e-01
-2.506596e-01
-2.261532e-01
1.483619e-01
-1.966044e-02
9.583076e-02
2.898114e-01
-1.037778e-01
-2.268977e-01
1.471135e-01
-3.491240e-01
-3.753031e-03
-1.078568e-01
-3.303031e-02
-9.090851e-02
-1.976478e-01
3.899581e-01
2.959368e-03
-1.291196e-01
-3.335116e-01
-5.994904e-02
-2.658587e-01
-6.347376e-02
3.365949e-01
3.682250e-01
-4.645966e-02
1.798615e-01
-1.585821e-01
-1.468146e-01
-9.562576e-02
-2.016991e-01
1.755643e-01
2.042575e-01
6.725066e-01
-7.513691e-02
9.695698e-02
1.469730e-01
9.009921e-01
3.456996e-02
-1.650219e-01
-2.019360e-01
7.137841e-01
1.107741e-01
-3.675162e-01
4.837518e-01
6.673326e-02
-2.551924e-01
1.535008e-01
2.534879e-01
-1.779890e-01
-2.031027e-01
-1.214506e-01
-2.022167e-02
4.354449e-01
2.105598e-01
-1.023800e-01
-1.829586e-01
-1.355331e-01
-4.026248e-02
4.087489e-01
-1.187912e-01
1.047770e+00
-2.369595e-01
-3.466720e-02
3.706412e-03
-2.812473e-01
-1.633784e-02
-2.044192e-01
-1.626361e-01
-2.085408e-01
-1.711904e-01
3.126536e-01
-2.871394e-02
6.141335e-01
3.528528e-02
1.600576e-01
-6.160783e-02
-2.805434e-01
-7.633641e-02
3.435930e-02
-1.036865e-02
-2.313141e-01
-1.697219e-01
2.862737e-01
-2.354979e-02
-1.095485e-01
-3.020031e-01
-5.101755e-01
1.053072e-01
4.691524e-02
-1.724848e-02
6.897393e-03
-1.805898e-01
-2.439378e-02
-9.637880e-02
-4.650058e-02
-1.563494e-01
5.397571e-01
3.695546e-02
-1.483089e-01
1.139580e-01
-3.219129e-01
-1.655784e-01
2.587029e-01
-1.486041e-01
3.685185e-01
-1.506282e-01
-1.520322e-01
1.177215e-01
-2.061814e-02
-1.415582e-01
-1.227566e-01
2.990171e-01
1.980816e-01
-8.635820e-02
-8.119512e-02
5.361153e-01
-1.550940e-01
-2.013829e-01
-8.963574e-02
3.011098e-01
6.202204e-01
-2.471593e-03
-2.723626e-01
-2.029812e-01
7.525744e-02
1.526390e-01
8.750284e-02
4.457324e-01
-1.383257e-01
6.405658e-01
-9.574187e-02
6.393121e-03
-2.001921e-01
1.786642e-02
-7.089743e-02
-5.628148e-02
9.371830e-02
-8.929835e-02
-2.250842e-01
1.042901e+00
-3.871903e-01
3.405770e-01
-1.443122e-01
4.185466e-01
-2.805797e-01
-6.362284e-02
-2.165239e-01
-2.976323e-02
-2.620585e-01
-3.423059e-02
3.889884e-02
-4.169804e-01
-2.767984e-02
-6.101245e-02
1.892032e-01
-3.777307e-01
-6.344238e-02
2.912726e-01
-1.769101e-01
-2.674839e-01
-9.080189e-02
-9.188676e-02
2.675033e-04
-8.720378e-02
-1.726135e-01
-2.186228e-01
-2.168488e-01
5.637942e-02
-3.650859e-02
1.389062e-01
-6.198357e-02
1.973702e-01
7.636437e-02
-7.068111e-02
3.995770e-01
6.278168e-02
4.809611e-01
-1.910702e-01
-4.818121e-02
-2.207641e-01
-1.689444e-01
5.443068e-01
2.433357e-02
1.104163e-02
-6.232598e-02
-4.409736e-02
-2.129973e-01
-1.622870e-01
5.997345e-01
-1.582891e-01
4.219575e-01
-1.492591e-01
-7.143047e-02
6.339792e-01
-4.554916e-02
-1.200963e-01
8.128229e-02
-4.163000e-02
-2.762987e-01
6.225445e-02
9.262225e-02
-1.116607e-01
-8.988210e-02
-8.371550e-02
1.425127e-01
-6.846130e-02
4.025851e-02
1.414946e-01
-5.927460e-02
-1.960155e-01
9.116181e-01
-1.239443e-01
-2.388058e-02
-1.016409e-01
7.698112e-03
-9.317462e-02
4.408694e-02
-1.941340e-01
2.486662e-01
-1.639450e-01
-4.199070e-02
-3.686948e-01
-2.916411e-02
-1.940085e-01
-1.081472e-01
-2.242131e-01
2.988213e-01
4.153077e-03
-8.129720e-02
-1.867424e-01
-4.907505e-02
-1.500981e-01
-9.151488e-02
3.153553e-01
-6.721304e-03
3.776164e-02
-1.931052e-01
1.198627e-01
-2.065416e-01
-2.163284e-01
-2.880742e-01
-1.104558e-01
4.898455e-01
1.629750e-01
5.406607e-01
-1.282588e-01
-9.542322e-02
-8.534072e-04
-2.218992e-01
-2.049009e-01
-3.265812e-01
-2.472267e-01
-7.892344e-02
-2.408369e-02
-3.349534e-02
-3.128526e-02
-1.821930e-01
2.682377e-01
1.835832e-01
-1.779463e-01
-2.446426e-02
3.182485e-02
-6.735577e-02
-9.593611e-03
-1.041558e-02
3.031942e-01
-2.953937e-01
4.572582e-01
-8.672049e-02
1.019583e-01
-1.656433e-01
-1.263557e-02
-2.212527e-01
1.592292e-01
-1.217275e-01
-1.380503e-01
2.822157e-01
2.589579e-02
3.430123e-01
-1.954235e-01
5.459111e-01
-1.886859e-01
1.751007e-02
-3.950241e-01
-5.373754e-02
-2.100006e-01
-1.842726e-01
-2.256594e-01
6.073692e-02
-1.851990e-01
-1.924972e-01
2.689975e-01
6.451156e-01
-2.024291e-01
-1.942894e-01
2.699696e-01
-9.781490e-02
-1.600498e-01
5.372233e-01
2.015912e-01
3.045520e-01
4.963520e-02
5.635253e-02
3.986128e-02
-9.768900e-02
2.165519e-01
2.497652e-01
1.501501e-02
5.176787e-01
-2.304482e-01
-2.306329e-01
-6.227671e-02
-3.988672e-01
-2.045297e-01
3.823814e-01
6.427401e-04
6.040224e-02
-2.187364e-01
-9.221443e-02
-1.622130e-01
-2.368239e-02
-2.337498e-01
-5.714984e-02
-4.084793e-02
3.410873e-01
1.635627e-01
1.049864e-01
-1.940428e-01
2.803781e-02
8.002091e-01
5.918498e-02
4.449055e-02
9.744883e-02
-3.495337e-02
-1.357308e-01
-3.032272e-02
1.832771e-01
-1.298809e-01
4.165490e-01
-1.582410e-01
6.904200e-02
1.164817e-01
-2.290352e-01
-1.611823e-01
-1.743817e-01
-1.100946e-02
3.821935e-01
-1.221373e-01
-2.317345e-01
-2.971182e-01
6.239014e-01
-8.840829e-03
4.366662e-01
-1.296064e-01
-8.779241e-02
8.242395e-01
-4.027908e-01
-3.794824e-01
2.774201e-01
-2.491859e-01
-2.682856e-02
3.603152e-01
-3.052342e-01
-1.958483e-01
-1.714063e-01
1.016730e-01
-3.180584e-02
6.292441e-02
2.659927e-01
-3.280032e-01
-9.068923e-02
-1.218881e-01
-1.826948e-01
-2.376514e-01
1.066786e-02
2.958624e-01
-4.836961e-02
-6.376542e-02
5.378910e-01
-1.346004e-01
-1.439620e-01
-1.529825e-01
-2.501052e-01
4.960420e-02
-1.519540e-01
1.019531e-01
2.964487e-01
-1.735769e-01
-1.334175e-01
-2.740279e-02
4.599307e-01
-2.048053e-01
-4.870748e-02
-1.609915e-01
5.752632e-02
1.078909e-01
3.240902e-01
1.167174e-01
5.913045e-02
-1.117195e-01
3.183995e-01
3.236200e-01
-2.025790e-01
-2.993674e-01
-6.407750e-02
7.065738e-01
-1.372221e-01
-1.416024e-01
-5.276340e-02
-3.410292e-02
6.617042e-01
-2.348192e-01
6.214684e-01
3.538454e-01
-1.782815e-01
-1.489766e-01
-1.552314e-01
-8.910044e-02
1.480922e-02
-1.382085e-01
-2.192142e-01
-1.598585e-01
-1.644578e-01
-1.894885e-01
-4.863782e-02
-1.848822e-01
-3.348403e-01
-9.647392e-02
4.281889e-01
-1.666955e-01
-1.074098e-01
-9.478125e-03
-9.463930e-02
-1.082732e-02
-1.088541e-01
-2.025601e-01
-1.120907e-01
1.766587e-01
-2.431013e-01
-3.252367e-02
-7.115641e-02
3.928898e-01
8.109951e-03
-7.512312e-02
-2.205015e-01
-3.908621e-02
9.292905e-03
9.437296e-01
1.236998e-01
-2.101135e-01
4.064989e-02
-9.629153e-02
6.785145e-02
-1.183902e-01
-1.733260e-01
-3.482005e-03
3.814903e-01
-4.097126e-02
-1.661868e-01
-1.273118e-01
-7.750231e-02
1.050621e-01
-4.962615e-02
1.846514e-01
-1.404277e-04
-2.242064e-01
-8.874226e-02
1.394257e-01
-2.349577e-01
-2.626852e-02
1.106795e-01
4.199723e-02
-7.480372e-02
-1.654187e-01
-2.344695e-01
1.204697e-01
-1.543544e-01
-3.433472e-01
7.030013e-02
1.227174e-01
2.745730e-01
4.168508e-01
-1.792823e-02
1.713409e-01
-8.642581e-02
1.186937e-01
1.059989e+00
-2.167652e-01
-7.303428e-02
-8.993223e-02
4.339933e-02
-1.455591e-01
-5.525566e-02
-3.578381e-02
8.983498e-03
-2.204752e-01
1.978016e-02
-1.459282e-01
-1.527700e-01
-2.000667e-01
-5.558971e-02
-1.283562e-01
-1.033515e-01
-1.478504e-01
-8.528215e-02
-1.648141e-01
-9.105135e-02
-2.384923e-01
2.137188e-01
8.183812e-01
-1.722331e-02
9.254765e-01
-1.155468e-01
9.779745e-02
-3.918562e-02
-6.154117e-02
-2.223429e-02
1.294374e-02
5.638839e-01
-1.301049e-01
-3.726578e-01
-2.302470e-01
-1.038305e-01
-1.063971e-01
6.190564e-02
3.523057e-02
2.242158e-01
-9.090892e-02
-2.107350e-01
2.621102e-01
1.921201e-01
1.617011e-01
-7.268193e-02
-3.640834e-02
-2.170903e-01
5.180805e-02
-2.937570e-01
-9.705807e-02
-1.906331e-01
-4.095425e-02
-2.734237e-01
3.034736e-01
-1.423187e-01
-8.631037e-02
-2.129270e-01
-1.683219e-01
-8.962905e-04
4.842817e-02
2.148901e-01
-1.760271e-01
-2.064287e-01
2.593072e-01
6.391937e-01
2.832200e-01
5.976982e-02
-2.587745e-01
-1.391504e-01
-2.433969e-01
5.753480e-03
-1.449570e-01
-1.437540e-01
-2.582228e-01
-2.219695e-01
2.408612e-01
3.763475e-01
3.840991e-01
-1.630052e-01
-1.758756e-01
-2.114995e-01
-1.695695e-01
-1.880388e-01
5.532369e-02
-2.576515e-02
7.011609e-02
-5.468138e-02
4.077271e-02
2.778772e-01
6.840377e-02
1.528859e-01
1.202645e-01
1.807647e-01
1.411699e-01
-9.573121e-02
1.354346e+00
-1.194734e-01
1.668383e-01
3.253680e-03
2.045217e-01
-3.646867e-02
-8.661928e-02
-1.409105e-01
-9.897715e-03
3.064561e-02
-1.654278e-01
-1.704611e-01
-1.394572e-01
-9.250953e-02
-1.767940e-01
-2.181269e-01
-4.743166e-02
-1.435449e-01
7.761825e-02
8.444073e-02
-9.253101e-02
4.429416e-02
-1.030925e-01
1.895631e-01
-1.419549e-01
-1.880699e-01
1.386356e-01
-2.784102e-01
-9.947138e-02
-2.260359e-02
-6.820950e-02
1.641830e-01
1.256906e-01
-3.814721e-02
-1.140315e-01
3.981930e-01
2.617092e-02
-2.150368e-01
-9.872694e-02
-2.023496e-01
-2.982141e-01
6.625856e-02
2.080211e-03
-3.527566e-01
-4.443187e-02
1.495349e-02
-9.028986e-02
-2.114738e-01
-9.428370e-02
4.083744e-02
-1.114286e-01
-1.526602e-01
-8.086509e-02
-8.576927e-02
-2.130640e-02
-1.475893e-01
-1.797574e-01
-9.672273e-02
1.825473e-01
-2.569028e-01
-4.977720e-03
-1.637875e-01
-7.785043e-02
-3.674443e-02
1.318082e-01
1.051884e-01
-1.104436e-01
3.147269e-01
-5.179331e-03
-1.358902e-01
-2.815461e-01
-2.201042e-01
7.712115e-01
-1.052768e-01
4.607274e-01
5.549244e-02
-2.077421e-01
1.544934e-01
1.938720e-01
-3.953008e-01
-3.189823e-02
-2.031967e-01
3.280014e-01
1.133345e-01
9.247879e-03
5.249768e-01
2.374625e-01
-2.087508e-01
-8.300512e-02
9.573362e-01
-2.741203e-01
-7.306062e-02
2.226278e-01
1.832667e-01
-3.775616e-01
1.485308e-02
-4.785663e-02
-2.154410e-01
-2.660542e-01
1.940413e-01
-2.773401e-01
5.810006e-01
-1.593840e-01
-1.776119e-01
-2.339243e-01
1.628668e-02
7.875586e-02
6.818386e-02
1.545162e-02
-2.604659e-01
-2.005715e-01
-1.042089e-01
-9.961758e-02
-1.750646e-01
-2.270202e-01
1.019506e-01
1.461742e-01
3.779488e-02
-2.408351e-01
5.423614e-01
-1.908718e-01
-8.423346e-02
-1.594873e-01
9.521549e-02
1.838785e-01
-1.387164e-01
-2.073340e-01
2.775266e-01
-1.348817e-01
-7.085435e-02
-8.472009e-02
-1.231908e-01
-1.814545e-01
-8.101529e-02
1.819196e-01
-1.783888e-01
-6.031659e-02
2.987508e-01
-1.143017e-01
8.148912e-02
5.951270e-02
-1.731642e-01
1.854116e-01
-2.361207e-01
-2.996397e-02
4.498513e-02
1.152169e-01
1.015983e+00
6.753942e-03
3.240280e-01
7.090116e-02
-4.826275e-02
2.644037e-02
2.606066e-01
-2.580880e-01
-2.556525e-01
-7.973839e-02
-1.759054e-01
5.633006e-02
2.155211e-01
6.677791e-01
-9.223981e-02
1.084507e-01
2.892264e-01
1.028745e-01
-6.396616e-02
-1.566847e-01
3.541883e-01
-2.260436e-02
6.649514e-02
-8.052724e-02
-2.502632e-02
-2.614212e-01
-2.121368e-01
-1.618758e-01
-1.942419e-01
-1.920908e-01
-2.808450e-01
-2.270289e-01
-1.185601e-01
4.182018e-01
1.743298e-01
5.977508e-02
-3.541051e-01
-4.088837e-01
-7.394563e-02
-2.194348e-01
1.207001e-01
4.592591e-02
5.365131e-02
1.948959e-01
1.371110e-01
-8.656262e-02
8.794515e-01
1.189245e-01
1.468914e-01
-2.303694e-01
2.837534e-01
1.609406e-01
1.941611e-01
2.216759e-01
5.070845e-03
5.551586e-01
-8.521686e-02
-2.384296e-01
6.914007e-01
-3.884926e-01
-3.474750e-01
-2.508588e-01
-1.973976e-01
5.034328e-01
-1.467574e-03
5.462520e-01
1.375724e-01
-3.852678e-01
2.644325e-01
9.230541e-02
-7.457753e-02
-1.707670e-01
-9.609460e-02
-1.573829e-01
-7.185121e-03
4.650445e-02
-1.892085e-01
-1.994553e-01
2.003514e-01
3.894406e-02
-6.435423e-02
-9.534587e-02
3.066005e-01
1.703081e-02
-2.391479e-01
-1.876353e-01
1.228335e-01
-2.706565e-01
-3.069516e-01
-6.008920e-02
-1.004796e-01
-5.684180e-02
1.912668e-01
-2.761098e-02
-3.304477e-01
-2.981074e-01
-1.735534e-01
1.441547e-01
-4.249076e-02
-1.242814e-01
4.850368e-02
-1.992716e-01
2.425901e-02
-1.213956e-01
-1.190677e-01
-2.739198e-01
8.383437e-02
-1.062039e-01
-1.653533e-01
-1.910150e-01
-5.781780e-02
-1.425132e-01
-1.024085e-01
-1.006663e-01
-1.021871e-01
-3.052946e-02
-3.743089e-01
8.833352e-02
-2.448367e-01
-2.044066e-01
-1.025415e-01
-8.856811e-02
7.599657e-01
-1.874699e-01
3.527417e-01
1.316510e-02
-1.516456e-01
3.448623e-01
-1.311816e-01
6.827667e-01
-2.333724e-01
-2.074545e-01
3.531862e-02
-6.547517e-02
-1.534174e-01
3.083200e-01
2.700014e-01
3.694981e-02
-2.350778e-01
-4.623729e-02
1.144749e-01
-5.201779e-02
-6.731439e-02
-2.209763e-01
5.506129e-01
9.939019e-01
-2.635284e-01
2.264444e-01
-3.546998e-02
2.507125e-01
-5.531117e-02
-2.285114e-01
-2.980020e-01
2.939085e-01
1.244551e-01
-1.528723e-01
-2.202765e-01
-2.141810e-01
2.992443e-01
4.574380e-02
4.858618e-01
1.145751e-01
2.650845e-01
7.841984e-02
-1.306624e-01
-8.864995e-02
-1.094569e-01
1.754224e-01
4.716893e-02
4.174266e-01
2.571704e-01
9.426946e-03
6.956770e-02
3.154047e-02
-1.650711e-01
-1.715500e-01
-3.446314e-02
1.130327e+00
3.774990e-01
5.804424e-01
-6.165105e-02
-1.733363e-01
2.157905e-01
-6.810883e-02
-1.722173e-01
-1.091745e-01
-1.946483e-01
-1.646349e-01
-2.057603e-02
-1.734160e-01
-6.298545e-03
-8.090181e-02
-1.108481e-01
1.898661e-01
-2.207835e-02
4.297577e-01
4.061500e-01
-1.612311e-01
-2.004396e-01
-1.821352e-01
-2.915482e-01
7.071421e-02
-2.237117e-01
-9.840737e-02
-1.893737e-01
-3.508269e-01
1.048306e-01
-1.904022e-01
-1.803825e-01
-1.272844e-04
-2.113053e-01
-4.556876e-02
-1.555041e-01
4.725858e-03
1.318749e-01
-1.301530e-01
-2.322129e-01
-8.933203e-02
-1.830515e-01
-1.195436e-01
2.765087e-02
-3.150307e-01
-2.980272e-01
-2.804624e-01
3.359592e-02
-1.059235e-01
2.669419e-01
-2.588655e-01
3.149011e-03
-6.356751e-02
-3.706546e-01
-1.398038e-01
3.250437e-02
-1.771844e-01
-3.746790e-02
2.128667e-01
1.818674e-02
-2.827428e-01
2.863289e-01
-1.156197e-01
-9.935490e-02
-1.533565e-01
6.394928e-01
2.400054e-01
4.274662e-01
8.899672e-02
-2.586824e-01
8.536207e-02
7.412569e-02
-2.608054e-02
8.129724e-01
3.345125e-01
5.652398e-01
-1.791192e-01
2.501636e-01
-1.966270e-01
-3.509355e-02
-3.541069e-02
-2.663804e-01
2.299807e-02
-5.578484e-03
-2.177939e-01
-2.268582e-01
-8.630645e-02
1.310525e-01
-2.021336e-01
-2.758395e-01
-5.376577e-02
5.203657e-01
-1.930307e-01
-2.925039e-02
-1.723512e-01
-6.228667e-02
1.571806e-01
3.459453e-02
-2.332826e-01
-4.721380e-02
2.115590e-01
-3.701167e-01
2.273180e-01
5.972060e-02
3.347438e-02
1.123901e-01
-1.038464e-01
-1.851846e-01
4.523295e-01
3.361335e-01
-1.007185e-01
3.933055e-02
-1.786393e-01
-5.610839e-02
-1.554280e-01
-3.988462e-01
-5.506748e-02
9.289578e-01
-1.296424e-01
-1.300238e-01
-2.077805e-01
-7.788139e-02
-1.499066e-01
-8.540902e-02
8.814330e-02
3.336900e-01
-2.735832e-01
-1.519518e-01
-4.142666e-02
2.568934e-02
-5.757662e-02
4.038325e-02
-2.145421e-01
-6.530444e-02
-2.403070e-01
-1.780615e-01
-9.686466e-02
-2.015559e-01
1.743124e-01
1.066398e-01
3.888026e-02
-6.619274e-02
-1.322484e-01
-2.038305e-01
5.993783e-01
3.280405e-01
-1.674562e-01
-9.700846e-02
-2.978780e-01
-1.847813e-01
-3.175613e-01
-6.273421e-02
1.851933e-02
-2.138041e-01
7.399244e-02
1.246172e-01
1.167362e-01
-1.563099e-01
1.035991e-02
3.904890e-01
-1.501974e-01
3.383671e-02
6.940664e-01
-2.382502e-01
4.518843e-02
-2.369274e-01
-9.320227e-02
3.225766e-01
2.244561e-01
6.888037e-03
5.221770e-01
-1.552379e-01
3.469147e-01
-1.971806e-01
2.843684e-01
2.717959e-01
-5.274045e-02
9.149412e-02
-2.380457e-02
-3.959117e-04
-4.240950e-01
-3.904920e-02
1.318594e-01
-6.199941e-02
-1.149619e-01
-2.474445e-01
-2.729446e-01
1.237104e-01
2.370059e-01
2.327998e-01
3.257484e-01
-3.356512e-02
4.358961e-02
2.359557e-01
4.053087e-03
-8.659248e-02
-1.385206e-01
-1.477894e-01
2.760791e-01
5.466191e-01
-2.019724e-01
-6.577765e-05
-1.796847e-01
5.300980e-01
-2.149718e-01
-3.319848e-01
-4.771598e-02
-1.013414e-01
-1.768613e-01
2.573377e-01
-2.478702e-01
-1.287552e-01
-2.709663e-01
-4.006748e-02
3.508644e-01
-1.540990e-01
-8.229067e-03
-2.030587e-01
-8.819591e-02
1.094363e+00
-1.443790e-03
-1.406468e-01
-2.192879e-01
-2.802951e-02
-4.156770e-02
-1.651835e-01
7.525725e-03
3.847545e-02
-1.451742e-01
6.273782e-02
-2.397422e-01
-2.345126e-01
-1.066801e-01
-2.165240e-01
-8.041204e-02
-1.068758e-02
4.840520e-01
2.542107e-01
6.985689e-01
3.775330e-02
-1.120197e-01
8.076283e-02
-4.738354e-02
-9.240007e-02
-1.270810e-01
1.038950e-01
8.047615e-02
-4.504367e-02
-8.221450e-03
4.320464e-02
-1.664044e-02
-8.661017e-02
-2.099942e-01
-6.904461e-02
5.611618e-02
6.702120e-03
-2.029904e-01
-2.683313e-01
-2.581239e-01
1.769709e-01
2.125606e-02
-3.684013e-02
-2.215421e-01
-9.480409e-02
-1.619723e-01
2.666574e-01
2.589772e-01
-2.224845e-01
2.383725e-01
2.030426e-02
1.440598e+00
3.931511e-02
-7.402377e-03
-3.371284e-01
-1.655076e-01
4.345211e-01
-1.868416e-01
-3.946803e-01
-2.183714e-01
6.660788e-02
-3.423561e-01
-2.209833e-01
-1.248631e-01
8.188397e-02
3.432668e-01
5.136080e-02
3.334177e-01
6.208543e-02
-9.952356e-02
1.244995e-01
-8.299410e-02
-1.137986e-01
2.631030e-01
3.018769e-01
2.174231e-01
-1.110521e-02
1.695472e-02
-1.095147e-03
4.856303e-02
-2.341517e-01
-1.375024e-01
3.532780e-02
-1.970580e-01
-1.499909e-01
9.273014e-02
-8.917198e-03
-1.341585e-01
6.818995e-01
-1.313816e-01
4.372712e-02
2.359138e-01
2.724800e-02
5.497235e-02
-5.156829e-02
9.178099e-02
6.322652e-01
3.838256e-01
-1.995881e-01
-1.595934e-01
-2.031716e-02
1.785699e-01
-8.915188e-02
-8.849394e-02
-1.450376e-01
1.861406e-01
-1.316537e-01
1.172591e-01
1.648823e-01
-6.464460e-02
-1.135089e-01
-3.087920e-01
5.837644e-01
-1.770940e-01
-1.199494e-01
-3.657643e-02
-2.519672e-01
-4.727143e-03
-1.555138e-01
-4.545877e-01
-3.406288e-03
7.333256e-01
2.120858e-02
-1.124325e-01
-5.467406e-02
-1.118338e-01
3.616980e-02
-1.309551e-01
-1.527965e-01
1.568035e-01
-1.058545e-01
-4.689678e-02
9.796114e-02
-1.503119e-01
2.932278e-02
3.598788e-01
-2.122275e-01
-1.999465e-01
-5.899884e-02
2.956128e-01
1.710399e-02
-2.565557e-01
-2.077938e-01
-9.139723e-02
1.038490e-01
-5.934738e-02
4.224353e-01
2.488804e-01
1.977460e-01
5.995075e-02
1.501086e-03
7.710641e-03
-5.359913e-02
-1.688520e-01
-2.560192e-01
-1.237058e-01
-1.152707e-01
-9.167408e-02
7.286930e-01
3.896207e-01
-3.068511e-02
4.373386e-02
-3.001583e-01
4.145812e-01
5.690274e-01
2.151892e-02
8.329850e-01
-3.075585e-01
-6.273270e-02
-2.265528e-01
-1.729434e-01
3.004384e-01
-3.164946e-01
-1.253159e-01
-4.491871e-02
-1.897246e-02
-1.972343e-01
-2.723476e-01
2.114800e-01
-2.815538e-01
-2.871754e-01
-5.586769e-02
-1.901115e-01
-2.870457e-01
-1.449910e-01
7.071415e-02
-4.430966e-02
4.811670e-01
-3.074761e-01
-3.619678e-03
-1.371984e-01
-2.122149e-01
-1.200782e-01
-2.389666e-01
-5.780704e-02
-2.494355e-01
-2.099622e-02
6.679827e-03
3.942223e-01
3.448604e-01
3.625696e-01
3.019552e-01
-2.897460e-01
-1.172302e-01
-1.205188e-01
-2.773372e-02
5.538352e-03
5.455252e-03
-2.016267e-01
4.031320e-01
-1.453802e-02
1.046362e+00
-6.566953e-02
7.999869e-02
5.659816e-02
5.587785e-02
-2.420726e-01
6.624475e-01
-1.241902e-01
-1.537375e-01
1.997055e-01
-1.454600e-01
4.257313e-02
-2.037175e-01
4.303048e-01
3.845944e-01
-3.175807e-01
-5.888474e-02
-1.715590e-02
-4.336983e-01
-1.308400e-01
-6.839514e-02
-1.540366e-01
2.178067e-01
-1.383522e-01
-2.949651e-01
-1.217362e-01
-6.075915e-02
3.848419e-02
-2.564850e-01
7.474482e-02
-7.613015e-02
1.091112e-01
-2.622944e-01
-1.803238e-01
2.530968e-02
6.526793e-01
-9.486254e-02
1.096516e-02
-2.833327e-02
-1.391520e-01
-1.596713e-01
1.578133e-01
1.598150e-01
9.680896e-03
2.034233e-02
-2.050207e-01
-1.698381e-01
1.274128e-02
1.526954e-01
-7.804757e-02
-1.397508e-01
-1.548846e-01
-1.311903e-01
-2.717393e-01
-8.813020e-03
4.193537e-02
1.607900e-01
1.737769e-02
1.964898e-01
-6.473597e-02
9.251392e-02
1.621436e-01
2.588159e-01
4.333490e-02
1.436855e-01
-3.262919e-02
-9.942461e-02
-7.017723e-02
-1.398009e-01
8.808346e-03
7.983962e-02
-2.915365e-01
-1.439497e-01
-3.037212e-01
2.343883e-01
8.613113e-01
-1.038748e-01
-1.592353e-01
-9.778694e-03
-1.375285e-01
3.980511e-01
4.523503e-01
-1.536859e-01
-9.893411e-02
-1.782069e-01
2.638645e-01
-1.437857e-01
7.348289e-01
8.231808e-02
5.854261e-02
5.504566e-01
-2.698059e-01
-9.874619e-02
-3.233052e-01
4.253250e-02
-8.388370e-02
3.072584e-01
-8.181222e-02
-2.561940e-01
5.038798e-01
2.910335e-02
-2.325265e-01
-2.862961e-01
-1.560710e-01
-7.628085e-02
2.235689e-01
-1.243844e-01
-2.431576e-01
1.924042e-01
-1.490929e-01
-1.009451e-01
-2.435102e-01
-3.619627e-01
-2.152503e-01
2.257434e-02
1.378808e-01
7.951669e-02
1.813856e-01
-9.577835e-02
-1.591319e-01
1.935667e-01
3.702766e-02
3.316765e-01
-2.122284e-01
1.035283e-01
-1.046736e-02
-7.732750e-02
-2.859425e-01
-2.343537e-01
-5.366822e-02
1.424756e-02
3.895317e-02
-9.761406e-02
-1.195672e-01
-8.305606e-02
1.249571e-01
4.007620e-01
-1.924803e-01
-9.762649e-02
8.053730e-02
-1.159754e-01
-2.883415e-02
-1.077897e-01
-1.791411e-01
-1.716675e-01
-1.815332e-01
-3.182668e-02
-2.603785e-01
-2.212461e-01
-6.439667e-02
-1.542372e-02
4.516456e-02
-1.270003e-01
4.928654e-01
4.785328e-01
-4.903358e-02
-1.407708e-01
1.131487e-01
-3.092408e-01
-8.149278e-02
-1.844187e-01
2.421972e-01
-2.911119e-02
-1.067877e-01
-6.730100e-02
-2.175798e-01
1.340949e-01
-2.639193e-02
-1.024635e-01
9.362534e-01
-1.452487e-02
-9.604226e-02
-1.211873e-01
-4.045266e-01
2.152097e-03
9.169294e-02
2.471266e-01
-1.281234e-01
-1.285943e-01
-2.102783e-01
-1.103150e-01
4.267328e-02
-1.071124e-02
1.998145e-01
-1.296042e-02
4.808579e-01
-2.456598e-01
9.817021e-02
-7.124195e-04
8.186603e-02
8.031836e-01
2.365492e-01
-1.947836e-01
2.015246e-01
1.817794e-02
3.572290e-03
-1.083215e-01
-1.353441e-01
-1.708721e-01
1.498747e-02
-5.254203e-02
8.241002e-03
-1.782979e-01
3.407345e-01
-1.391169e-01
2.393188e-02
-1.229094e-01
-1.647210e-01
-2.714815e-01
7.555505e-02
-1.167392e-01
1.301767e-01
4.986958e-02
-1.237051e-01
-2.800241e-01
-2.904941e-01
8.523158e-02
-1.184259e-01
-5.018995e-02
-9.040373e-02
5.728689e-01
1.006820e-01
5.202596e-01
-2.128386e-02
-4.528547e-02
-3.696446e-01
8.860768e-02
1.018918e-01
-2.360703e-01
-6.071911e-02
1.121354e-02
-2.977066e-01
3.110288e-01
-1.335616e-01
8.477356e-01
-1.317367e-01
-2.588226e-01
-7.158545e-02
-2.093274e-02
-1.516505e-01
5.525553e-02
-1.404228e-01
-2.944289e-01
-3.163110e-02
2.889071e-01
1.057310e-02
8.701935e-02
1.414395e-02
-2.425657e-01
-7.753329e-02
8.364301e-01
-3.390441e-01
-2.018582e-01
4.327498e-02
6.793433e-01
3.178062e-01
-1.400491e-01
-7.088720e-02
-1.014107e-01
-8.237316e-02
-5.503229e-02
-1.247207e-02
-1.831502e-01
-1.834577e-01
4.683316e-02
-1.053248e-01
2.143074e-01
-3.998348e-02
-6.465564e-02
-1.017424e-02
2.536722e-01
-1.669672e-01
-1.657104e-01
1.023378e-03
-3.594346e-01
8.850659e-01
-6.393894e-04
-5.132196e-02
-1.858100e-01
-2.449379e-01
-3.733008e-02
1.665688e-01
1.697610e-01
-8.681916e-02
-2.599725e-01
-3.335308e-01
-7.483648e-02
-1.256725e-01
-5.008183e-02
-7.310238e-02
-2.669200e-01
1.807778e-01
2.477886e-01
-1.155341e-01
-1.248444e-01
-1.225734e-01
-4.577501e-02
1.574867e-01
-1.397198e-01
2.044040e-01
-1.450231e-01
9.315714e-03
1.249021e+00
-1.146288e-01
-2.936406e-01
1.110407e-02
3.636843e-01
-1.662096e-02
7.992404e-02
-8.855595e-02
-6.371459e-03
1.926801e-02
-1.673509e-01
6.723934e-02
9.669032e-03
-7.548930e-02
4.202707e-01
-4.772580e-02
1.485787e-01
-2.329408e-01
-4.464819e-02
-6.781190e-02
-4.671332e-02
4.265866e-01
2.708728e-01
3.352437e-01
-7.751247e-02
-8.977651e-02
7.944037e-02
-3.125922e-02
3.336235e-01
-3.659200e-01
9.491914e-02
3.203925e-02
1.682147e-01
1.330255e-01
2.047427e-02
9.099623e-02
-1.285532e-01
2.022365e-01
4.228533e-01
2.349625e-01
3.855537e-04
-1.759174e-02
-1.609449e-01
-8.391176e-02
3.271973e-02
-2.344343e-01
1.306102e-02
1.484057e-02
3.875022e-01
-2.086250e-01
-2.255627e-01
-8.621415e-02
6.156849e-01
-2.929360e-01
9.465141e-01
2.697615e-02
-1.087800e-01
9.862193e-02
-2.227217e-01
6.198106e-01
-4.486155e-02
-1.129923e-01
1.406325e-01
1.096892e-01
-3.757958e-01
-8.487498e-02
-2.010396e-01
-3.709597e-01
-2.496473e-01
-5.038014e-02
6.729139e-02
-1.858983e-01
-3.131168e-01
-1.758974e-01
1.193087e-02
-5.182580e-02
-2.724867e-01
-4.281307e-02
1.996931e-01
2.042996e-01
-9.557977e-02
-2.306009e-01
6.107247e-02
-6.611557e-02
-1.579571e-01
-1.461472e-01
-1.373367e-01
1.232102e-01
6.600484e-02
-7.565557e-02
-1.997630e-01
9.900138e-01
-1.849896e-01
-1.649710e-01
-1.228954e-01
-1.809534e-01
-1.740844e-01
-1.557672e-01
-3.084480e-01
-9.925629e-02
-1.538852e-01
3.323797e-01
2.430167e-01
-1.147228e-01
4.326785e-01
9.837822e-02
8.425059e-02
-7.954441e-02
-1.554271e-03
-1.529660e-01
-3.036421e-02
3.068694e-01
1.078021e-01
3.163768e-02
7.221125e-02
-1.351218e-01
1.210621e-01
-1.149092e-02
1.354026e-01
-3.660519e-02
-1.301665e-01
-2.771233e-01
-2.321843e-01
-5.209707e-02
7.715281e-01
-3.486027e-01
3.770865e-01
-1.123435e-01
-1.143975e-01
3.774117e-02
5.547211e-01
-8.506107e-02
-8.352247e-02
2.460240e-01
-1.038784e-01
1.863508e-02
1.335545e-02
2.948855e-01
-1.368101e-01
-2.058846e-01
-2.008226e-01
-6.148140e-03
-1.142029e-01
9.635022e-02
-1.399150e-01
-1.935249e-01
-1.675757e-01
1.743026e-01
1.599042e-01
-2.145427e-01
-4.225439e-02
4.614334e-02
-9.647643e-02
-6.578495e-03
2.319766e-02
-2.803635e-01
-1.212520e-03
2.861062e-01
8.832330e-01
1.182655e-01
-9.129025e-02
-1.368338e-01
-1.509040e-01
-1.166966e-01
-6.329555e-03
2.277625e-01
1.569080e-01
-1.876592e-01
-2.205437e-01
9.349288e-02
1.388367e-01
1.252724e-01
-4.452933e-03
-1.044094e-01
-1.265697e-02
4.013525e-02
-8.798046e-04
-7.447840e-02
-1.944281e-01
-6.769315e-02
-2.031261e-01
-3.717815e-01
-1.051979e-01
-3.824366e-01
5.596737e-01
1.864240e-01
2.744915e-01
-1.759813e-01
2.853738e-02
-5.097849e-02
-1.600085e-01
2.583185e-01
-1.497363e-01
-1.033989e-01
4.825936e-01
-1.573490e-01
8.976572e-01
-2.545076e-01
7.483545e-02
4.824085e-02
-1.395493e-01
-1.656761e-01
1.333643e-01
-2.467524e-03
3.690282e-01
-1.434830e-01
-1.884243e-01
-3.121400e-01
1.572745e-01
-1.607258e-01
-9.012470e-02
1.635243e-02
-3.652712e-02
-1.247829e-01
-9.818515e-02
-8.570193e-02
4.923460e-01
-1.290503e-01
-1.166964e-01
-4.233453e-02
-2.012104e-01
1.623373e-01
8.523077e-01
-1.905958e-01
8.694113e-02
3.485306e-01
1.471419e-01
4.377593e-01
-2.820774e-01
-1.392102e-01
-9.460507e-02
-1.332143e-03
-2.008885e-02
-2.194084e-01
-1.496917e-01
4.688269e-02
-1.118117e-01
-1.672048e-01
-2.989414e-01
-1.616360e-01
-2.175042e-01
1.615022e-01
-2.466021e-02
1.644443e-02
-2.331134e-01
-3.176400e-01
-1.552097e-01
7.859913e-02
-5.371449e-02
3.005530e-01
6.017512e-01
-1.062622e-01
3.542581e-01
-2.049982e-01
8.254488e-02
7.868060e-02
-2.002358e-01
-1.413248e-02
-1.616823e-01
-3.906083e-02
-2.435615e-01
-1.428152e-01
-1.482382e-01
-2.651401e-01
-2.028066e-01
-1.246976e-01
-5.338445e-02
-6.821731e-02
9.370963e-01
-3.847038e-02
-5.976889e-03
-1.996793e-01
5.824833e-01
-1.420646e-01
-5.960225e-02
8.124985e-01
-2.815532e-01
-2.216560e-01
-5.766612e-02
9.512311e-02
-3.437816e-01
-1.257102e-01
3.901350e-02
1.569718e-01
-9.053416e-02
5.323782e-02
1.258398e-02
-7.487387e-02
-1.209638e-01
1.321635e-01
-1.566173e-01
4.932459e-02
-6.517760e-02
-1.686662e-01
1.289523e-01
-1.202031e-01
-3.257456e-01
2.382316e-02
3.156513e-01
-3.273260e-01
-4.975538e-03
8.249243e-01
-3.934575e-01
1.013472e-01
3.653457e-02
3.117639e-01
-1.208395e-01
-9.996669e-02
1.223502e-01
-4.650248e-02
1.952071e-01
-2.753149e-01
-3.266866e-02
-1.100955e-01
1.926648e-01
-1.842427e-01
-1.072369e-02
4.982759e-01
1.770794e-01
-1.358879e-01
-8.559599e-02
-1.063584e-01
3.716906e-01
2.578303e-01
3.196557e-01
-2.997883e-01
-7.095552e-02
1.224576e-02
1.906712e-01
-1.845962e-01
-2.076466e-01
1.577399e-01
4.929613e-01
1.720573e-02
-3.148441e-02
-1.145161e-01
-9.705254e-02
-2.878389e-01
-3.049938e-02
1.960209e-02
5.759009e-01
-1.174451e-01
-1.047487e-01
1.095894e-01
-1.296002e-01
2.280984e-02
-8.547885e-03
7.294474e-02
-1.340234e-01
1.906196e-02
-2.784918e-01
-2.207071e-02
-1.780154e-01
-7.904484e-02
-9.676396e-03
2.361131e-01
2.608555e-01
-4.472407e-02
2.576891e-01
-4.131741e-01
8.365373e-01
-3.827815e-02
1.718326e-01
-2.230687e-01
-2.874641e-01
9.742349e-01
-2.441383e-01
-4.026637e-01
-3.594763e-01
-3.066745e-02
-1.375207e-01
3.255962e-02
1.807013e-01
-1.740905e-01
-6.084598e-02
-1.380501e-02
1.933808e-01
2.021566e-01
-2.231710e-03
-2.411377e-01
-1.109494e-01
-2.560312e-01
4.628210e-01
-1.328840e-01
1.065225e-01
1.840411e-01
-2.268610e-01
-6.760165e-02
-2.987093e-01
-2.533484e-01
-1.555891e-01
1.819161e-01
1.695825e-01
-1.502546e-01
3.005840e-01
4.373798e-01
-1.689920e-01
8.563729e-02
4.261251e-01
-7.278264e-02
1.368234e-01
-2.517751e-02
1.237465e+00
3.635579e-02
-2.772571e-01
-2.047983e-01
-1.174259e-01
-7.053193e-02
-2.353701e-01
1.566888e-01
9.065340e-02
-1.755743e-01
-1.001428e-01
-2.030738e-01
3.670375e-01
1.659319e-01
-1.569879e-01
6.343052e-01
-5.365881e-02
-1.273639e-01
2.722890e-01
-2.042816e-01
-1.318436e-01
-1.326403e-01
-8.779156e-02
-2.134968e-01
-8.747105e-02
-1.264266e-01
-1.394888e-01
-6.270342e-02
-9.846444e-02
-5.586190e-02
-3.824310e-02
-4.812562e-02
-1.210276e-01
-1.300182e-02
1.239372e-01
-1.643419e-01
2.427377e-01
2.213422e-01
1.222674e-01
-1.209709e-02
-1.176604e-01
7.365190e-02
-1.414691e-01
1.099769e-01
-1.438712e-02
3.593879e-01
4.944405e-02
-1.824989e-01
1.598533e-01
-2.238546e-02
-1.107524e-01
1.108745e-01
-2.290509e-01
-5.580097e-03
-4.861930e-02
6.656254e-02
-1.845646e-01
2.170421e-01
-1.252298e-01
-9.437387e-02
-2.951155e-01
9.879981e-02
7.799871e-02
2.430970e-01
1.852075e-03
1.186634e-02
-2.047982e-01
-1.541874e-01
-7.482042e-02
2.565536e-01
-5.498550e-02
-8.643388e-02
1.076283e-01
-1.866979e-01
-1.175450e-01
-1.020463e-01
4.252323e-01
-1.673182e-01
-6.416131e-02
-4.454783e-02
-5.912068e-02
1.910760e-01
2.149432e-02
2.382268e-01
-1.195519e-01
7.711028e-02
2.881584e-01
7.192070e-01
-1.775418e-01
3.041431e-02
-1.005334e-01
-3.898980e-02
1.783976e-01
-7.059755e-02
-7.396469e-02
-2.592175e-01
-1.973171e-01
-3.782189e-02
3.270896e-02
-2.164286e-03
-4.207075e-02
1.625022e-01
5.468572e-02
-1.568996e-01
-2.874744e-01
-1.898651e-01
-5.590267e-02
-2.097959e-01
-1.532385e-01
-2.278383e-01
-8.758074e-02
-2.942859e-02
8.084427e-03
-1.982187e-01
-2.577355e-01
2.857108e-02
-4.921941e-02
-1.832412e-01
-2.021121e-01
-2.199769e-01
9.525563e-01
-2.684936e-01
-3.954766e-02
1.550994e-01
-5.940636e-02
1.221391e-01
-2.325485e-01
6.779876e-01
-1.754006e-01
-2.090056e-01
4.129403e-01
-3.984161e-02
-1.878963e-01
-2.529335e-01
2.478148e-01
-2.679637e-01
-1.465863e-01
5.802596e-02
-2.780302e-02
-1.170567e-01
-9.310968e-02
-1.310226e-01
-1.499331e-01
-1.186602e-01
-1.526617e-01
-1.518360e-01
-2.189593e-01
8.829007e-02
5.799558e-01
-8.582444e-02
-3.472792e-02
-9.153695e-02
1.130117e-01
-1.350889e-01
-1.493030e-01
4.674761e-02
-1.043179e-01
-2.330958e-01
2.293952e-01
4.636885e-02
-2.636641e-01
-3.979013e-01
3.311943e-01
-2.258610e-01
-1.086246e-01
-1.523042e-01
-3.149526e-02
2.797640e-01
-1.429178e-01
-2.835597e-02
8.295542e-02
-4.821684e-02
-1.011613e-01
-1.023960e-01
-4.687144e-02
2.730803e-01
9.241971e-01
-1.843779e-01
-5.306682e-02
2.299356e-01
-6.770407e-02
2.735572e-01
-1.644339e-01
6.083800e-01
-1.186280e-01
-1.615948e-01
-2.639609e-01
-1.127900e-01
2.493091e-01
-1.929411e-01
-1.794453e-01
6.792646e-01
-1.871060e-01
-1.580876e-01
2.713131e-01
-2.394752e-02
1.097290e-01
7.550215e-01
-1.954518e-01
4.825034e-01
-3.598353e-01
-1.913644e-01
-1.355350e-01
-1.298297e-02
9.465687e-02
-6.647088e-02
6.135789e-01
-2.162940e-01
-5.493124e-02
-1.237449e-01
-2.561404e-01
-6.802207e-02
-1.697789e-01
1.889506e-01
-1.693806e-01
-1.939178e-01
-2.060748e-01
3.476883e-01
-1.875630e-01
-8.834901e-02
-1.790533e-01
-7.031599e-02
-8.823597e-02
-2.398182e-01
-2.254615e-01
-1.198535e-01
-2.373106e-02
-2.481053e-01
-8.098942e-02
3.377855e-01
1.025677e-01
-1.024437e-01
-1.090576e-01
2.540687e-01
-1.253826e-01
-1.762729e-01
-9.454823e-04
-1.329213e-01
-2.016996e-01
6.194144e-01
-3.065063e-02
9.731624e-02
4.647102e-01
1.204502e-01
-2.689369e-01
-1.573292e-01
-7.086897e-02
-7.758027e-02
-2.010253e-01
2.122280e-01
-7.579785e-02
-4.130859e-02
2.083941e-01
-1.873262e-01
2.556869e-01
2.884031e-01
-2.569281e-01
-3.247584e-01
8.433858e-02
4.369247e-02
-1.497576e-02
-8.779026e-03
-2.532254e-01
-2.121772e-02
-1.140125e-01
-1.194196e-01
-1.743276e-01
8.786406e-01
-1.074619e-01
-3.395514e-02
-1.490821e-01
-2.084530e-02
9.741247e-02
-1.634048e-01
-1.005620e-01
3.703397e-02
9.950296e-02
1.512657e-01
2.363735e-01
4.709892e-01
4.846806e-01
-6.430748e-02
4.880815e-01
-1.574096e-01
4.665354e-01
-2.213009e-02
2.962049e-02
-6.199915e-03
4.053162e-01
-1.333573e-01
-3.626769e-01
3.353470e-01
2.693352e-01
-8.411690e-02
4.727158e-01
8.039966e-02
9.545383e-02
3.900721e-01
-1.074047e-02
3.239450e-01
-5.550241e-02
-5.282839e-02
-8.433809e-03
-2.301698e-01
-1.810935e-01
-1.419758e-01
-2.097784e-01
-3.216832e-01
-3.515689e-01
-2.322738e-01
4.817595e-02
-1.324353e-01
-1.322855e-01
-2.185094e-01
4.267275e-01
-5.832572e-02
-2.717524e-01
-1.142618e-01
-1.058796e-01
-2.297186e-01
8.497327e-02
9.007808e-01
-2.592148e-01
2.513531e-01
1.420992e-01
-1.438630e-01
-1.625117e-02
-2.464231e-01
4.120656e-01
-7.071394e-02
5.163515e-02
-1.920692e-01
1.196347e-01
-4.221555e-01
-1.761616e-01
1.148769e-02
5.355668e-01
2.153600e-01
-1.643757e-01
-1.427463e-01
2.280693e-01
-4.366022e-03
-3.975635e-01
-9.855723e-02
-2.019684e-01
1.738601e-01
-3.419591e-01
-1.853831e-01
-3.029716e-02
1.268094e-01
-6.847207e-02
1.575015e-01
-1.108584e-02
-1.613311e-01
8.506810e-03
-1.217321e-01
-1.733024e-01
2.853465e-01
5.170415e-01
-1.158511e-01
2.047784e-01
6.821536e-01
-2.865825e-01
3.293725e-02
-2.810581e-01
-1.418808e-01
1.438654e-01
9.149566e-02
-1.944148e-01
7.346579e-02
9.217618e-02
5.339272e-02
-1.187441e-01
8.951884e-02
-1.358686e-01
-1.541364e-01
1.216913e-01
-1.182017e-01
4.700699e-02
-1.232730e-01
-2.001163e-01
8.663478e-01
-1.116902e-01
-3.035680e-01
-1.363946e-01
-8.388987e-02
7.854078e-02
-1.457239e-01
-1.266103e-01
1.740540e-02
-6.101219e-02
1.164089e-01
-1.157434e-01
-6.971747e-02
-1.637485e-02
-2.956520e-01
-2.368280e-03
-1.829696e-01
-1.329508e-01
-1.812114e-01
-2.211061e-01
-8.747645e-02
-2.867648e-01
1.592635e-01
-1.544971e-01
5.366173e-01
-2.169821e-01
6.131845e-01
-2.203940e-01
6.106523e-01
9.334022e-02
1.972426e-02
6.728271e-02
1.933820e-02
-1.388792e-01
-1.500072e-01
-1.399527e-01
-1.147521e-01
-3.100774e-01
-2.003328e-01
-1.327260e-01
-2.469247e-01
1.660866e-01
1.912466e-01
1.997948e-03
-8.273968e-02
2.904534e-01
-3.251088e-01
2.418619e-01
-3.724087e-03
-9.736171e-02
-1.822653e-01
-1.805662e-01
-3.707091e-02
8.752902e-02
-1.122146e-01
-1.109545e-01
-2.549032e-01
-2.750582e-02
4.090330e-02
8.481708e-01
-1.971097e-01
-1.437662e-01
-1.427978e-01
-1.124301e-01
4.460236e-02
-1.292452e-01
6.208985e-01
-8.532085e-02
1.709651e-01
-2.252870e-01
8.771270e-02
1.497891e-01
-1.307950e-01
-1.491685e-01
-1.860445e-01
-1.498603e-01
-5.031531e-02
-1.329297e-03
-1.686109e-01
2.845141e-01
-1.630177e-01
-7.019872e-02
-7.502278e-02
-1.754217e-01
9.471490e-01
-1.493699e-01
2.890446e-02
-1.597755e-01
-8.356937e-02
-2.153543e-01
6.388961e-02
1.567692e-01
-6.408300e-02
-1.643639e-01
-1.338824e-01
-1.313059e-01
9.913993e-02
-1.980220e-01
-2.355732e-01
-1.832752e-01
-1.449561e-01
-1.076217e-01
-2.882632e-01
2.515299e-01
3.091277e-02
-1.462963e-01
-1.609056e-01
-2.687693e-01
-1.215217e-01
-1.074362e-01
2.060084e-02
6.595817e-01
-9.575254e-03
2.526575e-01
2.730583e-01
-1.976223e-01
-1.922387e-01
-6.022542e-02
-2.751005e-02
-2.370457e-01
3.178902e-01
2.198099e-01
7.647064e-02
-7.027977e-02
-1.289360e-01
-1.982136e-01
-2.821100e-02
-2.061372e-01
9.533935e-01
-1.260591e-01
-5.173414e-03
-1.169762e-01
-1.552678e-01
-1.529883e-01
6.174581e-02
3.678347e-01
6.543110e-02
-1.869423e-01
-9.078341e-02
-2.903490e-01
6.417593e-04
-2.622317e-01
2.552501e-01
-1.809060e-01
-1.878917e-01
4.044409e-01
3.404218e-01
-5.924292e-02
-1.695987e-02
-2.876942e-01
4.380672e-01
1.468898e-01
-2.240124e-01
3.093113e-01
-4.974752e-02
6.918248e-02
6.674327e-03
-9.177005e-02
-1.945570e-02
9.803902e-02
-6.724913e-02
1.010315e-01
1.076299e-01
-1.819812e-01
-9.315887e-02
-2.192128e-01
6.349944e-02
1.744642e-01
9.323995e-01
-1.628127e-01
-2.407336e-01
-1.060142e-01
4.338786e-02
-5.978864e-02
7.129767e-01
-1.616266e-02
-2.049155e-01
-1.472838e-02
-4.133400e-01
-2.222885e-03
-3.848248e-01
-2.017292e-01
-1.669558e-01
-9.390838e-02
-3.018004e-02
-1.143109e-01
-3.057281e-01
1.843673e-01
3.826587e-01
-2.053949e-01
-2.428078e-01
-1.168627e-01
1.969432e-01
-5.004019e-02
-1.896529e-02
1.109809e-01
-1.297978e-01
2.952840e-01
2.254784e-01
-1.004490e-01
3.714687e-01
3.104015e-02
3.817322e-01
-1.765462e-01
-4.478160e-01
-2.537278e-01
-2.171545e-01
8.103873e-02
-1.423974e-01
-2.552316e-01
4.617507e-01
5.525053e-01
-3.927727e-01
2.236515e-01
2.517298e-01
-8.189723e-02
-1.533079e-01
2.511697e-01
-1.673687e-01
-1.924327e-01
-8.853276e-02
1.678688e-01
-3.215472e-01
3.629558e-01
1.504667e-01
-3.989982e-01
1.678028e-01
-8.976824e-03
-7.194473e-02
5.969135e-01
-8.451597e-02
-9.943898e-02
-2.374267e-01
-1.791146e-01
4.667574e-01
6.457309e-01
-1.757786e-01
-1.070054e-01
-1.005077e-01
-2.088145e-02
-1.262160e-01
-1.311181e-01
-1.952650e-01
-2.429584e-01
4.084484e-01
-1.111919e-01
-2.780508e-02
9.327818e-02
-5.652308e-02
4.833893e-01
-3.654611e-01
-2.360843e-01
-1.162581e-01
5.037460e-01
-2.332132e-01
-8.188036e-03
-1.396047e-01
-2.614552e-01
-7.842829e-02
-1.722238e-01
2.891633e-02
3.013787e-02
1.188067e-01
7.054553e-02
-1.553610e-01
-6.632598e-02
5.504284e-02
1.882679e-01
-4.614554e-02
-6.052966e-04
-1.334709e-01
-1.364505e-01
-1.269402e-01
9.179370e-02
8.084068e-01
-2.492702e-01
-9.904809e-02
-7.492258e-02
-2.408478e-01
-3.024793e-01
-1.176095e-01
-1.409347e-02
-3.499165e-01
-9.537322e-02
-1.489700e-01
-2.161756e-01
-2.113109e-01
-6.709176e-02
1.789421e-01
-2.793692e-02
7.291239e-02
-5.516454e-02
-1.809797e-01
2.329510e-01
-5.875721e-03
8.789986e-02
-2.046445e-02
1.998892e-04
2.386433e-02
-1.408785e-01
1.000608e-01
-3.924540e-02
1.759748e-01
-1.297594e-01
-1.715967e-01
-2.799854e-01
4.321501e-02
-1.825023e-01
-3.405858e-02
-2.272337e-01
-1.594178e-01
-3.199382e-01
-6.714306e-02
-5.006203e-03
-4.413973e-02
9.482986e-01
2.208465e-01
-1.214871e-01
-2.518694e-02
4.330710e-01
9.674687e-03
3.215570e-01
6.510093e-01
-1.510091e-01
-3.205970e-01
-7.037546e-02
3.881449e-01
1.336155e-01
2.813521e-01
1.393275e-01
-3.186963e-01
-2.976675e-01
-2.590558e-01
2.691222e-01
-2.176052e-01
-2.093316e-01
-7.916915e-02
3.363997e-03
-5.260354e-02
4.941350e-01
2.595368e-01
4.929212e-02
2.379961e-01
-1.768575e-02
-6.595415e-02
2.720762e-01
1.689604e-01
-2.302024e-02
-1.160663e-01
-1.511539e-01
-2.137474e-01
1.936286e-01
-1.349777e-02
8.648085e-01
1.986284e-01
7.678429e-03
-1.683239e-01
-1.394497e-01
-1.984266e-01
-1.054180e-01
-1.386590e-01
-4.062798e-02
-3.015213e-01
-2.603598e-01
-2.670195e-01
-1.041049e-01
1.818341e-01
2.106427e-01
-1.901834e-01
5.412506e-01
8.729202e-02
-3.184151e-01
-7.658962e-02
-3.326789e-02
-1.145661e-01
-1.593937e-01
-1.501357e-01
5.043193e-01
-1.628763e-01
5.717997e-02
-1.636998e-01
-2.652578e-02
-5.222598e-02
1.221041e-01
6.402200e-01
-9.565710e-02
-5.649260e-02
4.545876e-02
-1.008355e-01
-1.165264e-01
-2.003467e-01
-7.648754e-02
-5.777255e-02
-2.127389e-01
-1.587108e-02
-2.651412e-01
5.127413e-01
-7.988252e-02
-1.490183e-01
-6.742164e-02
-2.600961e-01
-1.217009e-02
3.231128e-01
-6.262943e-02
-2.491431e-01
-4.962534e-02
5.837946e-01
4.819981e-02
3.797200e-01
1.393359e-02
-1.974836e-01
-2.382736e-01
-5.780502e-02
4.936737e-01
-1.410528e-01
-1.547578e-01
-2.789399e-01
-1.921625e-01
-2.314717e-01
-2.868189e-01
9.176919e-01
8.150299e-03
-7.249520e-02
-4.184135e-02
-1.176865e-01
-1.670521e-01
9.986374e-03
-1.799285e-02
-1.310253e-01
-1.978193e-01
-1.684565e-01
1.166893e-01
7.519741e-02
-2.738963e-01
-1.255382e-01
4.349091e-01
-1.993393e-01
-1.737789e-01
6.179535e-01
-6.904024e-04
-7.424033e-02
-1.287002e-01
-6.055216e-02
-1.382842e-01
2.094189e-01
-8.781575e-02
-1.525319e-01
-5.008553e-02
1.367481e-03
-2.511137e-01
4.079966e-01
-9.106278e-02
-2.603344e-01
1.119822e-01
-2.188144e-01
-2.412603e-01
2.874461e-01
-2.740921e-01
-1.653206e-01
2.506519e-01
4.972830e-02
-1.894943e-01
2.283324e-02
-5.118144e-01
-3.295238e-02
2.817250e-01
-6.223352e-02
-2.320086e-01
-3.611669e-01
4.346837e-01
-1.368401e-01
4.399807e-02
2.490866e-01
-2.451524e-01
1.612343e-01
-7.005701e-02
3.487037e-01
-1.262529e-01
-1.003714e-01
8.443532e-04
-1.477811e-01
2.896639e-01
2.177704e-01
-1.093820e-01
-1.958601e-01
1.083130e-01
-1.027557e-01
-1.768107e-01
-8.902433e-02
1.816908e-01
-2.226841e-01
5.952916e-01
1.192193e-02
-2.632008e-01
4.134338e-02
-2.063939e-01
-9.056669e-02
2.037385e-02
-6.911188e-02
3.084694e-01
-2.222306e-01
1.640755e-01
1.653167e-01
-8.966439e-03
2.074121e-01
-1.982828e-01
-2.511706e-01
7.753127e-01
1.233298e-02
-1.350137e-01
-5.903526e-02
2.127657e-01
-3.544484e-01
-2.943045e-01
5.367344e-01
-5.145206e-02
-9.375118e-02
-1.590923e-01
-1.728921e-01
-1.301557e-02
4.505949e-01
-2.588434e-02
-8.845009e-02
-1.048708e-01
-1.891406e-01
6.718726e-01
4.518541e-02
-2.337658e-02
-4.171480e-02
5.101351e-01
2.217293e-02
-4.922083e-02
1.166413e-01
-2.109888e-02
-3.783715e-02
1.284513e-02
-1.107554e-01
-1.183467e-01
-7.317655e-02
1.379811e-01
5.673611e-01
-2.204285e-01
-1.474773e-01
-1.768649e-01
-8.270048e-02
-4.805862e-02
-1.226236e-01
-5.055485e-02
-1.490847e-01
-1.872721e-01
-1.733990e-01
-1.236271e-02
-1.704009e-01
-6.005322e-02
-1.638430e-01
1.857495e-02
-2.449245e-01
6.223149e-01
-2.021965e-02
-1.018014e-02
-1.665322e-01
1.414861e-01
-8.696502e-02
-1.616347e-01
5.771390e-01
-1.834490e-01
-4.966656e-02
-8.035683e-02
-1.119857e-01
-1.301496e-01
-1.575988e-01
-2.605214e-01
1.015833e-02
-9.492877e-02
1.279161e-01
-6.389684e-02
-2.480289e-01
-1.843853e-01
3.640771e-01
-8.623940e-02
1.073212e-01
-1.192695e-01
-1.821756e-01
1.102417e+00
-1.464104e-01
-9.544265e-02
-2.538049e-01
-6.226826e-02
-7.848699e-02
-4.930443e-02
-1.891210e-01
2.445936e-01
-1.795311e-01
-3.290383e-02
3.359407e-01
-2.215297e-01
-3.183583e-01
1.284022e-02
-1.912679e-01
1.464648e-01
-2.889554e-02
-4.331090e-02
6.051894e-01
2.861532e-01
-3.497086e-01
-4.876318e-02
-1.868017e-01
-1.489255e-01
-1.346360e-01
-1.501319e-01
2.638554e-01
-1.699517e-02
-1.792496e-01
-1.075920e-01
-1.299126e-01
2.883946e-01
2.757633e-02
-3.787090e-01
-1.904801e-01
-1.464566e-01
3.458674e-02
-2.817315e-01
-2.600008e-01
-1.145179e-01
6.324179e-03
1.527580e-01
6.973188e-01
-2.917424e-02
-3.543556e-02
4.210055e-02
-2.054072e-01
-9.232912e-02
2.461487e-01
-1.128917e-01
-2.325474e-02
-2.443134e-02
1.741882e-01
1.810408e-01
-3.135437e-02
3.041737e-01
2.671399e-01
5.439959e-02
-1.456972e-01
-1.474131e-01
5.784400e-02
-1.466737e-01
-6.884831e-02
2.508955e-01
7.162663e-02
-4.936654e-02
-1.051547e-02
-1.232687e-01
-2.079657e-01
1.360819e-01
3.336746e-02
-3.654313e-01
-1.364788e-01
-1.216270e-02
-1.504326e-01
-2.351852e-01
4.437182e-01
-1.631330e-01
-3.622217e-01
4.576408e-02
1.716582e-01
2.361971e-02
3.447400e-01
-2.596453e-01
-7.645132e-02
-1.757140e-01
-1.179356e-01
-1.735618e-01
1.398236e-01
-1.983106e-01
-3.189400e-01
-8.876763e-02
-1.562002e-01
-2.124307e-01
3.795412e-01
-2.134982e-01
9.059643e-01
7.003916e-02
-9.252200e-02
-5.091615e-02
9.047154e-02
1.133315e-01
2.999473e-01
6.900167e-01
3.762492e-03
-3.911885e-01
5.630853e-01
9.122655e-02
-1.835505e-01
1.495278e-01
7.718722e-02
3.319723e-01
-1.374956e-01
-2.959064e-01
-2.407787e-01
3.054999e-01
2.670495e-01
-1.077326e-01
-1.659647e-01
-3.054503e-02
-2.070230e-01
-2.499654e-01
-1.150997e-01
-2.808182e-01
9.443869e-02
-1.231375e-01
-1.466122e-01
-1.824989e-01
-2.529291e-01
-2.933737e-01
-1.831915e-01
-1.852727e-01
1.776291e-01
-5.519778e-02
-2.104679e-01
-8.232115e-02
4.912810e-02
-1.373756e-01
-1.488252e-01
1.043918e-01
-9.761075e-02
-1.234419e-01
-1.251985e-01
-7.440810e-02
3.129868e-01
-1.986457e-01
-1.685618e-01
4.840953e-02
-3.261182e-01
4.648559e-01
-3.660274e-01
2.120588e-01
3.323718e-01
-8.986155e-04
-6.998530e-02
3.411035e-01
2.652418e-02
-2.155938e-01
6.269270e-01
-1.588309e-01
-3.146420e-01
2.311814e-01
-1.012483e-01
-1.985057e-02
-1.284587e-01
-3.867435e-02
-1.021504e-02
1.383127e-01
5.812424e-01
-2.586312e-01
1.834783e-01
-3.662152e-01
6.177919e-02
6.477197e-01
-1.958891e-01
6.527101e-01
-1.219577e-02
-3.163918e-02
-2.077463e-02
6.009966e-01
7.606717e-02
4.727042e-02
2.498131e-02
-1.642528e-01
3.704430e-01
-1.216657e-01
-3.015577e-01
-5.151933e-02
-1.572843e-01
3.604401e-01
1.054201e+00
5.688160e-02
4.839414e-02
2.063694e-01
-9.282173e-02
-1.576537e-01
2.001076e-01
-1.296739e-01
4.984251e-01
-2.136499e-01
-4.328620e-02
-3.347776e-01
-1.009936e-01
-6.342345e-02
-7.610005e-02
-1.486236e-01
-1.145572e-01
-5.236268e-02
3.179173e-01
3.796051e-02
-3.190596e-01
1.417829e-01
-2.138082e-01
4.651095e-01
-8.816015e-02
1.008864e-01
2.621240e-01
-2.185961e-01
-9.681136e-02
1.442239e-01
-1.713219e-01
-2.713364e-01
5.363974e-02
3.838198e-03
3.949611e-02
-4.967525e-02
-8.242089e-02
-2.311750e-01
1.303682e-01
-1.885514e-01
4.463534e-02
4.288753e-01
5.160694e-01
-2.594320e-01
-2.162013e-01
3.149255e-01
7.587192e-02
-9.938131e-02
-2.366535e-01
3.931032e-01
8.524666e-02
-1.276295e-01
-1.345776e-01
2.378947e-02
-1.605626e-01
5.508001e-01
-1.116949e-01
-1.729499e-01
-1.440306e-01
-2.273517e-01
-2.196205e-01
-1.253953e-01
-1.121834e-01
-1.946809e-01
1.182999e-03
-2.886403e-02
1.505412e-01
6.458849e-02
5.068630e-03
-1.776175e-01
-3.625802e-01
-3.713875e-01
5.602297e-01
-1.748198e-01
3.058973e-02
-1.087773e-01
4.792054e-01
1.077025e-01
-1.078664e-01
-1.452694e-01
-2.724511e-01
-1.436470e-01
-1.628705e-01
-2.113811e-01
2.676374e-01
-3.063371e-01
-1.874601e-01
-1.850287e-02
5.332732e-03
2.126238e-01
1.249981e-01
4.123523e-01
-3.088169e-01
2.925172e-01
3.402796e-02
-5.537348e-02
-2.116947e-01
3.306983e-01
6.588820e-02
9.029253e-02
4.979347e-02
-3.327926e-01
-3.525923e-02
2.923307e-01
3.053388e-02
-2.071238e-01
1.232195e-02
-2.326291e-02
-1.695812e-01
-2.544807e-01
-2.832295e-02
-5.723553e-02
-1.534031e-01
8.594717e-01
1.182403e+00
-3.278279e-02
7.023419e-02
-4.862132e-02
-1.977006e-01
2.988409e-01
-1.847424e-01
-8.796793e-02
1.184111e-01
5.355960e-03
-1.039510e-01
-1.162957e-01
-1.275514e-01
8.510047e-01
-8.385562e-02
-1.586043e-02
-1.297550e-01
-2.155228e-01
-1.465840e-01
1.115061e-01
3.337471e-01
-6.199491e-02
-3.087253e-01
-9.764187e-02
-1.220237e-01
-6.079726e-02
4.454331e-01
-3.878187e-02
-1.641922e-01
1.061008e-01
6.968410e-03
-9.076307e-02
5.645667e-01
-1.759811e-01
-1.607157e-01
-3.659720e-02
-8.843460e-02
1.267263e-01
-1.678196e-01
8.327188e-01
7.949165e-02
-1.204895e-01
-1.478236e-01
1.091120e-01
-1.261132e-02
-1.596595e-01
-2.657066e-01
-1.146918e-01
-5.709676e-02
4.034658e-02
-3.527417e-01
5.124293e-01
2.277055e-03
6.522370e-02
-1.059042e-02
-9.335587e-02
9.994300e-02
5.159616e-03
-9.825874e-02
-2.013526e-02
-2.039284e-01
-3.059932e-02
-2.965576e-01
4.228431e-01
5.665153e-03
-2.661286e-01
4.168752e-01
-5.219911e-02
1.140056e-01
3.281138e-01
4.100296e-02
1.822832e-01
-1.622426e-01
1.097632e-02
-2.650607e-01
3.075764e-02
-4.208840e-02
3.904977e-02
-4.835076e-02
-1.470783e-01
1.235404e-01
-2.477666e-01
9.308232e-01
-2.013394e-01
3.008704e-02
-1.022977e-01
3.353606e-02
-1.488591e-01
-1.045636e-01
6.379418e-02
-1.324621e-01
-2.837664e-01
-3.097467e-02
2.913612e-01
-2.380154e-01
2.890500e-03
-8.897940e-02
-9.797658e-02
3.936998e-01
3.560753e-02
-2.784561e-01
3.567661e-02
-8.147211e-02
-2.127405e-01
-3.687274e-01
2.530789e-01
-2.191622e-02
9.023536e-01
-6.978229e-02
-1.178608e-01
1.292860e-03
1.565574e-01
-4.976156e-02
1.699184e-01
6.425023e-02
2.257778e-01
1.897185e-01
1.135867e-01
-7.077424e-02
-3.499765e-03
-1.141648e-01
5.375459e-02
5.854312e-01
-1.044876e-01
-2.086014e-01
-1.042252e-01
-3.019111e-01
-7.598929e-02
-1.462407e-01
6.380293e-01
-1.852590e-01
-6.564479e-02
-7.121628e-03
4.450197e-02
-1.893581e-01
-2.070874e-01
1.794297e-01
-9.955630e-02
-1.096965e-01
-2.092721e-02
2.346914e-02
-1.057072e-01
-1.814631e-01
-1.428751e-01
1.912173e-01
6.992994e-02
-2.158112e-01
7.014090e-03
-1.870260e-01
4.515416e-01
-1.190387e-01
-8.450318e-02
7.275766e-02
2.569622e-01
-1.960037e-01
-1.356353e-01
-4.210739e-03
2.853155e-01
-1.685223e-01
1.728006e-02
-3.831638e-02
-2.621399e-01
-1.129324e-01
-2.929101e-03
8.276326e-02
3.723897e-01
-7.690544e-02
-1.374901e-01
1.835606e-01
-1.972692e-01
1.065652e-01
-6.928859e-02
-2.335220e-01
-2.568401e-01
-1.783753e-01
-1.348139e-01
-1.386977e-01
-2.312363e-02
-2.073791e-01
3.978255e-03
-1.350368e-01
-5.163610e-03
-1.671564e-01
-1.195271e-01
1.720877e-01
8.878931e-02
-7.432985e-02
-1.985344e-01
-1.128307e-02
-9.206571e-02
-1.589222e-01
-1.662453e-01
-1.757546e-01
5.956516e-01
-1.945854e-01
-3.505908e-02
1.094745e+00
-9.614304e-02
2.066985e-01
-9.402159e-02
3.849433e-02
-2.155624e-01
5.927069e-01
4.021898e-02
2.210953e-01
-1.240666e-01
2.958934e-02
-2.418075e-01
-3.504906e-01
-2.122152e-01
1.319515e-01
4.940951e-01
3.176341e-01
-2.194687e-01
4.660805e-01
-2.524664e-01
-6.797475e-02
5.671225e-01
-2.784587e-01
8.940407e-02
2.997245e-01
-2.059394e-01
-2.792323e-02
-2.133660e-01
-9.589974e-02
-7.011883e-02
-1.668448e-01
-9.188562e-02
7.348693e-02
-2.091061e-01
1.290171e-01
-1.123017e-01
-1.951688e-01
4.569916e-01
-1.301384e-01
-2.353498e-01
-1.839455e-01
2.048217e-01
-1.240449e-01
4.636659e-01
-1.069698e-01
-2.338108e-01
1.098918e-01
-1.988743e-01
2.335249e-01
2.389798e-01
-3.689110e-02
1.131199e-02
-2.330389e-01
-2.220521e-01
-2.053219e-01
-4.910806e-02
2.683574e-01
-2.658013e-01
-1.386159e-01
-3.767931e-02
-1.113511e-01
3.180629e-01
-8.631148e-02
-9.967076e-03
-1.680950e-01
-2.101546e-01
8.614321e-01
3.265910e-02
4.023517e-03
-1.328252e-01
2.063053e-02
-2.447207e-01
2.579254e-02
-3.025113e-01
-1.560554e-01
-2.498339e-01
-2.147027e-01
3.151464e-01
-1.110274e-01
-1.286890e-01
-1.977836e-01
-2.612182e-01
-1.933407e-01
3.420989e-01
-4.668038e-02
-1.047393e-01
-1.763326e-01
-3.985986e-01
-4.290682e-02
-5.955463e-02
-1.096591e-01
1.063898e-01
-2.083658e-01
6.374393e-02
1.019658e+00
1.915555e-02
-6.092344e-02
-2.621845e-01
1.511079e-01
-2.120594e-01
2.468362e-02
-4.075436e-02
3.988608e-02
-2.005751e-01
-2.493065e-01
2.678609e-01
2.805791e-01
-1.267359e-01
1.011571e+00
-1.937836e-01
-1.261603e-01
-2.368581e-01
-5.876382e-02
-1.436161e-01
3.501031e-01
1.653870e-01
-1.290565e-01
3.179635e-01
-9.510841e-02
3.227108e-01
-1.469010e-01
-2.518620e-01
9.391340e-02
-1.626724e-01
1.381991e-01
-1.123582e-01
-4.752255e-02
2.819897e-03
-1.608466e-01
-2.422985e-01
-2.028131e-01
1.194168e-01
2.641339e-01
-1.019507e-01
1.590929e-01
8.893948e-02
-4.144652e-02
-5.086574e-02
-1.503990e-01
-1.211085e-01
1.620961e-01
-1.662617e-01
3.580591e-01
3.354830e-02
-5.227360e-03
7.807037e-01
-1.782323e-01
-1.029707e-01
-2.048655e-01
5.295086e-01
-2.536288e-01
-1.226792e-01
3.100372e-02
-2.320557e-02
-3.051088e-01
-2.884867e-01
-3.916492e-02
-5.162075e-04
-8.507864e-02
-2.135646e-01
-3.348232e-01
-6.916252e-02
7.969146e-02
-1.356465e-02
-9.353086e-02
-2.226758e-01
-1.273160e-01
-1.110977e-01
2.577500e-01
-5.122769e-02
-4.874668e-02
2.963656e-01
-2.669320e-01
3.337134e-02
-1.648687e-01
-8.796500e-02
1.032392e-01
-2.442724e-01
-1.512806e-01
-1.309277e-01
-8.908170e-02
-1.160367e-01
-1.523806e-01
1.750505e-01
7.243688e-01
1.345163e-02
-8.081149e-02
-1.346001e-01
-5.610611e-02
-4.217668e-02
-1.784855e-01
3.269412e-02
-1.229411e-01
1.780672e-01
2.587211e-03
6.265625e-02
2.969924e-02
-1.029645e-01
5.852382e-01
-7.330383e-02
-1.314873e-01
-1.483151e-02
3.030261e-02
4.289616e-01
-3.966555e-02
2.056552e-01
7.577125e-01
-6.837170e-02
-5.131840e-02
-3.009434e-01
-3.680419e-01
-1.799077e-01
-2.269017e-01
5.325457e-02
7.484515e-02
7.782508e-01
-9.322952e-02
1.964343e-01
1.135228e-01
-2.224546e-01
-6.996945e-02
-2.121992e-01
-1.038736e-01
1.673937e-01
1.178676e-01
1.061160e-01
1.064775e-01
3.178167e-01
-1.510465e-01
3.597320e-01
3.194363e-01
-1.034815e-02
-1.504156e-01
-1.927644e-01
2.012829e-01
-2.274224e-01
-4.536055e-02
-1.761757e-01
2.747422e-01
2.195681e-01
-2.292385e-01
-4.424309e-01
-8.392893e-02
-4.003470e-01
7.759001e-03
-1.538637e-01
-2.020907e-01
-3.868737e-02
5.366454e-02
4.642853e-01
4.343127e-02
3.273087e-01
-5.878379e-03
2.993018e-01
1.396460e-01
-1.030823e-01
-4.459070e-01
3.496892e-01
1.877417e-02
-4.806871e-02
-1.856518e-01
-5.424035e-01
1.846578e-01
-9.641664e-02
2.408146e-01
-4.981983e-02
-1.283408e-01
8.367570e-02
-1.266071e-01
6.058907e-02
1.050560e+00
-1.780341e-01
-1.597435e-01
3.532135e-02
3.384579e-01
-1.465163e-01
-2.281729e-02
-8.479910e-02
-1.955825e-01
5.485473e-03
-2.084337e-01
6.918157e-02
-2.776625e-01
-3.075802e-01
-3.562102e-01
7.573599e-02
-2.536445e-01
2.201581e-03
-1.289834e-01
-1.115604e-01
3.483149e-01
2.238051e-02
-2.466001e-01
5.230243e-01
-2.186487e-01
-1.084065e-01
2.073100e-01
-2.455499e-01
3.277610e-01
1.456580e-01
1.606732e-01
-8.379689e-02
-2.780308e-01
-1.138089e-01
3.233569e-01
-2.369362e-01
-4.153553e-02
-7.456918e-02
9.171476e-02
1.129564e-01
-9.150919e-02
3.399389e-01
4.313104e-01
1.537300e-01
7.425388e-02
4.620738e-01
-1.696579e-01
-1.774210e-01
7.909978e-02
2.764100e-02
1.667224e-01
-4.693120e-01
-2.592527e-01
-1.968212e-01
8.118983e-02
-7.985607e-02
-4.899793e-02
-1.865620e-01
2.897403e-01
2.710611e-01
-2.708697e-01
-1.427433e-02
-2.152263e-01
-6.879979e-02
8.877429e-02
-2.364093e-01
-2.660666e-03
4.497166e-01
4.058107e-01
-3.431631e-02
-2.610401e-01
-1.739208e-01
-2.702844e-01
1.855306e-01
-1.875449e-01
-3.479642e-01
-2.618456e-01
-2.106125e-01
7.942808e-02
-7.747845e-02
5.982723e-03
3.778476e-01
-1.708193e-01
-1.852577e-02
1.170429e-01
7.490382e-01
2.154261e-01
-1.280380e-01
-2.090544e-02
5.033155e-01
-1.657710e-01
2.885943e-03
3.013270e-01
-2.341751e-01
5.604037e-02
6.323614e-01
1.929265e-01
2.796180e-01
-5.381770e-02
-2.638428e-01
2.784927e-01
7.217724e-02
2.669298e-01
-1.827517e-01
-4.882259e-02
-2.103990e-01
4.049287e-01
4.444774e-02
-2.766288e-01
-8.203341e-02
-3.081586e-02
8.313019e-02
-1.804897e-01
-2.169756e-01
-1.103840e-01
-1.322224e-02
-1.639245e-01
-2.096742e-01
-9.895889e-02
-2.182158e-01
-1.851644e-01
-1.071149e-02
-1.408277e-02
1.257631e-02
-1.998468e-01
-1.600026e-01
2.215541e-01
-1.866728e-01
-2.682448e-02
-8.427430e-02
6.038028e-01
-1.492460e-02
-1.990982e-01
-1.463801e-01
-1.209012e-02
2.413605e-02
3.035881e-01
3.321297e-01
-1.516059e-01
-1.767842e-02
-1.213133e-01
1.833908e-01
-5.689073e-02
-1.680925e-01
-6.904092e-02
-1.283934e-01
-3.039436e-01
-6.850260e-02
-4.143807e-02
1.283541e-02
9.209613e-03
-2.780768e-01
-2.072245e-01
-1.560419e-01
-1.776157e-01
-1.695803e-01
-3.078856e-02
4.512060e-02
-2.946013e-01
-8.446940e-02
6.599206e-01
5.076080e-01
1.030257e+00
2.398874e-01
1.742595e-02
1.239452e-01
-2.125420e-02
-1.968917e-01
-5.400787e-02
2.725564e-02
-3.486088e-03
3.794263e-02
1.008863e-01
4.572825e-01
-1.524876e-01
1.648770e-01
2.595365e-02
2.436987e-01
-1.252990e-01
-1.973905e-01
9.474670e-03
3.385469e-02
-2.814350e-01
-3.080825e-01
-2.621665e-01
-1.259889e-01
-3.549765e-02
-1.806470e-01
-6.705752e-02
-1.806065e-01
7.245478e-01
4.623847e-02
3.456628e-01
6.286531e-01
1.922325e-02
-1.134362e-01
-1.612240e-01
9.313494e-02
-2.215166e-02
4.915704e-01
-1.504779e-01
-1.016346e-01
-5.872615e-02
-1.184100e-01
-1.472739e-01
-2.564749e-01
1.590148e-02
-1.240845e-01
-3.563704e-02
-2.159590e-01
-1.727431e-01
-2.719432e-01
-2.807643e-01
3.232665e-01
-2.279602e-01
-1.983695e-01
-1.695899e-01
-7.964981e-02
-5.151632e-02
-1.801702e-01
-7.744314e-02
4.006309e-01
2.156650e-01
-3.387496e-02
-1.258802e-01
-1.524203e-01
3.541399e-02
-3.243808e-01
-5.053869e-02
-2.695608e-01
5.557891e-01
3.381696e-02
7.571887e-03
1.560065e-01
-3.937746e-01
2.977803e-02
1.490611e-02
-2.100315e-01
-3.813486e-02
-1.238057e-01
-2.083067e-01
-3.826046e-02
4.290202e-01
-1.694069e-01
6.872606e-01
7.014923e-02
-5.461967e-02
8.179566e-02
-1.357567e-01
-2.078274e-01
2.534718e-01
-3.060324e-01
1.865059e-01
-3.481948e-01
-1.130758e-01
7.502950e-01
-4.530920e-02
-1.495894e-01
2.113518e-01
-1.237291e-01
-2.128281e-01
4.338710e-01
-1.962525e-01
-9.679047e-02
-2.095956e-01
1.812038e-01
-3.398679e-01
1.693468e-01
-1.821175e-01
-2.822527e-01
-1.114008e-01
-3.908833e-02
-8.746751e-02
2.114521e-01
-1.820771e-01
-1.520547e-01
-1.333542e-01
1.956385e-01
1.380983e-01
-2.537932e-02
1.716401e-01
1.938704e-01
8.086433e-02
4.983734e-01
5.115125e-01
-1.359088e-01
-1.158011e-01
9.562861e-02
-7.238079e-02
5.040648e-02
-4.383345e-02
8.098270e-02
5.681798e-01
-2.767756e-01
-2.791858e-01
-2.915995e-01
-1.036304e-01
-3.345240e-01
1.222741e-01
-4.306926e-02
4.103904e-02
-6.924370e-02
4.130955e-01
5.125824e-01
-2.532847e-01
-2.889518e-01
-8.095506e-02
-3.641469e-01
-2.631694e-01
-1.393963e-01
7.620471e-01
-1.968393e-02
3.395785e-02
-8.995648e-02
-1.146184e-01
-2.264929e-01
-8.712365e-02
-1.682422e-01
-2.766945e-01
2.116762e-01
-1.333064e-01
-1.816484e-01
-6.890453e-02
-9.564264e-02
-1.881897e-01
6.914185e-02
-2.307061e-01
-2.112663e-01
2.671930e-01
-4.757449e-01
1.353435e-03
-2.324762e-01
-1.794232e-01
1.179837e+00
8.732772e-02
1.865360e-01
-1.538921e-01
4.122434e-02
-1.000067e-01
2.831598e-02
1.139051e-01
-1.214751e-01
-5.567341e-02
4.579119e-02
2.244683e-01
-8.844367e-02
-2.997978e-02
-1.468834e-01
8.341505e-02
-2.859503e-01
-2.097569e-01
1.206422e-01
-1.194138e-02
3.085229e-01
5.970475e-02
-1.084361e-01
2.777288e-01
-5.979893e-02
-1.103069e-01
5.496647e-01
6.154210e-01
7.261171e-03
4.988737e-01
7.498258e-02
1.624483e-01
1.704670e-01
5.590001e-02
-8.382633e-02
-4.347843e-02
4.672438e-02
1.287453e-01
2.977041e-01
-2.299946e-01
-3.037993e-01
-4.243590e-02
-2.185266e-01
-1.610677e-01
-2.932415e-01
-2.098676e-01
5.789519e-01
4.802686e-01
-1.850773e-01
1.324069e-01
-2.241429e-01
-1.204651e-01
-2.477909e-01
-1.390842e-01
1.146795e-01
9.411913e-02
5.319849e-02
-6.637461e-02
1.113971e-01
1.212661e-01
-1.392898e-01
-1.804441e-01
4.194722e-01
-1.442643e-01
-1.363263e-01
6.453549e-03
-3.922498e-01
-1.568146e-01
1.017518e+00
1.088767e-02
-9.199496e-02
1.005922e-02
-3.618156e-01
6.624584e-02
-3.792883e-02
-2.071677e-01
-1.466077e-01
-2.934514e-01
5.914950e-01
2.901978e-01
1.735622e-01
-6.123120e-02
-3.811028e-02
2.037962e-01
-2.219065e-01
-1.932353e-01
1.740508e-01
4.711289e-01
4.671898e-02
1.690495e-01
-1.750168e-01
-9.425865e-02
-2.094012e-01
-8.480770e-02
-1.923676e-01
-2.027576e-01
-2.112370e-01
1.713485e-01
-3.246358e-01
-6.298490e-02
2.506776e-01
1.290029e-01
-2.135706e-01
2.924578e-01
-1.723142e-01
1.551713e-01
-9.557625e-02
-8.005489e-02
4.157712e-02
-8.856781e-03
3.260694e-02
3.155953e-01
-3.672359e-01
-4.933616e-02
-1.468228e-01
-3.869444e-01
8.885173e-02
-1.469549e-01
-5.976939e-02
5.148284e-01
4.778316e-02
1.258257e-01
-1.914978e-01
5.575966e-02
1.258834e-01
-1.802261e-01
-3.359006e-01
-3.324565e-01
-1.940653e-01
-2.617029e-01
5.415668e-02
3.818070e-01
1.657216e-01
-2.373673e-01
-7.432446e-02
-3.296608e-01
1.061214e-01
-8.358960e-02
-2.217473e-01
1.123713e+00
2.012528e-01
-2.436077e-01
2.742254e-01
6.508417e-02
-9.829716e-02
-2.183165e-01
-2.763930e-01
-1.950532e-01
5.889127e-01
2.831552e-01
-2.965519e-03
1.767889e-01
-2.116169e-01
3.879558e-01
-2.375065e-02
-1.085370e-01
4.594324e-03
-6.725767e-02
8.176466e-02
-3.040434e-01
4.835970e-01
3.007230e-01
2.995754e-01
-2.170775e-01
-5.061277e-02
7.813901e-02
-1.063118e-01
-1.307580e-01
-2.103130e-01
-1.958314e-01
1.587848e-01
-1.224836e-01
-2.113093e-01
-9.621782e-02
1.791808e-01
-1.251561e-01
5.838715e-01
-5.867631e-03
-1.312190e-01
-5.689353e-02
4.881800e-01
8.203448e-02
-1.613070e-01
-3.071221e-01
6.240518e-02
2.497206e-01
5.701548e-02
-2.400827e-01
-2.485342e-01
-1.702018e-01
-1.514188e-01
-1.568352e-01
-2.484293e-01
-6.167202e-02
4.194775e-01
-6.212689e-02
1.449641e-01
1.256977e-01
7.905970e-01
-4.655917e-02
-6.473764e-02
1.721400e-01
-1.717765e-01
-2.078572e-01
-2.176183e-01
3.125803e-01
1.135078e-01
8.791040e-02
-4.032933e-01
-1.643160e-01
5.902893e-02
-9.692964e-02
-2.139915e-02
-8.735554e-02
-4.329829e-01
-2.090556e-01
-1.088311e-01
-2.117183e-01
-2.048794e-01
-2.065643e-01
-2.053559e-01
-5.879206e-02
-6.479383e-02
-5.971949e-02
-8.941155e-02
-2.858544e-01
-2.782469e-01
7.295317e-01
-1.775962e-01
1.167667e-01
-2.008453e-01
5.333365e-01
1.211840e-01
1.495992e-01
5.410644e-02
3.043055e-01
-1.157030e-01
-1.515541e-01
-2.141725e-01
-1.425753e-01
2.593731e-01
6.133407e-02
-7.441343e-02
8.464266e-02
2.697667e-02
-9.451266e-02
4.996586e-01
-2.490193e-01
-2.151664e-01
-6.951769e-03
-3.489105e-02
-2.026995e-01
-1.912186e-01
7.855586e-01
1.284197e-01
2.412866e-02
-7.570037e-02
3.552439e-02
-2.041506e-01
-2.379201e-01
-8.953101e-02
1.243137e-01
-1.634953e-01
-1.870601e-01
2.444934e-01
2.480392e-02
-2.734867e-02
8.531019e-01
-2.675518e-02
-1.377666e-01
-1.731594e-01
8.534148e-02
-1.979302e-01
2.711302e-01
9.981501e-02
-1.757186e-01
-2.026870e-01
-1.464642e-01
2.406534e-01
4.132692e-01
-3.946537e-01
4.008722e-02
1.476832e-02
5.608417e-01
5.011930e-02
-1.068444e-01
-1.756344e-01
1.954873e-03
5.693908e-02
-2.461292e-01
-2.962335e-01
-1.427693e-02
3.839918e-01
2.525722e-02
-1.356978e-01
-1.357697e-01
1.576447e-01
-1.478715e-01
-8.362389e-02
6.344982e-02
-1.482067e-01
-2.850306e-01
-2.089600e-01
-1.988818e-01
1.517977e-01
-2.465373e-01
1.907811e-01
-1.056803e-01
9.801587e-02
-1.006119e-01
-1.244419e-01
-1.634644e-01
-1.188612e-01
-2.712010e-01
-1.922771e-01
1.134986e-01
-1.223979e-01
4.206848e-01
3.069296e-01
-9.470110e-02
1.653088e-01
7.105397e-02
1.134883e-01
8.252212e-02
-2.953196e-01
9.458611e-02
2.466015e-02
-4.842392e-03
-1.392525e-01
5.580396e-01
-3.081006e-02
3.484866e-01
-4.346194e-02
5.856480e-02
-3.689099e-02
-1.200672e-01
3.173448e-02
4.888962e-02
1.022984e-02
-6.197359e-02
-2.751786e-02
-4.452679e-02
-2.553123e-01
1.194132e-01
1.197308e+00
-1.633272e-01
6.693386e-01
3.602441e-02
-1.110097e-02
-4.455610e-02
-2.840329e-01
3.122363e-03
-3.627789e-01
-3.363373e-01
5.263570e-02
1.512107e-01
-2.897713e-01
-1.307605e-01
-2.167868e-01
-1.378725e-01
3.491289e-02
-1.334433e-01
1.038915e-01
-1.385579e-01
1.134790e-02
8.038870e-01
3.030410e-01
-2.986599e-01
2.413331e-01
2.009624e-01
-5.770676e-02
-2.885594e-01
1.052403e-01
-1.111833e-01
6.391460e-02
-1.124542e-01
-1.014103e-01
9.037650e-01
1.126361e-01
-7.200400e-02
-3.920758e-02
2.780002e-01
-6.160151e-02
-2.216473e-01
5.561445e-01
-1.883512e-01
3.008149e-02
-1.049909e-01
-1.927065e-01
-1.502832e-02
-1.509991e-01
-4.986923e-02
-2.188627e-01
-3.456860e-02
3.957703e-01
-1.805454e-01
-1.313083e-01
6.339997e-01
2.115831e-01
-2.812375e-01
-5.415326e-02
5.122796e-02
-1.090182e-01
-5.788570e-03
-6.820603e-02
5.625857e-02
-8.807532e-03
1.516299e-01
-1.014679e-01
-1.367216e-01
-2.380681e-02
7.655540e-02
7.372928e-02
-1.644731e-01
-2.734613e-01
9.394107e-03
-2.070546e-01
-9.018120e-02
-2.872889e-01
-1.203481e-01
-3.097440e-02
3.318891e-01
-1.791861e-01
-2.766891e-01
-3.854045e-02
1.865189e-01
-8.885019e-02
-2.361148e-01
-1.406363e-01
-1.910079e-01
-2.393383e-01
3.761304e-02
1.920373e-01
-1.722088e-02
6.920972e-02
-1.937893e-01
-9.016943e-02
4.347514e-01
-1.627575e-01
-9.638975e-02
-1.583620e-01
-2.293366e-01
-5.898647e-02
-2.227678e-01
-4.749316e-02
-5.968546e-02
2.610744e-03
-2.811982e-02
-6.360097e-02
-1.195887e-01
-2.386334e-01
-1.243960e-01
-7.698440e-02
7.205497e-01
2.158358e-01
2.112161e-01
-1.582823e-01
-8.025701e-02
3.230207e-01
-1.009851e-01
2.817349e-01
7.260899e-01
8.849942e-01
-2.140263e-01
3.883632e-02
-1.902197e-01
-1.533863e-01
5.709040e-02
4.222749e-01
7.928696e-02
6.390828e-02
-2.193119e-02
6.271013e-02
-1.496351e-01
-7.981510e-02
1.356828e-01
3.681076e-01
-1.141971e-01
-1.322682e-01
-2.412155e-01
-1.908863e-01
-2.491204e-01
-5.856874e-02
-2.632651e-01
-1.888359e-02
-3.896614e-01
-9.384166e-02
5.735691e-02
-2.137030e-01
-1.433671e-01
-5.282272e-02
3.066221e-01
-1.602930e-01
4.107447e-02
1.279943e-01
2.882276e-02
-1.591357e-01
-2.093243e-01
5.653331e-01
-8.430618e-02
1.279599e-01
-2.546135e-01
-4.752412e-02
-1.746653e-01
-1.318767e-01
-1.918523e-01
-1.955889e-01
-3.118350e-02
-9.739081e-02
-2.057369e-01
-1.920074e-01
2.574163e-01
3.505314e-01
1.284149e-01
-1.205569e-01
1.944623e-02
9.065442e-02
1.610907e-01
1.674357e-01
-9.884610e-02
9.776468e-02
-2.530296e-01
2.843947e-01
-8.418325e-02
2.733524e-01
-1.285430e-01
-8.023717e-02
9.284804e-02
8.864819e-01
-1.872702e-01
-2.035689e-01
2.446254e-01
-2.451103e-01
-2.056084e-01
3.216638e-02
-2.472774e-01
-1.023788e-01
-1.329433e-01
2.166474e-01
-1.674664e-01
-8.956578e-02
-3.053440e-01
4.508749e-01
-2.346094e-01
-2.085370e-01
-1.508667e-01
-1.539340e-02
9.336633e-01
-1.812475e-01
2.769341e-02
-1.471218e-01
-2.526053e-02
2.648262e-01
-4.956885e-02
-4.142482e-02
-3.914236e-01
1.319811e-01
-1.409799e-01
-8.963842e-02
-1.013158e-01
-1.217227e-01
-1.633063e-01
2.197786e-01
-3.522747e-02
9.233111e-02
7.119540e-02
9.966972e-01
1.955709e-01
-1.894741e-01
8.447678e-01
-7.486447e-02
1.535738e-01
-1.418825e-01
-1.395192e-01
-1.719238e-01
1.133217e-01
8.203495e-02
-9.607822e-02
6.918445e-02
1.922647e-01
-1.888907e-01
-1.602576e-01
5.743316e-01
-5.568043e-02
-8.941032e-02
-1.292388e-01
-8.013496e-02
2.043299e-01
-9.713271e-02
2.910837e-02
-8.294500e-02
-3.939394e-02
4.042623e-01
3.707632e-02
-3.994738e-02
-8.358781e-02
-1.554402e-02
-1.999266e-01
-1.266938e-01
-8.617682e-03
-9.232787e-02
5.090006e-04
2.654536e-02
-9.920420e-02
2.688364e-01
-1.500523e-01
-1.619094e-01
-1.131766e-01
-1.574660e-01
-1.484360e-01
-8.206184e-02
-5.924705e-02
-1.593607e-01
-9.639753e-02
-8.337163e-02
-2.985126e-02
-7.456239e-02
-1.367136e-01
6.858428e-02
2.325605e-01
1.158637e-01
-3.774990e-02
7.614173e-01
-1.840449e-01
-1.782038e-01
1.087338e-01
2.281971e-02
-1.653921e-01
-8.288381e-03
1.067490e-01
-6.639137e-02
2.052400e-01
1.098461e+00
1.210360e-01
-6.035296e-02
-3.766856e-02
-1.258656e-01
-3.516088e-02
9.027481e-02
-1.190950e-01
4.080046e-02
-1.342799e-01
2.213410e-01
-3.678467e-02
-2.440210e-02
-1.109743e-01
2.908172e-02
-2.280703e-01
-2.793191e-01
2.682994e-02
-7.246326e-02
2.695556e-01
-2.809932e-02
-1.558510e-01
-7.087518e-02
-1.286969e-01
-3.420641e-01
-9.366094e-02
4.091292e-01
-2.273984e-02
9.743387e-02
1.978151e-02
1.601500e-01
-1.491665e-02
-1.685795e-01
-1.165293e-01
-9.145183e-02
-1.938632e-01
-3.111377e-01
-1.034795e-02
1.857985e-01
-4.752595e-02
-9.449374e-02
2.398316e-01
-1.752004e-01
2.363410e-01
-2.962716e-01
-1.102882e-01
-1.021219e-01
-9.586252e-02
4.848790e-01
-2.029167e-01
5.314862e-01
-1.515733e-01
-8.547200e-02
-9.536092e-02
4.466544e-02
-1.828685e-01
-2.449117e-01
-9.842854e-02
1.866471e-02
-2.673190e-01
6.758744e-02
9.579313e-01
1.320103e-01
-2.059606e-01
8.328037e-02
6.842086e-03
-1.012839e-01
-1.220157e-01
-1.589480e-01
8.131945e-02
-2.267403e-01
2.644223e-01
-5.396520e-02
-4.753995e-02
1.053051e-01
-1.976261e-01
3.738423e-02
6.425505e-01
7.243998e-02
-1.063611e-01
-1.876264e-01
-7.540237e-02
-6.310622e-02
5.389436e-01
1.349338e-01
3.116003e-01
-1.829806e-01
-1.669488e-01
-2.502600e-01
-2.049293e-01
1.643663e-01
-1.015676e-01
-2.041720e-02
-2.341123e-01
-1.011872e-01
-1.797646e-01
-2.361679e-02
-7.426073e-02
-1.739129e-01
-8.516794e-02
2.449736e-01
-8.713210e-02
-1.605839e-01
-1.023536e-01
-1.728644e-01
7.574004e-01
-3.276677e-01
2.343242e-01
-2.356053e-01
-8.194195e-02
-2.982694e-02
1.206371e-01
-4.526866e-02
3.626005e-01
-1.494111e-01
2.340128e-01
5.195702e-02
-3.942181e-02
-1.885047e-01
-1.619391e-01
-1.208787e-01
3.795566e-01
6.819178e-02
-5.489957e-02
-8.262618e-02
7.089974e-02
8.435524e-02
-1.096973e-03
-1.971238e-01
-2.380580e-01
-8.493661e-02
4.057691e-02
-7.539143e-02
-7.333077e-02
6.694861e-02
-4.373995e-01
-3.592289e-01
-1.334777e-01
2.054733e-01
-1.024164e-01
-1.514761e-01
3.550144e-01
1.054943e+00
-5.159138e-02
-1.525619e-01
-2.954646e-01
6.283075e-02
-8.389579e-02
-1.814328e-01
-1.196633e-01
2.869439e-01
-1.241814e-01
-2.080285e-01
-2.264650e-02
1.998336e-01
-5.858695e-02
7.356779e-02
1.521036e-01
1.038386e-01
-2.162428e-01
4.941390e-02
3.347507e-01
2.205911e-02
-7.124104e-02
-2.222656e-01
2.995731e-02
-5.313845e-02
6.633165e-01
-2.271930e-01
3.636902e-02
8.582919e-02
5.781225e-01
-2.095966e-01
-1.209098e-01
-1.087638e-01
7.369671e-01
-5.217218e-02
-2.134791e-01
-2.282757e-01
1.176460e-01
-9.675853e-02
1.479840e-01
-2.517024e-01
8.274378e-02
2.725494e-01
-1.191624e-01
-4.144960e-02
7.265333e-02
-5.576026e-03
4.511266e-03
-1.705191e-01
2.182241e-01
-1.380162e-02
-3.876749e-02
-5.118260e-02
-1.134603e-01
-5.017457e-02
-2.539020e-01
-1.485805e-01
1.066782e-01
-1.174472e-01
-2.337283e-02
4.026740e-01
-2.425535e-01
-9.775242e-02
5.034693e-02
-3.250843e-01
2.933525e-01
4.396178e-02
2.991747e-02
-3.195813e-02
2.479422e-01
4.335442e-01
-8.175641e-02
1.092649e-01
-1.422058e-01
-6.622081e-02
-6.740992e-02
5.832968e-02
-3.052729e-01
-9.537785e-02
4.555025e-01
-2.457657e-01
-1.918307e-01
-1.865581e-01
-2.678815e-01
-2.410743e-01
-1.551773e-01
3.461876e-01
7.594095e-01
-1.182172e-01
8.099421e-01
2.748509e-01
-1.841354e-01
-1.330635e-01
-7.358427e-02
-5.002599e-02
4.937194e-01
-4.454051e-02
-2.362415e-01
8.727074e-02
-1.653828e-01
5.453529e-02
-1.795205e-01
-6.476844e-02
3.583399e-01
2.319253e-01
3.595138e-01
-1.147310e-01
-4.011046e-02
2.145661e-01
-2.658870e-02
-2.703531e-02
1.464090e-01
2.423474e-01
-1.716150e-01
-4.786504e-03
-1.536977e-01
-9.907886e-02
-4.210742e-02
5.446871e-02
1.503170e-01
-7.819396e-02
-2.682894e-01
-3.493418e-01
1.405249e-02
-9.163788e-02
7.326926e-02
-2.075154e-01
-1.940446e-01
-2.627984e-01
-3.734446e-01
1.926765e-01
-3.433228e-01
-1.346557e-01
-2.796539e-01
-2.379670e-01
9.567530e-02
-1.113661e-01
-9.446434e-02
-8.388435e-02
1.030038e+00
-4.641032e-02
-2.406126e-01
3.760979e-02
4.872686e-02
-1.708303e-01
6.445247e-01
5.672604e-01
-3.653202e-01
4.177336e-01
1.481270e-01
-2.907855e-02
6.826087e-02
-2.427492e-01
1.185872e-01
-1.674647e-01
-2.364584e-01
3.380904e-01
3.128693e-01
9.165867e-02
-3.388537e-01
-2.183601e-01
-1.924607e-02
4.957771e-02
-1.654632e-01
-2.084506e-01
-1.670735e-02
-1.903054e-01
5.325716e-02
2.853957e-02
9.251630e-02
8.149849e-02
-2.095649e-01
1.306223e-01
6.708986e-01
-3.339024e-01
-7.437725e-02
-4.394788e-04
-3.238223e-01
-1.270577e-01
-1.177201e-01
4.021577e-02
2.050374e-01
-1.942974e-01
-3.771458e-01
-1.784321e-01
-4.274015e-02
1.364419e-01
7.506813e-01
-1.986212e-01
-7.173362e-02
-1.962770e-01
-1.747880e-01
1.177630e-01
1.078545e+00
6.537940e-02
1.715816e-01
2.449946e-01
6.093647e-01
2.655962e-01
-2.271572e-01
1.451076e-01
-7.712406e-03
-8.282701e-02
1.056763e-02
6.472380e-02
6.895145e-02
-2.724322e-01
2.790198e-03
9.722970e-02
-1.384103e-01
-2.458502e-01
-1.001045e-01
-3.975399e-01
1.227823e-01
-1.732160e-01
-2.696084e-01
2.478924e-01
-1.964814e-02
1.095201e-01
-9.131099e-02
-1.094767e-01
2.625757e-02
-1.112432e-01
-7.540537e-02
6.586004e-03
-1.838531e-01
-3.231693e-01
5.111506e-01
-2.612262e-01
-2.217361e-01
-9.562410e-02
-1.373726e-01
-9.187298e-02
-1.232267e-01
-2.088836e-01
1.280869e-01
-4.723554e-02
-1.838618e-01
9.072965e-01
9.722195e-04
-1.531749e-01
-1.451051e-01
4.735930e-02
9.414897e-01
-1.644431e-01
-1.551254e-01
5.339723e-01
9.375342e-02
2.962696e-02
-1.608956e-01
-1.055501e-01
-1.212788e-01
-1.717319e-01
1.587685e-01
-3.716389e-03
7.555985e-02
1.694010e-01
-7.820903e-02
-2.290901e-01
-1.309490e-01
-3.474767e-01
-1.569598e-01
-6.719429e-02
1.074311e-01
-6.117027e-03
-1.515242e-01
5.537873e-01
-1.143956e-01
3.415415e-02
-1.802634e-01
-1.296200e-01
-1.409653e-02
-4.103339e-02
-2.239370e-01
-9.314085e-02
-1.545940e-01
2.006986e-01
-2.046475e-01
-4.084522e-02
-1.112657e-01
-2.400184e-01
-1.482092e-01
-1.775759e-01
1.097766e-01
-2.149418e-02
3.115119e-01
-7.080834e-02
-2.217518e-01
4.129869e-02
-2.018155e-01
-2.288963e-02
-1.468983e-01
-8.898199e-02
-9.927407e-02
-3.185149e-02
3.253136e-01
-1.811612e-01
-2.405557e-01
2.709115e-02
-2.595607e-01
-2.264144e-02
9.093457e-01
-3.802212e-02
-1.090860e-01
3.001992e-01
-5.522251e-02
-9.837389e-02
-3.635857e-01
-2.981513e-02
-6.911376e-04
1.784201e-01
-1.994203e-01
-1.961759e-01
1.833606e-01
2.705146e-02
3.126540e-01
-2.992111e-01
-6.868756e-02
-2.426164e-01
-5.442436e-02
-3.105313e-01
-9.322228e-04
5.759475e-01
-1.060323e-01
-2.488901e-02
-4.489575e-01
1.500739e-01
-1.757583e-01
4.918699e-02
-2.850367e-01
1.508685e-01
7.760994e-02
-2.657725e-01
6.167755e-01
-2.817323e-01
-1.320075e-01
-1.463422e-01
-4.765452e-01
-9.094674e-02
-1.775519e-01
-1.880437e-01
-2.015744e-01
-3.520184e-01
4.949373e-01
3.817596e-02
-3.046130e-03
2.283201e-01
-5.465162e-02
4.325976e-01
-7.709509e-03
-7.634564e-02
2.714070e-02
-3.046111e-01
3.716562e-01
5.018309e-01
-2.209752e-01
1.188913e-02
-2.574902e-01
-1.708743e-01
-2.430581e-01
-2.722379e-02
-9.630060e-02
1.383961e-01
3.799866e-01
-9.232455e-02
-1.540730e-01
-1.498960e-02
8.614084e-03
-8.347929e-02
3.422884e-02
4.740380e-02
-6.791940e-03
1.682724e-01
-2.165136e-01
4.607732e-01
-1.477298e-01
-1.774261e-02
-8.000585e-02
1.873464e-02
-7.548518e-02
-1.628156e-01
4.474749e-01
1.028863e-01
2.257074e-01
6.425323e-02
-1.006398e-01
-4.101578e-02
4.625825e-01
-1.659684e-01
3.501982e-04
1.741686e-01
3.281729e-02
2.830151e-02
-1.179811e-01
-9.893322e-02
-2.549808e-01
-2.254421e-02
-3.959687e-01
-1.610514e-01
-9.041697e-02
1.232442e-01
-1.362219e-01
1.179386e-02
-3.537095e-01
2.596723e-01
-1.986510e-01
-2.161203e-01
-1.879953e-02
-3.259647e-02
-1.308347e-01
-2.082500e-02
-4.307329e-02
-2.848335e-01
2.530534e-02
1.085782e+00
-2.984383e-01
-1.492096e-01
6.515002e-02
-2.911576e-02
-2.203524e-01
4.767603e-01
2.142261e-01
1.778625e-01
2.245117e-01
5.931155e-01
5.083980e-01
-6.631580e-02
-1.471315e-01
1.434457e-01
1.258770e-01
7.470881e-02
-1.762832e-01
-1.369570e-01
5.974668e-01
1.152311e-02
5.753485e-02
-7.032210e-02
-1.466645e-01
-1.837436e-01
-2.428100e-01
2.567739e-01
1.531887e-01
-7.818964e-02
-1.786441e-02
-2.053878e-01
-1.625137e-01
-3.429486e-01
9.380399e-02
-2.497922e-01
1.399438e-02
-7.812168e-02
-1.734185e-01
2.497126e-01
-7.522316e-02
-7.679225e-02
1.717812e-01
-4.833730e-02
-9.669327e-02
-2.490202e-01
-1.487539e-01
-1.463588e-01
5.720034e-03
9.927154e-01
-2.376188e-01
-1.294150e-01
-1.008303e-01
2.667838e-01
-2.674940e-01
-2.150036e-01
-2.106870e-01
7.740897e-02
-2.874360e-01
3.332865e-01
-9.221686e-02
4.619009e-01
-2.254277e-01
-2.754852e-01
-2.081650e-01
-1.016774e-01
-3.942220e-02
5.993366e-02
-1.625792e-01
-3.718424e-02
-1.623602e-01
5.840116e-01
-2.979641e-01
1.108411e+00
1.769883e-01
-2.983389e-01
-1.737424e-01
-6.765681e-02
4.183955e-02
5.597826e-01
5.481421e-02
-3.625833e-03
-4.268652e-02
-9.457684e-02
-5.290512e-03
-1.034149e-01
2.464347e-02
-2.323708e-01
3.721067e-01
-3.281766e-01
4.104004e-01
1.466576e-01
1.390274e-01
1.063878e-02
-2.227632e-01
-1.229490e-01
-2.192551e-02
-2.025883e-01
-2.463926e-01
-6.945734e-02
2.327962e-01
4.612372e-02
-1.643794e-01
1.160054e-01
-1.488936e-01
-1.698143e-01
9.976274e-02
1.612924e-02
3.562424e-01
2.328581e-01
-2.787086e-01
9.431112e-02
7.135628e-02
-2.470872e-01
1.219942e-01
1.013128e-01
5.364086e-02
-1.618761e-02
1.750804e-01
1.122572e-01
-1.631490e-01
-2.089663e-01
-4.098030e-01
1.492735e-02
-1.827329e-01
-1.433636e-01
-1.079253e-01
1.227425e-01
-2.428471e-01
2.408307e-01
-1.774173e-01
2.726249e-01
2.191069e-01
-3.569509e-03
-3.195651e-01
2.718676e-01
-1.634846e-01
-1.266252e-01
4.364713e-03
-7.601839e-02
-2.261994e-01
1.323010e-02
-7.002169e-02
5.750412e-02
1.106871e-02
-1.263722e-01
4.871108e-01
-1.862799e-01
-2.284307e-01
6.088988e-02
-1.259572e-01
-1.300914e-01
3.728654e-01
3.275601e-01
4.287754e-02
1.743947e-01
-1.615416e-01
7.309066e-01
-1.334737e-01
-3.967161e-01
-6.630798e-02
4.497501e-01
-2.631069e-01
-3.127779e-02
1.890152e-02
-1.698878e-01
-1.828673e-02
-1.410043e-01
-5.233915e-02
-9.050575e-02
-2.079632e-01
-3.261999e-01
1.912763e-02
3.967773e-01
4.294430e-02
2.426196e-01
-3.063814e-01
1.231390e-01
-5.435609e-02
-1.106478e-01
-1.388664e-01
-2.387219e-02
-1.487429e-01
6.601501e-01
-2.840098e-02
-1.354655e-01
5.437318e-01
-3.209980e-01
-1.656580e-01
2.278622e-01
-7.233634e-02
4.852759e-01
-2.440257e-01
-7.139308e-02
-2.318668e-01
-5.602378e-02
3.640918e-01
-1.940234e-01
-1.735497e-01
-9.213518e-02
-8.544397e-02
