1.405883e-01
1.778689e-01
1.513301e-01
2.016631e-01
1.869888e-01
1.701358e-01
1.669064e-01
1.706540e-01
1.844478e-01
1.665809e-01
1.733752e-01
1.859820e-01
1.927431e-01
1.537444e-01
1.940453e-01
1.682852e-01
1.759076e-01
1.695413e-01
1.771142e-01
1.811093e-01
1.450646e-01
1.603533e-01
1.581918e-01
1.750788e-01
1.490460e-01
1.738079e-01
1.621080e-01
1.841897e-01
1.536014e-01
1.883639e-01
1.753384e-01
1.628469e-01
1.696842e-01
1.691892e-01
1.777214e-01
1.770374e-01
1.630160e-01
1.715421e-01
1.737257e-01
1.686273e-01
1.869302e-01
1.660851e-01
1.824493e-01
1.505149e-01
1.792215e-01
1.828582e-01
1.596632e-01
1.889735e-01
1.857347e-01
1.743902e-01
1.855694e-01
2.080848e-01
1.507702e-01
1.806267e-01
1.583653e-01
1.665272e-01
1.861443e-01
1.720592e-01
1.403378e-01
1.745948e-01
2.149821e-01
1.513947e-01
1.804173e-01
1.595085e-01
