1.067797e+00
2.131367e+00
4.421968e+00
4.249938e+00
5.310771e+00
1.223333e+00
4.066645e+00
3.861361e+00
5.103915e+00
4.207607e+00
3.925007e+00
3.938176e+00
4.187683e+00
2.345196e+00
4.502491e+00
2.426764e+00
4.795646e+00
4.498088e+00
1.365614e+00
1.213702e+00
5.098116e+00
3.784098e+00
1.405580e+00
4.179765e+00
3.747374e+00
1.847165e+00
4.309566e+00
1.976008e+00
4.131749e+00
1.881878e+00
4.159777e+00
4.028962e+00
4.345612e+00
4.510574e+00
4.615141e+00
2.307739e+00
5.881000e+00
4.589440e+00
4.333392e+00
3.414783e+00
4.500925e+00
4.114283e+00
3.088201e+00
1.538292e+00
4.330449e+00
1.827473e+00
2.108647e+00
4.013045e+00
4.278207e+00
4.045283e+00
4.263065e+00
3.631424e+00
3.932198e+00
2.509238e+00
3.131721e+00
2.070551e+00
4.360815e+00
5.330514e+00
2.189525e+00
4.264685e+00
3.549016e+00
1.762604e+00
4.005492e+00
4.404267e+00
