-3.694499e-01
-2.292467e-01
-2.257502e-01
-6.401463e-01
-4.107857e-01
-2.228661e-01
-8.265493e-01
-4.465086e-01
-4.006703e-01
-4.356980e-01
-2.134917e-01
-5.436890e-01
-4.510062e-01
-2.202773e-01
-3.940977e-01
-4.239410e-01
-5.199420e-01
-5.417197e-01
-6.088085e-01
-5.624174e-01
-5.295347e-01
-2.791544e-01
-4.567858e-01
-5.267419e-01
-3.658091e-01
-3.147727e-01
-3.004998e-01
-2.283743e-01
-3.733006e-01
-3.120894e-01
-5.597370e-01
-2.235555e-01
-5.050218e-01
-5.265733e-01
-3.949193e-01
-3.215009e-01
-5.904014e-01
-2.860632e-01
-2.639179e-01
-5.497769e-01
-3.770327e-01
-3.182712e-01
-4.290888e-01
-4.356758e-01
-4.026725e-01
-3.551778e-01
-3.464184e-01
-4.383180e-01
-3.909810e-01
-2.984041e-01
-5.148106e-01
-8.305861e-01
-4.898729e-01
-4.329062e-01
-6.487272e-01
-3.525679e-01
-4.309109e-01
-3.760850e-01
-3.440774e-01
-3.302472e-01
-3.423880e-01
-2.031355e-01
-2.356503e-01
-4.692011e-01
