-5.276310e-02
-3.158127e-02
1.974526e-02
-3.082642e-02
1.235938e-02
-8.325010e-03
3.572428e-02
1.403170e-02
-7.753931e-03
1.303555e-02
2.219379e-02
-5.452309e-03
1.928236e-02
-4.553775e-03
3.745802e-02
2.689297e-02
-4.105590e-02
-3.713646e-02
-1.525939e-02
-2.382770e-02
-4.317237e-03
-4.432947e-02
7.007167e-03
-1.409831e-02
5.169915e-03
2.188891e-02
9.644808e-03
-9.332043e-02
-1.431176e-02
-8.807143e-04
1.270742e-02
2.364109e-02
2.049189e-02
9.758906e-02
4.673677e-02
2.491015e-02
7.250489e-03
1.407961e-01
7.143639e-02
4.744800e-02
-1.581526e-02
-9.594323e-02
-4.990041e-02
-8.288209e-02
-1.442895e-01
-1.161339e-02
5.560134e-02
-1.962408e-02
-5.142724e-02
-9.325025e-03
2.406820e-02
-3.748563e-02
1.330847e-04
-5.066486e-03
3.308376e-03
-7.214830e-03
1.540124e-02
-1.330805e-02
-3.644283e-02
-4.626350e-03
-1.348135e-02
-2.746593e-02
4.480507e-03
-4.262859e-02
-7.800198e-02
-4.765417e-02
-2.441982e-02
1.199426e-03
4.871728e-02
-1.645013e-02
9.743240e-02
5.090522e-02
1.740600e-02
3.323771e-02
-2.791887e-03
-2.287314e-03
-3.751248e-02
-4.380498e-02
-4.203226e-03
-3.135519e-02
-2.422821e-02
-3.116931e-02
-3.880700e-02
-2.311120e-02
4.997589e-03
1.062082e-02
3.174065e-02
6.280810e-02
6.048305e-02
5.468842e-02
-1.735195e-02
-7.062770e-02
-6.692448e-02
-1.107368e-02
-4.503677e-02
-5.410292e-03
-4.737878e-02
-4.152178e-02
1.929403e-02
5.837728e-03
1.170816e-01
1.519277e-02
1.129186e-01
1.311874e-01
4.300160e-02
2.433816e-02
-7.469732e-02
-1.006857e-01
1.933452e-02
-1.766448e-03
-2.429929e-02
-1.691172e-02
-2.445618e-02
-3.838647e-02
-1.818284e-02
-1.672457e-02
-2.754719e-02
-1.750252e-02
3.496921e-02
4.615409e-02
-4.112013e-02
-4.443670e-03
-1.003910e-02
-1.556897e-02
2.426468e-02
1.080264e-02
3.553516e-02
4.909599e-02
8.765916e-03
2.660174e-03
-1.456713e-02
-3.175300e-03
1.218772e-02
-1.514732e-02
3.565215e-02
-6.142312e-02
-2.335540e-02
-4.562211e-02
-2.965727e-02
4.333460e-02
3.567737e-02
-2.530046e-02
-3.452661e-03
-4.104287e-02
2.214910e-02
7.117876e-03
-4.500874e-02
-5.009407e-02
-5.920440e-02
1.302129e-02
-9.338821e-03
1.258114e-01
5.128919e-03
-1.515909e-02
-2.474137e-02
1.008712e-02
-2.970198e-02
5.762478e-02
-4.308553e-02
4.496154e-02
-6.156620e-02
1.134225e-02
-3.976933e-02
-3.851238e-02
-4.572111e-02
-2.987305e-02
1.040720e-01
-2.640690e-02
5.163460e-03
-2.278353e-03
8.960365e-02
9.247171e-03
-1.416641e-02
-2.141030e-02
1.549286e-02
8.410478e-02
-2.584033e-02
3.858541e-02
-4.208801e-02
-1.205937e-02
-8.034992e-03
-9.574595e-03
9.370945e-02
-3.673716e-02
-7.969363e-03
-6.722791e-02
7.568351e-03
-5.073926e-02
1.245947e-02
-4.638402e-02
-6.747710e-02
-1.850696e-02
-4.252847e-02
1.114291e-01
-5.283431e-02
-1.564537e-01
-2.730069e-01
-1.355408e-01
-7.676751e-02
-1.450752e-01
-1.482430e-01
8.782534e-03
-6.944363e-02
-1.706571e-02
3.880060e-02
-5.797640e-02
-9.090185e-03
5.386625e-02
-5.906982e-03
-3.780516e-02
-9.352880e-03
-6.880715e-03
2.307851e-02
7.728348e-03
-3.043498e-02
-3.852304e-02
1.806506e-02
1.512753e-04
-1.969633e-02
-2.270721e-02
-5.876836e-03
-6.357590e-02
-2.789588e-02
-8.214542e-03
1.682144e-02
5.486909e-03
2.356493e-02
3.131796e-02
-8.372531e-02
-4.836885e-02
-6.249685e-04
2.911018e-02
8.388767e-02
2.001726e-02
3.635636e-02
-1.073649e-02
-2.823774e-02
7.122574e-02
-1.556658e-02
9.480205e-04
1.369576e-05
-2.471274e-04
-5.030821e-02
-7.063573e-03
1.032539e-03
-1.702088e-02
4.254186e-03
6.261238e-02
-5.372047e-02
5.019894e-02
-8.492202e-02
6.621264e-03
-5.077007e-03
-7.603814e-02
-1.252823e-02
1.983390e-02
8.147531e-03
5.522741e-02
1.106516e-02
5.398165e-02
-5.512077e-02
-4.331044e-02
-4.862627e-02
-4.483049e-02
4.114081e-02
6.908175e-02
-1.718196e-02
1.867999e-03
1.766233e-02
9.874375e-03
2.354023e-02
-2.665739e-02
2.302926e-02
2.590022e-02
-9.479955e-02
6.057006e-02
-8.327207e-02
1.144288e-01
-7.121711e-02
2.867223e-02
2.131389e-02
-1.124345e-02
-5.250323e-02
-3.969878e-02
-2.550063e-02
-3.498226e-02
-6.983037e-02
-7.598090e-03
8.112786e-02
-8.806456e-05
-4.549502e-05
3.210753e-02
-1.664762e-02
-9.813807e-02
2.524462e-02
-1.257264e-01
-2.319874e-02
2.531768e-03
-4.081503e-02
-2.547059e-02
-2.340482e-02
-1.249372e-02
2.429102e-02
1.601174e-03
-1.031707e-02
9.655295e-03
1.897309e-02
1.143674e-02
-1.566162e-02
-3.044179e-03
-1.920412e-03
-6.486466e-02
-2.048253e-02
-3.956915e-02
1.465401e-02
4.507692e-02
3.562938e-02
4.515602e-02
5.292944e-02
-2.754285e-02
-6.496238e-02
6.984367e-03
-6.389569e-02
-8.949519e-02
-5.119059e-02
-5.569771e-02
-3.234985e-02
-9.556177e-02
-1.137639e-02
6.028005e-02
-3.797651e-02
9.109001e-02
4.710559e-02
1.506502e-02
-1.320403e-02
5.153557e-02
-7.535229e-03
-2.520906e-02
3.582215e-02
9.357101e-03
-7.578232e-03
6.313407e-02
-2.122078e-02
-7.835642e-03
1.328175e-02
-3.230086e-02
-1.763384e-02
7.306964e-03
-1.823162e-02
-1.843345e-04
2.885125e-02
7.709600e-02
1.136126e-01
-7.345340e-02
9.848540e-02
-3.404428e-02
-1.608127e-01
-1.719357e-02
-1.240196e-01
-9.462868e-02
-2.095236e-04
-7.258029e-03
-2.086811e-02
-5.997309e-03
-3.200450e-02
-3.170151e-02
1.671386e-02
-1.980693e-02
1.954109e-02
-2.385326e-02
-5.942826e-02
1.157117e-02
-5.609227e-02
-3.519488e-02
4.997484e-02
-1.526725e-02
7.178489e-04
3.372229e-02
7.370472e-03
4.177070e-03
3.199072e-03
-2.150162e-02
2.000588e-03
2.306896e-02
-1.931832e-02
-2.389400e-02
-3.785055e-02
5.333259e-02
-9.835121e-02
-8.602898e-02
-4.826081e-02
-9.455360e-02
-1.988878e-02
-8.300865e-02
-4.850792e-02
6.823658e-03
-1.580605e-04
-6.852539e-02
1.577733e-02
-6.231970e-02
-5.940148e-02
-1.495234e-02
-2.173531e-02
-3.082362e-03
-2.255723e-02
-2.871962e-03
-6.906129e-03
-8.537146e-03
4.765560e-02
2.778345e-02
3.081553e-02
2.789647e-03
1.790037e-02
-6.984073e-03
2.269577e-02
-3.579910e-02
8.017064e-02
-2.108586e-02
6.991527e-02
4.143878e-03
2.631322e-02
6.673359e-02
2.417836e-02
4.755211e-02
7.404533e-03
-6.263169e-02
-2.959299e-02
-6.491844e-02
-2.783054e-02
-5.545348e-02
-2.965166e-02
3.483282e-02
-2.710299e-03
-3.613847e-02
-3.016224e-02
1.707959e-02
1.060168e-01
-5.604566e-02
-2.974024e-02
-7.035583e-02
-6.791202e-02
1.834192e-02
-7.102716e-02
1.828808e-02
-3.411717e-03
-9.453108e-02
-1.479511e-02
4.286179e-02
2.822019e-02
-1.950015e-02
4.068173e-02
-6.773404e-02
-2.414305e-02
-3.792212e-02
-3.632730e-02
8.466055e-02
-1.158689e-02
2.868293e-02
-6.975335e-02
-6.315965e-04
1.570967e-02
3.502506e-02
1.451077e-02
3.186121e-02
1.354487e-02
-7.622210e-03
4.220863e-02
-4.345586e-03
-4.070081e-02
3.328505e-02
-4.823508e-02
-1.758370e-02
-7.288118e-02
4.360465e-02
-5.076325e-02
2.832972e-02
-2.004493e-02
-4.335697e-03
4.868122e-02
-2.552062e-02
-8.504216e-02
-2.197938e-01
-7.968038e-02
-5.147913e-02
1.680475e-01
-4.447493e-02
1.573763e-02
-1.916277e-02
2.750443e-02
-7.018456e-02
-7.684952e-02
-6.746404e-02
3.652727e-03
-1.275974e-02
4.931014e-03
-1.663821e-02
3.116930e-02
3.981750e-02
-2.060568e-02
6.822584e-03
3.626917e-02
-1.396689e-02
-4.858699e-02
-9.237001e-03
-3.053838e-02
9.138361e-03
1.002089e-02
3.503569e-02
-1.633965e-02
-9.976344e-03
6.029121e-02
6.596928e-03
-6.751397e-02
-1.317322e-02
3.726451e-02
-5.671678e-02
3.574664e-02
2.524479e-02
-4.781714e-03
-6.457991e-03
-9.043111e-03
3.345770e-02
-5.065589e-03
1.583509e-03
1.430743e-02
-1.309459e-02
-9.356971e-03
-1.062727e-02
-2.379846e-02
-2.837628e-02
-6.447582e-02
3.368046e-02
9.458123e-03
-2.211484e-02
1.545309e-02
-3.219847e-02
4.322685e-02
-1.206155e-02
9.685642e-02
-4.905832e-02
2.964511e-02
5.512204e-02
1.959035e-02
-2.951670e-02
4.390143e-02
-2.992277e-02
-4.583333e-02
-5.762427e-02
-2.950220e-02
1.419676e-02
5.893533e-02
-1.202465e-03
-1.003609e-01
-1.252011e-01
-4.224902e-02
5.139763e-03
8.512603e-03
3.079998e-02
4.691715e-03
-2.148082e-03
-6.962776e-02
-9.268332e-02
9.700096e-02
-7.704221e-02
7.212806e-02
-1.027046e-01
7.766887e-02
-5.902239e-02
-8.528084e-02
-3.259552e-02
2.935573e-02
1.157445e-01
-4.685621e-02
-3.234788e-02
5.208524e-02
-2.052505e-03
4.350912e-02
1.283694e-02
9.211514e-03
1.765106e-02
1.965956e-02
1.813683e-02
2.265213e-02
1.930445e-02
-9.784524e-03
1.677598e-02
1.435172e-02
-4.253161e-02
4.579262e-02
-5.430594e-03
-1.723197e-02
7.735540e-03
9.143226e-04
-3.387812e-02
2.781192e-02
-3.608907e-03
-1.580639e-02
-7.358635e-04
-1.388958e-02
-3.570259e-03
-3.757017e-02
5.269638e-03
1.373877e-02
-5.734071e-03
4.493464e-02
5.257576e-02
-3.397086e-02
3.515418e-02
4.869802e-02
-3.312212e-02
5.284707e-02
3.846862e-02
9.717117e-02
4.958516e-02
-7.467644e-02
1.018772e-01
3.900873e-02
-1.311587e-01
6.203686e-02
5.209898e-02
-4.096143e-02
1.264287e-02
1.741985e-02
-8.524662e-03
-1.090521e-02
-8.226554e-03
1.318055e-02
-1.516606e-02
1.508923e-02
3.633564e-02
-3.709150e-02
-1.350226e-02
7.524448e-03
-2.158939e-02
-8.503854e-03
1.607853e-02
-2.578782e-02
-1.253591e-02
1.284172e-02
-9.590687e-02
-4.522201e-02
8.773924e-02
-9.291967e-02
-5.926502e-02
1.292893e-01
-6.350635e-02
-4.397352e-02
3.927869e-02
1.175175e-02
-6.333383e-02
-9.125178e-02
5.693045e-03
-5.236264e-03
-7.792464e-02
-2.641137e-02
-2.917414e-03
-6.379991e-02
-2.676203e-02
4.600705e-02
5.765644e-02
-2.120899e-02
5.043153e-03
1.095369e-01
-1.031065e-02
2.549226e-02
5.285223e-02
-6.583057e-02
-4.064750e-02
3.891781e-02
-7.157034e-02
-4.582857e-02
2.908240e-02
-2.165443e-02
-1.446357e-02
1.575009e-02
2.555969e-02
2.430873e-02
-1.154142e-02
1.522527e-01
1.307742e-02
-9.358343e-02
8.592065e-02
-3.624865e-02
-4.034855e-02
-3.455367e-02
-5.707888e-02
-3.259711e-02
-1.026646e-02
-3.459238e-02
-1.421520e-02
-1.433326e-02
1.812367e-02
-3.359058e-02
-1.391905e-02
-7.390314e-03
8.302410e-03
2.121082e-03
-1.365015e-02
-1.802655e-02
6.628904e-03
1.514085e-03
5.272353e-02
1.734506e-03
3.121777e-02
-1.896791e-02
-5.355152e-03
-3.007923e-02
8.436175e-02
3.967699e-02
-4.551800e-02
-6.499779e-03
3.116221e-02
3.038850e-03
4.396317e-03
-6.538212e-02
-2.274576e-02
6.347450e-03
-2.180697e-02
5.078776e-03
9.581647e-03
7.631654e-02
3.216451e-03
-6.214997e-02
3.778038e-02
3.143444e-02
-1.315943e-02
-3.096116e-02
3.980327e-02
8.358953e-03
-1.301960e-03
-3.830899e-02
-4.624284e-03
6.119104e-03
-2.908298e-02
-1.267465e-02
3.432547e-02
5.073906e-02
-8.307201e-04
1.237198e-02
1.006480e-02
-1.529388e-02
-3.078511e-02
-3.346383e-04
-1.715831e-02
-2.015752e-03
-6.029347e-02
-2.416219e-03
2.549892e-02
8.057210e-02
2.118560e-04
-4.481611e-02
4.127167e-02
3.473320e-02
-7.058883e-02
-4.183852e-02
2.300975e-02
2.583490e-02
-9.553801e-02
-1.221008e-01
1.189542e-01
8.885965e-02
-1.741620e-02
-1.433112e-02
1.245713e-01
8.050697e-02
6.922217e-03
-1.196626e-02
-1.290407e-02
5.291078e-02
-5.281452e-03
-3.662161e-02
6.367280e-02
1.267691e-02
-2.178122e-02
-2.727345e-02
-1.599183e-02
-2.508227e-02
-1.360754e-02
-1.060550e-02
-3.153676e-02
-1.009470e-02
-1.706026e-04
-5.868581e-03
6.351884e-03
1.014963e-01
6.637820e-02
-1.066977e-01
-4.681329e-03
5.646519e-02
-1.508597e-01
-6.872317e-02
-2.299000e-02
6.573792e-03
-5.077532e-03
-5.106932e-02
-1.085734e-03
2.332494e-02
-3.475234e-02
4.095206e-03
1.033985e-02
-8.266321e-03
-3.826791e-02
4.036981e-02
5.148990e-02
-6.075360e-02
-1.291789e-02
5.253049e-02
-2.470999e-02
-4.756206e-02
-9.856626e-03
-2.614361e-02
2.181712e-02
1.692551e-02
-4.058328e-02
-3.060164e-02
-6.346202e-03
-1.142820e-02
-4.254117e-02
-2.163900e-03
-4.336730e-02
-8.848977e-02
7.220626e-03
-3.322841e-02
-1.162797e-01
-1.004517e-01
6.214585e-02
5.057961e-02
-4.867352e-02
-1.775792e-02
-2.979175e-02
-5.554900e-02
2.621358e-02
1.533389e-02
-3.666360e-02
3.304517e-02
2.134116e-02
-2.251554e-02
1.047451e-03
3.661348e-03
-1.883793e-02
-1.532492e-02
1.516456e-02
-1.497656e-02
-1.642132e-02
-2.661529e-02
-1.200110e-02
-1.783162e-02
2.242647e-02
1.425253e-02
-1.388688e-02
-1.690073e-02
-9.647873e-03
5.052330e-02
2.074102e-02
-1.473602e-02
-8.154094e-03
5.750104e-02
8.958232e-03
9.966842e-05
4.272363e-02
3.770688e-03
-5.104850e-02
2.325842e-02
-7.370083e-02
-5.887385e-02
4.808621e-02
2.958787e-02
-1.218104e-01
-4.039940e-02
6.408902e-02
8.593349e-05
-4.946699e-02
7.695086e-02
2.044779e-02
5.066629e-03
2.106268e-02
-4.421962e-02
1.158309e-02
-2.170249e-02
-2.201212e-02
7.914845e-02
2.919003e-02
-3.298105e-02
-5.851414e-03
-1.988173e-02
-2.583561e-02
8.121661e-02
3.086298e-02
-5.053094e-02
4.713600e-02
4.263980e-02
-3.106726e-02
-4.588636e-03
7.098816e-02
-3.113551e-02
1.896335e-03
8.996323e-02
-1.967963e-02
-7.965677e-03
4.664581e-02
5.126100e-03
-1.962230e-02
8.110501e-03
3.324354e-03
2.475811e-02
-4.696930e-02
-6.225586e-02
8.274569e-02
1.291811e-03
5.152563e-02
-6.903204e-02
-2.811628e-03
2.200738e-02
-1.467180e-02
-6.012700e-02
-1.625966e-02
-8.194749e-03
-5.568450e-02
3.419532e-02
-2.642639e-02
2.769559e-02
2.253086e-02
-2.539345e-02
1.899028e-02
3.725977e-02
1.017597e-02
2.947308e-02
1.944075e-02
-1.142935e-01
3.096032e-02
9.330957e-02
-1.054335e-01
4.875827e-02
5.199739e-02
-9.202463e-02
-2.790734e-02
-1.183266e-02
1.655673e-02
2.509205e-03
-3.507454e-02
1.577314e-02
6.306437e-03
-2.767870e-02
-1.012103e-03
-2.375597e-02
-2.715537e-02
-5.203777e-03
5.331539e-02
-6.938603e-02
-3.202103e-02
3.019848e-02
-2.498711e-02
5.185141e-02
2.298260e-02
5.786057e-03
-2.688791e-02
2.876322e-02
2.340862e-02
-3.658544e-02
5.803130e-03
7.582692e-02
4.496059e-03
3.409183e-02
-3.239311e-02
4.427953e-02
-5.855303e-02
-4.640627e-02
1.720194e-01
-1.027737e-01
-6.316205e-03
9.893748e-02
-2.744972e-02
-7.044343e-02
6.012379e-03
-6.440275e-02
4.219141e-03
2.690959e-02
-1.095845e-02
6.909830e-02
5.281354e-02
3.462267e-02
4.078907e-02
-6.055754e-03
-2.764531e-03
3.560099e-02
-2.931480e-02
-3.724666e-02
7.321154e-02
-3.209764e-02
1.546138e-02
-4.822147e-02
-1.206711e-01
-4.116010e-02
1.012470e-01
-1.488248e-01
1.100819e-01
7.273684e-02
-9.759261e-02
6.931491e-02
-1.168363e-02
2.227943e-02
2.852370e-02
1.128645e-02
-1.580709e-02
3.605646e-02
4.884731e-02
5.866793e-03
5.034985e-02
3.314634e-02
9.013034e-02
-1.954986e-02
5.500022e-02
1.095954e-02
-1.287014e-02
-6.492819e-02
4.137171e-03
-3.482199e-02
3.936015e-02
5.412237e-02
2.562029e-02
1.312278e-02
1.219710e-01
9.082229e-02
-2.155065e-02
3.359097e-02
-1.261336e-02
3.894769e-02
-2.080507e-03
-3.221130e-02
6.542028e-02
5.291048e-02
1.692199e-02
6.933361e-02
3.696077e-02
1.741723e-02
-5.616340e-02
-3.094625e-02
2.642288e-02
-6.483661e-02
-1.262869e-02
5.607409e-02
-4.515950e-02
-1.341438e-02
6.310637e-02
-2.414680e-02
4.654804e-02
8.089908e-02
-1.005223e-01
3.013352e-02
9.682810e-02
-7.748893e-02
7.153327e-03
4.046967e-02
1.428719e-03
-3.661462e-02
-1.161119e-02
-6.102873e-03
1.073797e-02
7.686829e-04
-2.080953e-02
-1.756290e-02
2.502366e-02
-1.934231e-02
-4.578837e-02
-3.220224e-04
-1.990748e-02
-5.619647e-02
-9.449612e-04
7.949018e-02
1.124681e-02
5.360630e-02
2.033775e-02
2.231349e-02
1.362589e-02
9.114455e-03
-5.140263e-02
-3.244475e-02
2.081510e-02
-8.840521e-02
-9.224448e-02
7.710533e-02
1.220376e-02
-6.831343e-03
6.132102e-02
-1.757656e-04
-2.701741e-02
6.033700e-02
-1.067925e-02
-4.736933e-02
-5.328880e-02
-8.916255e-02
-9.518595e-02
-4.403199e-02
-7.249091e-02
-5.696549e-02
-3.625261e-02
-3.328832e-02
-1.796567e-02
-2.553739e-02
-6.417567e-03
-4.761768e-03
1.850773e-02
-1.904700e-02
-4.785514e-02
1.155073e-02
-6.334145e-02
-6.344437e-02
-5.853329e-02
-6.213622e-02
-2.337260e-02
-2.150921e-02
1.526184e-02
6.010592e-02
-1.034695e-02
9.293726e-02
7.765185e-02
-4.905168e-02
2.937368e-02
-3.460221e-03
-6.566906e-03
-1.912140e-02
-2.078823e-03
-7.448838e-03
1.213397e-02
2.816448e-02
-5.894567e-02
-7.467891e-02
-6.772161e-02
3.149327e-02
1.202285e-02
-5.764394e-03
5.420861e-02
6.861969e-02
6.494651e-02
-3.149725e-02
6.697385e-02
2.656305e-02
6.721137e-02
-4.274750e-03
-2.896204e-02
7.829021e-03
-3.789604e-02
-4.258407e-02
3.584350e-02
4.857240e-02
7.695387e-02
-6.213162e-02
-7.480765e-02
-1.417725e-02
-1.491935e-02
-5.398064e-02
-6.515227e-02
-7.324494e-02
4.942743e-02
9.649871e-02
-9.960148e-02
-9.393623e-03
1.101473e-01
-3.889323e-02
-4.046221e-02
4.800681e-02
3.539195e-05
-2.277579e-02
-3.256883e-02
-2.086342e-02
-4.946308e-02
-3.280217e-02
3.495302e-02
1.452486e-03
2.203679e-02
-2.634666e-02
-5.966357e-03
5.116519e-02
-7.016948e-03
1.655972e-02
6.672915e-02
5.008813e-02
1.475545e-02
-5.210216e-02
1.089000e-01
1.608357e-02
-5.860499e-02
1.689808e-02
-5.004990e-02
-6.619730e-02
-7.097668e-02
-9.214442e-02
-1.397492e-02
-3.052427e-03
-1.852198e-02
-5.536504e-02
6.461650e-03
-2.384026e-02
-5.764749e-02
3.173097e-02
3.752452e-03
-7.235749e-03
2.683597e-02
1.857636e-02
-1.309690e-02
8.789986e-02
9.389441e-03
-4.260053e-02
4.068029e-02
8.228394e-03
-3.083685e-02
-3.888949e-03
-1.561377e-02
-3.018419e-02
7.171972e-03
-6.849410e-03
-2.412711e-02
-2.383532e-03
-3.416670e-02
-4.351740e-02
-1.196971e-01
-8.434217e-02
-9.655630e-02
-2.050049e-03
1.335832e-01
4.248498e-02
4.181818e-02
1.472884e-01
5.865845e-02
-2.840443e-02
-9.454327e-03
1.384711e-02
-1.502580e-02
2.725485e-02
1.959716e-02
3.719712e-02
5.529491e-02
-3.130997e-03
9.997438e-04
2.373534e-03
-4.119790e-02
2.093141e-02
2.613959e-02
-1.937715e-02
-2.540806e-03
-5.075542e-02
-2.817257e-02
-2.817410e-02
-1.163388e-02
-2.570496e-02
-8.688837e-02
-4.485643e-02
-4.565642e-02
-8.116017e-02
-6.205108e-02
-2.791046e-02
-6.169593e-02
-1.050933e-01
1.428698e-03
-7.529078e-02
-6.890479e-02
6.265221e-02
2.380431e-02
9.749354e-02
9.363937e-02
-3.786934e-02
-6.291816e-02
-9.722548e-03
-7.699544e-03
-4.563691e-02
-2.364753e-02
1.183494e-02
5.602805e-02
4.216495e-02
4.199826e-02
2.197002e-02
-2.256702e-02
6.983585e-03
8.878513e-03
-3.195925e-02
-4.049102e-02
-4.404711e-02
-4.038211e-02
-1.328510e-02
8.624230e-03
7.474861e-02
3.674575e-03
1.048262e-02
2.213868e-02
6.490018e-03
-4.889732e-02
1.630631e-02
-2.189722e-03
3.859068e-02
3.559005e-02
-1.172113e-02
4.160746e-02
1.242028e-04
-2.360978e-02
2.628816e-02
-1.648307e-02
4.695367e-02
-3.257299e-02
-5.577388e-02
2.984917e-02
2.463647e-02
-9.337907e-03
-5.451077e-02
-1.423267e-02
2.245579e-02
-7.143982e-02
-3.191493e-02
1.854116e-03
-8.027839e-02
-6.707069e-02
-2.526491e-02
-5.291847e-02
-7.954735e-02
-1.370788e-02
-4.500293e-02
3.103619e-03
-3.099327e-02
8.100243e-02
7.149085e-02
4.548156e-02
3.523361e-02
2.888938e-02
4.043073e-02
3.689214e-03
-2.786876e-03
9.207966e-03
6.553260e-02
3.743304e-02
2.837127e-02
-1.456746e-02
-2.790652e-02
-2.856704e-02
-4.163819e-02
4.982470e-02
1.382759e-02
-1.580892e-02
2.797380e-02
-4.227176e-02
-4.007020e-02
4.311387e-02
2.791533e-02
-1.319658e-02
8.795266e-02
1.648468e-02
2.650444e-02
-1.030947e-02
2.986409e-02
3.214119e-02
-1.527975e-02
-4.898428e-02
-2.435452e-02
-6.421512e-02
-9.338959e-02
1.077578e-02
-4.783507e-02
-8.403903e-02
2.465506e-02
-3.364033e-02
-7.682898e-02
1.957065e-02
-3.224713e-02
5.783179e-03
-2.932382e-02
-4.810584e-02
7.526024e-03
-1.061432e-02
-3.628542e-02
1.280556e-02
2.185463e-02
2.172431e-02
4.387036e-02
7.540010e-02
6.535010e-02
9.470653e-02
1.158196e-02
2.080753e-02
5.168774e-02
-7.235749e-03
-6.266056e-02
-2.815176e-02
6.746665e-02
8.692429e-03
-2.286164e-02
8.507503e-02
-2.071522e-02
-2.986354e-02
3.158616e-03
-8.267697e-02
-7.281418e-02
6.300794e-02
1.141317e-02
1.908827e-02
1.089388e-01
9.923002e-02
8.723748e-02
1.308566e-02
4.056336e-02
7.372483e-03
3.010110e-02
-1.186233e-02
1.135225e-02
2.724211e-02
-2.897864e-02
3.739666e-03
2.096931e-02
3.573358e-02
-7.704482e-04
4.065030e-02
5.422672e-02
-2.054925e-02
-2.576617e-02
1.404067e-03
-3.403278e-02
6.996419e-02
7.774789e-02
5.119866e-02
6.485703e-02
4.889460e-02
1.171334e-02
-8.631408e-03
1.392878e-02
-3.377342e-02
7.468544e-02
-2.550390e-02
3.040581e-03
2.318091e-03
1.512653e-02
-3.888670e-02
-3.321398e-02
-1.444351e-03
-4.586716e-02
-5.039957e-02
-6.633142e-02
-5.490023e-04
-1.096235e-02
-9.734213e-02
-5.040201e-02
2.537725e-02
-1.139966e-02
2.998970e-02
-2.632433e-03
-1.699767e-02
-8.333699e-02
-4.306804e-02
6.827240e-02
3.199862e-02
3.558571e-02
9.192034e-05
-1.479644e-02
-1.805322e-02
4.217459e-02
-4.160111e-03
5.117349e-02
-2.219827e-02
-8.869772e-03
-2.636342e-02
-8.779598e-03
5.484330e-02
4.139850e-02
-2.826520e-02
8.368666e-03
-3.638920e-03
-3.467214e-01
-4.127517e-02
2.190235e-02
-6.549123e-02
2.253831e-03
-1.034714e-02
1.687743e-02
-1.178615e-02
-9.606970e-03
-4.699792e-02
-2.470147e-02
-2.328002e-02
2.369999e-02
1.411917e-03
-1.426228e-02
3.162079e-02
-4.425380e-02
2.789293e-03
7.605581e-03
3.005619e-02
-6.162176e-03
1.435689e-02
-2.167127e-02
-3.713294e-02
9.718594e-03
1.539333e-02
1.146847e-01
-4.677644e-02
-2.088084e-02
-2.632288e-02
-2.509404e-03
9.074211e-04
-1.577004e-01
-2.159710e-02
-7.338071e-02
-9.350455e-02
4.600790e-02
1.158786e-02
-8.210237e-02
7.490348e-02
3.817524e-02
2.049534e-02
-1.400717e-02
3.040755e-04
2.761210e-02
1.287598e-02
2.960371e-02
4.592917e-03
-5.234987e-03
-1.450147e-02
-3.987559e-02
7.905918e-02
8.070930e-03
-9.265762e-02
-6.422168e-05
-1.843907e-02
-4.436192e-02
2.132833e-03
-3.842557e-03
-4.523129e-02
1.218639e-03
-5.980242e-03
4.105185e-02
5.757249e-02
2.298136e-02
-6.100898e-02
-1.554159e-02
-5.500665e-02
-2.448764e-02
-9.092503e-03
3.918123e-02
-4.033371e-02
3.072410e-02
2.534307e-03
-3.171742e-02
4.329643e-02
1.263950e-02
1.858996e-04
-5.227050e-02
2.505510e-02
4.189523e-02
-5.358372e-02
4.948827e-02
1.017661e-02
-4.836937e-02
1.217448e-02
-5.233059e-02
-2.722625e-03
3.937891e-02
-3.325306e-02
1.856551e-02
5.526783e-02
3.380210e-02
1.642529e-02
-3.645507e-02
-2.198482e-02
4.982239e-03
-2.714060e-02
7.092791e-02
-1.626121e-02
-5.206675e-02
7.653834e-02
-1.530870e-03
-2.306879e-02
-2.573206e-02
-4.317777e-02
-4.112313e-02
-1.921089e-01
6.976573e-02
-4.164785e-02
-1.243385e-01
-5.734083e-02
-5.445477e-02
-9.768668e-03
-2.605824e-02
-1.401085e-02
3.544841e-02
-9.400424e-02
2.176315e-02
-2.921697e-03
-1.350135e-03
6.380703e-03
-1.337475e-02
-1.589737e-02
4.297620e-02
7.419606e-03
5.869856e-02
-4.074945e-02
-4.367195e-02
-5.518433e-02
-5.287500e-02
1.320013e-02
-9.066194e-03
9.550706e-03
-8.821356e-02
-3.130388e-02
1.333807e-01
2.955995e-02
-6.494341e-02
-6.195849e-03
-3.350245e-02
-7.860606e-02
-6.023690e-02
-3.424122e-02
2.764911e-02
1.132890e-01
-6.867285e-02
-4.449071e-03
3.565082e-02
-6.747399e-02
-9.611314e-02
-4.524153e-02
2.237083e-02
6.720378e-02
4.153371e-02
3.800634e-02
4.635775e-02
-8.911559e-03
-1.717051e-02
-3.869303e-03
-3.737706e-03
4.143527e-02
-1.687086e-02
-3.067796e-02
-9.147636e-03
3.333079e-02
1.052137e-03
-1.075292e-02
-5.719912e-02
-4.562623e-02
6.583781e-03
-3.356893e-02
7.533100e-02
9.813957e-03
4.046505e-02
-1.053346e-02
-5.450763e-02
-8.055782e-02
-1.524603e-01
2.125994e-02
4.014150e-03
-7.800417e-02
5.485293e-02
3.604956e-03
-1.019265e-01
7.517871e-03
1.500644e-02
1.073475e-03
7.325812e-03
3.140688e-02
2.348717e-02
-3.607542e-03
1.588129e-02
-3.124856e-03
-4.121382e-02
-3.107388e-02
1.877450e-03
4.413834e-02
1.219138e-01
1.870478e-01
1.705534e-02
4.228167e-02
8.006014e-02
3.274685e-02
2.759670e-03
7.778512e-03
4.339037e-03
1.775430e-02
-1.348324e-01
2.763442e-03
-4.757553e-02
-8.318794e-02
3.455677e-02
1.091051e-02
1.606387e-02
-1.699409e-02
-2.283096e-02
-1.308477e-02
-3.032113e-02
-3.841948e-02
-3.143759e-02
3.548454e-02
-2.727373e-02
-1.383587e-02
6.646771e-02
-4.027406e-02
1.264619e-02
-2.985764e-02
-3.518259e-02
-4.481127e-02
1.007788e-02
9.677329e-03
-1.839670e-02
9.023172e-02
5.445324e-02
-6.464195e-02
-2.114665e-02
-6.085059e-02
-5.038662e-03
-4.854343e-02
3.275719e-03
-6.412925e-02
-5.829113e-02
-6.846350e-02
-4.262219e-02
-6.448881e-02
5.457884e-03
3.896279e-03
-3.515011e-02
-5.170868e-03
-1.162176e-01
2.445376e-02
1.615223e-01
-2.095764e-01
-7.143206e-02
-2.233204e-02
-1.398417e-01
-5.282317e-02
-3.949887e-02
1.440814e-02
-4.788118e-02
-1.030669e-01
3.572871e-02
5.755067e-03
3.822908e-03
9.868969e-03
1.778042e-05
3.301988e-03
-6.114040e-03
1.383344e-04
4.126947e-02
-2.982653e-02
-1.449394e-04
-4.158903e-02
-4.551284e-02
-3.702261e-02
-3.867456e-02
-1.458994e-02
6.578808e-02
1.191589e-01
1.396833e-01
-5.880557e-02
-1.225945e-02
-7.975057e-03
-5.813938e-02
8.878374e-03
-1.869305e-02
-7.666921e-02
1.638974e-02
3.937177e-02
3.591625e-02
5.932435e-02
2.711053e-02
3.948294e-02
1.904201e-02
5.809567e-03
-1.433577e-02
-1.233632e-02
1.165210e-02
-2.060086e-02
1.872586e-02
-3.185675e-02
5.186075e-02
1.400655e-02
-6.827399e-02
3.897898e-02
8.407700e-03
-4.234170e-02
6.470678e-02
5.403113e-02
1.884990e-02
-2.349145e-02
-7.277272e-03
-2.894823e-02
1.934919e-02
1.917914e-02
3.773960e-02
-1.421663e-02
-1.641875e-02
-1.208942e-02
1.804725e-03
6.960415e-02
1.670898e-02
-2.144195e-03
7.060462e-02
1.618664e-02
-4.932752e-02
5.833267e-02
9.225003e-04
1.848159e-02
-2.708860e-02
-1.024187e-02
-1.570729e-02
-1.177687e-01
-4.488971e-02
1.018333e-02
-2.209969e-02
2.859891e-02
-1.937070e-02
3.084207e-02
-3.625155e-02
-4.284412e-02
1.749135e-02
2.254480e-03
2.699264e-03
2.125751e-02
-1.692384e-02
-1.145089e-02
3.424387e-02
-2.935795e-03
3.165796e-02
6.719671e-02
8.307384e-03
7.008966e-03
5.327178e-02
-4.030557e-02
-1.482076e-02
-3.572859e-02
-3.783730e-02
1.823036e-02
4.203093e-02
1.388840e-02
-9.407543e-03
4.442868e-02
9.664691e-03
5.049586e-02
3.334895e-02
-1.087663e-02
1.692827e-02
-1.925423e-02
8.113505e-03
-5.306283e-02
-9.086520e-02
-4.180209e-02
-1.925725e-02
5.970797e-02
5.568071e-03
-4.495285e-03
7.441237e-02
2.668289e-02
3.508775e-03
-4.546479e-03
1.538188e-03
-3.582855e-02
4.545876e-02
-2.627836e-02
1.614895e-03
3.632338e-02
-3.915732e-02
3.302779e-02
9.875868e-04
-5.780256e-02
-2.712755e-02
4.899551e-02
1.249991e-03
-3.986636e-02
8.763926e-02
-2.203113e-02
-2.373511e-02
4.375285e-03
-8.885872e-03
-5.748639e-02
-6.910289e-02
-6.727704e-02
3.244538e-02
2.275652e-02
1.756838e-02
-1.657480e-02
3.212866e-02
3.318707e-02
-6.540816e-02
1.199518e-02
6.160111e-02
-2.200416e-02
1.622890e-02
-1.281859e-02
-4.369065e-02
-8.871517e-02
5.207657e-03
-2.798754e-02
6.076009e-02
2.410037e-02
-2.860667e-04
1.578108e-02
8.199738e-03
-2.225385e-02
-1.556209e-01
-1.011133e-01
5.102967e-02
2.679924e-02
6.323484e-04
6.971139e-03
9.011911e-03
-4.701136e-04
5.420306e-03
-4.838157e-02
-3.738633e-02
2.380931e-02
1.864376e-02
5.255695e-04
2.701872e-02
9.356031e-03
1.963392e-02
-1.918703e-02
-3.035017e-02
-3.257207e-02
-8.462646e-03
-9.153274e-02
-2.381849e-02
3.626170e-02
-3.041154e-02
3.775914e-02
6.961594e-03
3.514441e-02
-1.950398e-02
2.718767e-02
7.982649e-03
-9.005698e-02
3.709324e-02
3.898563e-02
3.082183e-02
-2.115351e-02
-1.177783e-02
-7.520692e-02
-4.254197e-02
1.937731e-02
-1.891018e-02
-5.851944e-02
-2.754449e-02
-5.629320e-02
1.140321e-01
1.184241e-01
1.113788e-01
-3.686692e-02
1.426500e-02
3.126562e-02
-4.413893e-02
-1.654244e-03
-1.111255e-02
-3.002066e-02
9.707671e-02
6.782471e-02
-5.732171e-02
-9.381884e-03
-2.073504e-02
-1.270423e-02
2.722130e-02
3.360245e-02
-1.269608e-02
2.310591e-02
7.023603e-03
-1.451057e-02
-3.048428e-02
-6.834700e-03
1.365858e-02
2.061039e-02
-8.479957e-02
-9.620116e-03
4.318268e-02
-2.299896e-02
-1.619649e-02
-5.141499e-02
-5.137178e-02
-4.181563e-02
-3.465240e-02
-2.406433e-02
-1.337198e-02
2.810600e-02
4.962211e-02
-1.121452e-02
3.635630e-02
-6.704502e-02
-8.606994e-02
1.060591e-02
2.868258e-02
-4.631233e-02
-5.939611e-02
7.757970e-02
-5.984501e-02
-6.621803e-02
3.386314e-02
5.924690e-03
7.995032e-03
4.401912e-02
-4.416777e-03
4.686992e-02
1.056067e-02
-2.683621e-02
2.064800e-02
-2.660385e-02
4.001655e-03
8.096522e-02
3.732341e-02
5.826450e-02
1.341079e-01
7.703390e-02
-2.217530e-02
-1.001995e-01
2.831256e-02
1.918070e-02
-1.191506e-02
-5.817984e-02
-1.736808e-02
-1.480062e-04
-2.020122e-02
-3.534395e-03
4.008354e-02
3.668184e-02
-2.352722e-02
-1.232102e-01
-3.678178e-02
-4.799138e-02
-1.823083e-01
-1.152103e-01
4.712278e-03
7.056649e-02
6.225529e-02
-3.479457e-02
1.113109e-02
9.986499e-02
-5.929339e-02
-1.164977e-01
-1.057845e-01
2.223448e-02
-4.610537e-02
-5.512234e-02
2.862170e-02
-5.171719e-02
-1.278603e-01
2.407155e-02
1.353312e-02
-2.420808e-02
7.169491e-03
-1.996718e-02
-5.296164e-02
-1.902271e-02
-1.277519e-01
-9.112305e-02
3.254795e-03
1.893731e-02
-5.337982e-02
-1.700141e-02
-2.516068e-02
-5.782164e-02
1.834898e-02
-7.300764e-02
-6.296387e-02
2.948279e-03
-6.963222e-02
-6.736024e-02
-5.071961e-02
-1.258656e-02
-1.328726e-02
-8.022027e-02
1.619431e-02
8.441354e-02
-8.070211e-02
7.084819e-03
2.161128e-02
5.310097e-02
-8.097525e-03
5.410564e-02
2.000192e-02
-1.879868e-02
-6.170950e-02
-4.056188e-02
-1.011739e-02
6.726501e-02
-5.256870e-02
-8.793497e-02
-3.632383e-02
-4.967009e-03
-4.102632e-02
2.805053e-03
-2.521952e-02
-5.767237e-02
-1.429562e-02
2.797280e-02
-4.473612e-02
-7.275658e-03
1.788874e-02
-3.544107e-02
-5.204202e-02
4.781738e-02
5.365166e-02
-1.520818e-02
-3.027765e-02
-2.828786e-03
2.284747e-02
-6.438251e-02
-1.043142e-01
-3.146620e-02
-3.570515e-02
-8.938051e-02
-5.114921e-02
-5.903521e-02
-7.406379e-02
3.732973e-02
2.002563e-02
1.316175e-02
2.432030e-02
-4.307314e-02
8.503361e-03
-1.545623e-02
-4.369372e-02
-9.971669e-02
-6.928600e-02
-6.642421e-03
-1.861642e-02
1.133979e-02
3.482858e-02
2.370872e-02
2.407916e-02
-2.230497e-02
-4.093381e-02
-5.563647e-02
-3.352185e-03
3.377646e-02
-1.360218e-02
-3.813048e-02
2.382870e-02
8.527043e-02
-5.404834e-02
5.974852e-02
8.943265e-02
-7.117093e-02
1.188513e-03
5.203868e-02
-3.061717e-02
-3.734562e-02
-7.969178e-02
-2.632280e-02
1.245375e-02
3.385224e-02
-2.560827e-02
-6.078423e-02
-4.484567e-02
-2.162157e-02
-7.912977e-02
-7.038121e-02
-2.357716e-02
-1.771631e-02
2.380246e-02
-2.146352e-02
6.327854e-03
1.036647e-01
-3.007940e-03
2.057951e-02
-7.329086e-03
5.795025e-02
1.691089e-03
-7.606471e-02
-1.982997e-02
-8.220511e-02
-5.827649e-02
-1.321124e-02
5.206337e-02
-3.584045e-02
6.522758e-02
-6.178089e-02
-1.392722e-01
7.411376e-02
5.476128e-03
-8.974127e-02
1.082371e-01
7.333843e-02
-3.328125e-02
1.993398e-02
4.909292e-02
2.747707e-02
3.739927e-02
8.029440e-02
-1.578494e-03
5.939960e-02
3.429047e-02
3.223497e-05
-4.239195e-02
6.259350e-02
-9.077554e-03
3.846279e-02
8.359760e-02
-8.082433e-03
-3.099188e-02
-1.110261e-02
1.256499e-02
5.563217e-02
-1.561783e-02
-6.352091e-02
1.537501e-01
3.024925e-02
-8.736331e-02
3.495146e-02
-1.919640e-02
-7.713415e-02
-8.923426e-02
-1.880912e-02
1.035121e-03
1.331658e-02
1.307497e-02
-4.742761e-02
1.304890e-02
-1.705091e-02
-7.172140e-02
-2.323093e-02
-2.676170e-03
6.752124e-02
-4.822586e-03
1.885375e-02
5.245526e-02
-2.528012e-02
1.553135e-02
-4.820121e-02
-9.778295e-03
-9.524316e-02
-3.794390e-02
4.374513e-02
-5.383284e-02
2.212944e-03
7.559204e-02
-2.129877e-02
1.550124e-02
2.254386e-02
1.376259e-02
-4.033944e-02
2.970477e-02
6.468905e-02
3.849969e-02
-4.675091e-02
3.214878e-02
9.465671e-03
-4.589896e-02
-7.850219e-02
-7.606450e-02
6.165300e-02
3.193434e-03
-4.384936e-02
6.660829e-02
3.143778e-02
-2.738953e-02
-1.926367e-02
4.061053e-02
1.413881e-02
-7.649668e-02
-3.190903e-02
4.296378e-02
-1.229426e-02
-4.831249e-02
-6.534419e-03
1.188671e-04
-1.243062e-02
-5.203645e-02
-1.028880e-02
-1.927848e-02
-2.990965e-02
-4.178135e-02
-3.465335e-02
-3.236251e-02
1.148151e-02
7.247915e-02
-1.407139e-02
-3.877198e-02
1.607252e-02
-4.552900e-02
-2.162061e-03
-4.317294e-02
-7.657707e-02
2.068863e-02
-6.782053e-03
1.686539e-02
-2.578365e-02
-7.021442e-02
3.501480e-02
-4.545158e-02
-9.452847e-02
-4.739260e-02
4.450870e-03
-9.502609e-03
-3.196179e-02
1.351397e-02
3.837537e-02
1.404625e-02
1.673271e-02
5.645415e-02
1.074067e-02
-1.448714e-02
2.096723e-02
-3.650586e-03
-3.783320e-02
-4.319264e-02
1.004146e-01
2.542908e-02
-9.347361e-03
1.220750e-02
4.364464e-02
1.039489e-02
-4.451464e-03
1.294374e-02
-1.789930e-02
1.760607e-02
-1.550029e-02
-7.380963e-02
1.553238e-02
