-9.671618e-02
3.394716e-02
-3.868583e-02
-4.263068e-02
4.160394e-02
-3.527443e-02
-8.698796e-02
-4.292106e-02
3.192900e-02
-4.389298e-02
1.277369e-02
-8.296402e-03
-1.541410e-01
-5.106223e-02
1.700057e-02
-3.669076e-02
-8.267548e-04
2.539309e-02
-1.354320e-01
-7.403328e-02
-9.631817e-02
2.569320e-04
-3.857219e-03
-2.681803e-02
3.357722e-02
-5.953350e-02
3.677746e-02
-7.931452e-02
-7.742689e-02
-5.926269e-02
7.509296e-02
3.842599e-02
-1.069109e-01
-1.268386e-02
-2.514344e-02
3.050180e-02
7.025884e-03
-9.359932e-03
6.876159e-02
3.521749e-02
-1.394068e-01
-2.177101e-02
2.090805e-02
-9.430172e-02
-1.051285e-01
-1.419668e-01
-9.358770e-02
6.010311e-03
1.174263e-02
-5.648650e-02
-5.975688e-02
-1.234094e-01
3.429032e-02
5.364682e-02
3.911124e-04
-3.298145e-02
8.104818e-02
-1.427749e-01
-1.054331e-01
-7.372220e-02
-1.678234e-01
-1.024963e-01
9.075791e-02
2.873814e-02
