-7.211734e-02
-4.453062e-02
-8.140770e-02
-7.319526e-02
-1.060487e-01
-7.514731e-02
-3.905717e-02
-1.296141e-01
-6.084774e-02
-1.140939e-01
-2.812014e-02
-1.542838e-01
-1.257745e-01
-4.941593e-02
-6.807712e-02
-9.918920e-02
-8.793019e-02
-1.010381e-01
-1.473785e-01
-6.696279e-02
-6.545138e-02
-1.275145e-01
-1.485201e-01
-2.447480e-02
-1.264259e-01
-9.639106e-02
-3.953201e-02
-1.000148e-01
-6.722181e-02
-1.379012e-01
-8.809072e-02
-8.336663e-02
-4.656288e-02
-3.308606e-02
-2.008629e-01
-9.041643e-02
-1.349069e-01
-7.761703e-02
-6.247500e-02
-5.111589e-02
-6.529748e-02
-7.291459e-02
-1.325092e-02
-4.609653e-02
-1.566572e-02
-1.110927e-01
-7.338752e-02
-4.850877e-02
-1.121356e-01
-1.054878e-01
-4.374041e-02
-1.094982e-01
-8.585126e-02
-1.226312e-01
-3.505505e-02
-1.217879e-01
-1.094816e-01
-9.497562e-02
-1.567104e-01
-9.791304e-02
-7.107277e-02
-5.913284e-02
-6.650507e-02
-5.922141e-02
