-4.182076e-01
-2.468811e-01
-2.515277e-01
-3.452211e-01
-2.915310e-01
-3.082995e-01
-4.130951e-01
-4.713030e-01
-3.817566e-01
-3.259024e-01
-3.923058e-01
-4.631245e-01
-4.285260e-01
-4.745728e-01
-3.802192e-01
-3.618554e-01
-5.362289e-01
-3.452137e-01
-3.585565e-02
-3.144216e-01
-5.059593e-01
-2.001420e-01
-2.381523e-01
-5.571038e-01
-3.708671e-01
-3.183808e-01
-3.115821e-01
-4.633611e-01
-3.695862e-01
-2.960661e-01
-2.926787e-01
-2.684486e-01
-3.248478e-01
-5.852215e-01
-2.429458e-01
-3.979266e-01
-3.157797e-01
-4.090632e-01
-3.538331e-01
-5.025034e-01
-3.592274e-01
-3.565602e-01
-3.849572e-01
-4.710403e-01
-3.378608e-01
-3.139004e-01
-3.957587e-01
-4.422645e-01
-3.693929e-01
-4.114885e-01
-4.431165e-01
-4.653851e-01
-4.101921e-01
-2.871209e-01
-1.791981e-01
-3.093520e-01
-3.393739e-01
-2.596493e-01
-3.471518e-01
-3.197368e-01
-3.858443e-01
-3.562693e-01
-2.937355e-01
-3.811542e-01
