1.503620e-02
1.563065e-02
1.306760e-02
1.027914e-02
1.146784e-02
1.237510e-02
1.291770e-02
1.630000e-02
1.446274e-02
2.076740e-02
1.226642e-02
1.681823e-02
1.514957e-02
1.165705e-02
1.276474e-02
1.279135e-02
1.573911e-02
1.193599e-02
2.841864e-02
1.602648e-02
1.165172e-02
1.471333e-02
1.242749e-02
1.486355e-02
1.393648e-02
1.604904e-02
1.117561e-02
2.040679e-02
1.771734e-02
1.519249e-02
1.425193e-02
1.425360e-02
1.116724e-02
1.640354e-02
1.831494e-02
1.511699e-02
1.443178e-02
1.540079e-02
1.048759e-02
1.270707e-02
1.399253e-02
1.178667e-02
1.131415e-02
1.447481e-02
1.129908e-02
1.246505e-02
1.402461e-02
1.782963e-02
1.334398e-02
1.454036e-02
1.158796e-02
1.650453e-02
1.516850e-02
1.042383e-02
1.207559e-02
1.619516e-02
1.125100e-02
1.000239e-02
1.401719e-02
1.396917e-02
1.679652e-02
1.041572e-02
1.114379e-02
1.487573e-02
