2.147967e-03
1.335318e-03
9.097643e-04
1.857761e-03
1.417381e-03
1.547042e-03
2.345838e-03
1.519126e-03
1.260144e-03
1.265177e-03
1.036931e-03
2.590868e-03
1.624831e-03
1.156485e-03
1.074374e-03
1.880208e-03
1.494429e-03
1.509326e-03
3.481981e-03
3.374849e-03
1.632500e-03
1.166908e-03
3.166215e-03
2.381491e-03
1.231668e-03
2.010848e-03
1.169926e-03
1.546082e-03
1.513895e-03
1.469915e-03
1.924909e-03
1.082139e-03
1.206703e-03
1.178324e-03
1.334793e-03
1.179276e-03
1.399717e-03
1.744912e-03
1.079007e-03
2.843328e-03
1.420050e-03
1.070788e-03
2.023642e-03
1.845867e-03
1.140241e-03
1.857929e-03
1.568292e-03
1.516273e-03
1.411673e-03
1.787815e-03
2.198034e-03
3.226271e-03
2.382763e-03
1.822694e-03
2.443520e-03
1.575604e-03
1.394154e-03
1.160282e-03
1.720820e-03
1.363839e-03
1.402092e-03
1.502569e-03
1.159376e-03
1.603745e-03
