-5.404821e-02
-7.601595e-02
-1.138733e-01
4.232604e-01
1.544976e-02
-6.259378e-02
6.683811e-01
-1.970297e-01
2.498387e-01
2.987767e-01
-1.643917e-01
-1.030782e-01
-4.320192e-02
4.152415e-02
3.926276e-01
-1.966425e-01
-1.774510e-02
-3.208165e-01
-5.648996e-02
-2.008650e-01
-3.339473e-01
-1.402483e-01
-2.075510e-01
-1.917561e-01
-1.207201e-01
-1.046362e-01
-8.176431e-02
-1.786260e-01
5.613505e-01
2.785110e-01
-3.921060e-01
2.939351e-01
-1.059421e-01
3.415999e-01
4.482396e-01
-1.282579e-01
1.786979e-01
-1.280681e-01
-6.644402e-03
-2.741584e-01
4.325265e-01
-2.195310e-01
-2.247669e-01
-2.683536e-02
-2.184156e-02
5.851796e-01
6.547671e-01
5.796186e-01
1.528566e-01
2.754039e-01
2.861873e-01
-2.521170e-01
-1.887086e-01
-2.030078e-01
-1.815229e-01
5.064732e-01
-2.628526e-01
-1.809343e-01
-1.913749e-01
-1.729595e-01
-1.750826e-01
-1.252302e-01
-1.011680e-01
-3.053001e-01
-3.111777e-02
5.244518e-02
-1.574111e-01
-3.115019e-01
-3.341204e-01
3.100606e-02
-2.693259e-01
-1.828609e-01
-2.309745e-01
-1.141653e-01
-7.139479e-02
-9.540248e-02
-2.182249e-01
-5.298171e-02
-1.837668e-01
6.193422e-01
-2.269680e-01
6.598184e-01
-1.118279e-01
-1.208632e-01
-1.726997e-01
-1.153964e-01
-9.071201e-02
-1.151700e-01
5.379589e-01
-6.167797e-02
-1.279671e-01
-6.667871e-02
-2.921366e-01
-3.418733e-02
-2.678479e-01
-7.335470e-02
2.552756e-01
4.974699e-01
-2.508267e-01
-4.737701e-02
-2.080982e-01
-1.095919e-01
3.921500e-01
-2.597638e-01
-2.236085e-01
-2.123040e-01
-2.451336e-01
-9.325816e-02
-1.819382e-01
-1.654504e-01
3.401820e-01
4.220216e-01
-1.011235e-01
-5.295254e-02
-1.878274e-01
-2.877284e-01
-2.115785e-01
5.777647e-01
7.614495e-01
-1.451226e-01
-2.534957e-01
5.400442e-01
-1.085908e-01
-1.626768e-01
5.836363e-01
2.428200e-02
-8.591196e-02
-1.826730e-01
-8.705566e-02
-2.975050e-02
-1.775726e-01
1.869267e-02
-2.395360e-01
-6.534946e-02
2.089746e-01
-1.223932e-01
-2.926283e-01
4.589473e-01
5.751477e-01
-3.107283e-01
3.968810e-02
-2.008799e-01
3.153810e-01
-1.852057e-01
-3.180412e-01
-1.036593e-01
-3.066976e-01
7.405505e-02
3.503764e-01
-1.610137e-01
7.951596e-01
-3.540417e-01
-1.709881e-01
-2.639461e-01
-1.790139e-01
5.310991e-01
-1.352133e-01
-2.176199e-01
3.693722e-01
-2.089187e-01
-1.831066e-01
-1.593370e-01
4.232937e-01
-1.484991e-01
1.694187e-01
-2.237426e-01
-1.425898e-01
-2.422716e-01
4.163147e-02
3.496555e-01
-9.024722e-02
-2.981549e-01
1.989999e-01
-1.689703e-01
-4.526388e-02
-2.085985e-01
-1.851692e-01
6.867056e-01
5.887730e-01
2.719652e-01
-3.616328e-01
-1.673254e-01
-1.734580e-01
-2.014083e-01
3.098750e-01
4.244663e-01
-1.973744e-01
2.616664e-01
-1.350120e-01
-2.030483e-01
-2.650946e-01
4.155417e-01
-2.635213e-01
-2.779047e-01
-6.365196e-02
-2.885663e-01
2.364472e-01
6.588588e-01
-1.536137e-01
-9.820240e-03
3.147429e-01
-2.375787e-01
-2.191370e-01
-1.316537e-01
-1.688980e-01
2.900223e-02
1.779789e-02
-4.147743e-02
-2.558810e-01
-1.937356e-01
-2.666670e-01
-1.837125e-01
5.062528e-01
-1.500596e-01
-2.847596e-01
5.482280e-01
-1.027902e-01
2.414407e-01
4.071168e-01
4.037336e-01
-6.601322e-02
-1.002633e-01
2.940741e-01
-2.084061e-01
1.447325e-02
-1.025595e-01
1.184994e-01
-2.209163e-01
2.851276e-01
5.054907e-01
-2.297810e-01
1.168667e-01
4.295184e-01
-1.318827e-01
-1.069395e-01
-2.575799e-01
-1.759174e-01
-9.987748e-02
-1.129558e-01
-2.220004e-02
5.493515e-01
-2.682010e-01
-1.961536e-01
-1.235425e-01
2.848702e-02
-7.021175e-02
-7.261552e-02
-1.949877e-01
-1.334105e-01
-5.359745e-03
-8.782259e-02
3.298800e-01
-1.237240e-01
6.337664e-01
4.152919e-01
4.582195e-01
1.463404e-01
-1.750442e-01
-1.076656e-01
-2.823710e-01
5.349101e-02
4.845590e-03
-6.805617e-02
-1.492479e-01
-2.267515e-01
-2.159774e-01
-2.325205e-01
-9.588732e-02
-2.188850e-01
-1.837782e-01
3.206042e-01
-1.641149e-01
4.923930e-01
-1.862584e-01
-2.791566e-01
-2.617004e-01
-2.896671e-01
6.493108e-01
-2.474155e-01
-2.225323e-01
-1.370228e-01
7.142257e-01
-1.254855e-01
-2.122610e-01
-2.340781e-01
5.979867e-01
3.099750e-01
1.115631e-01
-2.346924e-01
-2.641429e-01
-3.195562e-01
2.492044e-01
2.528297e-01
-2.240221e-01
5.093973e-01
-1.054709e-01
7.754449e-02
3.510790e-01
1.215074e-03
5.526105e-01
1.188953e-01
3.604917e-01
-1.182953e-01
-1.904593e-01
-1.677431e-01
2.804438e-01
-4.691609e-01
5.143923e-01
6.156023e-01
-2.295884e-01
-2.709227e-01
-1.020067e-01
4.008307e-01
-1.387618e-01
-1.873137e-01
-2.009553e-01
-1.613982e-01
3.111572e-02
-3.304367e-03
4.730881e-01
6.643912e-01
5.690524e-01
3.336593e-01
-2.386170e-01
2.971835e-01
-1.944385e-01
-2.564383e-01
-1.806862e-01
3.209446e-01
-2.092784e-01
-9.148832e-02
-2.510448e-01
-2.162100e-01
5.929529e-01
-2.438107e-01
-8.627649e-02
-2.675935e-01
1.638321e-01
6.498101e-02
-1.721123e-01
2.007326e-01
-1.760038e-01
4.227914e-01
2.315863e-01
-1.120067e-01
-8.931635e-02
-9.986164e-02
7.692018e-03
-3.721112e-02
-1.277175e-01
8.283080e-02
-6.248113e-02
-2.309260e-01
-2.133494e-01
2.405429e-01
-1.479416e-01
-4.750503e-01
-3.248591e-01
-1.940700e-01
7.770755e-01
1.698762e-01
2.518009e-01
-6.424457e-02
-1.767393e-02
-6.379019e-02
-2.758191e-02
-1.663296e-01
-2.138423e-01
4.737972e-01
-2.402876e-01
-1.796584e-02
-2.418137e-01
6.276557e-01
-1.690824e-01
-2.418517e-01
-1.160745e-01
3.243366e-01
3.483854e-02
4.142202e-01
-1.307871e-01
-7.517939e-02
-8.462789e-02
5.314720e-01
-1.801225e-01
-1.261570e-01
1.136199e-01
-7.687482e-02
-1.269476e-01
-2.788792e-01
-1.407973e-01
-2.244424e-01
-9.769856e-02
-2.246699e-01
-1.081482e-01
-2.951863e-02
7.554864e-01
-1.137142e-01
-1.303181e-01
-1.185485e-01
-1.241452e-01
-1.673834e-01
-1.976045e-01
9.681214e-01
-1.023580e-02
3.711098e-01
-2.010609e-01
-1.167261e-01
7.527143e-01
-1.096810e-01
-1.491663e-01
-1.507388e-01
-2.262606e-01
-1.617594e-01
-4.543909e-02
-3.994660e-01
-1.626058e-01
-1.386702e-01
-1.867052e-01
-4.644562e-02
-1.067403e-01
3.540998e-01
-3.178154e-02
1.376298e-02
-2.231707e-01
-3.300635e-01
-7.381315e-02
3.482711e-01
-1.611902e-01
-9.957328e-02
-1.363888e-01
-4.839982e-02
-1.247208e-01
-1.519259e-01
-2.461123e-01
6.221178e-01
8.551794e-01
3.892603e-02
5.623055e-01
-1.498597e-01
-8.144239e-02
7.241125e-02
-1.383452e-01
-3.714587e-02
-9.714507e-02
-1.277045e-01
-5.854114e-02
-7.316794e-02
-2.131346e-01
-2.019364e-01
-1.802407e-01
1.564471e-02
-1.421413e-01
5.414577e-02
-1.355240e-01
-2.352615e-01
-1.479713e-01
3.399053e-01
-9.624447e-02
2.992853e-01
-1.813434e-01
3.958898e-01
1.411747e-01
-1.773093e-01
-1.444083e-01
2.960001e-02
-2.005402e-01
1.975162e-01
9.712818e-01
-3.153327e-01
2.583623e-01
-9.437909e-02
-2.340955e-01
-1.421545e-01
-2.046265e-01
-2.044961e-01
-1.114519e-01
-1.679979e-01
-2.167456e-01
4.836715e-01
6.023406e-01
-2.480592e-01
-2.477195e-01
-1.781219e-01
6.715341e-01
-2.277941e-01
6.723632e-01
-2.034442e-01
6.372729e-01
-1.275902e-01
-1.800406e-02
-2.165927e-01
4.892414e-01
-1.233902e-01
-1.782694e-01
-1.382944e-01
-1.906955e-01
-2.130180e-01
-1.205311e-01
-1.374809e-01
-2.950633e-01
-1.381569e-01
-1.362653e-01
-2.062428e-01
5.075308e-01
-9.542385e-02
-1.345680e-01
-9.527396e-02
-1.319781e-01
5.512350e-01
-1.468831e-01
-1.672113e-01
-1.778695e-01
-6.610721e-02
-4.855435e-02
4.757323e-01
4.320189e-01
-2.779666e-01
-3.453510e-02
6.110573e-01
5.247221e-01
-2.253021e-01
3.787696e-01
-2.529428e-02
5.518369e-01
-1.726427e-01
-1.010408e-01
-1.547201e-01
5.670831e-01
4.504288e-01
-2.035034e-01
-1.146924e-01
-1.730880e-02
-1.725134e-01
-1.019026e-02
-7.973325e-02
-2.287838e-01
4.901632e-01
-1.085379e-01
4.374956e-01
-8.423640e-02
7.358701e-02
-7.245228e-02
-2.494837e-01
-1.217261e-01
3.920858e-01
-4.925994e-02
-2.978035e-01
-5.371612e-02
-1.862919e-01
-3.545635e-02
-8.987528e-02
-2.218805e-01
-3.206854e-01
-1.374021e-01
-1.458568e-01
-9.528485e-02
5.582075e-01
-2.433595e-01
-2.067693e-01
1.934758e-01
-1.597760e-01
-2.361333e-01
-3.083501e-01
-2.004198e-01
-1.944799e-01
-1.840648e-01
-3.222743e-01
-1.188534e-01
-1.540844e-01
-1.729387e-01
6.080588e-01
5.129138e-01
-1.577905e-01
-5.755613e-02
-9.700216e-02
-1.740634e-01
1.921424e-02
5.239774e-02
-1.279879e-01
5.161765e-01
4.737821e-01
-6.147695e-02
-2.812749e-01
5.629779e-01
-2.510402e-02
-1.551053e-01
-4.068838e-02
-1.381808e-01
7.161992e-01
-1.356567e-01
-1.682582e-01
-2.441514e-01
2.811912e-01
5.824612e-01
-9.509331e-02
-7.854298e-02
-1.443195e-01
4.630050e-02
-9.667279e-02
-1.861546e-01
-1.327666e-01
2.623872e-02
1.247143e-01
-6.301169e-02
4.594723e-01
-6.206841e-02
-2.310162e-01
-1.703505e-01
4.795550e-01
3.840004e-01
-1.378229e-01
-6.729458e-02
-1.429324e-01
-1.003328e-01
-4.890439e-02
-2.045041e-01
-1.491494e-01
-1.595974e-01
7.442951e-01
-9.186944e-02
-2.096472e-01
7.422107e-02
-1.586371e-01
-2.445954e-01
-1.972545e-01
-7.833609e-02
-1.801378e-01
-2.408454e-01
-2.161131e-01
1.947602e-02
8.572977e-01
-5.411088e-02
-2.081903e-01
-2.284435e-01
-1.173798e-01
-2.079611e-01
-1.789798e-01
-1.327986e-02
-1.539044e-01
-1.136894e-01
