2.545698e-03
2.091852e-03
1.008631e-03
3.178106e-03
1.849476e-03
2.283473e-03
4.378296e-03
2.577136e-03
1.877600e-03
1.474537e-03
1.809973e-03
3.976178e-03
2.776198e-03
2.138412e-03
9.205915e-04
4.129213e-03
2.158969e-03
3.566052e-03
4.761758e-03
5.256122e-03
2.840709e-03
2.456698e-03
4.640910e-03
4.155159e-03
2.136687e-03
2.691889e-03
1.183977e-03
1.792618e-03
2.159118e-03
1.831741e-03
3.489210e-03
2.210489e-03
1.595072e-03
1.936979e-03
2.158036e-03
2.075689e-03
1.744206e-03
3.594536e-03
1.295891e-03
6.497897e-03
2.037880e-03
8.801679e-04
2.986199e-03
2.191911e-03
1.350469e-03
2.073627e-03
2.436130e-03
2.661967e-03
2.549608e-03
4.400044e-03
4.243084e-03
5.986700e-03
3.689610e-03
2.495073e-03
7.229269e-03
2.113802e-03
1.394811e-03
2.084498e-03
2.979147e-03
2.000593e-03
2.665068e-03
2.143916e-03
1.827395e-03
2.857940e-03
