-3.898266e-01
-2.577040e-01
-7.072468e-01
-2.577407e-01
-3.952991e-02
-6.234905e-01
3.634571e-02
-6.916906e-01
1.646511e-01
-5.237128e-01
2.102955e-03
-2.856592e-01
-7.295164e-01
-2.252192e-01
4.826441e-01
-5.840942e-01
-3.122338e-01
-2.990734e-01
-5.334510e-01
-4.668221e-01
-4.196327e-01
3.219875e-02
-5.887027e-01
-1.866679e-01
4.571749e-01
-4.204962e-01
3.407437e-01
-2.507253e-01
-2.815124e-01
-1.483967e-01
-2.030403e-02
-2.435448e-02
-4.071696e-01
-2.371880e-01
-3.862984e-01
-1.313994e-01
-4.492597e-02
9.745936e-02
1.522664e-01
4.333705e-02
-7.216388e-01
-2.215206e-01
7.090277e-02
-4.499930e-01
-2.010915e-01
-3.864068e-01
-2.392705e-01
-9.974512e-02
8.566827e-02
-3.581118e-01
-5.322340e-01
-1.746170e-01
1.322215e-01
4.147553e-01
-1.626633e-01
-3.632377e-01
2.093826e-01
-2.234826e-01
-3.874730e-01
-3.219636e-01
-4.663952e-01
-3.736452e-01
-2.218501e-01
-2.072739e-01
