3.561341e-01
2.654631e-01
2.455621e-01
2.985027e-01
2.896373e-01
2.937712e-01
3.378308e-01
3.733570e-01
3.208902e-01
3.195766e-01
2.941392e-01
3.908770e-01
3.393967e-01
3.502359e-01
2.981205e-01
3.417719e-01
3.802950e-01
3.148069e-01
2.222283e-01
2.991736e-01
3.481050e-01
1.911477e-01
2.305561e-01
3.956070e-01
3.240918e-01
3.190394e-01
2.935461e-01
3.749142e-01
3.181979e-01
3.302321e-01
2.907073e-01
2.895929e-01
2.906502e-01
3.926043e-01
2.975436e-01
3.355642e-01
2.955974e-01
3.324693e-01
3.095059e-01
3.618522e-01
2.981563e-01
2.622037e-01
2.959738e-01
3.614544e-01
3.017752e-01
2.832436e-01
3.306938e-01
3.624924e-01
3.272589e-01
3.430382e-01
3.401349e-01
3.926325e-01
3.324149e-01
2.995052e-01
2.282103e-01
2.862389e-01
3.106367e-01
2.552094e-01
3.027117e-01
2.831065e-01
3.393357e-01
3.056326e-01
2.678917e-01
3.269050e-01
