8.122646e-02
-3.785566e-02
-3.499776e-02
4.226772e-02
1.005741e-02
4.415224e-02
-9.814712e-02
-6.505496e-02
4.274771e-02
1.398280e-01
3.023175e-02
-9.673584e-02
5.810062e-02
1.954703e-02
-1.416416e-02
-4.170658e-02
7.280841e-03
-7.892206e-02
1.587791e-02
3.445557e-02
-3.981479e-02
1.006461e-01
1.104743e-01
-7.388509e-02
3.365523e-02
3.763473e-02
-1.122765e-01
-5.028424e-02
-8.981656e-03
1.537424e-02
-1.344104e-01
2.237746e-02
5.542193e-02
5.683777e-04
2.281900e-02
8.412971e-02
9.447416e-02
1.394700e-01
4.328954e-02
4.073277e-02
9.649511e-02
1.046496e-01
-1.224570e-01
-4.115937e-03
3.660229e-02
2.984550e-02
5.163098e-02
1.692335e-02
1.417975e-02
-2.310063e-02
-2.305168e-02
1.550703e-02
-3.929646e-02
-8.686181e-03
-8.368761e-02
-8.399564e-02
-1.540619e-02
-7.701759e-02
-1.294228e-01
-8.318374e-02
-5.795122e-02
-1.314997e-01
-1.206619e-01
1.274075e-02
4.177343e-02
-6.410044e-03
4.956526e-02
1.831173e-02
-1.273004e-01
9.472357e-02
-1.179830e-02
-1.563319e-01
1.015050e-01
2.080142e-02
-1.687641e-03
8.296264e-02
-4.147149e-02
-8.626492e-02
1.022634e-02
-1.158854e-01
-1.096574e-01
-7.921498e-02
-4.644288e-02
-3.360895e-02
-1.849012e-01
-7.175530e-02
-6.118943e-02
-1.329380e-01
-2.233978e-02
-6.490541e-02
-4.031702e-02
5.843216e-02
4.226158e-02
-1.071853e-01
8.851257e-02
1.454659e-01
-4.578852e-02
2.685153e-02
8.535363e-02
-8.422452e-03
-4.012074e-04
-5.165352e-02
-9.379255e-02
-1.001640e-01
-1.614699e-01
-7.835200e-02
-6.189475e-02
-1.590545e-01
-1.086474e-01
2.124609e-02
3.823202e-02
-8.508398e-02
4.264044e-02
9.180678e-02
-6.230794e-02
4.768477e-02
1.296797e-01
-6.156863e-02
1.414782e-02
9.837732e-02
8.287068e-02
2.418017e-02
1.294285e-02
8.854701e-02
8.190348e-03
-1.780373e-02
-3.981897e-02
7.090324e-02
1.355483e-01
6.773948e-02
1.835432e-01
2.772653e-01
-1.067693e-02
3.227896e-02
1.113433e-01
1.009553e-01
2.901275e-02
-1.349682e-02
1.399655e-01
7.819753e-03
-1.879418e-02
-5.800320e-03
-1.088055e-01
-1.033601e-01
4.300514e-02
4.370864e-02
-2.589381e-03
7.179122e-02
1.093434e-03
-1.241125e-02
7.191959e-02
-1.477910e-01
-1.169118e-02
-2.465482e-02
1.768619e-02
-7.523362e-02
1.044612e-01
-9.599055e-02
1.536695e-02
5.604181e-02
-6.831778e-02
-5.351130e-03
-3.538761e-03
9.044725e-02
7.477660e-02
-5.999371e-02
9.488030e-02
-6.428897e-02
-5.109083e-03
1.054463e-01
-9.074289e-02
4.563298e-03
-5.059569e-02
-2.506805e-02
-6.448739e-02
-1.171289e-02
5.217998e-02
-8.630019e-02
-5.330198e-02
2.052761e-02
-1.186800e-01
2.792260e-03
-8.013675e-02
5.045784e-02
1.602407e-01
-1.790942e-02
1.106557e-02
1.511284e-01
2.575917e-02
8.395820e-02
-5.555128e-03
-2.295793e-02
-1.340865e-02
4.511482e-02
-2.170889e-02
-5.083394e-02
4.390264e-02
3.970620e-02
-1.122827e-01
9.750583e-03
-5.312417e-02
5.776707e-02
-6.893601e-02
-3.494588e-02
1.017878e-02
1.584152e-02
-7.441792e-02
-5.121928e-02
-2.109943e-02
3.259688e-02
-4.500587e-02
-6.123401e-02
9.074464e-02
-1.529866e-01
-3.072130e-02
3.109616e-02
2.974444e-02
-3.470064e-02
1.503949e-02
-2.320688e-02
-9.223360e-02
2.669521e-02
7.508266e-02
-1.416224e-01
-1.498578e-03
-8.654409e-02
-1.511347e-02
7.366697e-02
-1.732388e-01
1.551513e-02
1.290647e-01
-1.457546e-01
7.167175e-02
2.222407e-01
4.874172e-02
1.937182e-02
-1.093369e-01
1.082986e-01
1.231425e-01
-2.822853e-01
6.378967e-02
4.903809e-02
-1.807022e-01
-1.735337e-01
6.417163e-02
2.195509e-01
-3.880560e-01
1.150265e-01
3.412756e-01
-2.214580e-01
-1.070195e-02
2.271741e-01
5.345359e-02
8.814465e-03
-7.989084e-02
-4.086037e-02
1.186144e-02
-9.879747e-02
-2.814245e-03
-1.965694e-02
-2.429840e-02
-1.215518e-01
7.227776e-02
6.579209e-02
-7.883082e-02
-1.161485e-02
1.007198e-01
9.207942e-02
8.170484e-04
6.506810e-02
8.178863e-02
9.270587e-02
-9.096405e-02
1.590592e-01
1.490120e-01
-2.244615e-01
7.800652e-02
5.606033e-02
-1.599432e-01
1.680839e-02
-4.021455e-02
-2.891869e-02
5.186515e-02
-2.015968e-02
-3.760433e-02
1.762108e-02
1.079910e-03
2.254895e-02
3.862610e-03
1.134465e-02
-1.541871e-02
-5.733257e-02
3.048224e-02
8.301901e-02
-8.280350e-02
1.129464e-01
1.715831e-02
-4.065698e-02
-2.443528e-01
1.056883e-01
-2.836778e-01
2.550202e-01
1.997976e-01
1.313929e-01
8.451593e-02
-2.181994e-01
1.642673e-02
4.151167e-02
-1.513963e-02
3.370635e-02
1.733156e-02
4.973342e-02
-4.828443e-03
8.612321e-02
-1.932243e-02
8.121350e-02
1.571385e-01
-1.664748e-01
2.969905e-02
-2.368231e-01
-1.692501e-01
-5.812621e-02
-1.004078e-01
9.820791e-02
-5.755146e-02
-1.367085e-01
-2.358072e-02
-4.312926e-02
3.993703e-02
8.333550e-02
-4.277908e-02
9.777072e-02
-4.771385e-02
-6.335690e-02
-4.607495e-02
-2.547081e-02
-9.273984e-02
-2.494626e-02
-6.182946e-02
-9.354069e-02
-1.185748e-01
-7.648412e-02
-1.119812e-01
7.323234e-02
5.809342e-02
7.726495e-02
-9.009852e-02
-9.892834e-02
7.326173e-02
-9.306057e-02
-5.261841e-02
-6.369980e-02
3.623831e-02
-4.037599e-03
-2.388632e-03
2.980145e-03
-1.835892e-02
9.480884e-02
-6.332226e-02
-3.539761e-02
7.048295e-04
1.743916e-02
3.304337e-02
3.124656e-02
-7.354692e-03
3.252542e-03
-3.858195e-03
-8.188237e-02
-4.216995e-02
3.364125e-02
-3.277114e-02
-4.547841e-02
-2.413523e-02
-1.985073e-02
1.190059e-02
-1.208179e-01
-1.168997e-02
-8.803346e-04
9.828988e-02
-1.235511e-01
-2.115470e-01
-6.449811e-02
-1.591697e-01
3.056746e-01
-7.539222e-02
7.553387e-02
2.006759e-01
1.857409e-01
1.567496e-01
-1.081355e-01
2.680337e-01
-1.402086e-01
-2.011213e-01
-1.787642e-01
-1.730785e-01
1.416538e-01
1.858299e-02
1.882700e-02
3.553073e-02
-7.245409e-02
-1.750017e-01
-2.672689e-02
-9.240969e-03
3.347535e-02
1.193914e-01
-1.124248e-01
-2.275740e-02
4.588503e-03
-1.677715e-01
-3.889593e-02
5.909540e-02
-4.594927e-02
4.605499e-02
9.605908e-02
5.100764e-02
-6.561426e-02
-1.444542e-01
-9.371781e-02
-1.809342e-01
9.371015e-02
2.741770e-02
1.751202e-01
5.134869e-02
3.522377e-02
-7.585087e-02
8.841928e-02
7.094042e-03
5.887883e-02
5.914859e-02
-8.840995e-02
-8.754381e-02
-1.049986e-01
2.052348e-02
2.725664e-02
8.935795e-03
3.189037e-02
4.090890e-02
4.201451e-02
6.302863e-02
-1.358385e-02
-8.480664e-02
-4.502105e-02
-1.381946e-02
-4.256410e-02
1.002990e-02
3.122716e-02
-7.168819e-03
-3.982225e-03
2.179264e-02
-2.811408e-02
-3.671834e-02
-2.949943e-02
-1.270697e-02
-1.244046e-01
-1.101146e-01
-3.996474e-02
-1.136531e-01
-8.639649e-02
-5.030975e-03
6.053603e-02
-4.272519e-03
-3.938392e-02
-2.960490e-03
6.901263e-02
6.307218e-02
-1.098511e-02
8.502746e-02
1.097443e-01
-8.281229e-02
-1.680933e-01
-1.257872e-01
-1.142505e-01
-1.455783e-01
-1.644499e-01
-1.205066e-01
-1.252950e-01
-1.065452e-01
1.110937e-01
9.560254e-02
4.481474e-02
2.084749e-02
4.342415e-02
2.068443e-02
-3.300851e-02
2.000012e-02
8.843010e-03
-1.435694e-01
-1.749660e-01
-9.617589e-02
-2.074714e-01
-2.340517e-01
-1.516180e-01
-2.214359e-01
-2.077163e-01
-1.152098e-01
-3.069947e-02
-8.477088e-02
-6.501363e-02
-1.514353e-03
-1.105007e-01
-1.079973e-01
9.782342e-03
-2.322204e-02
-6.117346e-02
5.102924e-03
-2.570427e-02
2.672917e-02
-1.004142e-01
-1.181606e-01
-7.191450e-02
-1.099219e-01
-1.606857e-01
-1.393027e-01
-2.433575e-02
-5.794439e-02
-2.741106e-02
8.218506e-02
2.715595e-02
8.075740e-03
7.790322e-03
-6.342334e-02
-8.634210e-02
2.212717e-02
-1.412627e-02
6.058558e-04
3.275541e-02
5.542092e-03
4.395623e-02
-4.669644e-02
-1.403416e-01
-5.797434e-03
2.130710e-02
-4.021299e-03
1.422804e-01
6.589644e-02
7.070169e-02
1.373799e-01
-8.105575e-02
-1.879142e-02
-5.103086e-02
4.840343e-02
-4.484825e-03
-5.361874e-02
6.586821e-02
2.782108e-02
-3.473733e-02
1.307026e-02
1.935041e-02
1.426268e-02
9.658878e-02
1.282453e-01
1.022537e-01
6.415768e-03
2.462396e-02
5.704946e-02
-2.787695e-02
-2.468229e-02
-3.647131e-02
1.376973e-02
1.127323e-03
3.856127e-02
3.476212e-02
-5.882316e-02
-4.679715e-02
-2.485417e-02
-1.136102e-01
-8.320690e-02
8.823001e-02
1.521368e-02
-6.500609e-02
1.222428e-02
-9.521368e-03
-6.329509e-02
-6.616482e-02
-3.414796e-02
-1.520480e-02
7.872775e-03
5.339479e-03
3.029795e-02
-5.990317e-02
6.072120e-02
8.715816e-02
-1.566564e-01
2.149322e-02
1.036133e-01
-9.579095e-02
1.874779e-01
1.419087e-01
-1.658083e-01
-1.942961e-01
1.488478e-01
7.245759e-02
-8.315238e-02
-2.173853e-01
-8.986035e-03
1.327447e-02
4.470855e-02
-2.458572e-02
-9.240986e-02
5.267382e-03
-5.206121e-02
-1.013332e-01
-4.511752e-02
-2.710443e-02
-2.338274e-01
-1.350850e-01
1.619740e-01
2.480719e-01
-2.291897e-02
-1.764225e-01
5.744500e-02
1.196728e-01
4.746696e-02
-1.177757e-02
-6.115331e-02
7.689589e-02
1.354583e-02
-9.134174e-04
-2.806890e-02
4.992511e-02
-8.715646e-02
-4.442048e-02
-1.160706e-02
1.444073e-02
-1.882341e-02
1.636096e-01
1.404673e-03
-9.241901e-02
1.290738e-01
1.062308e-01
-1.113358e-01
-3.837198e-02
6.481797e-02
-5.213573e-03
-6.017794e-02
1.339050e-03
3.444948e-02
-6.018191e-03
-1.975944e-01
-1.189134e-01
1.298180e-01
1.631670e-01
-1.721911e-01
-9.728472e-02
1.031501e-01
-2.602953e-02
-6.841769e-02
-1.384876e-01
-4.540060e-02
3.122207e-02
6.291196e-02
-8.326004e-02
-4.550857e-03
2.845699e-02
1.578399e-02
-7.633086e-02
2.056118e-02
1.083608e-01
2.949355e-02
1.046198e-02
5.728212e-02
1.660225e-01
1.444289e-01
-5.083554e-02
3.320490e-02
1.718162e-01
-1.262558e-01
-1.185003e-01
-3.215794e-02
9.616428e-02
8.303310e-02
-2.911239e-01
1.310408e-02
8.329324e-02
1.219569e-01
1.836690e-01
8.660074e-02
3.267321e-02
-1.859503e-01
8.751121e-02
6.322210e-02
-3.810061e-02
-1.072377e-01
-1.312103e-01
-6.158546e-02
-9.671115e-02
-9.007431e-02
5.133357e-02
1.303131e-01
1.332104e-02
-4.609941e-02
-3.861986e-02
2.800222e-02
6.346318e-02
1.331405e-01
-3.077432e-02
-9.947199e-02
6.330055e-03
2.373469e-01
-1.441915e-01
-1.581970e-01
7.950217e-02
5.167440e-03
8.610407e-02
1.034630e-01
-4.140963e-02
-3.952314e-02
7.415158e-02
8.409666e-02
-2.234311e-02
-3.401273e-02
4.267742e-03
3.638446e-02
5.128366e-02
-1.267466e-02
2.892580e-02
3.922736e-02
5.706080e-02
6.559307e-02
-3.943025e-02
-6.759296e-02
5.372255e-02
-3.318821e-02
-4.296039e-02
3.332019e-02
-5.749038e-02
1.433758e-02
6.930644e-02
-6.854553e-03
7.963149e-02
-9.090992e-02
1.166089e-01
-1.087580e-01
5.497748e-02
-1.123499e-01
-7.312182e-02
1.111966e-01
-6.537685e-02
4.556669e-02
3.405792e-02
-1.034627e-01
1.302252e-01
4.182624e-02
-1.143021e-01
1.793747e-03
6.000240e-02
-5.020828e-02
-7.914690e-02
1.277804e-01
-9.297401e-02
1.521844e-03
-1.119169e-01
2.150001e-02
9.306547e-02
3.814939e-02
1.155203e-01
-1.024271e-01
4.444022e-02
-9.267220e-02
4.609148e-02
1.352819e-01
-5.053408e-02
-2.732242e-02
-1.019981e-03
-3.215336e-02
-2.918825e-03
1.353014e-02
2.453000e-02
-3.074338e-02
-4.817642e-02
1.421156e-02
-2.046090e-02
-1.598761e-02
1.965337e-02
-6.841441e-02
-2.807278e-02
-2.594818e-02
-4.551170e-02
1.146600e-01
-4.854879e-02
9.255582e-02
1.126713e-01
-1.742756e-02
-6.921319e-02
2.958791e-02
-1.182232e-02
-1.310424e-01
5.682338e-02
4.786143e-02
-1.591509e-01
4.743659e-02
-6.030577e-02
-1.387707e-02
-3.095895e-02
1.909101e-02
1.238672e-02
-5.544854e-02
4.243767e-02
-6.324170e-02
-3.858014e-02
1.209067e-02
1.618366e-01
-4.759531e-02
-2.417173e-02
8.590396e-02
-1.786869e-01
-5.269992e-02
1.069303e-01
-6.150197e-02
-6.936431e-03
2.265779e-02
-2.709972e-01
1.660015e-01
1.674298e-01
-4.550667e-01
2.819660e-01
7.073867e-02
-3.127833e-01
1.499580e-01
9.355496e-02
-1.003202e-01
-6.194462e-02
2.342983e-01
-2.260793e-01
9.526493e-02
1.450901e-01
-2.584345e-01
3.506864e-02
1.908923e-02
5.530981e-02
-6.072466e-02
5.085582e-02
-2.658110e-02
-2.993390e-02
-1.111141e-03
5.058642e-02
-6.916811e-02
3.274689e-02
-3.016861e-02
6.271597e-02
1.890776e-02
-5.067975e-02
7.320454e-02
-1.397910e-02
-8.606662e-04
2.177896e-02
-1.384508e-01
4.634297e-02
1.581135e-01
-2.199856e-01
4.679157e-02
1.398271e-01
-2.808779e-01
1.415083e-01
1.128210e-01
-9.431981e-02
9.503706e-02
-4.990332e-02
-3.675533e-04
1.209062e-01
-8.273290e-02
-1.691285e-02
9.964181e-02
-5.575844e-02
9.290603e-02
9.751488e-02
3.532153e-02
5.056975e-02
9.132232e-02
1.949687e-02
-8.857619e-03
-2.019598e-02
-6.821027e-02
-6.823023e-02
-5.915595e-02
4.719647e-02
3.352941e-02
-3.932155e-02
5.470373e-03
2.896723e-02
-6.113819e-02
2.311598e-02
8.827181e-02
-1.685382e-02
-2.422559e-02
7.147814e-02
-3.194540e-02
3.968242e-03
2.029613e-02
-7.589602e-02
-3.718721e-02
-1.651883e-03
-6.474041e-02
-6.676280e-02
-3.056210e-02
2.703787e-03
1.390432e-03
3.951434e-02
9.034930e-02
7.557335e-02
4.471464e-02
-1.903213e-02
9.821297e-03
8.723840e-02
-3.866253e-02
-4.797793e-02
6.200068e-02
-8.068522e-02
-1.030299e-01
-3.789522e-02
-4.096811e-02
-3.593690e-02
-1.591207e-02
-2.513063e-02
-4.375517e-02
-4.265031e-02
-7.521909e-02
-1.176793e-01
1.015036e-03
-3.989285e-02
-4.502199e-02
4.828282e-02
-8.140997e-02
-5.439933e-02
3.840705e-02
-1.026251e-01
-8.043364e-02
-1.417001e-01
-1.939557e-01
-1.071554e-01
-1.447842e-01
-2.389721e-01
-1.255297e-01
-7.132341e-02
-1.145142e-01
-1.056941e-01
-9.093129e-03
9.325024e-02
7.802941e-02
8.235559e-02
2.837032e-01
2.627582e-01
-3.388957e-02
1.847957e-01
1.862137e-01
-7.867265e-03
-5.728489e-03
1.848225e-02
4.994844e-02
-4.840926e-03
2.858024e-02
1.580296e-01
-1.835050e-02
6.701840e-04
1.146898e-01
2.581965e-02
-3.502049e-02
3.886424e-03
1.053182e-02
-6.982205e-03
-3.809867e-02
-3.094214e-02
7.152485e-02
1.574046e-02
1.220031e-02
-8.104416e-03
4.510138e-02
1.800866e-02
5.567532e-02
9.076966e-02
2.292925e-02
-7.543914e-02
9.301502e-04
-2.738424e-02
5.807211e-02
-2.833173e-02
-6.045353e-02
-4.890309e-02
4.320475e-02
-1.163699e-02
-2.831803e-02
7.488333e-02
1.202533e-01
-1.893311e-02
2.980864e-02
2.560570e-02
5.192904e-02
7.363183e-03
-2.655255e-02
-2.493267e-03
-3.018915e-02
4.333609e-02
5.196857e-02
-2.867109e-02
1.026394e-01
1.395367e-01
-1.419977e-01
-8.479074e-03
1.386703e-01
9.639047e-03
-1.078080e-01
-1.120132e-01
-3.698980e-02
-1.116976e-01
-1.353450e-01
-7.385287e-02
-5.216408e-02
-6.394025e-02
3.302460e-02
5.122732e-02
-1.028005e-01
1.893170e-01
1.451556e-01
-6.213539e-02
1.304759e-01
1.363277e-01
-1.440056e-01
-2.009660e-02
-5.116852e-02
-3.495405e-02
-2.714619e-02
-8.421542e-02
-5.535669e-02
-3.001162e-02
5.215071e-02
-2.354797e-02
-1.746818e-03
-6.558232e-03
-4.046681e-02
2.053037e-02
-1.224323e-02
-8.728834e-02
1.000454e-01
4.159111e-02
-7.682813e-02
-7.093921e-03
9.305403e-02
-4.960480e-02
4.809320e-02
1.148034e-01
6.828981e-02
-2.314420e-02
3.367248e-02
-1.002119e-02
-3.042663e-02
-1.360414e-01
-4.293399e-02
-5.895090e-02
-1.619674e-01
-8.266097e-02
4.258656e-02
-1.210679e-02
1.170953e-02
-5.793075e-02
2.685302e-02
7.050648e-02
-4.669508e-02
1.048442e-01
1.536566e-01
7.425728e-02
1.789356e-01
1.073211e-01
1.786802e-02
-4.637012e-02
-1.690159e-02
3.034306e-03
-2.599358e-02
-8.819763e-03
2.575239e-02
5.596526e-02
8.735401e-02
-8.180189e-02
-1.338741e-01
-8.995492e-02
-1.055793e-01
-7.872072e-02
-1.310642e-01
7.399035e-02
6.133187e-02
-3.905305e-02
5.172805e-02
6.147703e-02
5.934110e-02
-9.939987e-03
-5.141131e-02
-4.709606e-02
6.444692e-02
7.063862e-03
1.082696e-02
-7.179432e-02
-6.020016e-02
1.272682e-02
-7.224665e-02
-1.299663e-01
-6.995071e-02
-1.214846e-01
-1.543430e-01
-1.730616e-01
-1.168069e-01
-2.404781e-02
-5.834885e-02
5.576035e-02
-2.851965e-02
-1.046057e-01
-1.979924e-02
5.533035e-03
8.221278e-02
-9.552661e-02
-7.836737e-03
1.506539e-02
6.330574e-02
-1.427475e-01
3.541950e-02
2.038791e-01
1.173672e-01
-4.644844e-03
-1.440110e-02
5.919672e-02
1.285404e-01
-5.089319e-02
-3.689093e-02
-2.175964e-02
-1.056479e-01
-1.699628e-01
-1.910656e-02
-1.120061e-01
-5.761651e-02
-7.125254e-02
-1.525513e-01
-1.001375e-01
-1.312739e-01
-1.485697e-01
-4.679347e-02
-1.487252e-01
3.508484e-02
-2.530450e-02
3.069501e-02
-6.480768e-02
6.103019e-02
7.117603e-02
-1.737606e-01
-6.717804e-02
6.690418e-02
-1.778190e-01
-2.311486e-01
-1.807974e-01
-1.963728e-02
-4.662883e-02
-8.932155e-02
1.958924e-01
1.097177e-01
7.178038e-02
-8.949061e-02
-1.673522e-02
-4.193755e-02
1.049992e-01
2.343717e-01
1.102321e-01
4.444121e-02
1.135702e-01
4.419751e-02
-1.147551e-03
2.146367e-01
1.661020e-01
-6.777255e-02
-5.228328e-01
-3.520033e-01
2.514949e-02
3.336654e-01
1.328956e-01
-2.341390e-02
-9.288776e-02
2.702727e-02
7.344715e-02
9.857547e-02
-2.754642e-02
-3.972470e-02
8.649929e-03
2.048597e-03
4.318729e-02
-1.231917e-01
-1.174814e-02
8.807198e-02
3.703839e-01
2.279053e-01
-1.108639e-01
-4.766149e-01
-2.751200e-01
2.433077e-02
2.541652e-02
4.492464e-03
-2.331838e-02
-1.138906e-01
-7.957093e-02
-1.022870e-01
-9.959698e-02
2.190428e-02
-9.476539e-03
-2.316546e-02
-4.673468e-02
1.162844e-02
1.009121e-01
6.294161e-02
3.368944e-02
1.096290e-01
2.523397e-02
7.394411e-02
6.712808e-02
1.321370e-01
-5.113424e-02
-7.841673e-02
-8.659097e-02
-1.009858e-02
-1.959536e-03
-5.406355e-02
-8.460524e-02
-4.965588e-02
-3.234485e-02
-1.455131e-02
-8.380323e-02
-8.152670e-02
7.839221e-02
1.197214e-01
2.175497e-02
3.803852e-02
1.370423e-02
3.340302e-02
4.857684e-03
3.885441e-02
-1.215343e-02
-2.793505e-03
-5.418252e-02
-4.157071e-02
9.213652e-03
8.948596e-02
1.092700e-01
-9.452794e-02
-2.392064e-02
-1.214295e-02
-5.915202e-02
-7.757248e-02
-6.229048e-02
-5.858324e-03
-6.276157e-02
1.304873e-01
1.706267e-02
5.838466e-02
-8.975444e-02
-5.695992e-02
-7.160348e-02
-5.208156e-03
8.328744e-02
-2.214269e-02
-4.310037e-02
1.016338e-02
6.484446e-02
8.567800e-02
3.504636e-02
-3.388971e-02
-4.214203e-02
-3.565170e-02
1.231110e-02
-2.512810e-02
2.114202e-02
1.439713e-01
8.425751e-02
-1.008146e-01
-1.093479e-01
-6.031942e-02
6.784795e-03
-4.561530e-02
-3.150113e-03
-9.579673e-02
-3.345399e-02
-5.462189e-02
1.056950e-01
5.397305e-02
2.316219e-02
-6.916047e-03
8.312812e-02
1.282190e-01
6.087604e-02
4.993931e-02
-3.174907e-02
-7.535876e-02
-1.002464e-01
-1.677080e-01
6.873953e-02
-6.583340e-03
2.764381e-02
1.058424e-02
1.592946e-02
-5.912580e-02
-6.507745e-02
-3.722073e-02
-3.881745e-02
-2.293324e-02
-3.142749e-02
-8.594795e-03
1.060715e-02
2.247573e-02
3.133027e-02
-1.663638e-02
7.949756e-04
1.769897e-02
-6.448645e-02
2.378849e-02
5.932652e-02
-9.262238e-02
-5.588000e-03
-1.113789e-01
-1.010538e-01
-2.323565e-02
-1.527449e-01
1.536243e-02
-2.080644e-02
-1.919512e-02
1.672777e-03
-2.168123e-02
-1.313834e-02
1.077543e-02
-1.969736e-02
-1.263517e-03
-1.977321e-03
4.439561e-02
-5.357546e-02
-5.555186e-02
2.665643e-02
-2.916253e-03
-6.183642e-02
-4.577249e-03
-2.241080e-02
8.626794e-03
-1.482547e-02
-1.563509e-02
-4.259531e-03
-2.194000e-02
-4.692629e-02
-1.383756e-02
-2.432722e-02
-3.196924e-02
-1.000317e-02
-5.683448e-02
-1.992334e-02
-1.541177e-02
-3.068192e-02
1.710232e-02
2.254893e-02
1.679474e-02
3.006315e-02
2.023646e-02
-3.187069e-02
2.604613e-02
3.462335e-02
-1.267402e-02
2.268013e-02
5.623828e-02
-5.337657e-03
2.764634e-02
-7.523488e-02
4.624780e-02
-7.923019e-03
4.029319e-02
1.171657e-01
9.638379e-02
-2.958683e-02
4.743355e-02
1.797578e-02
1.713334e-02
1.600393e-02
3.421371e-02
1.326822e-02
1.291678e-03
1.631176e-02
6.257275e-02
4.154836e-02
4.794634e-02
-2.852325e-02
1.167018e-02
4.550858e-02
-1.228189e-01
-7.381751e-02
-3.106441e-02
-4.319824e-02
-7.132565e-03
1.754263e-02
3.395998e-02
3.820504e-02
3.053271e-02
-4.116207e-02
-5.342065e-02
-6.237631e-02
1.450918e-02
-3.760092e-02
-9.349337e-03
-4.519234e-02
-1.418509e-02
-2.149108e-02
-1.163723e-01
-9.779914e-02
-2.988596e-02
1.175489e-02
-1.957702e-02
-1.890503e-02
2.388606e-01
1.122048e-01
1.652239e-01
1.234722e-01
-6.239718e-02
2.655937e-02
1.078487e-01
-6.877230e-02
1.467419e-02
2.944319e-04
5.733763e-03
-1.771263e-02
7.169671e-02
4.491222e-02
3.278463e-02
-8.811396e-03
-6.999225e-02
-7.430017e-02
2.351791e-02
-2.183315e-02
-5.972331e-02
-3.265649e-02
-2.422065e-02
-9.060936e-02
-1.807529e-02
-3.562244e-02
-6.107437e-02
-3.904692e-02
4.701403e-02
-1.790552e-02
-1.963693e-02
7.587701e-02
9.895489e-03
-1.086580e-02
1.036229e-01
4.304756e-02
2.206356e-02
5.370638e-02
-2.222749e-02
5.957504e-02
-2.860620e-02
-9.955581e-04
-1.742288e-02
7.017137e-02
-3.816233e-02
3.612677e-02
-4.323187e-02
-2.151860e-03
-1.885274e-01
4.064679e-01
-2.335084e-01
-4.475376e-02
-5.533877e-02
6.699730e-02
6.353952e-03
-3.483677e-02
2.534588e-02
-2.610662e-02
-4.183029e-02
-1.614859e-02
2.032029e-02
5.033061e-02
-1.300162e-01
-4.517099e-02
1.118132e-01
-5.495024e-02
2.370415e-01
-5.001338e-01
3.080220e-01
-9.176830e-02
5.234312e-02
-5.510845e-02
-1.208442e-01
-9.416618e-02
-2.375261e-02
5.343599e-02
-3.671128e-02
9.317722e-02
-2.330056e-03
9.797982e-02
9.954245e-02
1.103819e-02
-7.136588e-03
6.343292e-02
5.322383e-02
2.812711e-02
8.487661e-02
-2.734355e-02
-3.104346e-03
4.207490e-03
-7.531086e-02
-1.679552e-01
-8.757100e-02
-8.417703e-03
4.135664e-02
4.766771e-03
3.440567e-02
-2.725723e-02
-2.556880e-03
-4.953359e-02
-1.232379e-02
5.507772e-02
-3.339342e-02
-2.740353e-02
-1.347859e-02
1.239946e-02
-8.659947e-02
2.382319e-02
1.829673e-02
-2.186297e-02
6.047394e-03
2.325890e-02
-9.884387e-03
2.710592e-02
-4.613031e-02
-4.830071e-02
-2.427212e-02
1.742140e-02
-5.070435e-02
-8.691643e-02
1.750506e-02
-1.239442e-02
-5.580004e-03
-4.736019e-02
6.694445e-02
-1.600522e-02
4.047626e-03
-4.435609e-02
5.390112e-02
4.648020e-02
-1.454311e-01
9.272120e-02
-9.710623e-02
2.336667e-01
-2.515589e-01
7.187901e-02
-9.706500e-02
-7.705282e-03
1.053904e-01
-1.533322e-01
1.314965e-01
-2.022656e-01
2.724323e-01
-4.482145e-02
-1.196980e-02
-8.112144e-02
2.516387e-02
7.603348e-02
8.625795e-03
1.353564e-02
6.584296e-02
3.089705e-02
-4.180603e-02
-3.036081e-02
8.376011e-02
-4.956331e-02
6.078476e-02
4.546228e-02
-1.254726e-02
3.219425e-02
1.007118e-01
-1.565845e-02
3.279278e-03
-7.307985e-03
5.182590e-02
-9.915066e-02
-8.443493e-03
6.657456e-02
1.166588e-01
2.619318e-02
3.171479e-02
-7.140530e-03
-7.603209e-02
-3.679645e-02
-8.946324e-02
3.962355e-02
-1.364113e-02
-1.054254e-02
-1.191411e-01
4.561588e-02
1.189812e-02
3.251138e-02
-1.079206e-01
-1.567827e-02
-1.956389e-02
-9.936717e-02
-3.797565e-02
-3.737156e-02
-6.323300e-02
-5.573033e-03
-7.478791e-02
-4.368132e-02
2.057520e-01
5.380134e-02
-1.721075e-01
-5.767540e-02
1.560102e-01
5.638853e-02
2.253266e-02
2.313056e-02
-9.497275e-02
-3.855238e-02
-3.101295e-03
-8.266288e-02
-2.475027e-03
-1.681447e-02
-6.752650e-02
-5.441689e-03
1.374943e-01
-7.702358e-02
-1.916718e-01
2.889888e-02
1.089638e-01
-1.758046e-01
-1.619635e-01
7.290623e-02
-2.765793e-03
-7.947869e-02
-7.700325e-02
2.481664e-03
1.167452e-01
-1.137588e-01
-5.435681e-02
1.187724e-01
1.568774e-02
1.706367e-02
3.765472e-02
-1.638735e-02
3.627430e-02
1.547033e-01
4.445732e-02
-3.102545e-02
1.681374e-01
6.607037e-02
3.697542e-02
-5.446372e-02
-1.497402e-01
-7.534319e-03
8.695353e-02
-5.250691e-02
-7.599605e-02
-8.547150e-03
8.546207e-02
7.676409e-02
-2.142437e-02
3.371428e-02
3.514494e-02
8.259806e-03
-1.409783e-02
-9.920843e-02
-3.555318e-02
-2.252205e-02
-6.041712e-02
-6.299128e-02
7.584933e-03
-2.509575e-02
-8.360356e-02
-1.091423e-02
9.242834e-02
-4.055392e-02
-8.604182e-02
-3.286000e-02
-1.147426e-01
-6.634955e-02
9.713548e-02
2.351813e-02
-1.066800e-02
1.531267e-01
9.190667e-02
-8.919886e-02
1.937330e-02
1.038608e-01
-7.781506e-02
-1.289210e-01
-1.490161e-02
2.176930e-01
2.418175e-02
-1.986502e-01
1.187459e-01
-2.590345e-01
-9.058613e-02
1.190106e-01
1.173539e-01
-2.374652e-01
-8.628106e-02
3.465883e-01
1.437972e-02
-8.022995e-02
-2.162179e-03
-5.265731e-02
7.175076e-02
-3.543955e-02
-1.549473e-01
7.359761e-02
6.547021e-02
-5.159819e-02
-9.602726e-02
-2.715611e-02
-1.335943e-01
2.598715e-02
8.881132e-02
-1.254988e-01
-1.812062e-01
1.281933e-01
1.017853e-01
-1.511737e-01
4.688627e-03
1.725720e-01
7.655907e-02
-8.442751e-02
9.289148e-02
1.266993e-01
-2.163259e-01
-6.872282e-02
1.243460e-01
2.149090e-02
-2.492688e-02
-7.821883e-02
2.845744e-02
7.125399e-02
2.519112e-02
4.850300e-03
3.831198e-02
6.978845e-02
-1.787795e-01
-3.791839e-02
8.645717e-02
-3.953950e-02
8.710211e-02
1.541800e-01
3.207103e-02
1.007946e-01
6.251308e-02
-2.493480e-02
-5.608520e-02
9.328772e-03
-8.664036e-02
-1.408701e-01
-1.710001e-02
-1.802500e-02
-1.035853e-02
5.586200e-02
-9.092453e-02
7.054654e-02
6.833676e-02
7.820684e-02
2.766979e-01
1.539770e-01
6.671731e-02
1.746972e-01
2.344337e-02
-7.251083e-02
-2.277087e-03
1.128980e-01
-2.179327e-02
1.328049e-01
1.335754e-01
-2.561256e-02
-8.151892e-03
2.052345e-02
-7.540320e-03
-1.284260e-03
-1.313528e-02
2.202287e-02
4.616667e-02
4.730048e-02
8.320243e-02
1.062017e-01
3.243676e-02
-8.593687e-02
-1.449755e-01
-5.291168e-02
-8.886158e-02
-1.042445e-01
2.302886e-02
-3.156997e-02
-3.515191e-02
1.626280e-02
-7.332761e-02
-1.391784e-01
-7.758898e-02
-3.796255e-02
-3.467039e-02
-2.650765e-02
-1.096596e-02
3.181455e-02
3.669764e-02
1.205505e-02
-1.179902e-01
-2.990251e-02
-2.205239e-02
-3.251907e-02
9.446654e-02
2.165251e-02
1.308333e-01
1.644175e-01
1.747134e-01
-5.978335e-03
-7.587808e-02
8.042786e-02
-1.702447e-01
-4.895286e-02
-5.243349e-02
-4.869590e-02
1.064492e-01
1.549203e-03
-1.303442e-02
3.464182e-02
-3.092910e-02
-4.136332e-02
2.642055e-02
-5.102802e-03
7.964460e-03
-2.455192e-03
1.569127e-02
5.571183e-02
9.646336e-03
-7.879719e-03
-1.089233e-02
-1.804236e-01
1.793341e-02
-5.758817e-02
-5.043828e-02
-1.688017e-01
-1.631538e-02
5.849674e-02
6.896668e-02
2.208730e-01
2.054675e-01
2.038907e-01
2.294308e-01
-1.265343e-01
1.142839e-01
7.724682e-02
-8.873031e-02
1.373988e-02
2.208261e-02
-8.974477e-02
1.918639e-02
-7.813741e-02
-5.773259e-02
9.460883e-02
-2.369084e-02
-1.191085e-01
-1.776640e-02
-1.718974e-01
-8.965796e-02
-1.914560e-01
-2.392512e-01
-8.077708e-04
1.267738e-01
-1.416012e-02
-1.043393e-01
-3.989566e-02
-1.224371e-01
-1.527672e-01
-1.052074e-01
-1.189619e-01
-1.028805e-02
-7.318922e-03
-3.377130e-02
2.296108e-02
-4.635332e-02
-1.245188e-01
2.891919e-02
-4.331918e-02
-2.349923e-02
9.738103e-02
-1.623113e-01
-1.418048e-01
-9.325190e-02
1.379455e-02
3.495576e-02
-9.378282e-04
6.415541e-02
1.701888e-01
7.194570e-02
-3.509806e-02
3.115949e-02
-5.918218e-03
-2.774607e-02
-3.567269e-02
-3.030688e-02
1.967262e-02
5.870290e-02
2.615185e-02
1.295442e-01
1.505166e-01
2.098887e-02
7.062811e-02
-6.584407e-02
-1.820058e-01
-1.578108e-01
-1.374258e-01
-1.337629e-01
-3.996821e-02
3.625141e-02
-2.674873e-02
2.050854e-02
3.913616e-02
1.159144e-02
7.968959e-03
-1.506086e-02
-3.260244e-02
-7.380691e-02
2.186588e-02
-1.677006e-02
-9.762597e-02
-5.042267e-02
3.202838e-02
-2.529408e-02
-5.318798e-02
2.107546e-02
-4.445520e-03
1.216071e-01
8.945560e-02
2.637886e-02
7.637773e-02
1.351946e-01
-1.316076e-01
-1.194119e-01
-4.383579e-02
-7.875351e-02
-7.416564e-02
-6.113386e-02
-4.955643e-02
-8.267266e-03
4.774312e-02
1.037148e-02
5.684609e-02
1.349175e-01
-3.873890e-02
2.229008e-02
-4.674654e-02
6.499937e-02
1.111171e-01
7.930443e-03
1.107078e-01
1.678491e-01
6.946447e-02
5.227276e-02
-2.274218e-02
-1.551340e-02
5.530208e-02
2.577600e-02
2.800314e-02
6.014583e-02
3.511325e-02
-4.171212e-04
7.760935e-02
1.736208e-01
9.716892e-02
6.515438e-02
1.902214e-01
1.443285e-01
9.145103e-04
4.221192e-02
7.199881e-03
-2.380618e-02
3.152863e-02
7.252423e-02
-2.069111e-02
2.542047e-02
3.181840e-04
-7.769706e-02
-1.583397e-02
-2.073337e-03
9.087980e-02
1.517903e-01
-4.605130e-02
1.665891e-02
9.613398e-02
5.906662e-02
-2.382546e-02
4.386170e-02
4.563545e-02
-4.120250e-02
7.457641e-02
1.017629e-02
6.035966e-02
1.786946e-01
9.269138e-02
-2.132515e-02
9.022366e-02
7.710095e-02
6.010877e-02
8.510742e-02
-1.777461e-02
6.766202e-02
1.874083e-02
-1.055274e-01
-1.500395e-01
-1.390702e-01
-2.333785e-01
1.240982e-01
8.577862e-02
-8.839335e-02
2.163477e-01
1.938046e-01
7.541840e-03
-4.074263e-03
1.309112e-01
1.441046e-01
-1.033585e-01
-2.083367e-01
-1.074736e-01
-1.679494e-01
-2.731057e-01
-2.069595e-01
1.398165e-02
-9.406762e-02
-9.746895e-02
-2.870000e-03
7.710745e-02
1.707330e-02
-3.984981e-02
1.498738e-02
6.742267e-03
-7.348430e-02
-1.206848e-01
-1.246718e-01
1.643657e-02
1.979377e-02
-4.991932e-02
7.534673e-02
2.036172e-02
-2.263737e-02
1.162121e-01
9.274367e-02
-1.410620e-02
8.182547e-03
4.377916e-02
1.310254e-02
9.562800e-03
8.329275e-02
1.308519e-01
3.604442e-02
1.754965e-01
1.822287e-01
-3.809126e-02
-4.618203e-02
-6.402849e-02
1.155006e-02
-2.050230e-03
-8.739931e-02
8.604107e-02
7.514734e-03
-8.781430e-03
-4.580356e-02
6.175759e-02
3.782731e-02
8.196320e-02
1.341102e-01
2.116914e-02
9.174520e-02
5.577607e-02
-9.302554e-02
-1.294414e-01
-3.467330e-02
-3.662435e-02
2.052400e-02
8.791102e-02
6.415793e-02
2.223321e-02
4.548767e-02
-4.626948e-02
2.255389e-02
4.381339e-02
4.455070e-02
2.142627e-02
-2.854072e-02
-6.220778e-02
-1.623208e-02
-4.702405e-02
-1.125893e-01
-1.718823e-01
-2.061796e-01
-4.115904e-02
-1.603936e-01
-2.563460e-01
-1.131874e-01
-8.493572e-02
-1.597406e-01
-1.362412e-01
-1.018995e-01
-1.644050e-01
-5.658557e-02
-8.871917e-02
-1.464439e-01
-6.165209e-02
-9.616882e-02
-1.137600e-01
2.834609e-03
-2.046754e-02
5.292474e-02
1.395096e-01
1.439054e-02
8.641641e-02
1.334133e-01
-3.452865e-03
4.565781e-02
5.589184e-02
-2.405162e-02
3.159952e-02
2.361546e-03
5.194631e-02
4.448568e-02
-6.554407e-02
-3.006779e-02
3.755553e-02
-7.487455e-02
-7.293353e-02
1.229517e-02
3.679576e-03
2.180926e-03
3.984621e-02
-2.090733e-02
3.680608e-03
8.828806e-03
-6.054594e-02
8.137017e-03
4.372562e-02
4.369845e-02
8.210590e-02
1.470320e-01
1.482261e-01
3.601498e-02
7.225040e-02
6.694015e-02
-3.243078e-02
-2.115590e-02
5.848907e-02
-1.930784e-01
-1.441252e-01
1.632064e-02
-1.323134e-01
-1.054116e-01
1.681059e-04
-9.914212e-03
1.079220e-01
1.480413e-01
-8.235923e-02
7.151624e-03
5.848653e-02
-6.138511e-02
-6.828229e-02
-8.738049e-02
-2.632886e-02
3.659532e-02
1.091091e-02
-1.807979e-02
8.485434e-02
6.235852e-02
6.814087e-02
1.731221e-01
1.888633e-01
1.383375e-01
1.216626e-01
-7.899472e-03
1.025023e-01
1.713091e-01
3.887416e-02
4.107802e-02
1.485470e-01
3.759135e-02
6.922492e-02
1.832860e-01
9.327934e-02
1.408691e-01
1.020262e-01
-6.657668e-02
-8.987119e-02
-1.992743e-01
4.101738e-02
-2.494862e-02
-5.025004e-02
4.535025e-02
1.196140e-01
1.050640e-01
9.578371e-02
8.403025e-03
-3.879046e-02
-2.799496e-03
-6.218337e-02
-1.290242e-01
-7.936820e-02
-4.405846e-02
-5.163947e-02
1.145634e-02
1.059186e-03
1.119551e-01
5.790942e-03
-8.588203e-02
-1.909070e-02
1.943939e-03
-3.366413e-02
-4.585831e-02
-4.498309e-02
-5.487629e-02
-7.487891e-02
-4.557825e-02
3.376830e-02
8.422649e-02
-1.968300e-02
1.402584e-01
1.315168e-01
8.374809e-02
1.079833e-01
2.721636e-02
-6.921525e-03
-5.067923e-02
-4.756373e-02
-3.598642e-02
4.367043e-03
-1.816954e-02
3.727162e-03
-3.508526e-02
-9.721363e-02
-2.322986e-02
3.448148e-02
-2.934115e-02
-1.476583e-01
8.849631e-02
3.466138e-02
-3.228140e-02
-5.815775e-02
-2.584648e-02
-4.372749e-02
4.808363e-02
8.012196e-02
3.626320e-02
-1.167159e-02
-1.463213e-02
-8.712492e-02
-1.460504e-02
3.753443e-02
-2.188279e-02
-9.938134e-02
-8.795143e-02
2.430494e-02
4.678007e-02
7.027990e-02
6.960648e-02
1.413607e-01
1.339825e-01
1.754906e-01
2.809446e-02
-5.252169e-02
1.085945e-01
2.712634e-02
4.525956e-02
5.528983e-03
7.341775e-02
-3.928084e-02
-2.070117e-02
-3.321047e-02
-7.444991e-02
-4.094033e-02
-1.001549e-01
-1.501304e-01
-1.009829e-01
7.141581e-03
2.523726e-02
6.653063e-03
-1.617257e-01
-1.927166e-01
-7.139987e-02
-5.274784e-02
1.408106e-02
6.518279e-02
7.955796e-02
1.424981e-01
7.867518e-02
1.827368e-01
1.056014e-01
6.143101e-02
1.770288e-01
1.677988e-01
7.068276e-02
2.727929e-02
-3.358384e-02
-1.310563e-01
-9.532533e-02
-1.821527e-01
-1.455570e-01
-5.336190e-02
3.128616e-03
2.263338e-02
1.178004e-01
1.226316e-01
1.045871e-01
4.957959e-02
2.247342e-02
6.270716e-02
7.456192e-02
-2.775436e-02
-1.649795e-02
-7.590666e-02
-1.100798e-01
-5.686106e-02
