7.478143e-02
1.247618e-01
1.123166e-01
1.207189e-01
1.003536e-01
1.177624e-01
8.801159e-02
1.074849e-01
8.055766e-02
1.075888e-01
9.999438e-02
1.256965e-01
1.149872e-01
7.889464e-02
1.260849e-01
1.049462e-01
1.076550e-01
1.016446e-01
1.340107e-01
1.077748e-01
8.495346e-02
8.241919e-02
1.581512e-01
1.049578e-01
8.095475e-02
9.428557e-02
9.038967e-02
1.324800e-01
7.293282e-02
1.021393e-01
7.091869e-02
6.763728e-02
1.019744e-01
7.575098e-02
1.089668e-01
1.230956e-01
7.391146e-02
7.952826e-02
1.028956e-01
8.979711e-02
1.427481e-01
9.856886e-02
9.590048e-02
9.963164e-02
1.011053e-01
9.422218e-02
1.032422e-01
1.250754e-01
9.865434e-02
1.054808e-01
1.410209e-01
1.688246e-01
9.089620e-02
9.186171e-02
1.185271e-01
8.734769e-02
9.392723e-02
7.352932e-02
9.618235e-02
9.720709e-02
9.552526e-02
8.174729e-02
9.497270e-02
8.525477e-02
