9.681081e-03
2.691213e-03
1.216910e-02
-1.802256e-04
-1.772811e-02
-3.028611e-02
1.032841e-03
-1.709509e-03
-1.321720e-02
1.197711e-02
9.553263e-03
-3.783775e-03
-2.880228e-03
1.787415e-02
-9.998025e-03
1.257755e-02
-1.333082e-02
5.249866e-03
-6.799048e-03
3.751223e-03
-1.106544e-02
-1.675854e-02
6.593297e-03
-2.373704e-02
1.074241e-02
-2.241859e-02
-3.952765e-03
-8.244941e-03
-1.641163e-02
-2.474262e-02
-2.247502e-02
-7.416744e-03
2.662979e-03
-7.951722e-03
-1.365882e-02
-8.481674e-03
-2.225326e-02
-2.413114e-02
-1.506465e-02
3.657331e-03
-3.116556e-02
7.931545e-03
-4.454043e-03
-8.307545e-03
9.247273e-03
-3.138432e-02
-2.894388e-02
-1.561073e-02
-1.667054e-02
-9.879899e-04
-1.267519e-02
1.003055e-02
4.657312e-03
-3.154355e-03
-2.201974e-03
-1.144731e-02
9.892934e-03
1.019708e-02
1.786391e-02
-7.236011e-04
5.609588e-03
-2.870816e-02
1.549268e-03
-1.236373e-02
