3.143049e-01
3.296457e-01
2.520129e-01
3.484712e-01
3.636608e-01
3.304975e-01
3.109118e-01
3.366303e-01
3.552815e-01
3.094546e-01
3.451750e-01
3.504524e-01
3.277696e-01
3.093302e-01
3.874288e-01
3.160030e-01
3.465987e-01
2.958490e-01
3.108237e-01
3.573831e-01
2.847881e-01
3.214116e-01
2.619190e-01
3.630128e-01
3.081524e-01
3.612139e-01
3.120960e-01
3.576688e-01
3.170928e-01
3.820955e-01
3.209036e-01
3.565362e-01
3.149944e-01
3.521505e-01
3.487637e-01
3.471503e-01
3.240199e-01
3.604797e-01
3.430785e-01
3.591955e-01
3.798455e-01
3.264295e-01
3.597428e-01
3.497134e-01
3.639643e-01
4.241348e-01
3.801735e-01
3.592300e-01
3.570603e-01
3.390194e-01
3.273013e-01
4.116241e-01
3.138437e-01
3.412682e-01
3.091731e-01
2.965344e-01
3.736185e-01
3.721743e-01
2.931773e-01
3.094636e-01
4.094618e-01
3.027942e-01
3.672808e-01
2.869729e-01
