-7.782993e-02
-7.628793e-02
-1.761496e-01
5.510410e-01
8.389493e-02
-1.027224e-01
9.717157e-01
-3.114556e-01
2.996355e-01
3.256838e-01
-1.640579e-01
-2.078311e-01
-4.394876e-03
1.061869e-01
3.854403e-01
-2.388938e-01
3.961924e-02
-5.290431e-01
-9.455705e-02
-3.259006e-01
-4.993035e-01
-2.403289e-01
-3.081183e-01
-2.992796e-01
-1.751974e-01
-9.397230e-02
-1.525230e-01
-2.101548e-01
7.197882e-01
2.951173e-01
-6.723871e-01
3.149807e-01
-1.003044e-01
4.472545e-01
6.235415e-01
-1.575971e-01
1.926206e-01
-1.978693e-01
4.061843e-02
-4.847996e-01
4.922032e-01
-3.065776e-01
-3.203526e-01
3.685955e-02
-8.748671e-02
7.825391e-01
8.903164e-01
7.977758e-01
1.865387e-01
3.631078e-01
5.015290e-01
-4.117856e-01
-3.299852e-01
-3.466488e-01
-2.204373e-01
6.638557e-01
-3.973395e-01
-2.673338e-01
-2.967626e-01
-2.490371e-01
-2.428742e-01
-1.721216e-01
-6.377701e-02
-5.017405e-01
-5.800764e-02
2.894083e-02
-7.889520e-02
-3.578569e-01
-3.509582e-01
3.785365e-02
-3.142225e-01
-1.988102e-01
-2.200901e-01
-9.934672e-02
-9.312704e-02
-6.149603e-02
-1.995913e-01
-6.642191e-02
-1.869369e-01
9.699150e-01
-2.351612e-01
9.899292e-01
-1.056637e-01
-2.455258e-01
-2.062888e-01
-1.330071e-01
-1.391740e-01
-1.219961e-01
7.104253e-01
-1.132249e-01
-9.655715e-02
-1.024630e-01
-3.685494e-01
-6.946120e-02
-2.963737e-01
-4.026719e-02
2.421881e-01
6.688427e-01
-2.559135e-01
-8.604012e-03
-2.485916e-01
-1.399112e-01
3.744083e-01
-3.683562e-01
-2.613837e-01
-1.663202e-01
-3.291554e-01
-1.311827e-01
-1.213133e-01
-2.337604e-01
4.546113e-01
6.037064e-01
-1.396814e-01
-9.463765e-02
-2.221144e-01
-4.295769e-01
-2.822067e-01
8.559287e-01
1.190410e+00
-1.782262e-01
-2.209899e-01
7.226328e-01
-1.392336e-01
-1.573871e-01
8.078707e-01
-2.432106e-02
-1.141760e-01
-2.604186e-01
-6.195455e-02
-3.169435e-02
-1.746233e-01
2.482849e-02
-3.110728e-01
-7.082866e-02
3.603674e-01
-1.746130e-01
-3.742631e-01
5.048424e-01
8.095452e-01
-4.806432e-01
1.444304e-02
-2.859828e-01
3.112058e-01
-2.538390e-01
-4.325292e-01
-1.159025e-01
-4.098841e-01
7.827759e-02
4.110111e-01
-1.193091e-01
1.198566e+00
-4.604562e-01
-2.435118e-01
-4.080565e-01
-1.835317e-01
7.156281e-01
-1.858073e-01
-2.985583e-01
5.633996e-01
-3.322979e-01
-2.815612e-01
-3.361616e-01
4.843740e-01
-1.902614e-01
2.739030e-01
-3.157841e-01
-1.571230e-01
-3.473932e-01
8.534541e-02
3.524297e-01
-1.264619e-01
-4.508420e-01
1.705827e-01
-2.338141e-01
-4.613128e-02
-2.745455e-01
-2.020753e-01
1.096415e+00
8.012455e-01
4.753909e-01
-4.604307e-01
-1.979942e-01
-3.829088e-01
-3.283069e-01
3.304460e-01
4.577102e-01
-2.344946e-01
2.879726e-01
-1.440235e-01
-2.545381e-01
-3.606791e-01
6.216685e-01
-3.773212e-01
-3.386695e-01
-6.385633e-02
-4.669325e-01
3.146339e-01
9.355106e-01
-2.165979e-01
3.452086e-02
4.247794e-01
-3.023207e-01
-3.115027e-01
-2.170975e-01
-1.716170e-01
6.213724e-02
3.611216e-02
-6.642083e-02
-2.914584e-01
-2.077377e-01
-3.694612e-01
-2.833971e-01
7.899156e-01
-2.147492e-01
-4.467340e-01
8.243339e-01
-1.373658e-01
1.741864e-01
3.862725e-01
4.668851e-01
-2.855044e-02
-6.829841e-02
3.816066e-01
-3.322193e-01
4.907570e-02
-7.161246e-02
2.191803e-01
-2.957587e-01
2.650674e-01
7.242904e-01
-2.420895e-01
2.210442e-01
5.776615e-01
-1.042686e-01
-8.660574e-02
-3.332229e-01
-1.941633e-01
-6.681581e-02
-1.340868e-01
-3.383919e-02
7.680885e-01
-3.991764e-01
-2.593421e-01
-1.019725e-01
2.229403e-02
-1.058680e-01
-6.031653e-02
-2.902664e-01
-1.147859e-01
7.828610e-02
-1.172223e-01
3.640019e-01
-1.580432e-01
8.857789e-01
4.488654e-01
5.236137e-01
7.204874e-02
-1.928918e-01
-1.348896e-01
-3.883254e-01
2.858784e-02
3.423453e-02
-3.856135e-02
-2.089325e-01
-2.826537e-01
-1.912278e-01
-2.459775e-01
-1.160600e-01
-3.715022e-01
-3.333329e-01
2.528054e-01
-3.048415e-01
5.741497e-01
-2.539200e-01
-3.714480e-01
-3.268637e-01
-2.566736e-01
1.031449e+00
-3.195168e-01
-2.457881e-01
-2.129556e-01
1.133035e+00
-1.434091e-01
-2.369832e-01
-3.273831e-01
8.540896e-01
4.371012e-01
1.121447e-01
-2.958195e-01
-3.440285e-01
-4.428721e-01
3.516047e-01
3.031554e-01
-2.837647e-01
6.136127e-01
-7.456542e-02
3.669913e-02
4.161797e-01
-7.337232e-03
7.465888e-01
5.974949e-02
4.408049e-01
-1.454590e-01
-3.009674e-01
-2.425790e-01
3.905379e-01
-7.268273e-01
6.553915e-01
8.413954e-01
-2.949687e-01
-4.634156e-01
-5.862419e-02
5.411726e-01
-1.135924e-01
-2.834341e-01
-2.620978e-01
-1.581204e-01
5.907748e-02
-5.233024e-02
6.368237e-01
9.984661e-01
8.298258e-01
2.667977e-01
-3.592501e-01
3.348653e-01
-2.845447e-01
-4.238521e-01
-2.513661e-01
4.022356e-01
-2.310524e-01
-8.016992e-02
-3.288723e-01
-2.885504e-01
8.558640e-01
-2.341908e-01
-9.338401e-02
-3.718909e-01
1.255104e-01
3.568191e-02
-2.308609e-01
2.494495e-01
-2.329883e-01
5.942118e-01
2.926902e-01
-7.868180e-02
-8.706618e-02
-6.103636e-02
2.881446e-02
-7.957810e-02
-1.784713e-01
1.979628e-01
-3.666720e-03
-2.473696e-01
-2.671469e-01
2.483717e-01
-1.903969e-01
-5.016314e-01
-4.498343e-01
-2.263532e-01
1.300486e+00
2.391989e-01
1.613091e-01
-5.191039e-02
3.139298e-02
-7.986099e-02
-2.640090e-02
-2.990139e-01
-2.814769e-01
6.066730e-01
-3.589910e-01
3.663797e-02
-3.044862e-01
8.794293e-01
-1.500675e-01
-4.272721e-01
-1.570230e-01
2.743279e-01
4.386913e-02
4.388781e-01
-1.085264e-01
-4.420377e-02
-7.147224e-02
6.927896e-01
-1.898503e-01
-1.336947e-01
7.764915e-02
-6.480900e-02
-1.981435e-01
-3.426559e-01
-1.939866e-01
-3.908450e-01
-1.517619e-01
-2.688651e-01
-1.666485e-01
-7.342537e-02
9.604204e-01
-1.646281e-01
-1.879199e-01
-8.341660e-02
-1.697420e-01
-2.359192e-01
-2.527905e-01
1.454561e+00
-9.581747e-02
3.790355e-01
-3.287980e-01
-1.681431e-01
9.245700e-01
-1.337778e-01
-2.112140e-01
-1.779455e-01
-2.912694e-01
-2.477802e-01
-7.972567e-02
-6.225830e-01
-1.898123e-01
-1.937527e-01
-2.507718e-01
-3.419781e-02
-1.670277e-01
3.281382e-01
-3.729621e-02
-3.797060e-03
-3.025535e-01
-4.671148e-01
-5.201283e-02
3.007848e-01
-2.037775e-01
-1.303393e-01
-1.909835e-01
-1.034525e-01
-2.148849e-01
-1.799913e-01
-3.602001e-01
7.513622e-01
1.307733e+00
5.384150e-03
6.001230e-01
-2.387772e-01
-9.094988e-02
5.843328e-02
-2.096390e-01
-1.417126e-03
-1.382316e-01
-1.544773e-01
-7.017138e-02
-8.725397e-02
-1.978493e-01
-3.096684e-01
-2.829024e-01
-4.935262e-02
-7.578430e-02
1.020379e-01
-1.635715e-01
-3.968249e-01
-1.333470e-01
3.115810e-01
-9.281781e-02
2.533972e-01
-1.916417e-01
2.946055e-01
2.059044e-01
-1.824024e-01
-2.560587e-01
6.520596e-02
-2.364784e-01
1.439436e-01
1.656679e+00
-4.178546e-01
3.005463e-01
-1.183034e-01
-3.081851e-01
-1.927491e-01
-2.439576e-01
-1.899868e-01
-1.312326e-01
-1.585860e-01
-3.242399e-01
6.390294e-01
8.746880e-01
-2.409810e-01
-2.619186e-01
-2.034334e-01
8.871699e-01
-2.628098e-01
8.508505e-01
-2.150841e-01
8.331986e-01
-9.479479e-02
-2.291150e-02
-2.576952e-01
5.851552e-01
-1.443459e-01
-2.060738e-01
-1.513627e-01
-2.553547e-01
-2.571936e-01
-9.753283e-02
-1.215434e-01
-5.084171e-01
-1.014873e-01
-1.532745e-01
-2.683533e-01
6.557720e-01
-8.056553e-02
-1.284155e-01
-1.633389e-01
-1.713007e-01
6.426685e-01
-1.775834e-01
-1.624500e-01
-2.084854e-01
-7.666475e-02
-6.583856e-02
5.348839e-01
6.101075e-01
-3.286530e-01
-6.720248e-02
8.176426e-01
7.120762e-01
-3.061597e-01
4.110697e-01
-5.160342e-02
7.472830e-01
-1.228425e-01
-1.275666e-01
-1.091276e-01
8.299218e-01
5.943402e-01
-2.677575e-01
-1.658759e-01
-1.027075e-01
-2.024923e-01
-3.167946e-02
-1.613886e-01
-3.317607e-01
6.367530e-01
-1.586149e-01
4.972413e-01
-9.277309e-02
1.585782e-01
-7.522567e-02
-3.214018e-01
-1.890139e-01
4.872709e-01
1.084720e-02
-4.256793e-01
-1.234695e-01
-1.921917e-01
1.330367e-02
-9.597993e-02
-4.024495e-01
-4.352317e-01
-1.349322e-01
-1.402502e-01
-1.507893e-01
7.085187e-01
-3.523498e-01
-2.625808e-01
2.287457e-01
-2.655277e-01
-3.034439e-01
-5.149373e-01
-3.815699e-01
-3.077191e-01
-2.755014e-01
-5.363926e-01
-1.652433e-01
-1.873284e-01
-1.925920e-01
9.287022e-01
7.068129e-01
-2.275825e-01
-9.651677e-02
-1.260568e-01
-2.097607e-01
2.462555e-02
5.186534e-02
-5.910565e-02
6.603077e-01
4.693170e-01
-1.247474e-01
-3.688345e-01
6.836719e-01
1.379178e-02
-1.581849e-01
-4.308091e-02
-1.040728e-01
1.014066e+00
-2.288738e-01
-1.894970e-01
-4.166685e-01
2.936332e-01
7.481801e-01
-1.173183e-01
-1.238830e-01
-2.468001e-01
-3.113574e-02
-1.314047e-01
-2.741314e-01
-1.729448e-01
8.875853e-03
1.214693e-01
-1.464524e-01
5.178667e-01
-5.522975e-02
-3.063633e-01
-2.145417e-01
5.812474e-01
4.046882e-01
-2.133752e-01
-1.056616e-01
-1.576698e-01
-1.639886e-01
-8.821776e-02
-3.746182e-01
-1.725896e-01
-1.428994e-01
1.018982e+00
-1.301910e-01
-1.813428e-01
8.684300e-02
-2.028446e-01
-2.691720e-01
-2.742658e-01
-2.360816e-01
-2.460191e-01
-3.007121e-01
-2.666711e-01
6.826379e-02
1.407466e+00
-5.098853e-02
-2.033765e-01
-3.909338e-01
-1.316824e-01
-2.722106e-01
-3.212236e-01
-7.813738e-02
-1.749391e-01
-2.140073e-01
