5.950882e+00
4.507850e+01
6.771846e+00
5.114675e+01
6.339164e+00
9.927093e-01
6.368628e+00
9.995109e-08
5.853932e+00
1.711873e-05
5.870124e+00
6.101036e+00
2.846729e+01
9.177366e+01
2.654034e+01
3.962070e+02
6.121492e+01
3.725149e+00
6.123221e+01
2.437570e+02
7.295311e+01
3.339859e+02
6.199777e+01
1.886805e+03
4.911520e+01
1.724936e+01
4.256918e+01
3.296783e+02
9.618105e+01
1.539710e+02
6.712284e+01
6.331534e+00
5.217794e+02
2.648473e+01
3.990070e+02
2.929226e+02
9.414129e+02
7.060191e+02
2.655633e+02
3.739719e+02
2.612980e+02
2.997548e+01
2.567942e+03
