1.286351e-03
-1.669079e-02
2.748219e-04
-7.088189e-03
-2.328282e-02
-3.141190e-03
-3.018886e-04
-1.018234e-02
-3.253203e-02
-1.013515e-03
-7.241758e-03
-5.577162e-03
9.016345e-04
4.625660e-03
-1.263608e-02
2.603460e-03
-3.001200e-03
-1.829121e-02
-1.874371e-02
-8.773085e-03
-2.414176e-03
-1.536086e-04
-1.860061e-02
-2.352717e-02
-7.383877e-03
-1.501488e-02
-1.023796e-02
-8.401770e-03
-5.800449e-03
-3.993753e-03
-2.947934e-03
-5.528177e-03
-1.232192e-02
-8.270061e-03
-2.619041e-03
-1.285776e-02
-1.085898e-02
-1.489937e-02
-1.033287e-02
-1.244937e-02
-1.975012e-02
-1.795938e-02
-2.389416e-02
-1.081313e-02
-5.776957e-03
-1.940761e-02
-1.665710e-02
-9.724592e-03
-1.085257e-02
-1.508487e-02
-2.254803e-02
-3.187324e-03
-7.199384e-03
-1.779336e-02
-1.824612e-02
-4.948905e-02
-4.507267e-02
-5.243176e-03
-6.240647e-05
-5.162525e-03
2.029470e-03
-2.117704e-02
-1.636341e-02
-2.207183e-02
