8.107726e-01
5.564694e-01
5.487595e-01
1.342867e+00
7.541265e-01
8.323308e-01
5.271385e-01
6.927115e-01
6.826540e-01
7.287951e-01
5.610535e-01
4.185946e-01
4.108019e-01
7.928000e-01
6.930770e-01
7.824276e-01
9.795169e-01
6.453890e-01
5.813892e-01
4.182074e-01
5.302361e-01
6.102518e-01
6.979323e-01
6.362569e-01
5.412315e-01
8.235479e-01
6.131025e-01
8.982794e-01
6.099094e-01
4.315706e-01
7.654892e-01
5.677340e-01
1.396752e+00
6.346587e-01
4.749931e-01
6.350034e-01
5.976972e-01
8.804282e-01
7.627702e-01
4.219235e-01
6.543999e-01
5.866093e-01
5.770301e-01
6.487751e-01
3.958347e-01
5.723014e-01
5.628706e-01
8.681571e-01
8.135732e-01
5.563439e-01
6.855633e-01
7.787896e-01
7.374284e-01
6.146250e-01
6.016904e-01
6.797932e-01
7.454731e-01
5.375390e-01
6.621249e-01
5.810662e-01
9.861894e-01
4.775659e-01
7.481347e-01
5.036539e-01
