2.880741e-02
-5.347148e-02
3.875097e-02
2.546182e-02
2.968161e-02
3.779034e-02
2.722171e-02
-3.273026e-02
2.831502e-02
2.897337e-02
3.620557e-02
3.637956e-02
2.670515e-02
3.583168e-02
3.362291e-02
3.991089e-02
2.677266e-02
2.455677e-02
2.893890e-02
3.312585e-02
2.151967e-02
2.804459e-02
-2.251438e-02
2.350691e-02
3.399686e-02
2.127254e-02
2.781891e-02
3.256846e-02
2.228976e-02
3.082808e-02
2.814214e-02
4.683157e-02
3.540855e-02
2.509642e-02
4.028451e-02
3.405879e-02
4.199636e-02
2.773068e-02
4.020904e-02
3.658785e-02
1.816236e-02
3.111107e-02
3.092516e-02
3.483243e-02
2.766739e-02
2.904067e-02
2.742560e-02
3.202717e-02
3.258803e-02
2.995124e-02
2.197037e-02
3.266241e-02
3.206842e-02
2.936214e-02
4.127315e-02
2.755499e-02
2.748766e-02
3.265893e-02
2.358054e-02
3.194527e-02
2.624469e-02
3.372830e-02
4.335272e-02
5.371766e-02
