1.735854e-02
1.022095e-03
1.646199e-02
-1.757908e-02
1.443399e-02
1.558809e-02
2.382621e-03
-7.069246e-04
-2.276346e-02
6.064766e-12
1.279987e-10
4.220902e-11
4.157697e-11
1.000680e-10
1.223683e-11
3.750873e-11
4.401923e-11
-4.427615e-11
-4.948357e-03
-4.017494e-03
-6.981175e-03
-5.433218e-03
-5.309812e-03
-8.283651e-03
-1.001715e-02
-6.832553e-03
-8.278763e-03
7.055392e-03
1.863922e-03
-8.246263e-03
4.748182e-03
-1.450731e-02
-3.542120e-03
-1.419881e-03
1.525665e-03
1.115030e-02
9.061687e-03
-4.818313e-03
1.990288e-03
2.775094e-03
-4.376186e-03
5.491427e-03
-6.821514e-03
-3.597980e-03
1.125378e-02
-1.241893e-02
-1.279895e-02
9.917043e-03
-2.411363e-02
2.146759e-02
2.758132e-02
6.838819e-03
3.452700e-02
-1.346238e-02
-1.378895e-02
-1.418690e-02
-1.672006e-02
-1.045643e-02
-1.001615e-02
-1.145775e-02
-9.766600e-03
-7.904505e-03
-6.709352e-03
1.202005e-02
2.159658e-02
-1.730397e-02
2.756955e-02
-2.363199e-02
-1.821082e-02
-5.301916e-03
-1.046937e-02
2.333220e-02
4.465491e-03
9.257194e-03
5.190062e-03
-2.714626e-03
1.064611e-02
-1.334032e-02
2.173984e-02
-6.360165e-03
-8.483515e-03
1.045887e-02
-1.034304e-02
2.300367e-02
-1.110857e-02
1.695218e-02
4.217291e-02
-3.061778e-03
2.185679e-02
2.499781e-03
1.601227e-11
-7.977993e-11
3.347844e-11
2.591390e-11
5.858393e-11
9.945735e-11
3.530886e-11
-1.852677e-11
4.610954e-11
-2.066096e-03
-1.157885e-02
-7.266230e-03
-9.833475e-03
-1.539183e-02
-7.341403e-03
-9.049362e-03
-9.145387e-03
-2.662474e-03
-1.087525e-02
-3.159909e-03
-2.553953e-03
-4.273667e-03
4.614962e-03
2.418959e-03
6.199193e-03
1.107330e-02
1.496606e-02
-4.505140e-03
3.609138e-03
1.391200e-02
2.513546e-03
6.619423e-03
9.987068e-03
7.653705e-03
-2.303625e-03
-5.028341e-03
-5.193752e-03
-2.513644e-03
2.770144e-02
-2.478799e-02
1.878941e-02
6.453053e-03
2.816884e-02
1.804394e-02
-2.996723e-02
-4.470423e-03
-1.044048e-02
-3.301805e-03
-5.490459e-03
-8.060756e-03
5.178392e-03
-5.318712e-03
-8.928778e-03
8.866652e-03
1.757183e-02
-3.727202e-02
6.308548e-03
3.434979e-02
9.193271e-02
4.006154e-02
-5.854031e-02
-8.575328e-02
-3.453472e-02
2.125312e-11
8.495922e-11
5.768292e-11
6.491871e-11
4.630950e-11
7.439596e-12
9.332807e-11
7.204037e-11
1.190700e-10
-1.856447e-03
1.872020e-03
-4.352556e-03
-1.545274e-03
2.391639e-04
-4.935517e-03
-8.210396e-04
1.034404e-03
-4.747093e-03
1.907651e-02
3.075933e-02
3.872564e-02
-2.329920e-03
-3.727506e-02
-1.627985e-02
-8.008480e-03
9.298499e-03
1.761268e-02
7.876796e-03
5.574813e-03
8.735841e-04
3.790542e-03
-9.198506e-03
-1.817494e-02
1.534815e-02
1.528629e-02
-3.981451e-03
1.696313e-02
5.358652e-03
-2.257447e-03
-8.455364e-03
1.527825e-03
-2.387713e-03
4.301361e-03
-1.210854e-03
-1.154790e-02
-3.465547e-03
-2.317033e-03
-6.837422e-03
3.102714e-03
3.769107e-03
-5.335275e-04
1.673740e-02
1.779613e-02
1.038630e-02
2.333056e-02
2.867567e-02
1.828496e-02
-5.147265e-03
-5.811878e-02
-1.536335e-02
2.018629e-02
9.032965e-03
3.585422e-03
4.384080e-04
1.143448e-03
1.596954e-02
2.688223e-02
2.283602e-02
-8.609214e-03
-4.296762e-02
-2.480140e-02
2.772938e-02
-2.051685e-02
-3.710717e-02
-2.998681e-02
1.719850e-02
4.986710e-02
2.712923e-02
7.065546e-04
-2.157890e-03
-4.820514e-03
1.762980e-10
1.276929e-10
-4.124116e-11
5.194897e-12
5.300905e-11
-1.512729e-10
-3.868251e-11
-7.072058e-11
-4.674770e-11
-2.851601e-03
-1.879902e-03
-5.349814e-03
-6.581586e-03
-1.024579e-02
-1.165707e-02
5.814967e-03
3.546600e-03
3.516142e-03
2.023936e-02
5.355310e-04
4.394533e-03
1.488993e-02
2.401469e-03
1.573396e-02
1.756038e-02
1.199403e-02
1.448252e-02
1.594866e-02
1.127691e-02
9.844598e-03
-5.364404e-03
2.475834e-03
3.445121e-03
1.615123e-02
7.749203e-03
-1.175448e-02
3.547485e-03
-3.802486e-03
-7.437656e-03
-1.367651e-02
4.016788e-02
1.651927e-02
8.974511e-03
-1.587927e-02
-1.643461e-02
7.123310e-04
6.464504e-03
-6.350834e-03
-7.855898e-03
-1.634776e-03
-1.921278e-02
3.183281e-03
7.966196e-03
-6.397521e-03
-4.110551e-03
-1.790040e-03
-4.775855e-03
1.008410e-02
9.035164e-03
1.362871e-02
-3.615404e-03
-1.249197e-03
-4.552979e-04
1.120395e-11
1.675762e-11
1.411260e-11
3.920149e-11
1.079500e-11
6.128079e-11
5.028103e-11
1.191155e-10
4.750867e-11
3.952753e-03
1.349233e-03
1.456533e-03
1.900073e-03
-4.549041e-04
-1.073407e-03
6.301649e-03
3.662684e-03
2.774081e-03
-7.649699e-03
-4.717845e-03
6.078851e-04
-7.754530e-03
-4.489357e-03
-8.511091e-04
-8.020935e-03
-8.846956e-03
-4.516589e-03
-7.826666e-03
-8.506681e-03
-1.913760e-04
-1.323639e-02
-1.064694e-02
-2.811227e-03
-7.042128e-03
-3.081491e-03
4.929279e-03
-9.947883e-03
6.814808e-03
6.497389e-03
-6.450416e-03
7.811461e-03
3.511866e-03
-8.676116e-03
4.253465e-03
-7.528695e-03
1.285266e-02
9.285593e-03
1.028213e-02
1.006482e-02
6.465541e-03
7.085789e-03
1.578373e-02
1.144437e-02
1.165049e-02
1.406718e-02
-1.147140e-03
1.455116e-02
1.008910e-02
-4.625975e-03
8.484782e-03
6.195229e-03
-1.364327e-02
2.256257e-03
-7.409818e-03
3.534688e-03
1.157365e-02
9.991779e-04
8.191995e-03
1.855928e-02
-4.180691e-03
-2.132826e-03
6.337223e-03
-2.892974e-02
-2.095177e-02
-1.961413e-02
-7.988669e-03
-3.347771e-04
1.376260e-03
-8.627133e-03
2.082953e-03
5.873649e-03
4.535708e-11
1.484494e-10
5.957089e-11
5.167665e-11
9.775983e-12
4.606776e-11
5.811463e-11
1.285529e-11
1.427311e-10
-5.094656e-03
-5.721218e-03
-1.811769e-03
-1.019118e-02
-1.045055e-02
-7.659049e-03
-8.773035e-03
-9.668724e-03
-7.395330e-03
1.995741e-02
1.936078e-02
1.434008e-02
1.776540e-02
1.657485e-02
1.132353e-02
1.655774e-02
1.580089e-02
9.307429e-03
-2.368860e-03
3.371100e-03
-4.694676e-03
-3.985764e-03
6.836217e-03
-6.174003e-04
-6.753751e-03
1.340933e-02
1.053985e-02
-2.109274e-02
1.074239e-02
7.186018e-03
-9.145089e-03
1.814283e-02
1.063782e-02
-8.844372e-03
2.766183e-02
5.346847e-03
4.920405e-03
-6.143336e-03
-1.063821e-03
-5.092673e-04
-1.380919e-02
-5.866357e-03
3.940495e-03
-1.290009e-02
-1.819978e-03
2.392891e-02
-1.963103e-03
7.825586e-04
9.388438e-04
9.070206e-03
-1.675401e-02
5.658202e-03
-9.684182e-03
1.963806e-02
-4.312731e-11
-5.971812e-11
-7.100478e-11
4.651743e-11
7.937677e-11
2.355448e-11
-1.400734e-10
-7.626309e-11
-6.024237e-11
-8.266850e-03
-1.074309e-02
-8.531805e-03
3.153858e-04
-1.339643e-03
9.385495e-04
-3.324623e-03
-2.673362e-03
-4.149300e-04
-3.469434e-04
5.864517e-03
-5.591810e-03
6.952138e-03
-5.102418e-03
-1.163985e-03
-2.419617e-03
-3.206702e-03
-6.308069e-03
-4.424206e-03
-5.590732e-03
3.081355e-03
5.786330e-03
-5.165206e-04
7.248598e-03
-3.198679e-04
-7.322352e-03
-2.318949e-03
1.103127e-03
1.875996e-03
-2.455042e-03
-6.983860e-03
7.097806e-03
8.609083e-03
-4.013164e-03
-4.061554e-05
-5.820859e-03
-2.046433e-02
-1.936612e-02
-1.833825e-02
-1.350525e-02
-1.211104e-02
-1.104126e-02
-1.697780e-02
-1.524825e-02
-1.443228e-02
-9.390282e-04
1.603561e-02
4.604272e-03
6.728280e-03
-1.082047e-02
6.219606e-03
2.125917e-02
8.069145e-03
6.420784e-03
-2.494104e-03
9.457280e-03
-2.464468e-03
-3.261348e-03
2.094105e-02
-2.055668e-02
-8.872914e-03
1.871728e-02
4.690294e-03
8.988892e-03
5.357414e-03
-6.487274e-03
4.432784e-03
7.100537e-03
-7.762686e-03
5.344845e-03
1.251686e-03
-8.206574e-03
-2.254171e-11
-7.227465e-11
-7.435524e-11
-5.685315e-12
-3.011683e-11
4.153970e-11
-5.496624e-11
-8.374258e-11
-6.025076e-11
-1.330609e-02
-8.872069e-03
-7.011785e-03
-7.968277e-03
-4.691836e-03
-2.387655e-03
-1.167559e-02
-8.093734e-03
-5.502371e-03
-2.657526e-03
4.415089e-03
-4.585274e-03
-1.138927e-02
7.550149e-04
-7.864480e-03
-7.872460e-03
1.798783e-03
-7.610588e-03
1.538804e-03
8.772568e-03
1.005556e-02
-1.228516e-02
-4.149257e-03
-3.463519e-03
-6.270376e-03
-8.250344e-03
-1.449597e-02
2.952759e-02
-1.505118e-03
-9.569174e-03
-2.184054e-02
1.521248e-02
3.461031e-03
-1.328948e-02
-9.124286e-03
4.662283e-03
-2.220877e-02
6.055020e-03
7.847427e-03
-1.788618e-02
1.751529e-02
1.447266e-02
-2.830938e-02
7.947784e-03
9.809851e-03
-8.140681e-03
2.469596e-03
-2.216171e-03
1.892341e-02
-8.073349e-03
-1.172296e-03
-1.209322e-02
-9.517617e-04
-6.032787e-03
6.532014e-11
-4.065411e-11
-5.710647e-11
2.504457e-11
5.954497e-11
4.350491e-11
-1.706059e-11
2.931730e-11
7.018055e-11
1.030497e-02
8.096523e-03
6.800008e-03
4.473786e-03
-3.004035e-05
-7.595913e-04
6.650238e-03
3.688290e-03
1.967441e-03
-6.926052e-03
-7.805483e-03
-1.331662e-02
-5.063438e-03
1.279450e-02
-7.379338e-04
-3.796025e-03
1.644358e-02
2.810381e-02
-3.864566e-03
-1.135685e-02
-1.128047e-02
-1.540697e-02
-2.925391e-02
-1.708142e-02
-5.920534e-03
-1.452342e-02
-2.946810e-03
-2.702783e-02
-2.145055e-02
6.128863e-03
-9.010600e-03
9.496824e-03
2.999208e-02
-1.549234e-02
1.871324e-02
2.131905e-02
9.989407e-03
2.755990e-03
3.481476e-04
2.844047e-03
-6.113328e-03
-8.446425e-03
3.429462e-03
-1.384844e-03
-4.663177e-03
2.684017e-03
-1.183375e-02
-6.664590e-03
9.154882e-03
1.181324e-02
-1.847086e-02
1.109820e-02
-2.116973e-02
-2.566604e-02
-3.416748e-02
-3.109410e-02
3.739757e-03
-1.193215e-02
1.112129e-02
1.839751e-02
2.499729e-02
5.124344e-02
-2.959687e-03
-3.140628e-02
-3.015638e-02
-2.741616e-02
-1.134607e-03
-1.505998e-02
-1.400868e-02
-2.724363e-03
-4.415356e-03
-3.014056e-03
4.443790e-11
-5.601712e-11
7.340064e-11
-7.487828e-11
-1.611605e-11
8.496094e-12
9.911973e-11
7.257089e-11
4.245389e-11
5.704445e-03
1.082418e-02
2.268478e-03
4.932609e-03
1.337484e-02
7.624140e-03
-3.218402e-03
3.127152e-03
2.372737e-03
-9.189188e-03
8.503090e-03
2.336004e-02
-1.732128e-02
2.273993e-02
5.760680e-02
-1.057129e-02
1.358625e-02
3.583492e-02
-9.908978e-03
1.898232e-02
2.291182e-02
-2.691247e-02
-1.511751e-03
3.715715e-02
-2.270237e-02
-2.709391e-02
4.045419e-03
1.902209e-02
1.742588e-02
-2.759216e-02
4.471857e-03
1.050987e-03
3.968459e-02
-6.508559e-02
-1.256305e-02
4.480604e-02
-2.344521e-03
1.216475e-04
8.303774e-03
-8.294071e-03
-6.749819e-03
-3.944644e-03
-6.104837e-03
-5.597244e-03
-4.239728e-03
1.878602e-02
-7.012407e-02
6.379740e-02
-2.599160e-02
8.039027e-02
-4.543789e-02
-2.674860e-02
-3.242925e-02
1.136600e-03
3.981835e-11
-2.273091e-11
-1.564991e-10
3.169229e-11
-2.347258e-11
-7.948153e-11
-1.357481e-10
4.846087e-12
-8.178874e-11
-1.991277e-03
-3.708671e-03
-2.783144e-04
1.773093e-03
4.952596e-05
3.643818e-03
-1.621683e-03
-2.032464e-03
1.289960e-03
-7.304074e-03
-8.508386e-05
1.161947e-02
2.444751e-02
-5.348729e-02
3.256768e-02
-2.457396e-02
1.015157e-02
-7.680967e-03
-1.005358e-02
-2.632349e-02
-9.015772e-03
2.240611e-03
-8.757701e-03
4.541475e-03
-2.187116e-03
1.644025e-02
8.995063e-03
-2.008519e-02
1.624533e-02
-2.491376e-02
-1.718857e-02
4.121495e-02
-2.194263e-02
-2.609290e-02
-1.815624e-02
3.456918e-03
1.820898e-03
-5.360794e-03
3.185949e-03
1.140007e-03
-5.634184e-03
3.558214e-03
7.839826e-04
-8.226340e-03
-1.139396e-03
3.422612e-03
1.335339e-02
3.146127e-02
3.041003e-02
-8.444642e-02
4.710805e-02
1.303227e-02
4.767115e-02
-3.149473e-02
-1.282773e-02
1.806312e-02
2.733916e-02
-2.307941e-03
1.566822e-02
-2.779387e-02
1.734978e-02
-2.518301e-02
2.010538e-02
-1.700480e-04
-7.821721e-03
-1.409876e-02
-9.359655e-03
3.969603e-02
-3.214815e-03
-3.449939e-02
-2.527092e-02
-6.435372e-04
-4.351524e-11
-8.430288e-11
-1.438378e-10
-3.323717e-11
-6.230481e-11
-1.618525e-11
3.189253e-12
-1.390666e-10
-1.081557e-10
-1.411813e-02
-1.393194e-02
-1.297349e-02
-6.396692e-03
-3.574320e-03
-5.874557e-03
-9.856995e-03
1.503430e-03
-2.234698e-03
2.132768e-02
-3.899825e-04
2.104223e-02
9.614762e-03
-3.553797e-03
2.609582e-02
1.188478e-02
6.396751e-03
4.112648e-03
1.065458e-02
-9.448539e-03
-1.035630e-03
-7.453635e-04
4.125982e-03
1.310498e-03
7.255782e-03
-7.759596e-03
-1.026225e-02
-2.009753e-02
-1.081534e-02
-1.895458e-02
-4.512949e-02
1.136349e-01
-7.482126e-02
2.752891e-02
-6.025349e-02
3.393503e-02
8.617598e-04
-6.734048e-03
2.688469e-03
-7.355482e-05
3.579998e-03
5.048730e-03
-8.143152e-03
1.266212e-02
-2.730144e-03
1.690991e-02
-2.074071e-03
-1.047749e-02
-1.538887e-02
-1.762103e-02
-5.769322e-04
1.577483e-02
2.775431e-02
2.103611e-02
-5.731841e-11
1.555515e-11
-6.947997e-11
-4.407403e-11
-8.682580e-11
-5.130648e-11
-3.311245e-11
8.614952e-12
1.240834e-11
-5.026983e-03
-3.200520e-03
-4.252316e-03
-2.654547e-03
-8.664069e-04
-1.214259e-03
-1.360003e-03
5.733672e-04
5.743547e-04
-1.961762e-04
-2.465528e-03
-4.334984e-05
5.546313e-03
6.179303e-03
7.089635e-03
-3.643376e-04
-2.089680e-03
-2.680981e-03
1.785048e-03
5.818643e-03
4.120651e-03
5.265250e-03
8.151774e-03
3.746843e-03
2.647177e-03
4.701394e-03
-1.745602e-03
7.689778e-03
9.366128e-03
2.131975e-03
2.752344e-03
-4.099680e-03
-4.915643e-03
4.489552e-03
5.812906e-03
2.295993e-03
-9.958715e-03
-7.572257e-03
-7.887621e-03
-1.387796e-03
7.446740e-05
-7.504988e-04
1.960597e-03
3.363847e-03
3.358694e-03
-1.741187e-02
-1.439136e-02
-1.052832e-02
3.247994e-02
2.443667e-02
8.449744e-03
2.798531e-03
-7.978613e-03
-1.216899e-02
2.699115e-03
-3.418766e-03
-1.198133e-02
-7.792276e-03
-1.534572e-03
-1.215618e-03
9.332255e-03
3.404895e-03
-4.502730e-03
2.653217e-02
2.773773e-02
1.963570e-02
-8.990328e-03
-1.486186e-02
-1.365924e-02
-6.135417e-03
-4.102794e-03
-3.173289e-03
-1.338579e-11
-9.494970e-12
-4.200296e-11
-1.230033e-10
-1.883307e-11
-1.997012e-11
-2.079657e-11
2.116941e-11
-1.928051e-11
1.536719e-04
4.248518e-03
3.168260e-03
-3.603519e-03
1.361987e-03
1.002633e-03
-3.347680e-03
2.588591e-03
2.435458e-03
-2.442115e-03
-6.021938e-03
-4.732929e-03
6.761779e-03
2.917945e-03
3.087744e-04
7.369868e-03
2.722704e-03
1.175721e-03
3.245462e-03
2.547295e-03
3.370634e-03
3.613885e-03
4.251724e-03
7.721937e-03
2.479046e-03
3.379594e-03
7.550409e-03
7.946595e-03
-4.715951e-03
-5.770700e-03
-1.737845e-02
-1.431260e-02
-3.364298e-04
7.486801e-03
1.349073e-02
2.192398e-02
-1.269014e-03
5.567715e-03
-2.791047e-03
-6.080595e-05
8.937627e-03
-2.382476e-03
-2.957302e-03
6.524267e-03
-2.901070e-03
-1.772976e-02
-7.701723e-03
1.375618e-02
-5.347624e-03
6.992544e-03
-3.776716e-03
-6.685822e-03
-7.247761e-03
7.614316e-03
7.239864e-11
2.405398e-11
-3.296446e-11
-6.572585e-11
6.583371e-11
-4.790275e-11
1.927736e-11
-2.098748e-12
4.036562e-11
5.950456e-03
4.192533e-03
9.879137e-04
1.948858e-03
8.975790e-04
-2.696255e-03
2.430607e-03
2.691997e-03
-2.852368e-04
-1.437818e-02
-5.858093e-03
7.174856e-03
-6.766542e-03
6.768126e-03
1.755164e-02
1.751218e-03
1.116885e-02
5.614857e-03
-1.403171e-02
-9.936074e-03
-2.212972e-02
-1.064759e-02
-1.185173e-02
-3.625162e-02
-9.063973e-03
-1.437883e-02
-3.417551e-02
-3.435492e-03
9.206693e-03
-1.138913e-02
-2.531059e-02
-3.809215e-02
-4.900320e-02
-2.097839e-02
-3.560966e-02
-4.102144e-02
6.973182e-03
3.851659e-03
3.385479e-03
-1.195558e-04
-6.905109e-04
3.346350e-03
4.087847e-03
2.158173e-03
6.414597e-03
2.625272e-02
7.822376e-03
6.345626e-04
1.203729e-02
-2.405239e-03
9.893820e-04
1.213039e-02
-1.004438e-03
-3.492075e-02
-1.348497e-02
3.445324e-03
5.111763e-03
1.293543e-02
3.427509e-03
-2.388188e-03
1.832467e-02
5.554176e-05
-1.631230e-02
-1.090526e-02
-4.062068e-03
-1.471494e-02
6.225768e-03
-2.027875e-03
-1.670020e-02
-1.393190e-02
-1.133553e-02
6.504536e-04
-9.425895e-11
-8.069169e-11
-7.656430e-11
-1.489491e-10
-1.978016e-11
-1.151590e-10
1.037335e-11
1.531709e-11
-5.299820e-11
-4.230359e-03
1.284134e-03
-3.611082e-03
-3.653610e-03
-2.043356e-03
-1.302334e-02
-2.323013e-03
9.192390e-06
-1.142457e-02
-5.416608e-03
-1.040818e-02
-5.023241e-03
4.264415e-03
-4.596833e-03
-8.389750e-03
1.520485e-02
-2.231762e-04
-8.926510e-03
4.448442e-03
-7.821771e-03
-5.415993e-03
2.866937e-04
4.004637e-03
5.837808e-03
2.332808e-03
7.572695e-03
1.180365e-02
-1.568469e-02
-2.370998e-02
1.009542e-02
-8.024130e-03
-1.374156e-03
-1.808805e-03
5.516053e-03
6.076092e-03
2.737116e-02
5.527996e-03
-9.201107e-03
-1.135104e-02
-2.126249e-03
-1.142658e-02
-2.156776e-02
1.143974e-03
-1.355384e-02
-1.539538e-02
3.605454e-03
-2.736699e-04
-2.827060e-02
2.097495e-02
1.304665e-02
2.829695e-02
2.793869e-03
-1.241439e-02
-2.119956e-02
-2.177590e-11
2.427814e-11
-3.886721e-12
4.997480e-11
7.356607e-11
-1.548091e-12
4.609840e-11
4.351964e-12
6.552087e-11
1.988094e-03
7.065382e-03
5.798304e-03
4.738065e-03
1.033443e-02
8.544116e-03
4.827669e-03
1.098242e-02
8.926944e-03
8.978793e-03
-7.095330e-03
-2.343979e-03
-1.942979e-03
4.273301e-03
1.620062e-02
-5.561228e-03
-6.977135e-03
4.823082e-03
-1.977335e-02
-2.090571e-02
-1.613243e-02
-1.173693e-02
-8.916757e-03
-1.073232e-02
-2.301582e-03
-5.915303e-03
-4.932872e-03
-1.289808e-02
-1.004153e-02
-2.448563e-02
2.303729e-02
8.978349e-03
-3.203427e-02
1.427895e-02
1.325900e-02
-2.671914e-02
7.485482e-03
1.322523e-02
1.816184e-02
1.092062e-02
1.485967e-02
1.847026e-02
1.270494e-02
1.613506e-02
1.966998e-02
-8.547825e-03
-1.787957e-02
2.257181e-03
-2.484066e-02
-2.621045e-02
-2.176245e-02
1.389187e-02
1.952571e-02
3.165681e-02
1.889934e-02
-9.730482e-03
-1.366880e-03
3.071354e-03
1.626417e-03
1.281690e-02
3.637143e-03
2.310325e-03
4.304032e-03
-1.351927e-02
-4.157519e-03
-1.018845e-02
4.729835e-04
-2.050847e-03
-1.542588e-03
-2.133556e-02
-4.438526e-02
-3.983340e-02
8.872228e-11
7.440628e-11
2.582375e-11
-2.225969e-11
1.290157e-10
6.903614e-12
-2.059591e-11
3.681897e-11
3.724135e-11
-9.436178e-03
-9.738703e-03
-7.474530e-03
-2.682334e-03
1.983868e-03
4.065598e-04
-5.635756e-03
-1.743127e-03
-3.492012e-03
1.784124e-02
2.050574e-02
3.115073e-02
9.859961e-03
1.672705e-02
2.249488e-02
9.561572e-03
1.621038e-02
2.496251e-02
-2.916465e-03
1.572763e-02
1.066167e-02
-2.198343e-03
5.053064e-03
6.860752e-03
9.381015e-03
1.499057e-02
1.430336e-02
1.227777e-03
1.970812e-02
-2.030452e-02
6.996433e-03
2.623097e-02
-5.591295e-03
-1.496115e-02
7.881989e-03
-2.969322e-02
-1.792336e-03
-1.409602e-02
-5.076140e-03
-1.680565e-03
-9.108145e-03
1.809900e-03
-1.797228e-03
-1.083086e-02
2.655030e-03
8.500462e-03
3.557752e-03
7.115155e-03
-3.205159e-03
-1.122871e-03
2.505373e-03
-1.346331e-03
-9.002444e-03
-6.676543e-03
5.635123e-11
2.140262e-11
-4.686228e-11
-1.269907e-11
5.492196e-12
1.997798e-11
1.472463e-10
9.683911e-11
6.170001e-12
-7.659845e-03
-6.772290e-03
-8.105118e-03
-5.476896e-03
-4.420160e-03
-5.949397e-03
-6.998532e-03
-5.382441e-03
-6.880958e-03
-1.390084e-02
-1.655433e-02
-1.272631e-02
-1.170396e-02
-1.532506e-02
-1.307087e-02
-8.794451e-03
-1.067509e-02
-9.488144e-03
1.220859e-02
8.771149e-03
-2.389840e-04
1.453425e-02
1.057205e-02
1.774332e-03
1.547636e-02
1.274935e-02
5.091655e-03
6.865076e-03
-2.487802e-03
1.062377e-03
4.189359e-03
3.370870e-03
6.357556e-03
1.202975e-02
1.015740e-02
1.244259e-02
-5.483171e-03
-3.174487e-03
-5.494170e-03
-5.043961e-03
-3.147900e-03
-5.803141e-03
-1.082469e-02
-8.794565e-03
-1.196828e-02
-1.274306e-03
-1.984530e-03
-1.314305e-03
-2.712765e-03
-4.430694e-03
-3.015514e-03
2.177472e-04
4.874168e-05
2.775659e-03
6.361291e-04
-4.482930e-03
3.362781e-03
-9.964411e-03
-6.320470e-03
2.624311e-03
-9.948210e-03
-3.619333e-03
4.504610e-03
1.186519e-02
9.667396e-03
1.420391e-02
1.296953e-02
1.272121e-02
1.488833e-02
1.723339e-02
1.578175e-02
1.576473e-02
-7.036629e-11
-4.195834e-11
-2.188289e-12
4.064292e-12
2.757238e-11
-6.964813e-11
-9.873017e-11
-6.258697e-11
-3.464361e-11
-4.268767e-03
-5.320288e-03
-1.070462e-02
3.695473e-04
-6.031145e-04
-6.777448e-03
4.940405e-03
5.100940e-03
-1.116929e-03
-8.902162e-03
-1.084461e-02
-9.412233e-03
-1.459768e-02
-1.669986e-02
-1.088852e-02
-1.684076e-02
-1.974856e-02
-1.143419e-02
-5.412985e-03
-1.260172e-02
-1.127662e-02
-1.294409e-03
-1.127461e-02
-1.163542e-02
3.094134e-03
-8.637501e-03
-4.537776e-03
1.033936e-04
-2.845878e-03
7.891453e-04
5.073180e-03
2.438337e-03
-5.459522e-05
1.428799e-03
4.100383e-03
4.729989e-03
-1.511311e-03
2.201927e-03
-4.468705e-03
1.988169e-03
5.431380e-03
-1.481595e-03
3.123637e-03
5.230594e-03
-4.012919e-04
1.242592e-02
8.038334e-03
7.326070e-03
-2.802204e-03
1.930686e-02
-6.377250e-03
-1.092928e-02
-9.393591e-03
3.000057e-03
-1.151207e-10
-1.215502e-11
-2.935884e-11
-9.520233e-11
-6.352455e-11
3.362611e-11
-1.238063e-10
-1.057703e-11
-1.282680e-11
-3.124587e-03
-1.395852e-03
-9.133702e-04
-8.838114e-04
-1.281727e-03
-1.271082e-03
-4.433604e-03
-4.723340e-03
-4.968468e-03
6.216300e-03
4.073897e-04
3.803622e-03
7.598427e-03
-6.030902e-03
-7.395237e-03
-7.771690e-03
-2.706805e-03
-1.171866e-02
4.460763e-03
4.829850e-03
1.165456e-02
8.282440e-03
8.242146e-03
1.209937e-02
1.582801e-02
1.996637e-02
1.404008e-02
6.731081e-03
5.310675e-03
1.445375e-02
-2.161830e-03
-4.580485e-03
9.126625e-03
1.072855e-02
-1.469546e-02
-1.220743e-02
-1.388020e-02
-9.365955e-03
-9.872751e-03
-7.116162e-03
-2.352481e-03
-1.850081e-03
-9.283605e-03
-3.827353e-03
-3.940472e-03
1.244982e-02
-4.342792e-03
-1.306949e-03
-2.029716e-03
-2.371769e-02
1.714913e-04
4.557239e-03
2.256074e-03
-1.628035e-03
-5.185280e-03
7.196445e-03
9.130628e-03
-2.471707e-04
1.353331e-02
8.721076e-04
-5.311310e-03
3.350716e-03
-3.426684e-03
-4.884447e-03
4.548330e-04
5.364741e-03
9.227749e-03
2.496140e-02
1.151183e-02
1.083119e-02
2.641790e-02
1.799723e-02
-6.732839e-12
-1.056037e-10
-9.540509e-11
2.278659e-11
1.675830e-11
4.691792e-11
-1.197183e-10
-5.486703e-11
1.792153e-11
-8.564754e-04
1.067390e-03
6.085056e-03
-5.053745e-03
-3.261738e-03
9.435138e-04
-3.688639e-03
-1.798395e-05
1.129497e-03
4.329900e-04
-3.532897e-03
-3.717394e-03
1.504798e-04
-3.542636e-04
5.493244e-04
9.406855e-03
6.927222e-03
1.045265e-03
7.169220e-03
1.722552e-03
-7.710666e-04
7.113196e-04
4.294120e-04
6.216287e-04
5.131104e-03
-4.684214e-03
4.062673e-04
1.428086e-02
-7.888782e-04
-1.578972e-02
6.873101e-03
2.029163e-03
-8.802841e-03
1.152270e-02
-1.847052e-02
1.300987e-03
-6.604925e-03
1.575822e-02
1.357065e-04
-6.932768e-03
2.052864e-02
-2.432804e-04
-9.315838e-03
2.261905e-02
3.040802e-03
-1.688259e-02
-7.752678e-04
7.974355e-03
1.796397e-02
1.301953e-02
-1.267224e-03
8.430979e-04
-1.595429e-02
-1.880354e-02
-4.375262e-11
-3.595586e-11
2.504912e-11
3.987796e-11
4.576362e-11
-4.495135e-11
2.274558e-11
-4.195970e-11
6.892316e-12
-2.094753e-03
-2.103836e-03
-2.589109e-03
-5.883267e-04
2.667534e-03
1.236899e-03
1.801018e-03
4.417846e-03
4.028214e-03
8.546914e-03
1.196500e-02
1.763727e-02
-7.109794e-03
-1.733248e-03
9.389647e-03
-7.168758e-04
-1.265349e-02
-3.103154e-03
-3.241719e-03
-3.447223e-03
-1.245645e-02
-8.920594e-03
-5.563206e-03
-2.191253e-02
-1.357867e-03
-6.437765e-03
-1.808482e-02
1.132708e-02
8.552410e-03
-1.042114e-02
-8.902496e-03
-9.363190e-03
5.618493e-03
-2.863216e-02
-1.934908e-02
2.010925e-02
1.748884e-02
1.428736e-02
1.479967e-02
1.220412e-02
7.663148e-03
5.777801e-03
9.864663e-03
2.656638e-03
1.103786e-03
-6.890140e-04
-3.086242e-03
8.544790e-03
-4.363127e-02
-1.587277e-02
1.362029e-02
-3.891575e-02
-1.308665e-02
9.504139e-03
3.834039e-02
3.123290e-02
-1.943444e-02
3.840569e-02
-1.219589e-02
-3.202952e-02
-1.313877e-02
-3.137326e-02
1.109673e-02
-2.852355e-02
-3.305507e-02
-3.379836e-02
-8.685881e-03
-1.398848e-02
-1.257743e-02
-7.159807e-03
9.437799e-03
8.198603e-03
1.095539e-10
5.886418e-11
1.285942e-10
-8.088940e-11
-6.396261e-11
-7.316404e-11
-6.157855e-11
-7.345290e-11
-3.852580e-11
6.896968e-03
7.935955e-03
6.396947e-03
6.955676e-03
4.764155e-03
3.246238e-03
1.413207e-02
1.126844e-02
6.289267e-03
4.329534e-02
1.935315e-02
2.062909e-02
3.620727e-02
-1.263300e-02
-2.010000e-02
9.749909e-03
-2.580623e-02
-1.695478e-02
1.154218e-02
-2.601419e-02
-2.606632e-02
2.390471e-02
-1.088114e-02
-4.183679e-02
2.916075e-02
3.194286e-02
2.471180e-04
-5.682982e-02
5.739369e-03
5.044362e-02
1.513853e-02
2.232078e-02
2.009833e-02
3.088016e-02
-8.987631e-03
-4.643911e-02
-2.472457e-03
-8.985910e-03
5.873620e-03
-8.318014e-03
-9.132460e-03
2.729284e-03
-2.182340e-03
-4.437251e-03
4.783935e-03
9.375140e-04
1.974592e-02
3.710955e-03
-1.433865e-02
-1.829909e-02
6.305849e-02
1.441899e-02
-1.554914e-02
1.055823e-02
-2.180006e-10
-1.869829e-10
-4.400917e-11
-5.766841e-11
-1.733640e-11
-4.872017e-11
-1.251948e-10
-1.435489e-10
-1.784837e-11
-9.650566e-03
-6.714145e-03
-7.399414e-03
-2.871983e-03
-7.239570e-04
-2.967946e-03
-6.281414e-03
-1.836109e-03
-5.980329e-03
-1.768903e-02
4.908422e-03
3.702430e-04
7.007335e-05
3.170316e-02
-9.479072e-03
-4.166625e-03
-1.406498e-02
-7.172784e-03
-6.253791e-03
-4.773667e-03
-1.961241e-02
5.854339e-03
3.043961e-03
-2.226864e-02
-7.039134e-03
-1.051279e-02
-1.717563e-02
-6.594456e-03
-2.512276e-02
4.009500e-02
-1.752451e-02
-5.762559e-02
2.380960e-02
1.764855e-02
1.666550e-02
1.373479e-02
-1.113069e-02
-3.807158e-03
-5.785318e-03
-5.059658e-04
8.464908e-03
1.050506e-02
-2.000016e-03
6.127039e-03
8.502738e-03
1.531431e-02
-1.576986e-02
-2.437700e-02
1.010487e-02
9.879264e-03
-6.766567e-02
1.556778e-02
-1.456447e-02
-1.214964e-02
5.264678e-03
-1.013925e-02
-2.641929e-03
1.260712e-02
8.530790e-03
4.007480e-02
-2.280952e-02
-1.770223e-02
-1.578033e-02
8.520510e-03
2.501804e-03
1.367002e-03
-2.640954e-02
-3.175480e-02
1.723505e-02
-1.008910e-02
-4.578453e-03
2.193736e-02
-2.861013e-11
2.239080e-11
-9.487067e-11
3.880041e-12
5.253460e-11
2.376483e-11
-1.409014e-11
3.657034e-11
-6.039412e-11
-1.037496e-02
-1.546936e-02
-1.692387e-02
7.790713e-04
-1.178745e-02
-1.842927e-02
-7.851266e-04
-1.028513e-02
-1.800610e-02
1.339044e-02
1.767202e-02
3.521156e-03
1.807762e-02
1.884182e-02
1.719842e-03
2.723583e-02
3.054777e-02
3.013168e-02
4.329223e-03
1.799292e-02
1.290007e-02
-3.924717e-03
6.681642e-03
1.272073e-02
-5.523405e-03
3.060817e-03
5.001851e-03
1.254000e-02
-1.417938e-02
2.801414e-02
-1.434244e-02
-5.240236e-02
3.722255e-02
-7.228848e-03
2.361608e-02
-9.016854e-03
-4.765836e-03
-2.979699e-02
-9.662807e-03
1.565447e-02
-1.635061e-02
2.556782e-03
2.363447e-03
-2.837446e-02
8.405484e-03
2.711203e-03
-3.524778e-02
-1.425638e-02
-2.198616e-02
6.122553e-03
-1.446417e-02
8.550341e-03
1.779195e-02
2.479557e-02
-2.223465e-11
-7.331985e-12
4.640643e-11
1.125642e-11
6.079880e-11
-1.339073e-11
-4.907133e-11
-5.025424e-11
1.077017e-11
-4.576536e-03
-3.263371e-03
4.956468e-04
-3.849440e-03
-3.715974e-03
1.063112e-03
-8.686287e-03
-9.427740e-03
-4.776868e-03
-1.415868e-03
9.306673e-03
1.494070e-02
1.124922e-02
-2.501989e-02
-1.341416e-02
1.730288e-02
6.899198e-03
3.800725e-04
2.897135e-02
2.861923e-02
2.179490e-02
5.789181e-03
-4.008260e-03
2.532139e-02
-1.843775e-02
-2.292246e-02
1.937421e-02
1.530741e-03
-1.682534e-02
-2.586577e-02
-3.603846e-02
2.362629e-02
3.728992e-02
-2.305500e-02
3.919847e-02
6.222273e-02
-9.390242e-03
-1.311096e-02
-8.694061e-03
-1.340857e-02
-1.549319e-02
-1.322763e-02
-1.725925e-02
-1.749218e-02
-1.803727e-02
3.981391e-03
5.197419e-02
7.908231e-03
2.957978e-02
1.230926e-02
2.608976e-02
-2.087758e-02
-4.442750e-02
-1.109117e-02
3.268596e-03
2.217522e-02
-2.158599e-02
-1.634806e-02
9.690064e-03
-3.852467e-02
-4.096745e-03
2.680065e-02
2.125048e-02
-1.160892e-02
-6.332815e-02
-2.322302e-02
-3.754986e-02
-5.626661e-02
-3.203513e-02
-4.533889e-03
3.213643e-03
1.222000e-02
-7.032650e-11
2.720065e-11
1.336990e-10
3.291405e-11
-8.309661e-11
-1.628650e-11
-2.109288e-11
9.561529e-11
7.099048e-12
6.701448e-03
7.821893e-03
7.209024e-03
-9.932786e-04
-3.451456e-03
8.357322e-03
-1.354768e-03
-7.289787e-03
7.625838e-03
1.878925e-02
2.714012e-02
1.228213e-02
2.319188e-02
1.983431e-02
1.609864e-02
4.253226e-03
2.728942e-03
5.838931e-04
-2.309324e-03
-1.161375e-02
4.785677e-04
5.313667e-03
9.607544e-03
-1.306841e-02
1.791384e-02
2.484880e-02
-5.650705e-03
-2.786699e-02
-1.718647e-02
2.334978e-03
-2.257400e-02
2.496609e-02
-1.217469e-02
1.198643e-02
1.524988e-02
-9.269454e-03
-3.523910e-03
1.405183e-02
1.750471e-02
1.969947e-03
1.143446e-02
8.581513e-03
1.197465e-03
7.514582e-03
-4.472135e-03
-1.542431e-02
9.986938e-03
4.061571e-02
1.071623e-02
-4.237797e-02
-6.139733e-03
4.137107e-02
4.799839e-03
-1.964882e-02
4.467133e-11
2.396352e-11
5.317943e-13
-4.764161e-11
1.572250e-12
2.653247e-11
-3.113074e-12
-4.265052e-11
-6.661644e-11
-3.067487e-03
-3.675897e-04
-6.736349e-03
-3.104321e-04
6.260613e-03
1.297677e-03
-7.312122e-03
1.566676e-04
-2.812197e-03
6.129886e-03
-6.022298e-03
-7.313437e-03
-1.471054e-02
-8.986569e-03
-1.023317e-02
1.010566e-03
-9.409239e-03
-4.212356e-03
-2.068218e-02
-1.332166e-02
-5.829652e-03
-2.615293e-02
-1.723263e-02
-8.454485e-03
-1.585507e-02
-1.924886e-02
-1.288007e-02
-1.259962e-02
-1.885055e-02
6.620693e-03
3.519976e-03
5.589449e-03
-2.210771e-03
-4.231706e-03
1.473381e-02
9.582140e-03
-1.914570e-03
4.775180e-04
-1.892029e-03
5.577158e-03
9.203823e-03
7.215980e-03
2.096901e-03
3.171935e-03
-2.086406e-03
2.385792e-02
-1.420561e-03
-2.815901e-02
-4.554741e-03
2.012725e-02
-4.547069e-03
-2.713691e-02
-4.788505e-03
1.900551e-02
1.003085e-02
1.229154e-02
1.198915e-02
1.621946e-02
-1.791960e-02
-1.751757e-02
4.255171e-02
-4.509559e-04
-2.393380e-02
-3.079272e-03
5.640428e-04
2.921598e-02
-2.603572e-03
-2.637248e-02
2.854239e-04
2.854516e-02
-6.849592e-03
-1.462756e-02
-1.069059e-10
1.438348e-11
-1.524138e-10
-1.259899e-10
-7.947806e-12
-8.748726e-12
-1.806045e-10
-6.451012e-11
-1.593025e-10
-2.419955e-02
-1.383292e-02
-1.307208e-02
-2.464134e-02
-1.292878e-02
-1.113121e-02
-2.014059e-02
-1.232578e-02
-1.089702e-02
2.830306e-03
1.392434e-03
-4.329742e-03
1.299114e-02
1.643042e-02
1.104183e-02
3.925694e-03
1.158970e-02
1.244406e-02
1.817169e-03
-2.252247e-05
3.538396e-03
9.312632e-03
7.572403e-03
5.638786e-04
-1.312668e-02
-2.795092e-03
-1.003593e-03
-6.052624e-03
-1.903763e-02
2.621143e-02
1.697338e-02
-9.873360e-03
-1.129319e-02
-1.087053e-02
3.721299e-02
6.587460e-03
-1.694546e-02
-5.574900e-03
-6.393917e-03
-1.225370e-02
-5.994883e-03
-2.283643e-03
-1.077972e-02
-1.365535e-02
-1.311652e-02
-8.314853e-03
-9.907419e-03
9.468727e-03
-9.137402e-03
-1.345862e-02
1.466980e-02
8.696839e-03
6.581821e-03
7.219486e-04
-7.675974e-13
9.941032e-12
3.991642e-11
2.128444e-11
-4.859554e-11
-3.623820e-11
-1.061283e-10
3.727440e-12
-7.115437e-11
1.428302e-02
7.974056e-03
9.643830e-03
3.647369e-03
-2.992984e-03
-6.553450e-04
2.925995e-03
-3.047994e-03
2.927172e-05
1.318001e-02
3.300457e-03
-9.870291e-03
6.672501e-03
2.870179e-03
-6.062958e-03
5.335082e-03
-4.698990e-03
-2.908530e-03
1.286769e-02
8.351922e-03
-7.640444e-03
1.479339e-02
1.097933e-02
-1.312534e-02
5.003230e-03
-1.990613e-03
-1.731679e-02
1.280177e-02
2.753207e-03
1.610818e-04
8.793151e-03
6.857133e-03
-5.662232e-04
2.700041e-03
2.115869e-03
-6.867063e-03
-2.050062e-02
-8.728793e-03
-1.760504e-02
-1.415739e-02
-2.534617e-03
-1.349815e-02
-1.814948e-02
-9.247592e-03
-1.721122e-02
2.438662e-05
-6.111885e-03
-1.996287e-02
-4.649880e-03
1.219138e-02
6.278358e-04
-9.202981e-03
2.063256e-03
2.112092e-02
-5.592050e-02
-1.339000e-02
6.526372e-02
-9.047374e-02
-2.627367e-02
1.040272e-01
-7.115965e-02
-3.514889e-02
6.773414e-02
-3.705825e-03
-5.547168e-03
-1.063576e-02
-1.684369e-03
-1.877083e-03
-2.959664e-03
4.016276e-03
1.290261e-02
4.084046e-03
-9.902683e-11
-1.396983e-12
1.180982e-10
-1.439810e-10
-1.674301e-12
6.404743e-11
-7.980110e-11
-1.120122e-10
-1.454171e-10
6.794118e-03
1.973676e-03
1.214947e-03
5.206534e-03
3.332121e-04
8.184151e-04
1.324959e-02
9.016922e-03
9.599197e-03
1.852090e-02
7.574177e-03
6.188267e-03
1.863152e-02
-4.338051e-03
-1.974907e-02
1.883630e-02
-1.092776e-03
-1.783946e-02
3.409326e-02
3.629865e-02
1.296494e-02
3.791604e-02
1.184405e-02
-1.611091e-02
-1.622311e-02
-5.305581e-02
-6.865668e-02
-3.996096e-03
-2.079868e-02
4.891141e-03
7.299575e-03
-1.558460e-02
1.131790e-04
9.467456e-03
3.066077e-02
7.782269e-03
1.452129e-02
3.041727e-03
-2.901777e-03
7.723837e-03
-3.740831e-03
-1.482320e-03
5.648976e-03
-8.012225e-04
-4.043366e-04
