7.265653e-01
7.290170e-01
8.344007e-01
9.487305e-01
7.947099e-01
1.048533e+00
5.814068e-01
8.350381e-01
8.094243e-01
9.103737e-01
1.097780e+00
9.503034e-01
7.129000e-01
7.516412e-01
8.404753e-01
6.625771e-01
8.703659e-01
3.917776e-01
8.233520e-01
1.038831e+00
8.962280e-01
1.000302e+00
7.144504e-01
7.648659e-01
1.093493e+00
9.874300e-01
8.055610e-01
8.744576e-01
1.148263e+00
8.707392e-01
9.437178e-01
9.067882e-01
9.967434e-01
1.073087e+00
8.249803e-01
8.790870e-01
1.097969e+00
8.956165e-01
7.167483e-01
6.821549e-01
6.888786e-01
9.628681e-01
7.516763e-01
9.136333e-01
7.960551e-01
1.424987e+00
7.305334e-01
1.137611e+00
1.025759e+00
1.020844e+00
6.751126e-01
8.000382e-01
1.031799e+00
5.154633e-01
1.050912e+00
9.551057e-01
7.525426e-01
6.541687e-01
5.930021e-01
1.123463e+00
8.949996e-01
1.285408e+00
9.649116e-01
6.909332e-01
