-2.768901e-02
-9.682444e-03
-1.420608e-02
-2.881578e-02
-1.150098e-02
-1.591645e-02
-2.373209e-02
-1.248361e-02
-2.186180e-02
-2.069798e-02
-1.359104e-02
7.958095e-03
-2.024492e-02
-1.399059e-02
-2.544680e-02
-1.313168e-02
-1.045660e-02
-1.234767e-02
-1.323020e-02
-1.047746e-02
-3.954299e-03
-8.868671e-03
-1.245740e-02
-4.824464e-03
-1.154027e-02
-1.734101e-02
-1.479664e-02
-6.366880e-04
-1.645086e-02
-1.340307e-02
-1.075438e-02
-1.594228e-02
-2.701792e-03
-1.532086e-02
-1.322718e-02
-1.553271e-02
-3.418755e-03
-1.527078e-02
-2.619746e-02
-1.895805e-02
-4.502033e-03
-1.253921e-02
-6.532172e-03
-1.402977e-02
-2.715455e-02
-1.367391e-02
-1.290928e-02
-2.181509e-02
-1.416723e-02
-1.415067e-02
-1.825180e-02
-1.726605e-02
-1.718781e-02
-1.732090e-02
-1.045618e-02
-1.916594e-02
-1.935346e-02
-2.797255e-02
-4.881615e-03
-2.113969e-03
-1.978082e-02
-1.446444e-02
-1.432297e-02
-1.183561e-02
