4.630782e-02
-8.946703e-02
-1.309298e-02
3.194305e-02
-4.177865e-02
1.377384e-02
9.309922e-02
-3.748306e-03
4.088825e-02
-8.280311e-02
-1.620620e-01
-1.356455e-01
4.060290e-02
1.320938e-01
-3.191574e-02
1.401780e-01
-6.169891e-02
-4.346233e-02
-1.268704e-01
7.084843e-03
-1.730073e-02
-4.649743e-02
-4.349596e-03
1.442228e-02
-1.031196e-01
-6.278750e-02
-4.408578e-03
-3.930073e-02
-1.085552e-02
4.504830e-02
1.521674e-02
-2.090628e-01
5.213982e-02
4.497859e-02
-6.113081e-02
-1.165687e-02
7.972259e-02
-7.515814e-02
1.043252e-02
6.602286e-02
-4.595225e-03
-3.220120e-02
3.504951e-02
2.980394e-02
-2.686652e-02
1.549458e-02
-5.062823e-02
-3.452769e-02
-6.572549e-03
7.074366e-02
6.137238e-02
7.040957e-02
-7.900090e-02
-5.255569e-02
2.204297e-02
1.069080e-01
-7.844448e-03
2.558290e-02
-9.817863e-02
-3.800446e-02
-7.626096e-04
-4.830271e-02
-5.448987e-02
3.025940e-02
