-4.619213e-02
-7.618554e-02
-6.108756e-02
-7.110772e-02
-5.764405e-02
-6.705751e-02
-6.809546e-02
-7.376481e-02
-6.343550e-02
-6.069218e-02
-7.024679e-02
-7.175065e-02
-6.345730e-02
-3.495036e-02
-7.052644e-02
-6.591244e-02
-7.673137e-02
-6.028924e-02
-6.868510e-02
-7.683600e-02
-7.262118e-02
-7.097760e-02
-6.683941e-02
-7.122792e-02
-6.659394e-02
-6.068681e-02
-6.361222e-02
-7.215055e-02
-7.107134e-02
-6.187005e-02
-6.174654e-02
-6.839577e-02
-7.510395e-02
-4.189469e-02
-6.196918e-02
-5.514887e-02
-7.007453e-02
-3.838370e-02
-6.445900e-02
-6.622291e-02
-7.149272e-02
-2.784595e-02
-5.843604e-02
-4.156766e-02
-6.348321e-02
-5.043704e-02
-6.540253e-02
-6.880638e-02
-4.153236e-02
-6.728434e-02
-7.004285e-02
-6.546497e-02
-5.924615e-02
-6.459739e-02
-3.976510e-02
-6.452554e-02
-5.812127e-02
-7.385664e-02
-6.788488e-02
-7.033358e-02
-6.230638e-02
-5.501221e-02
-5.105672e-02
-5.856970e-02
