-5.720287e-03
-3.684963e-03
-1.994717e-02
1.362969e-02
1.396571e-03
5.645380e-03
-1.644797e-02
-6.766140e-03
-7.105181e-03
1.084885e-02
-1.921355e-02
-2.236351e-03
1.369635e-02
2.070366e-02
-1.330356e-02
-1.081046e-02
-1.161747e-02
5.692834e-03
1.304153e-02
2.081894e-02
2.181657e-02
-2.159524e-02
2.205283e-02
1.311932e-02
-5.541372e-03
5.545590e-03
-5.039359e-03
-6.655948e-03
6.981244e-03
-9.569906e-03
5.859623e-03
1.680280e-03
1.783442e-02
5.793609e-04
3.765354e-03
9.661994e-03
-1.727330e-02
5.181909e-03
-3.641053e-02
4.181768e-02
2.192226e-02
1.068778e-02
-5.360687e-03
2.876308e-02
1.205523e-02
7.221953e-03
1.175325e-02
2.015700e-02
-4.144381e-02
-3.257161e-02
-1.168244e-03
2.627041e-02
1.653739e-02
-1.283265e-02
2.912366e-04
8.630532e-03
8.475462e-03
-8.092870e-03
-2.467550e-02
1.282693e-02
-8.350446e-03
-1.481015e-02
-1.937160e-02
-3.297972e-02
