1.937305e-02
1.529804e-02
2.790820e-02
1.513423e-02
1.967214e-02
1.972636e-02
1.621676e-02
1.461926e-02
1.283795e-02
1.965403e-02
3.277583e-02
2.586794e-02
1.942177e-02
2.038065e-02
1.881394e-02
1.653507e-02
2.482148e-02
1.468287e-02
1.571688e-02
1.982844e-02
1.415569e-02
1.160125e-02
2.020004e-02
2.107289e-02
2.941279e-02
1.385188e-02
1.995837e-02
2.804803e-02
1.682272e-02
2.196965e-02
2.193132e-02
2.756757e-02
2.518249e-02
1.600926e-02
2.036710e-02
1.682152e-02
1.704974e-02
1.866514e-02
1.340235e-02
2.157200e-02
2.283941e-02
2.041006e-02
3.189736e-02
1.378656e-02
1.253214e-02
2.324335e-02
2.700091e-02
3.116823e-02
1.588663e-02
1.454449e-02
1.858577e-02
1.145086e-02
2.592606e-02
1.792971e-02
1.400692e-02
2.068059e-02
2.894814e-02
1.337163e-02
1.912099e-02
1.355994e-02
1.353607e-02
2.779105e-02
2.388021e-02
2.763884e-02
