1.111423e-01
1.293288e-01
1.330486e-01
1.154164e-01
1.684495e-01
1.433717e-01
1.260848e-01
9.891487e-02
1.287150e-01
1.307883e-01
1.680269e-01
1.388231e-01
1.415308e-01
1.441908e-01
1.290933e-01
1.132962e-01
1.489606e-01
1.191385e-01
1.135726e-01
1.379874e-01
1.159885e-01
1.176351e-01
1.324944e-01
1.085550e-01
1.259205e-01
1.236759e-01
1.187678e-01
1.563846e-01
1.337082e-01
1.391270e-01
1.397354e-01
1.533230e-01
1.447573e-01
1.277077e-01
1.387533e-01
1.339667e-01
1.103939e-01
1.249142e-01
1.150950e-01
1.447942e-01
1.369502e-01
1.227357e-01
1.702800e-01
1.169259e-01
1.136693e-01
1.562903e-01
1.387706e-01
1.603707e-01
1.147927e-01
1.196018e-01
1.394741e-01
1.064707e-01
1.752982e-01
1.349013e-01
1.210793e-01
1.246450e-01
1.603046e-01
1.265371e-01
1.417219e-01
1.316619e-01
1.289581e-01
1.388771e-01
1.551209e-01
1.398764e-01
