-1.084673e-02
1.508570e-02
-1.428508e-02
7.341939e-03
6.694336e-03
-2.074534e-02
8.426220e-03
-7.163916e-03
-1.948574e-02
2.012135e-02
-1.463558e-02
1.548675e-02
1.892572e-02
9.939301e-03
5.243305e-03
2.635138e-02
1.421537e-03
1.681565e-02
-1.734952e-10
-1.234837e-10
-1.033446e-10
-1.720447e-10
-1.017336e-10
-1.434003e-10
-1.516808e-10
-1.363670e-10
-1.733917e-10
1.192334e-02
1.653274e-02
1.308140e-02
9.690128e-03
9.534585e-03
2.474658e-03
2.322382e-02
1.565689e-02
4.301402e-03
-7.998197e-03
-1.474529e-02
-1.485936e-02
-2.794633e-02
-3.489579e-02
-3.264855e-02
-2.233597e-02
-2.907299e-02
-2.768961e-02
6.470489e-11
-1.482962e-10
-1.595523e-10
1.996329e-10
-1.296668e-10
-1.627928e-10
1.077704e-10
-1.855603e-10
-1.255269e-10
1.555030e-10
1.191693e-10
1.433595e-10
2.024521e-10
1.412453e-10
7.904961e-11
2.277998e-10
1.006632e-10
1.490414e-10
-4.746572e-11
2.211906e-11
-2.116631e-10
4.965653e-11
-1.591594e-10
-1.357016e-10
-1.326416e-10
-4.555811e-11
-2.799783e-10
-2.830478e-04
-2.359478e-03
-1.211951e-02
-8.418749e-03
-7.280190e-03
-5.440773e-03
-9.845439e-03
-4.315524e-03
6.357629e-03
-4.414383e-05
-1.179000e-04
-5.724398e-05
-6.949176e-05
-9.528405e-05
-5.645157e-07
-5.924053e-05
5.355778e-06
9.655025e-05
6.610331e-12
-1.023731e-10
-1.197033e-10
-3.682141e-11
-9.892092e-11
-1.330509e-10
9.135775e-11
-9.585580e-11
-1.005976e-10
-4.368143e-03
1.290057e-02
2.262958e-02
1.331778e-02
2.416228e-02
2.088030e-02
-9.402146e-04
-9.608120e-04
-4.360807e-03
2.086549e-10
1.320237e-10
6.817767e-11
3.290784e-10
4.164825e-10
5.936848e-11
3.569827e-10
3.984562e-10
2.355307e-10
4.054925e-09
7.483981e-09
3.143254e-09
5.125820e-09
5.069928e-09
3.931635e-10
2.979883e-09
2.303884e-09
-1.133094e-09
-6.087852e-03
-7.029954e-04
1.175333e-02
-8.988638e-04
1.293480e-02
6.209095e-03
8.162742e-03
-5.577697e-03
-1.044790e-02
8.340736e-11
1.657247e-10
-2.298276e-11
1.162971e-10
1.226822e-10
-6.092462e-11
1.653629e-10
1.089369e-10
3.511640e-11
1.924252e-02
3.540077e-02
3.149632e-02
-1.046750e-02
-3.857830e-03
3.151981e-03
-4.463874e-02
-3.673778e-02
-3.474055e-02
-9.650415e-03
-4.575212e-04
-1.289243e-02
3.259559e-02
3.157304e-02
-2.469193e-03
1.272794e-02
1.601190e-02
-1.477590e-02
9.942582e-11
9.245943e-11
2.161561e-10
7.797440e-11
7.986608e-11
2.206861e-10
3.272595e-11
1.407454e-10
1.546418e-10
-2.083999e-03
-3.904222e-03
1.232283e-03
8.706916e-03
1.045422e-02
1.958899e-03
7.905661e-03
1.682121e-02
2.489271e-02
-9.062068e-03
-1.702217e-02
-1.148465e-02
-2.034860e-02
-3.863516e-02
-4.326806e-02
-5.592568e-04
2.470897e-03
-1.739593e-02
1.671388e-11
1.011746e-10
2.323999e-15
3.147206e-11
3.025937e-11
4.464414e-11
6.941654e-11
1.455441e-11
-3.464060e-11
-1.656436e-10
-1.734650e-11
-1.747820e-10
2.366628e-11
-1.043816e-10
-8.950846e-11
3.104590e-11
-1.313012e-10
-7.198349e-11
-7.054479e-11
2.557262e-11
-9.331839e-11
-1.085827e-11
-4.857020e-11
-1.503058e-10
-6.853282e-11
-1.233259e-12
-6.463129e-11
1.908347e-02
1.089645e-02
-7.580463e-03
-3.876061e-03
-3.636672e-03
-4.965588e-03
6.289660e-03
1.598158e-02
1.314113e-02
-8.698720e-05
-7.474674e-05
3.186004e-05
1.200116e-04
1.827342e-04
2.229394e-04
3.129842e-05
7.157181e-05
1.885410e-04
-3.521470e-11
-9.116545e-11
-7.592034e-11
2.296448e-11
-2.151112e-11
-7.470572e-11
8.416050e-12
-5.362419e-12
-9.229308e-11
-4.198353e-03
-4.868411e-03
-1.374755e-02
6.647975e-04
3.168497e-03
-7.032205e-03
1.891117e-02
2.559889e-02
1.710583e-02
4.938875e-11
-4.290786e-11
-3.297865e-11
7.258797e-11
1.889136e-11
9.232422e-12
-1.264879e-10
-1.275911e-11
-1.825478e-11
-5.096631e-09
-2.084600e-09
-2.166339e-09
1.331754e-09
4.114091e-09
6.340798e-09
-3.657458e-09
1.811867e-11
3.196012e-09
-4.128889e-02
-1.598100e-02
-1.654309e-02
-4.921696e-03
-8.089623e-03
6.799958e-03
-1.273263e-02
-2.275014e-02
3.881921e-03
-5.228851e-11
-5.846422e-11
3.650157e-12
1.678589e-11
-1.587027e-10
-6.856660e-11
-1.256139e-10
-1.130775e-11
-1.147153e-10
1.190240e-02
5.682167e-03
-1.884327e-03
-1.992760e-02
-4.254665e-02
9.664159e-04
3.012649e-02
6.333657e-03
7.627396e-03
-5.278014e-02
-3.899156e-02
-2.881472e-02
-6.838199e-02
-6.535480e-02
-4.759997e-02
-6.264389e-02
-5.219663e-02
-4.407562e-02
-2.761514e-10
-3.588463e-10
-5.532924e-10
-2.072646e-10
-2.645045e-10
-4.773187e-10
-3.716728e-10
-5.089801e-10
-6.867948e-10
-1.985781e-02
-3.087697e-02
-2.588643e-02
-1.003294e-02
-2.382243e-02
-5.778602e-03
4.399073e-03
-6.303554e-04
1.271280e-02
-3.899526e-02
-3.825810e-02
-3.793392e-02
-2.804490e-02
-3.218912e-02
-6.165611e-02
-5.451882e-03
-1.480080e-02
-4.076540e-02
-1.780021e-10
-1.114899e-10
-5.481041e-11
-1.686281e-10
-1.425038e-10
-4.651737e-11
-7.773800e-11
-4.064377e-11
-1.886944e-10
1.223927e-10
3.270114e-11
-1.075246e-11
2.450550e-10
1.134369e-10
1.092966e-10
1.819729e-10
2.407095e-10
1.912067e-10
-1.299060e-10
-9.508259e-11
-1.401824e-10
-1.568802e-10
-1.229586e-10
-1.600433e-10
-1.817514e-10
-2.236697e-10
-3.426810e-11
1.391828e-02
1.160631e-02
7.440554e-03
-1.390836e-02
3.749808e-03
-2.622421e-03
-8.270584e-03
-5.263855e-03
-3.572444e-03
-2.256997e-04
-2.885409e-05
1.616224e-04
5.095957e-05
8.408829e-05
4.989880e-05
-4.471463e-05
-5.808833e-05
-1.332307e-04
-2.891373e-10
-1.883297e-10
-1.812124e-10
-1.521551e-10
-1.017874e-10
-1.858281e-10
-1.719880e-10
-1.997351e-10
-1.610857e-10
-8.440208e-03
2.937961e-02
2.684638e-02
4.576635e-03
5.323971e-02
4.287195e-02
-1.720436e-02
1.750647e-02
-1.010514e-02
2.610824e-10
2.499178e-10
1.464961e-10
2.721155e-10
2.668326e-10
2.062819e-10
4.689147e-10
2.762023e-10
2.202023e-10
-4.286664e-08
-9.299551e-08
1.169616e-08
8.736361e-09
-7.553759e-08
3.273729e-08
4.353903e-08
-5.297396e-08
5.616553e-08
-4.793051e-02
-6.924252e-02
-6.661271e-02
-4.421628e-02
-7.202824e-02
-5.252994e-02
-3.474976e-02
-3.925217e-02
-3.427801e-02
3.284184e-11
-1.206323e-10
-1.150379e-10
-6.572045e-11
-9.702427e-11
1.490542e-11
-6.071792e-11
-6.526620e-11
-9.407349e-11
-8.981348e-03
3.992490e-02
-2.246196e-02
-1.054014e-02
4.416868e-02
-3.244496e-02
-1.719083e-02
4.448452e-02
-2.520622e-02
1.939450e-02
7.469757e-03
-2.037636e-02
7.392253e-03
-4.957198e-04
-1.517199e-02
8.450715e-03
1.157046e-02
2.110047e-02
-5.288321e-10
8.753935e-10
5.802511e-10
-3.972206e-10
8.953969e-10
3.749998e-10
-4.199525e-11
1.027693e-09
3.180040e-10
1.257724e-02
5.020466e-03
-5.598412e-03
-7.153470e-03
1.344975e-02
-9.403616e-03
-1.192819e-02
8.216654e-03
1.203511e-02
-1.272319e-02
3.755130e-03
-1.210871e-02
2.026067e-02
2.683807e-02
-9.671403e-03
1.022724e-02
-9.403588e-03
-6.779183e-03
4.129350e-11
5.164381e-11
9.505036e-11
3.114895e-11
5.768813e-14
3.213014e-11
6.831970e-11
-4.095420e-11
3.549770e-11
8.207206e-11
2.335190e-11
4.829961e-11
4.812583e-11
1.058991e-10
6.670926e-11
4.621688e-11
6.511620e-11
2.816773e-11
2.192924e-11
-1.442316e-11
-9.986364e-11
6.802350e-11
-3.580812e-13
4.845854e-11
3.001134e-11
6.163955e-11
3.602138e-12
1.082888e-02
-2.961856e-03
4.912543e-03
1.496844e-02
4.598597e-03
-1.393640e-02
1.680480e-02
8.979919e-03
-1.400132e-02
1.532125e-04
-4.952058e-05
-5.562860e-05
1.214833e-04
1.627587e-05
-3.720370e-05
8.743596e-06
-1.254844e-05
1.671048e-06
9.269601e-11
1.115191e-10
1.264064e-10
1.718338e-10
1.025145e-10
1.226532e-10
1.534611e-10
1.689678e-10
2.424313e-10
3.276265e-03
-8.584050e-03
6.325708e-03
1.140220e-02
2.010150e-02
3.882249e-02
4.813659e-03
2.410835e-02
4.722201e-02
1.863455e-11
-4.668063e-11
-1.563218e-11
-1.227139e-11
-9.911389e-12
-1.767133e-11
-1.042712e-11
2.903216e-11
3.083300e-11
1.189060e-07
5.026677e-07
-3.759210e-07
1.244761e-07
4.893627e-07
-2.997560e-07
2.235394e-08
5.388608e-07
-3.239613e-07
3.183213e-02
1.859114e-02
-1.934926e-02
4.808608e-03
2.860728e-02
9.625628e-03
2.976087e-02
4.194939e-03
2.004155e-02
2.114910e-10
7.332103e-11
9.510338e-11
6.491826e-11
1.933560e-10
1.751857e-10
1.359160e-10
1.982281e-10
1.870434e-10
-6.988641e-03
-5.168011e-03
1.949165e-03
8.642405e-03
8.235400e-03
6.514336e-03
7.777439e-03
-1.029697e-02
-1.445397e-03
-2.715211e-02
-1.609123e-02
-1.441869e-02
-5.394084e-02
-5.219172e-02
-5.168791e-02
-2.593232e-02
-1.883532e-02
-2.057143e-02
-3.761769e-11
-7.463145e-11
-1.095010e-10
-6.780930e-10
-7.069407e-10
-3.737908e-10
-1.776050e-09
-2.785595e-09
-2.044541e-09
-4.347675e-03
-3.471393e-02
-3.344144e-02
-1.455352e-02
-4.182490e-02
-3.607157e-02
-5.894023e-03
-2.445854e-02
-1.490763e-02
-3.529185e-02
-3.115716e-02
-1.934117e-03
-2.694969e-02
-4.637719e-02
-2.738004e-02
-8.346774e-03
-2.314166e-02
-4.827531e-03
-1.247733e-10
4.595082e-11
-1.102300e-11
-1.010885e-11
6.345816e-11
3.786277e-11
-6.334551e-12
3.152252e-11
-8.944023e-11
3.620426e-12
-5.311529e-11
-1.132194e-10
-1.012279e-10
1.652568e-10
2.260773e-11
8.241610e-11
7.703420e-12
1.329205e-10
-6.728967e-11
-5.832391e-11
-1.159151e-10
-9.441332e-12
-2.313969e-11
-5.362868e-11
-1.017442e-10
-4.212351e-11
-1.000146e-10
-2.824964e-02
-1.589443e-02
-1.883061e-02
-2.720132e-02
-1.400783e-02
-2.947155e-02
-1.183788e-02
-1.410723e-02
-1.200710e-02
-1.457263e-05
1.994834e-05
-3.712910e-05
1.725097e-04
7.344688e-05
-1.011694e-04
2.398703e-04
8.868143e-06
-2.270258e-04
-8.657815e-11
-9.976903e-11
-5.033273e-11
-3.577917e-11
-1.513085e-10
2.808625e-11
-1.830436e-12
-3.672332e-11
-6.381762e-11
-3.239914e-03
-2.903661e-03
-1.293492e-03
-1.560053e-02
-1.555952e-02
-1.839797e-02
-1.793753e-02
-1.543642e-02
-2.960254e-02
-6.040116e-12
-2.125690e-11
3.064709e-11
5.580331e-11
6.928863e-11
2.662753e-11
7.833049e-11
1.403871e-10
1.278166e-10
-4.881663e-07
-2.075524e-08
-1.754990e-07
-3.852527e-07
2.062964e-07
2.730852e-07
-3.115659e-07
1.506055e-07
4.661952e-07
3.924738e-03
-3.262826e-02
-2.024895e-02
-4.545021e-02
-5.044532e-02
-1.564864e-02
-3.887932e-02
-3.633434e-02
7.477479e-03
-1.226561e-10
-7.376803e-11
-4.302190e-11
-8.478364e-11
-1.429319e-10
-1.207041e-10
3.156852e-12
-2.411274e-11
3.694893e-11
1.509397e-04
5.001679e-02
-1.347468e-02
-2.139027e-02
7.987816e-03
-4.752189e-02
-4.078945e-03
-4.816731e-03
-2.064866e-02
-2.786743e-02
-1.875501e-02
-6.253637e-03
-4.794168e-02
-2.591976e-02
7.436703e-03
-1.792066e-02
-2.608202e-02
-2.049926e-03
4.188220e-11
1.028497e-10
1.719744e-10
1.930055e-11
7.875087e-11
5.998046e-11
-1.674242e-12
1.725909e-10
1.296148e-10
-2.049253e-02
-2.800301e-02
-1.852763e-02
-1.261277e-02
-2.397949e-02
-1.285800e-02
5.685296e-03
-2.380865e-02
-9.410984e-03
1.899494e-02
-1.710050e-03
1.481264e-02
-9.658705e-03
-7.146210e-03
4.530289e-03
1.710736e-02
-4.067027e-03
-6.539971e-04
-1.653912e-10
-1.030593e-10
-5.776553e-11
-1.753313e-10
-9.769850e-11
-5.840136e-11
-1.086977e-10
-1.567724e-10
-4.381103e-11
1.684397e-10
3.207126e-11
9.002207e-11
5.055640e-11
1.309649e-11
9.250383e-11
6.228761e-11
5.703757e-11
7.218889e-11
-1.239188e-10
-1.974994e-10
-1.858424e-10
-6.186487e-11
-1.621719e-10
-1.379615e-10
-1.217014e-10
-2.188148e-10
-1.725201e-10
2.615934e-03
6.539510e-04
3.215401e-03
4.448304e-03
1.449284e-02
1.648451e-02
2.364064e-02
1.368317e-02
2.515664e-02
5.852150e-05
-7.278883e-05
-1.270597e-04
-7.080877e-06
-9.669258e-06
-1.487336e-04
-8.722003e-05
-1.117091e-04
-1.724690e-04
7.228306e-11
1.552369e-11
5.090343e-11
4.828042e-11
3.543826e-11
1.134338e-10
-1.131127e-11
-2.930539e-11
4.159958e-11
-5.646408e-03
2.182351e-03
4.380590e-03
-5.150599e-03
-1.821561e-02
-9.159801e-03
-2.433773e-03
-2.053898e-02
-2.113609e-02
2.111833e-10
2.210856e-10
8.174691e-11
1.066589e-10
9.267074e-11
2.185067e-11
9.112055e-11
1.267516e-10
1.226213e-10
3.178869e-08
1.017334e-07
4.000254e-08
7.125212e-08
5.404993e-08
8.568450e-08
-4.000231e-08
2.856431e-08
2.565693e-08
-5.239650e-04
-4.012559e-02
-3.239145e-02
-5.444185e-03
8.655048e-03
-2.390438e-02
-2.951280e-03
-1.864355e-02
-1.533694e-02
-1.280287e-10
-9.484601e-11
-9.481418e-11
-1.079962e-10
-1.266190e-10
-8.327311e-11
-1.995758e-11
-9.186084e-11
-1.369277e-10
2.547232e-02
2.299407e-02
1.830524e-02
-3.169243e-02
-2.551185e-02
-8.778632e-03
1.198303e-03
2.115365e-02
3.375179e-02
-4.079829e-03
1.049337e-02
1.966938e-02
2.483691e-02
3.188256e-02
2.323697e-02
2.413434e-02
1.214298e-02
1.136894e-02
8.752482e-10
7.281780e-10
1.816217e-09
-2.147794e-10
-5.830724e-10
3.442666e-10
1.027251e-09
5.679972e-10
1.281327e-09
1.489545e-02
1.694119e-02
2.098396e-02
4.892178e-02
4.037357e-02
4.525914e-02
3.006100e-02
1.539887e-02
3.173529e-02
-1.945291e-02
-8.450742e-03
-1.620749e-02
-6.645393e-03
1.111120e-02
9.779694e-03
7.449744e-03
-9.523328e-03
-1.304636e-02
2.300106e-11
1.154681e-10
1.110462e-11
-2.973144e-11
2.890674e-11
-1.457469e-10
2.191183e-11
7.468913e-11
-2.263229e-11
-2.138650e-11
-1.657586e-11
-1.349184e-10
-2.918364e-11
7.832341e-11
7.262234e-11
-8.212014e-11
4.234029e-11
6.108779e-11
7.496413e-11
-1.291668e-11
-1.912404e-11
1.025240e-10
-6.388742e-11
-1.140225e-10
1.208044e-10
-3.404751e-11
-5.468895e-11
4.879620e-03
-6.153252e-03
-3.062909e-03
-1.533175e-03
-7.918727e-03
-1.913468e-03
3.605342e-04
-3.225285e-03
2.931150e-03
-6.783246e-05
-1.062584e-04
-1.276567e-04
1.262873e-04
1.160299e-04
7.516318e-05
1.669450e-04
1.032567e-04
-4.887185e-05
1.069775e-10
1.855589e-10
6.483828e-11
1.941947e-10
1.793512e-10
1.284423e-10
2.237608e-10
2.257334e-10
1.548062e-10
2.826305e-02
3.383489e-02
8.916628e-03
2.047900e-02
1.937369e-02
1.206261e-02
-5.869630e-03
6.337972e-03
2.697435e-03
-9.021996e-11
4.903328e-11
-1.626783e-11
-5.324152e-11
2.289228e-11
-2.718707e-11
-1.660047e-10
-1.061014e-10
-1.285428e-10
-5.946481e-08
-2.549058e-07
-1.461664e-07
2.411028e-08
-9.126796e-08
-1.040711e-08
8.257819e-08
-2.336641e-08
1.045228e-07
1.356928e-02
3.336309e-02
3.119916e-02
5.646478e-02
3.941619e-02
1.890193e-02
4.253769e-03
1.712482e-02
1.155237e-02
3.521662e-11
1.498596e-10
1.260857e-11
2.243814e-11
8.682031e-11
3.606341e-11
1.270259e-10
1.215383e-10
1.101001e-10
5.688339e-03
-8.767760e-03
-1.051468e-02
8.740515e-03
-3.805654e-03
1.167660e-02
6.667788e-03
-8.305315e-03
5.174252e-03
4.365862e-03
-8.535478e-03
1.565121e-03
-1.274719e-02
-3.525665e-02
-1.243168e-02
-1.001137e-02
-2.274557e-02
-4.314912e-03
3.785619e-12
2.891272e-11
-2.425352e-11
6.217856e-11
4.177005e-11
1.884020e-10
1.266418e-10
7.793528e-11
2.282922e-10
1.399130e-02
-2.161167e-02
-2.211967e-02
1.168448e-02
-3.365808e-03
-1.621560e-02
-1.385468e-02
-6.189848e-03
-1.143372e-03
-9.010954e-03
3.621824e-03
-1.274731e-03
1.020494e-02
-2.640478e-02
-1.043309e-02
1.469218e-02
-3.965190e-02
-1.426738e-03
7.631399e-11
1.378895e-11
2.169690e-11
-2.551642e-12
-4.296020e-11
8.430631e-11
6.364553e-11
9.616291e-11
-6.618405e-12
6.646401e-11
-4.142678e-11
-3.856360e-11
1.213372e-11
-4.818450e-11
-2.126544e-11
2.096058e-11
4.468291e-11
2.643453e-11
-1.145077e-10
-1.076975e-10
-5.666088e-11
-6.852681e-11
-6.960218e-11
-3.743622e-11
-9.786455e-11
-1.456598e-10
-1.914762e-11
6.204003e-03
-2.132483e-02
-3.703562e-02
-8.698316e-03
-2.499792e-02
-3.326769e-02
-1.487183e-02
-2.958319e-02
-4.342496e-02
5.219326e-05
7.402072e-05
5.949464e-05
1.346267e-05
8.507739e-05
3.221010e-05
-9.964184e-05
9.214935e-06
3.814076e-05
1.040000e-10
1.914031e-10
1.444839e-10
2.127447e-10
2.510803e-10
1.394739e-10
1.526180e-10
2.225252e-10
1.994958e-10
-1.358908e-02
2.533423e-03
-1.479489e-02
-1.543384e-02
-1.209673e-02
-3.237605e-02
-1.172534e-02
-1.354804e-02
-3.918687e-02
-8.966500e-11
3.819234e-11
-6.161709e-11
-2.988330e-11
9.328379e-11
-1.670116e-10
-4.271101e-11
7.263825e-11
-2.593154e-11
-2.616883e-09
-3.361960e-11
2.250622e-09
1.551572e-10
9.322044e-10
6.440840e-09
5.129378e-09
5.280552e-09
6.140923e-09
9.161123e-03
-3.339591e-02
-2.103239e-02
-1.470108e-02
-3.495751e-02
-4.525176e-02
-5.573632e-03
-3.083876e-02
-3.769114e-02
6.928936e-11
1.675492e-10
1.712202e-10
9.425835e-11
1.142759e-10
7.956416e-11
-5.252394e-11
1.437378e-10
1.065955e-10
-9.032340e-04
-2.863003e-02
6.258093e-03
-2.423014e-02
-4.353249e-02
2.519288e-02
1.088322e-02
-3.131981e-02
1.338348e-02
1.054633e-03
-1.173414e-02
-1.093668e-02
-4.683460e-02
-3.839668e-02
-2.110952e-02
-3.131988e-02
-8.591659e-03
9.363865e-03
8.560925e-10
-2.246213e-10
-8.847711e-11
1.060678e-09
8.392587e-10
1.235692e-09
-7.928943e-11
3.307074e-10
3.163844e-10
-1.603472e-02
-1.948304e-02
-1.253558e-02
-4.987058e-02
-1.943709e-02
-3.263992e-02
-9.571702e-03
-5.284132e-03
6.522330e-03
-4.019709e-02
-2.181840e-02
1.498121e-02
-2.807667e-02
-2.219325e-02
-1.802613e-02
-1.906707e-04
-4.585457e-03
-1.666489e-02
7.709747e-11
1.276843e-10
1.035027e-10
-3.045253e-11
2.754619e-11
4.376847e-12
-2.191430e-11
3.794388e-11
1.722464e-11
7.772487e-11
-1.360324e-10
-3.721691e-11
-8.444139e-12
-1.543378e-10
-1.784078e-11
1.946782e-11
-9.313479e-11
-9.260043e-11
1.002584e-10
-4.944933e-11
1.267076e-10
-3.593719e-12
7.580380e-11
9.164716e-11
2.347048e-11
-6.156654e-11
-2.527636e-11
1.211534e-02
8.868077e-03
1.349684e-02
2.479156e-02
2.868782e-02
1.882308e-02
-1.384635e-02
-3.047039e-02
1.340005e-02
2.656037e-05
1.720726e-04
6.927358e-05
8.756296e-05
-2.462064e-05
1.987182e-05
-1.824836e-04
-1.745600e-04
-5.387866e-05
1.029140e-10
4.970691e-11
1.395594e-11
6.859007e-11
4.030574e-11
1.817809e-11
2.004628e-11
1.871642e-11
4.512217e-11
4.895330e-03
-3.591280e-03
-8.846241e-04
4.704427e-02
3.082704e-02
2.396011e-02
-4.616054e-03
-9.156515e-03
-1.993446e-02
-1.357228e-11
9.375730e-12
4.004563e-11
-1.177859e-11
-5.298832e-11
-9.950668e-11
-8.972826e-11
-4.472687e-11
-2.951076e-11
-7.258260e-08
-3.852788e-08
1.845101e-07
-1.507943e-07
-2.694701e-07
-1.900936e-07
-2.636111e-07
-3.142985e-07
-2.839900e-07
-7.410457e-02
-1.999742e-02
-2.072777e-02
-7.992159e-02
-7.227586e-02
1.329925e-02
-4.096195e-02
1.844538e-03
3.455725e-02
2.154976e-11
-2.630270e-11
-1.131792e-11
2.024041e-11
-6.185125e-13
-5.942512e-11
-8.365459e-11
-1.754474e-10
-1.519807e-10
7.747636e-04
-1.808947e-02
-1.603181e-02
3.132063e-03
-5.130570e-03
-1.256115e-02
2.783670e-02
2.198469e-02
1.090327e-02
-8.801389e-03
-1.193428e-02
-1.634115e-04
-3.489016e-03
-1.158619e-02
-4.645955e-03
-2.287989e-02
-2.252614e-02
-1.081160e-02
1.717588e-10
2.009750e-10
2.665604e-10
1.034347e-10
2.422788e-10
1.759246e-10
1.315398e-10
1.981314e-10
2.525127e-10
1.705439e-02
1.389396e-02
7.908657e-03
2.560324e-03
-4.105486e-03
-1.299609e-02
-3.576508e-03
-6.872018e-03
-2.100028e-02
-2.037219e-03
-5.218465e-03
1.398501e-02
-1.446719e-02
-2.341421e-03
1.071832e-02
-6.631246e-03
-2.078854e-03
5.368083e-03
-1.556957e-10
-2.571053e-10
-1.727154e-10
-1.265472e-11
-1.778385e-10
-1.060600e-10
6.767958e-12
-9.272308e-11
-3.671835e-11
1.008760e-10
1.264820e-10
1.022997e-10
1.916040e-10
1.456434e-10
1.074168e-10
1.669585e-10
1.303893e-10
1.568114e-10
-5.133399e-11
-8.616007e-11
-7.538105e-11
4.047578e-11
-1.183707e-10
-1.978548e-10
7.577330e-12
-3.916309e-11
-1.187249e-10
1.831764e-02
2.289848e-02
7.629929e-03
8.032737e-03
7.414224e-03
5.077197e-03
-1.048601e-02
-1.323219e-02
-1.026109e-02
-1.520603e-04
-8.739209e-05
1.385148e-05
-1.280121e-04
-2.457556e-05
9.957294e-05
-1.255857e-04
1.717002e-06
1.884347e-04
3.017792e-11
9.804725e-12
-2.573937e-11
1.035037e-10
8.656633e-11
3.916390e-11
1.803367e-10
4.350620e-11
1.937643e-12
-1.425012e-02
-2.293577e-02
-3.541765e-03
-3.832826e-02
-5.467812e-02
-2.729009e-02
-2.846859e-02
-5.036069e-02
-2.535111e-02
2.667782e-10
1.371303e-10
1.322232e-10
5.053982e-11
1.188377e-10
2.306073e-10
1.548979e-10
8.048566e-11
1.185851e-10
-1.345550e-09
-4.193437e-10
8.922005e-12
-1.064110e-09
-6.713048e-10
-1.877448e-10
-4.854351e-10
-5.218302e-10
4.060021e-12
-7.017373e-03
5.171243e-04
1.115156e-02
3.728732e-03
2.293586e-03
-2.684987e-03
-3.019901e-03
2.752060e-03
-7.194579e-03
-8.167390e-11
-6.616709e-11
-1.288186e-10
-9.174497e-11
-2.160772e-11
-2.173356e-11
9.866680e-12
9.238740e-11
-1.088850e-10
-1.054352e-02
2.398619e-03
-3.692105e-02
-4.160514e-03
4.959221e-03
-9.735240e-03
1.457738e-02
-1.997806e-02
1.898496e-02
-1.531735e-02
-6.031411e-04
6.663724e-03
2.209375e-03
-1.689836e-02
-5.356028e-03
-6.309221e-03
-4.819897e-03
-1.891712e-02
-1.149445e-09
-8.809594e-10
-4.226550e-10
-1.373831e-09
-1.120115e-09
-6.462133e-10
-4.862960e-10
2.195572e-10
4.959209e-10
2.499647e-02
9.046302e-03
1.885996e-02
-4.218458e-02
-4.153335e-03
3.757070e-03
-6.143434e-03
-9.762084e-03
-1.516689e-02
-3.262234e-02
-2.390330e-02
1.090424e-02
-1.402521e-02
1.536781e-02
-1.368820e-02
-1.437657e-02
1.832587e-02
-3.631266e-03
1.524491e-10
-3.897475e-11
4.745587e-11
1.364176e-10
-5.545711e-11
1.405853e-10
-2.678249e-11
-9.173242e-11
1.851382e-11
-1.924634e-10
-1.856348e-10
-1.146442e-10
-2.388642e-10
-2.812317e-10
-1.435284e-10
-2.798580e-10
-3.084880e-10
-3.535378e-10
1.351833e-10
1.926823e-10
1.857438e-10
2.250864e-10
9.502695e-11
1.558992e-10
1.975392e-10
1.805382e-10
1.533822e-10
1.756747e-02
3.154460e-02
-9.713638e-03
-5.102356e-03
2.029002e-02
-2.843591e-02
-1.618467e-02
-2.116832e-02
-2.242215e-02
-2.044590e-04
-1.944566e-04
-1.100216e-04
1.258366e-05
1.110166e-04
1.972617e-04
-7.864378e-05
2.067706e-04
2.554838e-04
-1.398309e-11
2.755359e-11
-2.550093e-11
1.294583e-10
1.147802e-10
3.662206e-11
-4.342873e-12
-1.073017e-11
-6.927308e-11
1.178739e-02
3.210730e-02
1.383342e-02
5.828838e-02
8.835134e-02
4.943081e-02
2.364052e-02
4.860215e-02
3.199829e-02
-1.841435e-10
-2.447496e-10
-3.015530e-10
-2.488335e-10
-2.173567e-10
-2.370589e-10
-1.345293e-10
-3.382269e-10
-2.081791e-10
-7.396713e-08
3.160343e-07
1.973979e-07
-4.440024e-08
1.006242e-07
5.026441e-08
-5.666917e-08
4.269120e-09
-5.981147e-08
1.660467e-02
-1.313224e-02
-1.701155e-02
-4.974009e-02
-5.003471e-03
1.136480e-02
-1.564689e-02
2.083585e-02
-2.638165e-02
2.181239e-11
7.180341e-11
-2.586164e-12
7.498478e-11
1.050453e-10
-3.503607e-11
-2.105649e-11
-1.167254e-10
-7.816447e-11
-4.371279e-03
5.284708e-03
9.013786e-04
-1.413405e-02
-8.427493e-04
4.159058e-03
-7.890039e-03
-8.487999e-03
2.534468e-03
-1.615444e-02
1.003224e-02
1.019645e-02
-6.129100e-02
-7.934491e-03
2.040478e-02
-3.000368e-02
-1.287138e-02
8.857870e-03
-4.399228e-10
3.731950e-10
9.872885e-10
-1.198017e-09
-1.189000e-09
-1.266671e-09
-1.160994e-09
-1.472105e-09
-1.231539e-09
-3.703113e-02
-3.624901e-03
-5.049874e-03
-2.583068e-02
-5.100330e-03
-4.104755e-02
8.098215e-03
2.757641e-02
1.025944e-02
-8.638454e-03
-2.693258e-02
-1.628579e-02
-1.955347e-02
-1.266132e-02
-5.221520e-03
4.294784e-03
1.312354e-02
4.981693e-03
-5.610309e-11
-6.706239e-11
-1.378943e-10
-5.163677e-11
-1.062325e-13
1.313379e-11
-1.318406e-10
-5.137513e-11
-1.015771e-10
-4.421233e-11
-2.745513e-11
3.201917e-11
-1.151240e-10
7.659305e-11
1.057686e-10
-2.870827e-11
4.042712e-11
3.887329e-11
3.358014e-11
9.939226e-14
7.950171e-11
8.618316e-11
1.686437e-11
-5.870171e-11
7.247838e-11
7.068577e-11
-1.200328e-10
1.584910e-03
-1.905074e-02
-5.258173e-03
1.018103e-02
-1.049453e-02
1.314742e-03
5.105964e-03
-1.262282e-02
2.390114e-03
1.028278e-04
7.234244e-05
6.208063e-05
5.465007e-05
-5.466110e-05
5.156509e-05
-7.722587e-05
3.395700e-05
1.227560e-04
-4.588401e-11
-1.643419e-11
1.868386e-11
-8.443247e-11
7.798070e-11
1.580453e-10
-2.521966e-11
-3.306933e-11
1.245972e-10
8.840183e-04
7.702651e-03
-1.195029e-02
1.379991e-02
2.413902e-02
3.731427e-04
-2.839359e-03
4.329052e-03
-4.142927e-03
6.028709e-11
1.346566e-10
2.217082e-11
-4.799033e-11
1.107579e-10
-3.732568e-11
3.692187e-12
1.121692e-10
-5.033887e-11
-1.584615e-07
-3.144998e-08
-1.634451e-07
-2.610187e-08
-9.832562e-08
1.056496e-07
-3.227778e-07
2.661544e-07
1.477448e-07
-3.520114e-02
1.053540e-03
-1.290455e-02
-2.537545e-02
-3.635228e-02
-9.537287e-03
-1.165057e-02
1.395474e-02
-1.617367e-02
-1.282758e-10
-7.631361e-11
-2.854609e-11
-9.739216e-11
3.506747e-11
6.361085e-11
-7.283766e-11
-5.495636e-12
-7.981856e-12
-8.290734e-03
9.280108e-03
-5.630718e-03
-3.657540e-02
2.746440e-02
1.290463e-02
6.992748e-03
1.910760e-02
2.037241e-02
3.936055e-02
3.591498e-02
7.787057e-03
5.054158e-02
5.404617e-02
3.513378e-03
4.328447e-02
4.135177e-02
1.398507e-02
2.388107e-09
-1.111240e-09
2.633112e-10
-4.446123e-10
-1.565314e-09
-2.202024e-09
2.071577e-10
6.454313e-10
3.638622e-10
-1.864031e-02
1.581132e-03
-4.417493e-04
8.516503e-03
1.216811e-02
-1.677162e-02
-5.596039e-03
-2.393163e-02
-1.208161e-02
3.668563e-02
4.303053e-02
2.611006e-02
-1.914379e-03
3.026491e-02
6.196377e-03
-8.680189e-03
2.075112e-02
-7.663051e-03
-8.950132e-11
-1.536236e-10
-9.406556e-11
-9.512158e-11
-1.351961e-10
-5.886960e-11
-5.505930e-11
-1.739235e-10
-1.016862e-10
6.098108e-12
1.695099e-11
-5.996653e-11
-9.148278e-12
-2.990637e-12
-1.097966e-10
-3.745726e-11
1.002801e-11
-3.706309e-11
-9.792351e-11
-3.472404e-11
-8.512200e-11
5.915276e-11
-3.238121e-11
-5.881721e-11
-5.016885e-11
-6.591826e-11
-1.066802e-10
-1.274899e-03
-1.397775e-02
-1.615792e-02
-2.148971e-02
-8.227618e-03
-1.210311e-02
-1.002341e-02
-3.069915e-02
-1.022855e-02
1.020939e-04
2.711258e-04
2.564189e-04
1.753993e-04
3.104381e-04
3.598849e-04
2.900477e-04
3.434944e-04
2.281931e-04
1.708027e-11
-8.562336e-11
-7.515751e-11
-6.354592e-11
2.895731e-11
-5.749276e-11
5.827293e-12
-6.857874e-11
-9.667898e-11
-1.568505e-02
-7.411466e-03
7.500624e-03
-3.159847e-02
-4.442737e-02
-1.970921e-02
-2.841181e-02
-2.568591e-02
-2.031753e-02
-5.333544e-11
-2.266181e-11
-8.372447e-11
2.528254e-11
-4.259224e-11
-3.786157e-11
1.305643e-10
1.153451e-10
-1.933104e-11
-1.952073e-07
-1.918182e-07
5.413370e-07
-4.752795e-08
1.231435e-07
-2.077256e-08
-1.456632e-07
-1.796309e-07
5.618416e-07
-1.784672e-03
2.128061e-02
4.753856e-03
3.261053e-03
6.106140e-02
-2.334194e-02
-1.094098e-02
3.804100e-02
8.460095e-03
3.279770e-11
-1.088215e-10
-5.431876e-11
2.431153e-11
3.695735e-11
-5.330372e-11
-5.108825e-11
3.164594e-11
-2.219530e-11
-1.067481e-02
-1.735600e-02
-5.423712e-03
-3.411711e-03
-9.075382e-03
1.149645e-02
-1.100567e-02
-6.402236e-03
5.720337e-03
1.201099e-02
1.008083e-02
-5.182501e-03
3.135774e-02
2.342854e-02
2.383460e-02
1.897835e-02
4.693440e-02
1.181924e-02
5.369104e-10
7.970404e-10
7.208705e-10
5.143737e-10
7.145872e-10
2.942282e-10
3.752796e-10
4.584089e-10
3.879459e-10
1.301938e-02
4.509001e-02
2.595944e-02
1.514581e-02
-2.028681e-02
-7.617857e-03
3.030787e-03
-1.701079e-02
2.578647e-03
3.033420e-02
1.940808e-02
-6.871176e-03
-4.741477e-03
4.620353e-03
5.697618e-03
-5.884949e-03
-1.274783e-02
-2.659794e-03
-1.095815e-10
-1.073233e-10
-6.719166e-11
-3.453201e-11
-3.671881e-11
-4.723674e-11
4.355104e-11
-3.765282e-11
-4.410431e-11
1.376675e-10
1.565486e-10
1.542119e-10
1.385231e-10
2.215336e-10
9.087123e-11
1.312655e-10
1.692442e-10
1.402356e-10
-6.135873e-11
-7.763708e-11
-6.304773e-11
-9.898705e-11
-1.334647e-10
-1.583912e-10
-4.792266e-11
-1.171645e-10
-1.270107e-10
4.973366e-03
9.605087e-03
-1.201568e-03
2.666769e-02
8.431749e-03
2.225388e-02
1.092747e-02
8.395990e-03
2.767551e-02
2.192901e-05
1.722634e-04
1.090629e-04
9.899145e-05
9.753122e-05
6.239666e-06
4.729349e-05
-1.867351e-05
-1.084827e-04
1.085005e-11
-6.526236e-11
-1.385167e-10
1.193097e-11
-1.414760e-10
-1.557482e-10
-4.964557e-11
-2.783474e-11
-3.032320e-11
-1.328788e-02
-4.734518e-02
-2.609040e-02
-5.087291e-02
-8.782037e-02
-4.844479e-02
-1.714653e-02
-5.151957e-02
-1.315240e-02
1.227086e-10
1.211408e-10
2.060043e-10
1.021093e-10
2.232000e-10
1.900010e-10
1.564415e-10
2.368606e-10
2.192656e-10
-1.807802e-07
1.303500e-07
1.004720e-07
-1.375300e-07
1.838475e-07
1.005480e-07
-1.642305e-07
1.546158e-07
-7.521788e-08
1.912587e-02
4.436960e-02
3.360517e-02
4.107364e-02
-7.081352e-03
-2.450328e-02
-1.861757e-03
8.202143e-04
2.656426e-03
7.440878e-11
1.092374e-10
7.226284e-11
6.179714e-11
1.271950e-10
6.725676e-11
9.943984e-11
1.003679e-10
1.577018e-10
2.152590e-03
-1.166564e-02
1.082872e-02
3.045692e-02
2.446679e-03
8.202405e-03
4.586433e-03
-8.419952e-03
-1.739274e-02
3.558693e-02
2.593256e-02
6.119028e-03
4.350539e-02
4.094489e-02
1.437637e-02
4.025682e-02
1.306408e-02
8.976091e-03
3.329303e-11
4.524550e-12
-8.618822e-11
8.459929e-11
1.438948e-10
5.996051e-11
5.002991e-10
5.888961e-10
3.147273e-10
-2.256118e-02
-1.038043e-02
-1.404705e-02
-2.018624e-02
-1.659916e-02
-1.686437e-02
-2.030423e-02
-2.214894e-02
-2.771497e-02
2.075511e-02
5.812785e-02
3.177058e-02
4.377742e-02
5.397823e-02
1.959142e-02
5.209668e-02
4.794522e-02
8.609270e-03
-9.397119e-11
5.960678e-11
2.278298e-13
1.760387e-11
3.692630e-11
2.019746e-12
8.513548e-11
7.627656e-11
6.761575e-11
-2.571416e-11
1.227737e-10
8.179252e-11
9.494926e-11
1.318434e-10
6.146927e-11
-6.156536e-11
-1.190089e-11
3.789029e-11
-2.236484e-12
5.365118e-11
-1.322070e-10
1.513169e-11
6.122197e-11
2.414018e-11
9.842387e-11
1.399223e-11
5.032984e-11
-2.679125e-02
-2.502973e-02
-1.149174e-03
-2.294540e-02
-3.310546e-02
-8.202903e-03
-9.616236e-03
-3.565922e-02
-2.247452e-02
1.183415e-04
1.313753e-04
5.943479e-05
4.993014e-05
-1.745291e-04
-3.320620e-05
2.029538e-04
-4.905077e-07
-1.935577e-04
3.706444e-11
-1.140837e-10
1.541349e-11
6.760001e-12
-3.102896e-11
4.193433e-11
2.666690e-11
-6.491509e-11
1.432688e-10
-3.535059e-03
-1.482616e-02
-1.583808e-03
-8.831989e-03
-2.912603e-02
-1.785792e-02
-1.336118e-02
-1.630026e-02
-8.110186e-03
4.191717e-11
-2.266394e-11
-6.913851e-11
2.108795e-13
-3.547874e-11
5.108945e-11
1.097653e-10
2.197435e-11
-4.785762e-11
-7.813445e-09
7.152154e-09
-1.183358e-08
-3.903072e-09
1.560312e-08
-7.361317e-10
-9.854578e-09
1.735453e-08
1.030748e-09
-2.942556e-02
-2.287696e-02
1.170076e-02
4.735918e-04
-9.927901e-03
1.261946e-02
-1.435813e-02
1.136280e-02
-1.757459e-02
1.385686e-11
4.395032e-11
-1.383564e-11
-1.179786e-10
6.467405e-11
1.606606e-11
9.041876e-11
1.277749e-11
7.725025e-11
-4.396158e-02
-7.317513e-02
-8.580276e-02
-3.002579e-04
-2.012177e-02
-3.168261e-02
7.060064e-02
7.418013e-02
3.943232e-02
-1.526534e-02
-6.486590e-03
-1.577789e-02
-7.465499e-03
3.451234e-03
-1.352378e-02
-2.857400e-04
-1.000409e-02
-2.315928e-03
-2.821495e-09
-1.000260e-09
-1.124163e-09
2.041466e-09
2.786274e-09
6.322776e-10
2.064024e-09
6.901232e-09
3.622618e-09
-3.521982e-02
-8.035475e-03
-3.020391e-02
-9.438504e-03
-5.461640e-03
-2.477148e-02
-3.137856e-02
-1.780529e-02
-3.186367e-02
4.929002e-03
1.238809e-02
-8.803388e-03
1.436570e-03
7.552247e-03
-8.396565e-03
7.369944e-03
-5.986300e-03
-1.557302e-02
7.159555e-11
1.483604e-12
7.241136e-11
1.135531e-10
1.489814e-11
1.026721e-10
3.922200e-11
7.280371e-11
1.698324e-10
-6.988923e-12
-5.493150e-11
-1.334851e-12
-6.980217e-11
-8.454428e-11
-1.391032e-10
-2.572037e-11
-9.098362e-11
-6.036839e-11
2.443793e-11
-9.652330e-11
6.585148e-11
5.625357e-11
-4.675193e-11
2.438514e-11
-3.457731e-12
-5.079940e-11
-2.547048e-11
-2.904218e-02
-2.482394e-02
-1.969307e-02
-4.665826e-02
-6.528632e-02
-5.610706e-02
-3.754621e-02
-5.567668e-02
-5.621477e-02
-6.472974e-04
-4.885519e-04
-6.901527e-05
-5.157685e-04
-1.720777e-04
2.967458e-04
-1.265143e-04
4.013151e-04
8.240853e-04
1.340358e-10
9.538479e-11
2.032007e-10
4.494869e-11
8.356793e-11
2.056259e-11
1.204371e-10
1.373048e-10
1.331063e-10
-4.139686e-03
7.578116e-03
2.606870e-03
8.631499e-03
9.243332e-03
8.569369e-04
8.758743e-03
1.229621e-02
3.373100e-03
6.298631e-11
1.312154e-11
-1.594883e-11
8.701731e-11
6.832941e-11
2.332624e-11
2.822700e-11
5.813952e-11
2.230413e-11
5.533858e-07
4.595451e-07
-4.152034e-08
2.063598e-07
-4.362439e-07
3.794558e-07
-5.247066e-08
3.096715e-07
-6.218428e-08
-5.863932e-03
3.036520e-04
1.286864e-03
-3.497754e-03
-1.194486e-03
-9.276956e-03
-1.392580e-02
-2.173466e-02
-6.063991e-03
-1.847885e-11
-7.785757e-11
-1.382166e-10
7.719315e-11
1.216733e-10
-5.991597e-11
-8.250878e-12
-1.046549e-11
5.016461e-11
