9.844944e-01
3.407960e-01
6.434773e-01
6.638122e-01
1.018440e+00
6.861511e-01
8.762631e-01
5.971270e-01
1.099940e+00
8.943328e-01
5.538527e-01
6.402267e-01
8.746110e-01
8.820570e-01
7.917703e-01
6.561627e-01
6.780098e-01
5.128038e-01
7.193915e-01
6.394984e-01
7.048626e-01
4.152455e-01
6.875321e-01
8.250908e-01
6.600736e-01
7.588634e-01
7.797807e-01
8.257005e-01
6.717038e-01
6.899322e-01
7.826210e-01
5.795676e-01
8.715884e-01
7.352570e-01
8.145615e-01
8.864373e-01
7.224478e-01
7.530601e-01
8.179515e-01
8.227996e-01
7.606957e-01
1.255561e+00
8.881806e-01
9.818704e-01
6.859852e-01
6.073909e-01
8.348347e-01
8.025375e-01
1.207139e+00
7.388372e-01
6.618739e-01
7.702589e-01
7.627332e-01
1.032161e+00
8.976533e-01
7.384605e-01
7.538940e-01
6.270638e-01
6.519470e-01
7.035996e-01
5.836028e-01
8.203312e-01
7.393367e-01
9.922646e-01
