-6.563380e-01
-1.828974e-01
-3.822380e-01
-1.480234e-01
-4.045401e-01
-3.741336e-01
-4.296633e-01
-6.734118e-01
-3.815752e-01
-6.536894e-01
-6.775365e-01
-3.947392e-01
-4.930716e-01
-2.677817e-01
-3.782516e-01
-3.661729e-01
-1.370300e-01
-2.765321e-01
-2.496944e-01
-1.593282e-01
-2.549704e-01
-4.963437e-02
-5.066865e-01
-1.477136e-01
-1.276673e-01
-3.389374e-02
-1.253781e-01
-6.287827e-02
-7.009922e-01
-8.828756e-01
-6.052119e-02
-2.759042e-01
-4.613980e-01
-5.917782e-01
-3.682280e-01
-1.750544e-01
-2.177163e-01
-8.610751e-01
-3.951083e-01
-4.739042e-01
-8.056610e-02
-4.569551e-01
-5.654068e-01
6.080223e-03
-3.543651e-01
-2.556455e-01
-5.503041e-02
-1.205282e-01
-8.551234e-02
-4.463531e-01
-7.895499e-02
-6.453478e-01
-9.713521e-02
-1.686609e-01
-4.589141e-01
-4.657730e-01
-7.360637e-01
-4.917945e-01
-5.058224e-01
-3.293146e-01
-5.206537e-01
-4.754816e-01
-5.684371e-02
-9.934182e-01
