9.713901e-01
1.075977e+00
9.496260e-01
1.129025e+00
6.595732e-01
9.031407e-01
1.139022e+00
1.246797e+00
7.994142e-01
9.038356e-01
1.025234e+00
8.660092e-01
9.374790e-01
7.429320e-01
1.035904e+00
9.260702e-01
8.159504e-01
1.067235e+00
1.174282e+00
9.031852e-01
9.816664e-01
9.321610e-01
1.114739e+00
1.193855e+00
1.183143e+00
9.128572e-01
9.746277e-01
1.100262e+00
1.013481e+00
7.849895e-01
8.885498e-01
1.169498e+00
7.945826e-01
1.190019e+00
7.919656e-01
9.025354e-01
9.971765e-01
9.731949e-01
1.192808e+00
9.046309e-01
8.173308e-01
1.140753e+00
8.706471e-01
1.004681e+00
1.037303e+00
5.343180e-01
1.190858e+00
7.745512e-01
1.002677e+00
8.889809e-01
6.761191e-01
9.841751e-01
9.738987e-01
9.130278e-01
9.401928e-01
9.988773e-01
8.343489e-01
8.511249e-01
9.689416e-01
7.177350e-01
1.068222e+00
1.137278e+00
6.418155e-01
1.132131e+00
