6.762515e-02
5.975246e-02
7.251748e-02
3.594909e-02
3.608025e-02
4.507896e-02
4.865087e-02
5.835047e-02
4.948247e-02
3.929381e-02
8.951893e-02
6.160107e-02
2.970661e-02
2.968967e-02
-1.713472e-02
6.795433e-02
9.336667e-02
1.257809e-01
5.939166e-02
4.095669e-02
4.589350e-02
8.661647e-02
4.499943e-02
2.919105e-02
1.074230e-01
8.169226e-02
8.853485e-02
8.859016e-02
3.684125e-02
1.074776e-01
1.271222e-01
7.245271e-02
6.491102e-02
5.504888e-02
8.662955e-02
9.972424e-02
1.442938e-01
9.399270e-02
1.398718e-01
2.914595e-02
4.534949e-02
5.181416e-02
9.697352e-02
4.879955e-02
4.335200e-02
1.993211e-02
4.039127e-02
4.473544e-02
8.157190e-02
6.095898e-02
4.667461e-02
3.433704e-02
3.073114e-02
5.191985e-02
2.975553e-02
4.159878e-02
4.453867e-02
3.731725e-02
6.218748e-02
3.077208e-02
6.238356e-02
6.238924e-02
5.463654e-02
8.292963e-02
