7.122056e-01
8.991058e-01
6.192415e-01
9.292700e-01
6.740376e-01
7.497309e-01
7.398883e-01
7.967082e-01
7.872884e-01
9.877691e-01
5.545629e-01
6.767895e-01
1.038607e+00
1.058986e+00
4.124253e-01
4.883452e-01
3.477805e-01
2.522929e-01
4.025838e-01
4.609413e-01
5.997375e-01
2.992761e-01
3.413883e-01
3.112698e-01
1.959581e-01
2.581043e-01
2.024860e-01
2.509395e-01
1.799345e-01
2.446659e-01
2.090064e-01
3.045882e-01
2.848343e-01
3.310331e-01
2.914071e-01
2.418245e-01
1.723599e-01
1.785894e-01
1.538448e-01
3.691352e-01
4.698957e-01
3.834294e-01
2.438085e-01
2.844845e-01
3.295864e-01
3.094011e-01
5.162693e-01
3.564882e-01
3.713214e-01
5.065852e-01
9.894022e-01
1.183344e+00
9.548432e-01
6.489564e-01
8.538681e-01
8.226152e-01
8.423675e-01
7.872859e-01
5.740195e-01
1.101502e+00
5.806070e-01
6.828723e-01
6.925288e-01
6.035825e-01
