7.282352e-02
8.448104e-02
1.023444e-01
8.026180e-02
1.156748e-01
1.173152e-01
1.295956e-01
1.160465e-01
9.910628e-02
1.196117e-01
1.213057e-01
1.018383e-01
1.245099e-01
6.671119e-02
7.798658e-02
1.197174e-01
6.542982e-02
-9.425814e-02
1.146027e-01
-5.203895e-02
9.301410e-02
5.585928e-02
1.128571e-01
-8.562253e-02
8.425269e-02
5.609792e-02
7.717710e-02
5.728918e-02
1.124039e-01
7.401159e-02
5.422027e-02
1.445204e-01
9.923167e-02
1.124829e-01
9.831791e-02
7.921702e-02
1.069825e-01
1.198531e-01
1.022567e-01
-5.495420e-02
6.298194e-02
9.917502e-02
1.018424e-01
5.623908e-02
1.108487e-01
6.483952e-02
8.289346e-02
8.051937e-02
5.551434e-02
1.489477e-01
-3.410305e-02
9.727351e-02
7.817659e-02
-6.445426e-02
1.351859e-01
1.026980e-01
9.815686e-02
1.383484e-01
1.163626e-01
7.533357e-02
1.385702e-01
1.085348e-01
7.647996e-02
7.904161e-02
