-6.256571e-02
2.556912e-02
-5.784296e-02
-1.551430e-02
-3.207877e-02
-3.531348e-02
-4.347680e-02
-1.955533e-02
-1.732523e-02
-2.265456e-02
-1.735549e-02
-4.315022e-02
-1.834399e-02
-3.022411e-02
-2.435173e-02
-3.957376e-02
-3.230976e-02
3.747383e-03
-1.153153e-02
-1.784241e-03
-1.552966e-02
-1.394907e-02
-1.851730e-02
-2.161538e-02
-6.450687e-03
-4.957573e-03
-1.784963e-02
-5.233477e-03
3.013433e-02
5.233215e-03
-2.824302e-02
-1.249366e-02
2.172358e-02
-2.520563e-02
-2.137479e-02
-2.756256e-02
-3.095946e-02
-3.202093e-03
-4.221133e-02
-4.597289e-03
-6.241011e-03
-3.639741e-03
-3.237037e-02
-5.142597e-03
-3.828005e-02
-7.604149e-04
-2.730322e-02
-9.008123e-03
-4.052665e-02
-2.398704e-02
-1.350883e-02
-2.440619e-02
-2.512991e-02
-4.783314e-02
-1.778501e-02
-1.623645e-02
-1.327032e-02
-5.584633e-02
3.804012e-04
-2.857708e-02
-4.604881e-02
-2.241745e-02
-2.636309e-02
-3.277172e-02
