8.910501e-03
1.565535e-02
1.329247e-02
-5.768277e-03
-6.362728e-03
1.551520e-03
3.610706e-03
5.330161e-03
-6.657500e-03
-8.176619e-03
-1.270649e-03
2.218556e-02
8.874218e-03
-1.033858e-02
-1.146404e-02
9.911346e-03
-4.644568e-03
3.895737e-04
-1.336591e-02
5.738386e-04
1.363771e-02
3.590036e-03
-2.740960e-03
-4.996868e-03
9.437722e-03
6.163810e-03
-8.772084e-03
1.298790e-03
4.461636e-03
-2.002522e-02
-4.793081e-03
6.804077e-03
3.963819e-03
3.025379e-03
5.202169e-03
-1.166934e-02
-1.474481e-03
1.450096e-02
1.567826e-03
3.741989e-03
3.417134e-03
6.633638e-03
3.963791e-03
2.460617e-03
2.515664e-02
1.131812e-02
-1.938443e-03
4.024785e-03
-1.128540e-02
7.468412e-03
-1.187399e-02
-6.216931e-03
-1.861226e-03
5.426035e-04
2.746308e-03
-1.510831e-02
-1.764976e-02
1.131358e-02
2.519348e-03
3.329843e-03
1.152541e-02
-8.525840e-03
-4.484451e-03
1.149003e-02
