8.364234e-03
6.927959e-03
5.370083e-03
4.717234e-03
8.462419e-03
9.637472e-03
8.019269e-03
5.633377e-03
6.201904e-03
7.170581e-03
4.981299e-03
6.448534e-03
5.691097e-03
6.711646e-03
6.605925e-03
7.422873e-03
7.359530e-03
7.947489e-03
6.459424e-03
7.471840e-03
8.312481e-03
4.856107e-03
5.773661e-03
7.239289e-03
8.547304e-03
5.834385e-03
6.215319e-03
6.543853e-03
5.976748e-03
5.585756e-03
5.716599e-03
6.154811e-03
6.593356e-03
7.333650e-03
5.762811e-03
6.407012e-03
6.000324e-03
6.884430e-03
7.414747e-03
7.204622e-03
7.092665e-03
5.822559e-03
6.550579e-03
8.267102e-03
6.729558e-03
1.094441e-02
8.125912e-03
7.670754e-03
6.265407e-03
7.098057e-03
6.487730e-03
5.673397e-03
6.447586e-03
7.447943e-03
9.009456e-03
7.596051e-03
8.830236e-03
6.142865e-03
7.882675e-03
8.427601e-03
6.998898e-03
9.974532e-03
6.650895e-03
8.448215e-03
