-3.180795e-10
-1.727407e-10
-9.780873e-11
-2.794874e-10
-2.592350e-10
-2.568290e-10
-1.371361e-10
-2.217214e-10
-1.576687e-10
1.002462e-02
5.007153e-03
3.957434e-03
4.236754e-03
-1.264840e-03
-6.237471e-03
1.175537e-02
4.266306e-03
5.588800e-03
1.187596e-03
3.881864e-03
-6.027419e-04
4.573558e-03
1.518730e-03
-3.067243e-03
2.979444e-03
-3.868198e-03
-4.724710e-03
3.685252e-09
3.616231e-09
3.127609e-09
4.301260e-09
3.843470e-09
3.105537e-09
4.010728e-09
3.187649e-09
2.588435e-09
-1.159165e-10
-5.966065e-11
-1.955044e-10
-7.039978e-11
-7.154717e-11
-8.962993e-11
-1.448994e-11
-1.469732e-10
-7.645772e-11
2.031016e-02
2.440413e-02
1.588659e-02
2.339942e-02
2.841652e-02
1.678705e-02
1.420756e-02
1.678426e-02
9.135582e-03
3.343713e-03
4.217174e-03
3.906734e-04
4.758382e-03
2.010082e-03
-3.244729e-03
3.360439e-03
-1.531410e-03
-4.343578e-03
-3.711267e-03
-7.357921e-03
-6.396635e-03
-8.055732e-03
-8.457473e-03
-5.086340e-03
-1.142467e-03
-1.405445e-03
2.265068e-03
2.113229e-03
1.594844e-03
2.097076e-03
7.343518e-03
4.716593e-03
4.800307e-04
1.103846e-02
5.644014e-03
2.236509e-04
9.943089e-03
8.282520e-03
2.102688e-03
1.911112e-02
1.266792e-02
3.482476e-03
4.887373e-03
-5.935957e-03
-1.396345e-02
-1.798588e-02
-1.758533e-02
-1.130000e-02
-2.278361e-02
-1.751140e-02
-8.337263e-03
-1.862585e-02
-1.322482e-02
-2.912408e-03
-4.803190e-03
1.809092e-03
9.382010e-04
-9.176235e-05
6.323764e-04
-4.269465e-03
1.566675e-03
-2.142725e-03
-7.303487e-03
3.240850e-03
1.661927e-03
-4.390955e-03
6.624896e-03
4.645740e-03
3.340963e-04
6.216134e-03
6.929077e-03
7.429937e-03
2.282448e-10
1.661881e-10
1.657058e-10
2.252343e-10
1.616850e-10
2.052503e-10
3.157624e-10
2.641007e-10
2.427560e-10
-6.835818e-03
-7.037062e-03
-1.575141e-03
-3.721456e-03
-3.356732e-03
-2.558052e-03
2.796872e-03
1.318031e-03
-2.130390e-03
1.540809e-02
6.991193e-03
4.384113e-03
2.440599e-03
-1.122725e-03
1.166408e-03
-4.725500e-03
-1.128829e-02
-9.574594e-03
-1.607302e-10
-2.421570e-10
-1.678266e-10
-1.840779e-10
-1.455438e-10
-2.472151e-10
-1.864253e-10
-2.886732e-11
-1.047637e-10
-3.801769e-02
-3.445376e-02
-4.170770e-02
2.181165e-02
2.430709e-02
2.064860e-02
-4.640146e-03
8.949426e-03
5.135213e-03
2.465599e-03
1.772673e-03
6.612260e-03
1.856282e-03
-1.944138e-03
-1.050453e-03
1.553429e-02
9.380388e-03
4.451842e-03
1.597300e-09
1.933874e-09
1.807057e-09
1.495391e-09
1.789306e-09
1.598971e-09
9.077625e-10
1.130891e-09
9.821228e-10
4.401430e-11
9.804406e-11
-5.387835e-11
1.278855e-10
1.464657e-10
7.331842e-11
7.328825e-11
5.737429e-11
4.059220e-11
4.667577e-04
5.120575e-03
3.078845e-03
-1.030835e-02
-1.117415e-02
-1.818069e-03
-2.137126e-02
-1.885567e-02
-1.795893e-02
1.146848e-03
3.233805e-03
7.827683e-03
1.567253e-04
-1.651820e-03
-8.418874e-04
1.586004e-02
1.034484e-02
7.834082e-03
-1.323038e-02
-1.278860e-02
-9.620670e-03
4.101680e-03
5.509543e-03
7.921844e-03
1.643872e-02
1.401926e-02
1.299958e-02
-7.901911e-04
1.128188e-02
7.809306e-03
-1.164419e-02
-6.186422e-03
5.823936e-03
-1.015711e-02
-1.185637e-02
-1.144640e-02
2.418494e-02
2.497740e-02
3.088231e-02
-2.017054e-02
-2.268605e-02
-1.262578e-02
-1.097618e-02
-5.748617e-03
-1.047926e-02
-1.676033e-02
-9.174208e-03
-2.119348e-02
1.174439e-02
2.026518e-02
2.628444e-03
9.463303e-03
1.513661e-02
4.816708e-03
1.190554e-02
9.892303e-03
1.075385e-02
7.228707e-03
8.767893e-03
6.900096e-03
1.512774e-02
1.760435e-02
1.224612e-02
-1.664055e-02
-1.447239e-02
-1.590431e-02
4.844109e-03
1.389840e-02
1.941334e-02
-4.743916e-03
-1.556208e-03
-1.709480e-03
2.059378e-10
1.643276e-10
-3.858657e-12
1.907635e-11
1.043463e-10
1.468467e-11
-2.192652e-11
-1.617911e-11
-2.425941e-11
-2.916155e-03
-2.385667e-03
-7.221444e-04
-5.184371e-03
-3.807689e-03
-2.416300e-03
-3.926289e-03
-4.221299e-03
-4.386630e-03
1.404211e-02
4.113367e-02
2.890539e-02
-1.897488e-02
-2.680786e-02
-1.726228e-02
-7.759753e-03
-4.075527e-03
-1.153408e-02
-8.572634e-11
-9.574916e-12
2.771663e-11
-4.167861e-11
-8.556521e-12
-8.665790e-11
-4.870352e-11
4.760901e-11
-4.062389e-11
3.301369e-02
5.163058e-02
3.052262e-02
4.044543e-02
7.935429e-02
6.086607e-02
3.209315e-03
4.455763e-02
1.897471e-02
3.331667e-04
-5.106701e-04
-2.013783e-03
-4.161516e-04
-1.122502e-03
-1.707740e-03
-5.443887e-04
-1.321469e-03
-4.584061e-03
-2.417599e-09
-1.745826e-09
-3.403367e-10
-5.277785e-09
-4.685099e-09
-2.490096e-09
-4.198811e-09
-4.104421e-09
-2.269198e-09
9.181435e-12
6.775087e-11
3.882238e-12
7.825285e-11
4.198977e-11
1.830155e-11
-1.724635e-11
8.850949e-11
4.007966e-11
8.261780e-03
1.402494e-02
1.179801e-02
6.276563e-03
5.775878e-03
3.091071e-03
2.309482e-03
-2.797772e-03
-5.772435e-03
3.375564e-03
-4.342211e-03
-1.126910e-02
4.336732e-03
1.099513e-03
-4.070404e-03
8.008302e-03
7.335528e-03
4.058151e-03
4.848778e-03
1.262032e-02
-1.471893e-02
1.525102e-02
1.895416e-02
-1.782938e-02
6.000527e-03
6.759494e-03
-2.225019e-02
-8.257372e-03
5.257258e-03
5.122664e-03
-1.023319e-02
-4.138606e-03
-9.807569e-04
2.702783e-03
3.149773e-03
1.049015e-02
8.823918e-03
3.054675e-02
1.589946e-02
1.881430e-02
2.127032e-02
1.682398e-02
7.744082e-03
2.184214e-02
2.526674e-02
1.709315e-02
2.042397e-02
1.997772e-02
-3.561851e-03
2.039738e-02
1.888149e-02
6.514444e-03
1.739282e-02
1.492052e-02
-2.130375e-03
-2.468782e-03
-4.201574e-03
3.475362e-03
2.345239e-03
1.693048e-04
3.300746e-03
7.802526e-03
1.584503e-03
-1.539400e-02
8.897785e-03
3.573341e-02
-4.548156e-03
3.251538e-02
3.275331e-02
-9.448973e-05
1.561307e-02
-5.823186e-03
4.229931e-10
3.333059e-10
2.677076e-11
5.470538e-10
5.104616e-10
8.065582e-11
6.809007e-10
7.595140e-10
2.261226e-10
-3.781235e-04
-3.992560e-04
-1.191463e-02
2.540125e-03
1.172996e-03
-8.802906e-03
7.258218e-03
4.609996e-03
7.757333e-04
1.649348e-02
3.333624e-02
2.233641e-02
3.562970e-02
3.848034e-02
2.502768e-02
-7.109831e-03
9.823392e-03
4.122234e-02
1.568343e-11
-1.147556e-12
-5.848762e-11
-1.538571e-10
-1.859444e-10
-1.858973e-10
-1.633189e-10
-1.344140e-10
-2.226411e-10
2.242599e-02
1.450544e-02
-3.277940e-02
8.632367e-03
1.232472e-02
-3.932149e-02
1.975873e-02
2.886848e-02
-3.733477e-02
-9.786158e-03
1.132763e-03
1.230882e-02
-9.608711e-03
-4.399077e-03
9.676584e-03
-4.800592e-04
-4.230105e-03
3.576643e-03
5.097899e-09
3.253972e-09
8.914007e-10
5.677131e-09
2.374917e-09
-9.844776e-10
6.122586e-09
5.060403e-09
7.167084e-10
-2.836965e-11
-9.163830e-11
2.086311e-11
-1.553403e-10
-1.704282e-10
-1.309455e-10
-1.145265e-10
-5.562501e-11
-3.159582e-11
-1.806921e-02
-1.747462e-02
1.214197e-02
-1.438903e-02
-2.746035e-02
6.233229e-03
-8.109176e-03
-3.120673e-02
3.699454e-03
-2.425447e-03
6.877171e-03
8.338328e-03
-6.901761e-03
6.608496e-03
1.029220e-02
-5.195161e-03
3.921082e-03
4.195187e-03
-2.341214e-03
-1.177934e-02
-1.892656e-03
-1.895022e-03
-1.709065e-02
6.408576e-03
-1.853998e-03
-1.547904e-02
8.659627e-03
7.347038e-04
-4.554257e-03
1.692821e-02
2.842346e-03
-1.170173e-02
2.063516e-02
2.856578e-03
-2.339196e-02
-3.790001e-04
3.882260e-04
-9.814036e-03
1.783224e-02
1.822718e-03
-1.800862e-02
1.406645e-02
8.800360e-03
-8.431335e-03
1.039547e-02
-4.642872e-03
1.885510e-02
-1.514509e-02
-1.224886e-02
1.074933e-02
-1.402697e-02
-7.757385e-03
1.246342e-02
2.510219e-03
3.524085e-04
-1.237904e-02
7.483821e-03
8.537048e-03
-1.196730e-02
9.397159e-03
1.053509e-02
-1.196590e-02
-2.779933e-04
-4.840887e-04
1.789772e-02
-4.269394e-02
-1.389998e-03
1.035370e-02
-4.878236e-02
4.674259e-03
9.519750e-03
-3.618165e-02
-6.324407e-10
-2.686101e-09
2.376560e-09
6.632498e-10
3.862097e-10
1.324615e-09
9.553791e-10
9.482846e-10
2.299376e-09
-5.266347e-03
2.602205e-03
1.236745e-02
-3.791862e-03
1.059620e-03
1.031733e-02
9.613434e-04
-2.778556e-04
5.192442e-03
-3.552299e-02
4.793284e-02
1.425243e-02
-4.738549e-02
3.383666e-02
1.929284e-02
-3.374762e-02
3.985717e-02
7.350584e-03
-1.179421e-10
-7.090305e-11
-7.504714e-11
-6.309947e-11
-8.562925e-11
5.088613e-11
5.077306e-11
2.762073e-11
6.169689e-11
3.140201e-02
4.504433e-02
1.911974e-02
5.791865e-02
5.100164e-02
-1.009056e-02
2.827139e-03
-2.140058e-02
-5.236013e-02
-8.710314e-03
-6.298175e-03
6.942227e-03
-1.389397e-02
-1.170201e-02
-1.105973e-02
-5.149770e-03
5.480533e-04
-1.145763e-02
-6.536986e-08
-9.150533e-08
-7.089789e-08
-3.032206e-08
-3.505063e-08
-5.146114e-09
3.706218e-08
5.143037e-08
8.566672e-08
8.975180e-11
4.889300e-11
3.764525e-11
8.143049e-11
1.282336e-10
-2.967700e-12
2.424049e-11
1.057808e-10
8.009528e-11
2.364491e-02
-8.880489e-04
-1.157166e-02
2.228378e-02
7.194607e-03
-1.112492e-02
5.597742e-03
-6.407507e-03
-2.029256e-02
-1.283447e-02
-9.284352e-03
6.209272e-03
-1.916300e-02
-1.302915e-02
-6.155336e-03
-1.302220e-02
-6.037680e-03
-1.181932e-02
-1.977186e-02
2.979734e-02
1.571440e-02
-1.076111e-01
-3.317012e-02
4.610477e-02
-7.638612e-02
-5.259998e-02
-1.994089e-03
1.770330e-02
-9.655003e-03
-5.873850e-03
6.638539e-03
-1.962817e-02
-2.305423e-02
5.411208e-03
-7.134133e-03
-1.010178e-02
9.350076e-03
-2.471286e-02
-1.877043e-02
-2.005837e-02
-5.943678e-02
-6.954362e-02
-3.138105e-03
-2.406816e-02
-4.012988e-02
-3.049398e-03
-5.120265e-02
-5.868869e-02
-4.421754e-03
-4.525893e-02
-4.165326e-02
2.079106e-02
3.144816e-03
2.173136e-03
9.729495e-03
-6.179533e-03
-8.686421e-03
-7.502050e-03
-1.426207e-02
-1.270521e-02
-1.741448e-03
-1.314788e-03
4.881996e-04
-2.665702e-02
-6.807768e-03
-7.468728e-03
-1.362381e-02
2.398952e-02
4.151485e-02
-2.682623e-02
-6.222438e-03
2.680564e-02
5.217056e-09
2.252082e-08
1.881198e-08
-1.464695e-09
1.750436e-08
9.528647e-09
-1.667349e-09
1.867374e-08
3.918125e-09
-7.365516e-03
-1.645583e-02
-1.818027e-02
-1.555008e-02
-2.434195e-02
-2.105917e-02
-2.102403e-03
2.272185e-04
5.176211e-04
2.543459e-03
-1.429865e-02
-1.777311e-02
-2.448555e-02
1.499556e-02
2.952988e-02
2.118226e-02
6.350145e-02
2.582094e-02
5.701229e-11
1.405851e-11
5.130573e-11
-1.508319e-10
-1.490164e-10
-3.145559e-11
-1.187973e-10
-1.801984e-10
-1.773291e-10
3.815794e-03
-2.387860e-02
8.575167e-04
1.481546e-03
7.178704e-03
3.390108e-03
-2.434607e-02
-4.164923e-03
-3.717401e-02
-1.091711e-02
6.855909e-03
7.661416e-03
-8.107776e-03
1.014825e-02
9.703959e-03
-5.191869e-03
1.573217e-02
1.826214e-02
1.279967e-08
1.637078e-08
1.716060e-08
1.911393e-08
2.346542e-08
1.925070e-08
1.964150e-08
2.067889e-08
2.142643e-08
-8.777080e-11
1.454366e-11
2.893923e-11
4.130770e-11
9.713282e-11
8.833711e-11
4.530233e-11
-6.043459e-11
3.223718e-11
-4.288076e-03
2.017908e-02
-2.447301e-03
-4.267182e-03
1.024008e-02
5.686708e-03
-8.517357e-03
2.832279e-02
6.557935e-03
-6.427307e-04
1.834640e-02
1.063574e-02
2.071621e-03
1.978412e-02
1.246612e-02
4.480151e-03
2.185605e-02
1.987243e-02
-2.095463e-02
-1.978712e-02
-3.992444e-02
-1.485244e-02
-1.734293e-02
-1.420539e-02
-2.813870e-02
-1.459131e-02
-9.624870e-03
8.699564e-03
1.407302e-02
-1.006098e-02
1.901482e-02
8.535831e-03
1.356128e-02
1.690535e-02
2.415670e-02
2.945320e-03
1.286254e-02
-2.319975e-03
3.953128e-03
-1.048051e-03
-1.929726e-02
1.071043e-02
3.057235e-03
2.074481e-02
-1.086531e-03
1.072280e-02
-1.117889e-02
-3.700919e-02
5.120554e-03
-1.268077e-03
-1.715536e-02
-1.218416e-02
-1.374245e-02
-1.152008e-02
-6.000263e-03
-3.477368e-03
3.189726e-03
-8.366524e-03
-4.276061e-03
3.855190e-03
-6.923969e-03
3.528229e-03
9.860105e-03
8.010819e-04
-5.527174e-03
-2.417689e-02
-1.773868e-03
9.064947e-05
-4.171181e-02
-6.072872e-03
-1.496234e-02
-3.808931e-02
-4.265716e-09
-4.487987e-09
-2.633126e-09
-2.338200e-09
-5.283098e-09
-1.456087e-09
-1.847689e-09
-1.518669e-09
5.568988e-10
-1.722079e-02
-5.019883e-03
-6.923462e-03
-5.666221e-03
1.299582e-03
-2.852422e-03
8.900389e-04
7.478454e-03
3.112959e-03
-2.103454e-02
2.008668e-02
2.641310e-04
-3.172131e-02
-2.033437e-02
6.394002e-03
-9.770804e-03
4.611598e-02
9.369894e-03
-1.292286e-10
-6.633609e-11
-2.077732e-11
-3.882613e-12
-1.275778e-10
-6.799948e-11
5.213213e-11
-5.501307e-11
-6.314032e-11
2.010371e-02
-2.144701e-03
1.496263e-02
-8.147180e-03
-3.123306e-02
-1.179062e-02
4.693974e-03
-1.531594e-02
5.743786e-03
-4.773827e-03
-7.368879e-03
-1.782032e-02
6.244768e-03
5.546074e-03
2.840061e-03
-7.334803e-03
-3.898981e-04
-1.008734e-02
1.469750e-08
1.153258e-08
2.510647e-08
4.379904e-08
4.299784e-08
5.895961e-08
8.856011e-08
8.890435e-08
1.054691e-07
-4.460514e-11
-3.236909e-12
-8.154717e-11
5.666970e-11
3.187046e-11
2.919595e-11
-8.912237e-11
-1.852759e-11
-3.108451e-11
2.283888e-02
1.664965e-02
4.113938e-02
2.330927e-02
1.052014e-02
4.903854e-02
4.714573e-02
2.652459e-02
6.915042e-02
-8.200078e-03
-1.407198e-02
-1.883194e-02
-1.691124e-03
-2.624426e-03
-2.589602e-05
-2.302266e-02
-1.618463e-02
-1.637737e-02
-5.590313e-03
-1.990969e-03
-9.457995e-03
-1.840940e-02
-1.653393e-02
-1.422210e-02
7.817766e-03
9.141073e-03
3.409005e-04
1.078449e-02
-1.326013e-02
-6.240288e-03
2.063581e-02
1.327647e-02
4.083853e-02
3.686484e-02
1.833167e-02
4.639303e-02
5.291250e-04
-5.589316e-03
-2.430559e-02
1.572399e-02
1.757266e-02
-9.605134e-04
3.288487e-03
8.739612e-03
-7.177299e-03
6.651878e-03
4.108518e-03
2.836728e-02
-1.052835e-02
-9.276083e-03
1.581112e-02
-1.346625e-02
-3.340914e-03
1.413350e-02
3.124236e-04
-1.261041e-02
-1.356519e-02
1.600864e-02
1.370160e-03
1.185847e-02
-1.694456e-02
-1.584192e-02
-2.475095e-03
1.788758e-02
3.149125e-03
9.106875e-03
-5.769155e-03
-2.091306e-02
-9.593445e-03
5.244880e-03
-1.683561e-03
1.148296e-03
-1.680554e-09
4.249132e-10
4.725316e-09
7.066331e-09
1.100507e-08
1.784429e-08
-2.880754e-09
4.217165e-09
1.314919e-08
-8.698778e-03
-1.220892e-02
-9.894295e-03
3.197098e-03
-5.405437e-03
-1.202868e-03
-6.838201e-03
-1.589900e-02
-6.330363e-03
3.723623e-03
-7.914402e-04
-9.187569e-04
-2.480637e-02
-1.421864e-02
-1.961934e-02
-2.052116e-02
-1.765043e-02
-3.537915e-02
9.637759e-11
8.827978e-11
2.214918e-10
8.362890e-11
5.119049e-11
1.538087e-10
6.435666e-12
1.400157e-10
1.230052e-10
1.125699e-02
2.819035e-02
-5.642025e-03
-1.224120e-02
2.817824e-02
9.241487e-03
-2.128985e-02
2.377338e-02
2.011080e-02
5.091802e-03
-1.177129e-02
-1.599316e-03
-3.005103e-03
-1.437904e-02
-7.154183e-05
-2.209520e-03
-1.116831e-02
2.651751e-03
-2.559256e-09
-2.511426e-09
9.549186e-11
-2.934696e-09
-1.770606e-09
1.873775e-09
-2.440221e-09
-1.438093e-09
1.879465e-09
9.316037e-11
2.380048e-11
4.407225e-11
-5.937755e-11
-2.076513e-11
1.461275e-10
5.628198e-11
-1.523375e-12
6.271481e-11
8.671050e-04
-6.122472e-03
-4.862772e-03
-1.592087e-03
-2.164250e-02
-5.152205e-03
9.679151e-03
-1.785604e-02
4.682759e-04
4.942112e-03
-8.281371e-03
-6.483562e-04
7.413905e-04
-1.093176e-02
-1.974740e-03
2.884875e-04
-7.711946e-03
1.224560e-03
-6.660594e-03
-8.852494e-03
-2.365368e-02
4.972253e-03
2.090765e-02
-5.182544e-03
-4.129013e-03
2.636683e-02
7.370941e-03
-1.245467e-03
-2.447858e-03
6.044285e-03
-8.997008e-03
-1.480113e-02
9.457815e-03
-2.252228e-03
-1.524900e-02
1.444938e-02
-1.532649e-02
-7.535293e-03
1.124890e-03
-1.346571e-02
-1.036847e-02
1.068454e-02
-9.916402e-03
-7.128363e-04
1.789441e-02
-3.088737e-04
4.885478e-03
-9.300120e-03
7.934366e-03
1.023698e-02
-1.528876e-02
-1.307146e-02
-1.051371e-02
-2.554907e-02
3.959889e-03
-5.467885e-03
-9.135079e-03
-7.485834e-03
-1.681316e-02
-1.289772e-02
-6.245043e-03
-1.466895e-02
-1.161839e-02
-2.520061e-02
-1.396187e-02
-2.404754e-02
-2.560041e-02
-2.082641e-02
-3.491147e-02
-1.947469e-02
-2.618319e-02
-4.121723e-02
1.920792e-10
4.086120e-11
-3.357715e-11
1.511302e-10
-8.310986e-12
-1.795274e-10
1.433144e-10
3.211005e-11
-1.507212e-10
-2.511232e-03
-4.828994e-03
-6.702553e-03
-4.544919e-03
-5.274817e-03
-5.784773e-03
-9.910664e-03
-1.002775e-02
-9.646666e-03
-6.928036e-03
-6.169908e-03
1.791357e-02
1.982205e-02
3.860876e-02
3.781705e-02
2.292641e-02
2.835065e-02
4.097032e-02
2.166306e-11
-3.355349e-11
-1.017409e-11
-7.477661e-11
2.021926e-11
-1.169406e-10
-2.160348e-12
-1.542473e-10
-1.567481e-11
4.166764e-02
1.030980e-02
-1.983848e-03
3.518094e-02
2.613577e-02
1.202826e-02
2.148165e-02
7.616056e-03
-3.789938e-02
-1.916465e-02
-1.753872e-02
-1.007069e-02
-2.076817e-02
-1.599757e-02
-1.898863e-02
-2.392869e-02
-1.601048e-02
-8.590912e-03
3.733204e-08
-2.517770e-08
-1.159341e-08
1.361870e-07
5.149824e-08
9.883995e-09
1.754325e-07
1.049920e-07
2.491693e-08
-2.213313e-11
5.689072e-11
5.979577e-11
-6.767709e-11
-3.263018e-11
2.786271e-11
-1.383549e-10
-1.122397e-11
-3.925694e-11
9.060147e-03
2.075830e-02
-4.616194e-03
2.908066e-02
-1.289864e-02
-1.973205e-02
1.736359e-02
7.142888e-04
-3.264488e-02
-3.707225e-02
-2.431479e-02
-1.373928e-02
-2.238899e-02
-7.617277e-03
-6.622223e-03
-2.672916e-02
-6.503312e-03
1.358626e-03
1.912631e-03
5.183683e-03
-2.061416e-02
-3.899676e-02
1.757381e-03
4.698456e-02
1.828629e-02
-9.950059e-03
-2.137784e-03
2.278017e-02
-1.529778e-02
-2.206771e-02
-1.888179e-02
-7.201470e-02
-4.320369e-02
1.599353e-02
-3.287794e-02
-4.457181e-02
6.240274e-02
8.367663e-03
9.649842e-03
3.172909e-02
-5.696238e-02
-2.260428e-02
3.432870e-02
-4.659442e-04
-2.363965e-03
2.663098e-02
3.240183e-02
1.936939e-02
4.049402e-02
4.643609e-02
3.033676e-02
-6.757348e-03
-9.534306e-03
-1.254450e-03
-1.825919e-02
-1.918541e-02
-2.647792e-02
-5.868295e-03
-1.388820e-02
-1.535882e-02
-8.532891e-03
-1.550780e-02
-5.252238e-03
1.549846e-02
-7.372411e-03
-2.222904e-02
2.253816e-02
5.640165e-02
-1.776281e-02
3.370888e-02
2.970205e-02
-2.355895e-02
-3.314271e-09
1.782393e-09
-5.775088e-09
5.825980e-09
-1.235337e-09
-4.447143e-10
3.096994e-09
-6.484429e-10
-4.852657e-10
-7.278226e-03
-8.081286e-03
3.157733e-03
-1.231728e-03
-6.292241e-04
7.928625e-04
3.880608e-03
1.175024e-02
2.091006e-03
-3.677534e-02
1.252055e-02
1.312889e-02
-2.203220e-02
-2.712079e-02
8.619573e-03
-1.978715e-02
8.186224e-02
3.558776e-02
-5.095979e-11
-1.391292e-10
-5.771423e-11
-4.309259e-11
3.195623e-11
-7.385708e-11
-2.036428e-11
8.946491e-11
-4.235173e-11
-7.710755e-04
9.924901e-04
-4.264044e-03
2.796095e-03
8.265818e-03
5.892398e-03
5.440554e-03
1.294893e-02
1.468450e-02
-1.338374e-02
-1.003050e-02
-6.636689e-04
-1.388975e-02
-9.840269e-03
-2.551094e-03
-1.280032e-02
-8.828633e-03
1.475396e-04
-7.731721e-10
-6.928687e-10
-5.831141e-10
-7.212313e-10
-7.197039e-10
-6.382198e-10
-6.327882e-10
-6.047572e-10
-5.764536e-10
1.316217e-11
-1.779269e-11
6.576265e-11
-1.213117e-11
5.343328e-11
-1.390472e-10
2.969423e-11
-3.041743e-11
-7.068382e-11
2.849528e-03
4.429459e-04
-7.814064e-03
-3.666705e-03
-3.969483e-03
-1.162194e-02
-5.847996e-03
-1.254021e-02
-2.226255e-02
-1.635330e-02
-1.114261e-02
-3.593636e-04
-1.317302e-02
-8.480427e-03
1.166044e-03
-1.104485e-02
-5.857228e-03
4.405010e-03
1.253866e-02
7.661097e-04
5.575652e-03
7.708489e-03
-5.260381e-03
-7.417770e-04
8.901166e-03
-5.076874e-03
3.265764e-04
-3.913758e-03
-2.062051e-03
-5.467593e-03
-1.114369e-02
-7.467141e-03
-9.062332e-03
-2.260261e-02
-2.473739e-02
-2.862359e-02
-1.094381e-02
-1.908770e-02
-1.533570e-02
-1.644827e-02
-2.753629e-02
-2.417463e-02
-8.757076e-03
-2.178431e-02
-1.888188e-02
5.645215e-04
-4.354916e-04
-9.274023e-03
1.093026e-02
7.937909e-03
3.295425e-03
1.504893e-03
-1.826453e-03
-9.753106e-04
-5.359843e-03
-5.748571e-03
2.479991e-04
-3.103839e-03
-4.382225e-03
2.238708e-03
-2.188483e-03
-5.567213e-03
1.746989e-03
-2.189107e-03
-5.819472e-04
-8.078452e-03
6.528873e-03
6.751794e-03
2.232164e-03
1.456444e-02
1.272270e-02
5.526023e-03
1.463073e-10
8.596458e-11
-1.078042e-11
6.968898e-11
1.098340e-10
6.573024e-11
1.090968e-10
5.074907e-11
-3.003110e-12
-1.024125e-02
-7.562552e-03
-3.175084e-03
-1.002664e-02
-1.040408e-02
-6.961850e-03
-1.239541e-02
-1.264859e-02
-8.606426e-03
-6.146182e-03
-6.634285e-03
-5.758727e-03
-6.809267e-03
-6.673147e-03
-8.613737e-04
1.063811e-02
3.893983e-03
2.010131e-02
8.660127e-11
1.895236e-11
-1.038856e-10
3.983592e-11
1.026851e-10
-1.628150e-11
2.980013e-11
3.050355e-11
-5.550992e-11
-1.630529e-02
-1.048545e-02
2.855349e-02
1.043624e-02
-3.274131e-02
2.492304e-02
3.232205e-02
4.020150e-03
4.947065e-02
-2.440728e-03
2.500517e-03
-1.758476e-02
-3.028411e-03
1.271731e-02
-1.316115e-03
-2.652200e-02
-6.156848e-04
6.383604e-03
-2.779409e-08
-1.440780e-08
-7.897100e-09
1.529400e-08
2.568027e-08
3.503346e-08
5.627872e-09
2.736677e-08
3.621059e-08
-1.724794e-10
-1.495305e-10
-6.944198e-11
-1.897012e-10
-8.969556e-11
2.306769e-11
-1.803428e-10
-1.696600e-10
-6.364032e-12
2.343396e-02
8.233815e-03
2.783667e-02
-1.719085e-03
4.724911e-02
3.069270e-02
-1.123231e-02
1.515002e-02
1.717935e-02
-8.615338e-03
-7.340386e-03
-1.855854e-02
-8.927148e-03
-9.889369e-04
-1.322515e-02
-1.994024e-02
-1.432451e-03
-1.374356e-03
1.571981e-02
6.627395e-03
4.310093e-03
-1.170692e-02
-6.244297e-03
-5.218791e-03
2.449510e-02
1.166786e-02
-1.567902e-02
1.864622e-02
1.434780e-02
9.428217e-03
-4.847111e-03
3.305309e-02
-3.161844e-02
2.323521e-02
2.619623e-02
1.063445e-02
-2.392834e-03
4.659849e-02
1.439258e-03
2.336915e-02
6.923758e-02
2.225849e-02
-2.882800e-02
-5.515679e-02
-7.735091e-03
1.349984e-02
-3.160850e-03
9.391018e-03
9.317107e-03
-8.816369e-03
-1.888861e-02
2.531073e-02
1.730153e-02
-5.793227e-03
2.436441e-03
3.125914e-03
-5.783621e-03
-1.303707e-02
-7.072423e-03
-7.265764e-03
-2.167791e-02
-2.286599e-02
9.662110e-04
6.455419e-03
-7.172207e-03
1.594788e-02
6.969259e-03
-2.022817e-02
1.831001e-02
6.821254e-03
5.967984e-04
1.696145e-02
-6.010354e-09
1.121591e-08
-2.134014e-09
-3.770300e-09
8.446666e-09
-9.177532e-09
-9.388041e-09
-7.402429e-09
-1.839700e-08
-4.813903e-03
-5.131003e-03
-1.308042e-02
3.004957e-03
1.454531e-03
-9.836392e-03
1.166276e-02
1.125989e-02
-9.654560e-04
1.865208e-02
-3.256524e-03
-1.406960e-02
3.459547e-02
3.891817e-02
-1.843108e-02
1.044682e-02
-1.695278e-02
-2.652720e-02
-1.584228e-10
-6.028545e-11
-4.625979e-11
-4.957033e-11
-7.544664e-11
4.463968e-11
-1.020273e-10
6.473672e-12
-8.792492e-11
3.835393e-02
2.922773e-02
1.516860e-02
-4.048803e-03
-5.142899e-02
-8.466010e-02
-6.614907e-03
-6.048715e-02
-5.212932e-02
6.868219e-03
1.713175e-02
-9.213815e-03
8.930498e-03
1.001563e-02
7.238244e-03
1.216775e-02
6.403967e-04
-1.579501e-04
-4.990861e-08
-4.479607e-08
-1.788902e-07
-8.463267e-08
-8.625091e-08
-1.579808e-07
-7.134324e-08
-7.780084e-08
-1.242524e-07
-3.875912e-11
2.761176e-11
9.399109e-11
-7.376524e-11
-8.017650e-11
-5.473235e-11
1.419890e-11
-8.540532e-11
9.213051e-11
-3.501655e-03
-2.290701e-02
-1.121277e-04
-1.364892e-03
2.358947e-02
-1.529570e-03
8.788744e-03
3.421009e-02
2.341759e-02
1.449150e-03
1.160882e-02
-2.448832e-03
5.037747e-03
9.617759e-03
9.992313e-03
1.389679e-02
1.115248e-02
2.068674e-02
2.103529e-02
1.847599e-02
8.776921e-02
-7.228102e-02
-3.537638e-02
1.096293e-01
-4.023805e-02
-5.761647e-03
6.070548e-02
9.662782e-03
-1.261734e-02
1.386244e-02
8.682059e-03
3.244138e-03
-1.181570e-02
6.734420e-04
1.378009e-02
1.209504e-02
3.029741e-02
1.540063e-02
4.792769e-02
9.434931e-03
9.963089e-04
-1.305888e-04
-5.463933e-04
-2.519923e-02
9.591057e-04
3.237699e-03
3.221475e-03
5.845672e-02
5.671159e-04
4.137216e-02
4.721307e-02
1.194450e-02
5.996272e-02
6.840896e-02
1.813074e-02
1.401773e-02
2.706875e-02
8.188137e-03
3.850555e-03
2.519994e-02
2.440455e-02
2.125379e-02
3.460873e-02
-2.724684e-02
-3.425609e-02
-2.450647e-02
-2.176999e-02
-1.643536e-02
8.907938e-03
-1.260776e-03
2.851202e-02
3.432464e-02
-1.035414e-08
1.098930e-08
2.086487e-08
-2.233692e-08
3.358845e-08
1.934272e-08
-3.279277e-08
-3.232107e-09
-3.388001e-08
2.526852e-02
3.225075e-02
4.325835e-02
2.261405e-02
2.190236e-02
3.834558e-02
3.868014e-02
3.064335e-02
5.384514e-02
-3.215999e-03
-6.480251e-02
-2.515669e-02
-7.015936e-02
-1.183103e-04
1.810984e-02
3.048516e-02
1.971738e-02
7.553102e-02
-5.130738e-11
2.513317e-11
7.442968e-11
7.043903e-12
-1.332641e-11
5.345461e-12
4.019309e-11
6.403937e-11
8.866104e-11
-4.656494e-03
9.670865e-03
-2.146669e-02
-9.018663e-03
-2.484190e-02
3.482160e-03
5.835577e-02
-1.536365e-02
2.956152e-02
3.929543e-03
1.180126e-02
9.015510e-03
-4.067749e-03
8.131258e-03
5.912856e-03
-4.531067e-03
8.279709e-03
3.799373e-03
-4.322082e-08
-5.194179e-08
-2.145004e-08
-3.498025e-08
-7.365444e-08
-5.591838e-08
-3.302418e-08
-4.153150e-08
-4.735966e-08
7.533931e-11
1.517798e-10
1.028534e-10
3.158248e-11
9.007681e-11
9.828832e-11
9.994482e-11
1.234248e-10
-5.772606e-11
2.183723e-03
-1.407854e-02
2.283781e-02
2.486799e-02
1.607456e-02
-4.543700e-02
1.919286e-02
2.614883e-02
-2.305912e-02
2.376284e-02
2.538873e-02
2.276963e-02
1.458359e-02
2.297957e-02
2.177262e-02
4.103211e-04
2.353933e-02
2.478713e-02
-1.313448e-02
4.191467e-03
1.731199e-02
-3.423724e-02
1.227833e-02
1.450854e-02
-4.680587e-03
-5.108856e-03
-1.138071e-02
-2.142131e-02
-3.514775e-02
2.193708e-02
-6.422908e-03
-1.001773e-02
-6.145660e-02
-3.008734e-02
-9.918680e-03
-2.912800e-02
-7.624206e-03
-6.421939e-03
-8.125643e-03
5.317824e-03
1.058003e-02
-5.090435e-02
-9.315026e-03
-1.000697e-02
2.330151e-02
-1.648736e-02
-9.319869e-03
3.376060e-02
-8.101269e-03
-2.622936e-02
1.659217e-02
5.125210e-03
-1.551084e-02
-5.781791e-03
1.596229e-03
-4.282280e-03
3.315493e-03
6.813513e-03
7.344980e-03
1.105105e-02
-5.850749e-03
3.494892e-03
1.232841e-02
-2.401810e-02
-2.282406e-02
5.378889e-03
-1.657423e-02
-2.253532e-02
4.805376e-02
-1.497664e-03
-7.242923e-03
2.450551e-02
-2.257162e-09
1.387512e-09
1.518980e-08
4.919849e-09
2.138092e-09
2.178037e-08
4.158073e-09
-1.671068e-09
4.983214e-09
2.657454e-02
1.868385e-02
8.557698e-03
1.421960e-02
5.976289e-03
1.255785e-02
-1.413423e-02
-6.783528e-03
1.188440e-02
-1.598081e-02
-4.348813e-02
1.801210e-02
9.187190e-03
-1.461800e-02
-7.050567e-02
3.563934e-03
-8.151110e-02
1.406600e-02
-3.655299e-12
3.439308e-11
3.783949e-11
2.890669e-11
8.964567e-11
3.990022e-11
4.871704e-11
6.915758e-11
-2.641469e-11
-1.008688e-02
-1.935001e-02
-1.750341e-02
1.323514e-02
1.748689e-02
-8.576216e-05
-1.474274e-02
8.517684e-03
-4.185179e-02
4.467094e-04
4.729665e-03
2.398608e-02
-2.215381e-03
-8.616603e-03
2.987708e-02
-1.638804e-03
-1.389729e-02
1.483394e-02
2.371808e-08
6.691662e-09
1.454823e-09
2.181076e-08
2.359242e-09
-4.756153e-09
1.246103e-08
6.682904e-09
-1.271282e-09
6.961428e-11
9.520118e-11
-2.788972e-12
3.519885e-11
1.583498e-11
8.805186e-11
9.536827e-11
1.764030e-11
1.275533e-10
-6.553203e-03
5.585798e-02
-2.311109e-03
-1.049996e-02
-1.414303e-02
-1.350456e-02
2.155210e-02
2.727938e-03
3.072970e-02
1.459588e-04
-4.318963e-04
1.516167e-02
-1.083522e-04
8.574050e-04
3.064567e-02
4.097599e-03
2.867944e-03
2.897594e-02
-7.454629e-03
-5.268910e-03
-7.339214e-03
7.625280e-04
-1.109649e-02
2.982231e-02
-2.044888e-02
-4.371567e-02
3.530713e-03
3.345442e-02
9.328295e-02
3.265079e-02
-7.541070e-03
3.858487e-03
2.093488e-02
2.288933e-02
8.163489e-03
3.764013e-02
1.136781e-02
-1.202190e-02
3.128298e-03
-3.094529e-02
-9.177930e-02
-6.035793e-03
-7.494103e-03
-1.112692e-02
8.629061e-03
1.469150e-02
2.716470e-02
-1.940935e-02
3.015233e-02
4.727149e-02
4.566766e-03
4.211922e-03
3.373709e-02
5.851364e-03
-1.573483e-02
-9.987588e-04
-1.559417e-03
5.384996e-03
8.680905e-04
1.054689e-02
9.568136e-03
1.235875e-02
8.869877e-03
-5.178855e-03
3.378407e-03
-3.057172e-02
-9.912406e-03
1.437487e-02
-4.336080e-02
-3.178660e-04
1.768261e-02
-4.316704e-02
-8.940015e-09
-6.959739e-09
-6.409733e-09
-8.004947e-09
-2.351933e-09
-5.916730e-09
-4.370936e-09
-1.611903e-09
2.023123e-10
1.755449e-02
2.233289e-02
1.835028e-02
2.900816e-03
3.599532e-03
8.157509e-03
1.537303e-03
4.840411e-03
1.009121e-02
-4.103955e-02
1.998470e-02
-1.003917e-02
-4.022361e-02
-2.564294e-02
8.819057e-03
-8.370566e-03
5.625783e-02
2.174569e-02
1.264924e-11
1.021125e-10
-2.982488e-11
5.851314e-11
8.904554e-11
7.058056e-11
2.172055e-10
7.283153e-11
1.272606e-10
-2.942064e-03
-4.723319e-03
-1.067132e-02
-2.606505e-03
8.844132e-03
-3.621988e-04
-1.717686e-02
-4.510789e-03
2.641680e-04
8.814611e-03
5.846278e-03
5.201338e-03
4.642320e-03
1.358698e-02
1.345180e-02
-1.681161e-03
1.206994e-02
1.693566e-02
-8.406649e-10
-5.061660e-11
6.578752e-10
8.476679e-10
1.853444e-09
1.986171e-09
8.877493e-10
1.703558e-09
1.137752e-09
-2.579146e-12
-7.711362e-11
-1.239785e-10
-8.072136e-12
-9.909953e-11
-7.865569e-11
-4.462790e-11
-7.185526e-11
-1.144611e-10
-3.447681e-03
-2.772747e-03
3.661521e-03
-3.632818e-03
-6.240213e-04
1.073580e-02
4.829866e-03
4.815893e-03
1.097003e-02
9.800749e-03
5.386740e-03
6.363710e-03
8.123566e-03
1.110715e-02
1.416120e-02
2.277939e-03
1.337760e-02
1.805900e-02
3.218477e-03
-5.250490e-03
-4.856946e-03
1.897248e-02
-7.900915e-03
-2.809520e-02
8.548725e-03
-3.861255e-03
-2.774826e-02
1.603985e-02
2.105572e-02
2.193353e-02
8.421460e-03
1.482715e-02
1.701014e-02
8.497651e-03
1.329522e-02
1.051947e-02
-2.806064e-04
1.018565e-02
7.159003e-03
1.076081e-02
1.975987e-02
1.140356e-02
1.119571e-02
2.035152e-02
1.456924e-02
7.838666e-03
1.192915e-02
1.580681e-02
7.904110e-03
7.601929e-03
8.361003e-03
7.296428e-03
6.886873e-03
6.770271e-03
9.995436e-03
9.499807e-03
6.019820e-03
4.660778e-03
8.347427e-03
1.209169e-02
1.207315e-03
5.880520e-04
9.947885e-03
4.565151e-04
1.053731e-02
1.330079e-02
5.992176e-03
9.412429e-03
5.734374e-03
1.322790e-02
1.180879e-03
-5.850443e-04
-4.148227e-10
-2.927292e-10
-6.079984e-10
-2.389484e-10
1.621833e-10
-2.574020e-10
-6.554237e-10
-5.211416e-11
-4.371561e-10
1.186973e-02
1.006268e-02
1.092841e-02
1.595893e-02
1.213302e-02
1.180420e-02
1.315394e-02
1.340482e-02
1.581679e-02
2.012432e-02
7.456974e-03
-4.076717e-03
1.521484e-02
1.892185e-03
7.185663e-03
-5.998555e-03
-1.488927e-02
1.144252e-02
-6.620655e-12
-2.087580e-11
3.476417e-11
-3.854857e-11
-2.768690e-11
-5.242137e-11
2.347131e-11
-1.766094e-11
6.487704e-11
9.062362e-03
6.989880e-03
1.402529e-03
1.075778e-02
9.422476e-03
7.896481e-03
1.110751e-02
9.459985e-03
7.468807e-03
9.711652e-04
4.547684e-03
3.489707e-03
5.190253e-03
8.175971e-03
4.853080e-03
-1.169708e-03
1.781182e-03
-4.187129e-03
-1.813671e-07
-1.175698e-07
-1.035733e-07
-1.270859e-07
-1.072636e-07
-1.113921e-07
-1.376617e-07
-1.389230e-07
-2.199764e-07
7.055482e-12
8.203199e-11
-1.557195e-11
1.129829e-10
1.637070e-10
5.839806e-11
1.219609e-10
1.957477e-10
4.100602e-11
-6.928847e-03
1.901224e-03
-4.947370e-03
7.965087e-03
1.519303e-02
1.085325e-02
-6.320968e-03
-1.422036e-04
-4.504483e-03
1.311837e-03
4.655027e-03
4.016464e-03
6.508005e-03
1.013920e-02
9.240524e-03
-1.983598e-04
3.231159e-03
3.797318e-04
2.790430e-03
5.322686e-03
1.238507e-03
1.326837e-03
-7.071517e-04
-6.923912e-03
-2.912724e-03
-6.536519e-03
-8.889389e-03
-4.813664e-03
-1.332135e-03
-9.218939e-03
2.786268e-02
3.081288e-02
2.372007e-02
5.338992e-03
6.204784e-03
-8.668769e-04
-2.981860e-03
-1.522208e-03
-6.371114e-03
-5.471995e-03
-3.466049e-03
-4.942787e-03
-1.105277e-02
-7.459702e-03
-7.154095e-03
-3.749205e-03
1.095432e-03
-2.016967e-03
-6.214905e-03
-3.357115e-03
-7.198832e-03
3.694637e-03
3.513850e-03
1.105676e-03
7.308092e-03
1.006080e-02
8.082020e-03
1.234364e-02
1.538466e-02
1.361509e-02
3.775911e-03
7.492771e-03
6.554121e-03
2.101649e-04
4.930147e-03
-4.132008e-03
9.829026e-04
3.708322e-03
6.013045e-04
3.764852e-03
6.887421e-03
6.571557e-03
-4.271782e-09
-3.109137e-09
-8.612445e-09
-6.390241e-09
-1.654761e-08
-1.288912e-08
3.027555e-09
-2.660361e-08
4.121650e-09
4.092236e-03
4.174102e-03
2.353436e-03
4.633720e-03
6.182028e-03
7.328704e-03
3.792846e-04
4.069739e-03
7.099443e-03
-1.060884e-02
-8.331797e-03
-1.498170e-03
-1.091952e-03
1.965443e-03
-2.619251e-04
3.945291e-03
4.607114e-03
8.388807e-04
