1.377563e-03
1.053285e-03
2.520497e-03
9.119816e-04
2.272841e-03
1.697736e-03
3.023539e-03
1.863088e-03
1.511635e-03
2.996822e-03
2.284051e-03
3.076128e-03
2.693491e-03
9.661524e-04
1.513390e-03
2.475792e-03
5.924409e-04
1.056029e-03
1.534362e-03
5.048685e-04
1.587934e-03
6.526699e-04
1.923348e-03
9.506854e-04
8.555779e-04
7.051985e-04
9.400565e-04
8.609986e-04
2.846331e-03
7.903413e-04
4.086754e-04
3.508916e-03
1.950062e-03
3.335363e-03
1.170362e-03
1.165329e-03
1.821710e-03
2.612368e-03
2.149269e-03
1.591423e-03
9.723290e-04
1.704778e-03
1.661366e-03
6.012914e-04
1.749889e-03
7.511027e-04
1.067424e-03
1.400728e-03
3.894791e-04
3.261101e-03
5.435714e-04
1.986946e-03
6.317667e-04
7.940902e-04
2.676097e-03
1.747699e-03
3.013431e-03
4.391117e-03
2.112493e-03
1.083983e-03
2.723087e-03
1.784033e-03
1.045705e-03
2.026138e-03
