-4.172670e-02
-6.026191e-02
-4.252822e-02
-4.248304e-02
-1.749516e-02
-4.218513e-02
-3.386853e-02
-5.448022e-02
-1.253113e-02
-3.218640e-02
-5.225486e-02
-3.704035e-02
-2.168982e-02
-1.780365e-02
-3.719462e-02
-4.494727e-02
-3.021918e-02
-3.421632e-02
-2.003136e-02
-4.739182e-02
-3.952363e-02
-6.527700e-02
-3.456207e-02
-1.248500e-02
-3.470444e-02
-2.877270e-02
-1.247265e-02
-3.723856e-02
-3.125356e-02
-4.210088e-02
-3.504786e-02
-4.475284e-02
-1.487842e-02
-2.385633e-02
-2.449110e-02
-2.696822e-02
-3.811227e-02
-3.580417e-02
-2.775157e-02
-3.762800e-02
-3.487268e-02
-2.691239e-02
-1.843930e-02
-2.566347e-02
-4.827357e-02
-4.113121e-02
-3.370329e-02
-2.540123e-02
-2.735574e-02
-3.308755e-02
-4.628600e-02
-4.360955e-02
-4.515204e-02
-8.085221e-03
-4.325751e-02
-3.130155e-02
-3.874098e-02
-3.616730e-02
-4.837964e-02
-4.085004e-02
-4.211054e-02
-4.318158e-02
-3.326452e-02
-2.581055e-02
