1.392855e-01
1.352652e-01
1.535973e-01
9.607916e-02
1.458614e-01
1.153487e-01
1.381586e-01
1.307198e-01
1.360683e-01
1.359942e-01
1.377750e-01
1.481112e-01
1.334913e-01
1.241076e-01
1.332183e-01
1.367752e-01
1.222416e-01
1.275113e-01
1.382691e-01
1.355121e-01
1.394694e-01
1.452159e-01
1.473216e-01
1.537919e-01
1.328371e-01
1.285244e-01
1.385056e-01
1.238207e-01
1.350845e-01
1.408447e-01
1.466369e-01
1.453939e-01
9.307750e-02
1.349874e-01
1.323050e-01
1.298167e-01
1.471395e-01
1.183071e-01
1.241584e-01
1.499287e-01
1.415337e-01
1.295596e-01
1.394659e-01
1.351228e-01
1.299880e-01
1.407347e-01
1.270497e-01
1.193231e-01
1.238300e-01
1.333655e-01
1.327960e-01
1.197655e-01
1.391001e-01
1.115777e-01
1.542519e-01
1.335911e-01
1.289399e-01
1.355734e-01
1.392327e-01
1.444077e-01
1.132307e-01
1.551254e-01
1.250058e-01
1.253927e-01
