1.056644e-03
8.755639e-04
9.182768e-04
5.188595e-04
7.492240e-04
8.925614e-04
7.525824e-04
8.152077e-04
1.052363e-03
6.604177e-04
8.120110e-04
9.446598e-04
8.106377e-04
7.148278e-04
6.855784e-04
7.763958e-04
8.128297e-04
7.683988e-04
6.578810e-04
8.873038e-04
9.278602e-04
9.974467e-04
8.295247e-04
1.080384e-03
7.336344e-04
7.918484e-04
7.868130e-04
9.297524e-04
8.538144e-04
8.241554e-04
1.199222e-03
1.142480e-03
5.587879e-04
6.686074e-04
7.477630e-04
7.520227e-04
1.263974e-03
7.845323e-04
6.690043e-04
9.616118e-04
1.037860e-03
7.530574e-04
1.136007e-03
1.158605e-03
8.684584e-04
7.820638e-04
7.784797e-04
9.272213e-04
9.546395e-04
1.069112e-03
8.679543e-04
6.661802e-04
7.171633e-04
5.577693e-04
1.456815e-03
7.352419e-04
6.611067e-04
8.207254e-04
9.738488e-04
1.171003e-03
5.883945e-04
1.163933e-03
7.952919e-04
5.528399e-04
