2.144588e-03
5.998315e-03
4.536175e-03
7.819840e-03
6.298837e-03
4.999240e-03
6.379429e-03
3.650527e-03
5.497979e-03
4.849992e-03
4.340876e-03
8.278524e-03
4.883871e-03
6.618154e-03
9.527211e-03
5.259070e-03
3.168388e-03
2.813148e-03
2.033872e-03
2.983636e-03
2.448292e-03
2.753597e-03
2.815507e-03
4.441110e-03
1.534266e-03
2.014457e-03
2.590546e-03
2.425107e-03
1.565879e-03
1.024316e-03
1.803668e-03
2.249517e-03
2.151490e-03
3.524384e-03
1.836204e-03
1.621616e-03
1.580880e-03
2.534157e-03
1.362112e-03
2.649936e-03
2.932157e-03
2.934880e-03
3.446563e-03
2.337818e-03
3.055934e-03
3.453127e-03
2.757665e-03
2.361345e-03
7.875232e-03
6.278616e-03
5.373240e-03
5.125257e-03
4.914095e-03
7.373150e-03
6.293530e-03
6.979428e-03
8.095971e-03
5.381618e-03
7.933135e-03
5.967126e-03
6.420866e-03
6.688810e-03
5.229964e-03
4.263229e-03
