-5.326704e-03
-1.790985e-02
-4.259747e-03
-5.973092e-03
5.070859e-04
4.737307e-03
-3.544026e-03
6.066899e-03
-4.111196e-03
-6.684991e-03
-3.542542e-03
5.719200e-04
1.384765e-03
-7.745630e-03
-4.406846e-03
-1.423134e-02
1.874343e-03
-2.719673e-03
-1.105333e-03
-3.720100e-03
-3.007855e-03
-3.276306e-03
1.965057e-03
-1.891161e-03
2.726314e-03
-7.341859e-04
-1.622284e-03
-9.819656e-03
-1.942527e-03
-2.507663e-03
6.792374e-05
3.342562e-03
-9.198413e-05
-2.002595e-03
-3.559975e-03
-2.508797e-03
2.330184e-03
1.284518e-03
-6.571570e-04
-2.554266e-03
1.659336e-03
-5.086269e-03
-3.713832e-03
-6.752266e-03
1.397255e-03
-4.559347e-03
-3.342890e-03
-3.007408e-04
-3.610734e-03
2.938698e-03
8.755111e-04
-1.677215e-03
-1.010465e-05
-8.605198e-03
-5.526735e-03
-2.382962e-03
-2.138885e-03
-7.068126e-04
2.958341e-04
-2.949153e-03
-9.964273e-03
-6.144404e-03
4.850339e-04
-4.261959e-03
