1.477885e-01
1.458304e-01
1.365981e-01
1.404846e-01
1.296587e-01
1.493246e-01
1.340499e-01
1.345835e-01
1.285061e-01
1.283814e-01
1.377744e-01
1.417552e-01
1.258079e-01
1.437766e-01
1.394226e-01
1.506565e-01
1.292342e-01
1.517828e-01
1.176793e-01
1.360644e-01
1.325892e-01
1.675561e-01
1.250240e-01
1.290101e-01
1.290459e-01
1.351995e-01
1.288608e-01
1.254234e-01
1.415072e-01
1.490678e-01
1.320212e-01
1.368881e-01
1.218837e-01
1.380955e-01
1.244628e-01
1.398432e-01
1.298229e-01
1.558267e-01
1.320199e-01
1.295051e-01
1.478641e-01
1.202633e-01
1.348081e-01
1.462615e-01
1.405632e-01
1.557505e-01
1.407625e-01
1.245306e-01
1.330578e-01
1.311920e-01
1.321717e-01
1.450855e-01
1.431884e-01
1.242927e-01
1.628960e-01
1.375625e-01
1.402556e-01
1.353989e-01
1.316672e-01
1.310034e-01
1.483143e-01
1.539127e-01
1.557429e-01
1.305739e-01
