-1.776071e-02
-2.140965e-03
-1.249132e-02
-9.836869e-03
-1.063879e-02
-2.888037e-03
-9.742478e-03
2.797605e-03
-7.398800e-03
-1.297587e-02
-1.021845e-02
-1.884961e-02
-1.227194e-02
5.360034e-03
-3.034879e-03
2.873233e-04
-6.719444e-03
6.853828e-03
-5.276323e-06
-7.991138e-03
9.568613e-04
1.620574e-02
-1.563356e-03
-5.194974e-03
4.680361e-04
-1.376975e-02
1.302637e-04
-9.562780e-03
-6.511868e-03
-1.206025e-02
-3.248000e-03
-3.751487e-03
2.303903e-05
-7.319952e-03
-5.427567e-03
-1.222553e-02
-1.209222e-02
-8.344906e-03
-1.488058e-02
-1.146074e-02
-1.278818e-02
-9.140654e-03
-1.115884e-02
-1.504571e-02
-5.889066e-03
-5.616767e-03
-1.162171e-02
-7.125967e-03
-1.751945e-02
-9.057296e-03
-2.473955e-03
-8.590393e-03
-8.547262e-03
-3.907354e-03
-2.067922e-02
-1.209354e-02
-3.347033e-03
-9.973254e-03
-1.991739e-02
-4.652651e-03
1.797494e-03
-1.563969e-02
9.400766e-03
-1.949446e-02
