-5.305802e-11
-1.161959e-10
-8.638068e-11
1.507593e-12
-1.335980e-10
-1.008796e-10
-8.892625e-11
-4.712909e-11
-2.246781e-10
1.229582e-11
2.363585e-11
5.490144e-11
2.682206e-11
2.222880e-11
4.150591e-11
4.977732e-11
1.515732e-11
6.197037e-11
2.493666e-10
2.299236e-10
1.604438e-10
2.065609e-10
1.096193e-10
3.483048e-10
7.932949e-11
1.926441e-10
1.870018e-10
5.443787e-10
8.144239e-10
4.914134e-10
3.908276e-10
5.399501e-10
2.400087e-10
2.578868e-10
5.435723e-10
3.213763e-10
-7.703331e-11
-4.507030e-11
-1.229702e-10
-2.304684e-10
-2.421912e-10
-4.141037e-10
-2.956876e-10
-2.228355e-10
-4.340644e-10
4.601906e-11
6.805882e-11
3.042641e-11
5.024649e-11
6.544031e-11
1.102717e-10
-2.208515e-11
1.995327e-11
6.946667e-11
5.538425e-10
4.886636e-10
5.522354e-10
3.356156e-10
1.496448e-10
1.815825e-10
5.804233e-10
3.424349e-10
2.627793e-10
1.150853e-11
-1.377384e-11
7.230951e-11
-1.159518e-11
1.076643e-12
6.215149e-11
2.257154e-11
-3.030431e-11
6.673696e-11
1.197985e-09
1.191904e-09
6.686461e-10
1.447700e-09
1.510071e-09
8.991927e-10
3.073410e-10
6.606242e-10
4.138014e-10
-1.268772e-10
-1.775489e-10
-2.631165e-10
-3.418508e-10
-2.286314e-10
-3.346577e-10
-2.278737e-10
-2.708162e-10
-3.264551e-10
3.269320e-10
7.612365e-10
4.864312e-10
4.562508e-10
6.515750e-10
6.434768e-10
5.532946e-10
6.792735e-10
5.146145e-10
2.392087e-10
1.406389e-10
2.534225e-12
3.568657e-10
5.506315e-10
5.908211e-10
-1.338785e-10
-4.017357e-11
4.448604e-10
3.654877e-10
5.528599e-13
-2.366458e-10
-6.481709e-10
-6.498617e-10
-6.871884e-10
-6.282145e-10
-6.839111e-10
-7.306962e-10
2.305385e-10
6.429791e-10
3.510420e-10
-2.005396e-10
1.905828e-10
3.079146e-11
1.583337e-10
5.004464e-10
1.733570e-10
1.215971e-11
-1.064369e-10
-1.584442e-10
-9.030524e-11
-1.902821e-10
-4.378316e-11
-1.359007e-10
-1.422846e-10
-3.172170e-11
1.767385e-10
3.282521e-10
5.267079e-10
-3.416258e-10
-2.126000e-10
5.662312e-11
4.855956e-10
1.229365e-10
5.879852e-10
1.949580e-10
1.098775e-10
1.854243e-10
2.399144e-10
3.033982e-10
1.963915e-10
2.706446e-10
3.033991e-10
2.038466e-10
-2.881725e-11
7.415009e-12
-2.002851e-11
5.587555e-11
2.127609e-11
3.183476e-11
-3.981296e-11
-6.654367e-11
8.453325e-11
2.903340e-11
-1.410787e-11
1.754289e-10
1.764293e-11
1.153252e-10
2.499641e-11
1.332183e-11
6.764884e-11
1.096280e-11
1.843048e-10
1.593605e-10
1.574608e-10
2.150667e-10
1.531763e-10
2.245832e-10
3.866194e-11
1.408063e-10
-1.010773e-11
-5.601151e-12
-1.368097e-10
-1.078718e-10
3.666266e-12
-5.002475e-11
-1.298836e-10
-5.279436e-11
-5.797460e-11
-2.143676e-10
3.705763e-13
-1.045850e-10
-3.244653e-12
4.538496e-11
-6.666483e-11
-2.429071e-11
-1.235716e-11
-8.441534e-11
-3.058054e-11
2.023995e-10
1.468098e-10
1.797954e-10
1.120610e-10
1.149426e-10
1.781343e-10
-7.015105e-11
3.781000e-11
-5.827612e-12
9.311357e-11
1.257608e-10
1.931015e-10
1.513606e-10
2.090320e-10
1.226195e-10
1.480108e-10
1.188709e-10
1.588533e-10
-5.777752e-11
-1.378521e-10
-2.384888e-10
-8.303874e-11
-3.912583e-11
-2.182984e-10
2.262185e-12
7.313927e-11
7.343638e-12
1.363899e-10
1.420087e-10
7.497296e-11
2.058530e-10
1.161483e-10
1.845677e-10
3.505759e-10
2.172329e-10
2.352927e-10
-2.847483e-11
6.834545e-11
-1.021174e-10
1.921928e-10
2.379580e-10
1.149540e-10
1.594043e-10
2.237578e-11
4.212433e-11
1.441834e-11
1.839627e-10
1.120502e-10
-5.628351e-11
1.659382e-10
1.287712e-10
-1.434337e-11
4.953351e-11
-6.996040e-13
-1.624777e-10
-1.995091e-10
-8.657280e-11
1.896831e-11
1.557410e-11
4.401447e-11
-2.839529e-10
-3.267941e-10
-3.520111e-10
2.019533e-10
3.460308e-10
3.083475e-10
4.646517e-10
4.177680e-10
2.893449e-10
2.038441e-10
1.316512e-10
9.998324e-11
-1.803817e-11
-1.427486e-10
-1.131761e-10
-7.224248e-11
-1.465535e-10
-1.180718e-10
-1.657880e-10
-1.067380e-10
-1.681202e-10
1.638772e-11
9.172943e-11
-1.640124e-11
6.851708e-11
3.259793e-10
3.453799e-10
-7.280467e-11
-1.685850e-10
-1.611603e-10
-6.308378e-13
-7.468717e-12
7.608831e-12
-4.287515e-11
3.440168e-11
-2.229281e-11
-7.851021e-11
-1.113643e-10
-8.295624e-11
2.237708e-11
3.091974e-11
-4.939565e-11
1.382921e-11
-1.715453e-11
1.932931e-11
-1.239952e-11
-2.192487e-11
-4.659661e-11
6.649026e-11
8.644537e-11
-3.785539e-11
8.119070e-11
-5.067478e-11
1.187152e-11
-2.445711e-11
2.774112e-11
1.995589e-11
7.456682e-11
1.575074e-10
4.817647e-11
2.457417e-11
4.318500e-11
-1.090035e-10
4.958129e-11
1.273473e-10
9.414583e-11
-7.904188e-11
1.400451e-11
-9.093508e-11
-2.495261e-11
-1.180334e-10
-6.276377e-11
-5.737350e-11
-5.855608e-11
-1.043560e-10
1.992155e-11
-4.123691e-11
-2.451754e-12
1.603039e-11
3.283469e-11
-3.152992e-11
2.317345e-11
-3.953712e-11
4.806723e-11
-5.753980e-11
-4.561086e-11
-5.874897e-11
-3.507233e-14
4.150787e-11
2.775116e-12
5.795396e-11
1.268933e-10
7.430452e-11
4.252439e-11
1.675399e-11
-7.024365e-12
-3.131863e-11
2.531378e-11
6.220569e-11
-3.747921e-12
1.233513e-10
4.706064e-12
4.244896e-11
-5.556820e-11
-7.943171e-11
6.199892e-11
-6.742227e-11
-1.058882e-10
-1.792934e-10
-1.510377e-10
-2.750163e-10
-6.988561e-11
-3.058276e-11
-1.055447e-10
-8.096257e-11
-4.535071e-11
-4.818394e-12
-5.692336e-11
-8.189033e-11
2.014658e-11
6.806082e-11
1.857844e-10
1.264705e-10
2.108014e-10
1.869887e-10
1.151961e-10
2.946926e-10
2.034415e-10
1.209362e-10
-3.603465e-11
4.264190e-11
-1.963627e-11
-8.904490e-11
1.431913e-10
-7.377672e-11
-1.946311e-10
-1.255099e-11
-9.184989e-11
-8.798710e-11
-1.767249e-11
-6.922821e-11
6.150145e-11
-1.929044e-11
1.060153e-10
2.508783e-10
1.301339e-10
1.011543e-10
-7.333229e-12
5.904662e-11
1.349570e-11
1.322834e-10
2.501996e-10
1.626640e-10
2.408002e-10
2.438313e-10
2.881243e-10
-3.136699e-11
9.113579e-11
-1.010074e-10
6.226993e-11
-4.831317e-11
-9.287725e-12
-8.735431e-12
-1.388857e-11
1.165663e-11
1.668795e-10
2.023230e-10
2.090917e-10
2.171724e-10
3.978607e-11
1.698221e-10
3.928020e-10
1.543652e-10
3.022215e-10
2.907989e-11
1.709087e-10
7.133266e-12
9.273485e-11
1.493806e-10
1.166177e-10
2.335061e-10
1.306702e-10
1.285949e-10
1.514582e-11
-2.508577e-11
-1.518898e-11
9.834522e-11
-5.168148e-11
1.029514e-11
5.049087e-12
-4.102352e-11
6.035324e-12
-1.264138e-11
8.999539e-11
1.015711e-11
1.287919e-10
1.305323e-10
6.204078e-11
1.498206e-10
8.539150e-11
-2.495910e-11
1.184027e-10
1.783458e-10
3.853376e-11
3.875557e-10
3.588252e-10
2.116780e-10
3.989780e-10
3.071658e-10
2.287029e-10
-3.903264e-11
-5.909124e-11
-1.401194e-10
-1.294991e-10
-1.436987e-10
-8.056084e-11
-1.178347e-10
-1.283544e-10
-2.747410e-10
-3.692899e-11
-4.459812e-11
1.289518e-11
-4.842759e-11
-2.770767e-11
9.386014e-11
3.774840e-12
1.099574e-10
5.513816e-11
1.511237e-10
7.075584e-11
6.750372e-11
3.166977e-10
3.009964e-10
3.134171e-10
1.215390e-10
7.149244e-11
7.153541e-11
4.121415e-11
8.249591e-11
8.583162e-11
-1.163081e-11
3.818224e-11
6.737641e-11
3.738258e-11
1.161557e-10
9.231225e-11
4.215028e-10
4.340776e-10
3.354691e-10
5.435785e-10
6.932587e-10
5.864780e-10
4.978894e-10
5.294237e-10
2.128815e-10
3.006923e-11
-1.428616e-11
-2.026371e-11
4.450861e-11
4.418880e-11
5.325020e-11
1.712126e-10
1.012151e-10
-1.012003e-11
-1.696841e-11
9.535750e-11
-5.329091e-11
3.165811e-10
3.582258e-10
2.513220e-10
4.462635e-10
6.329789e-10
4.568836e-10
6.711717e-11
6.030706e-12
-1.844785e-12
2.584823e-10
1.851680e-10
2.315464e-10
1.316570e-10
8.549412e-11
1.923252e-10
-1.166847e-10
-4.793360e-10
-6.490238e-10
-1.990680e-10
-3.831997e-10
-7.849960e-11
-1.232127e-10
-4.017894e-10
-4.382207e-11
-4.570464e-10
-1.809638e-10
-3.535844e-10
2.127825e-10
4.617237e-10
2.687670e-10
4.305752e-10
6.495271e-10
4.191135e-10
-5.705068e-11
-1.424498e-10
-1.328147e-10
-9.017433e-11
-1.456626e-10
-9.143348e-11
-1.637548e-10
-1.546824e-11
-1.681300e-10
7.031305e-11
2.037608e-10
6.332000e-10
-7.497727e-11
6.489406e-11
3.795944e-10
1.283715e-10
2.953636e-10
2.080690e-10
-2.884497e-11
4.756047e-11
-2.391226e-11
-2.096088e-11
-1.180454e-10
7.300894e-12
-8.165714e-11
-3.438159e-11
3.636748e-12
1.521908e-11
2.977955e-12
4.241308e-11
-1.722768e-11
6.733113e-11
-1.385052e-11
-4.303143e-11
-6.887606e-11
1.220677e-11
-1.496182e-10
-2.904220e-11
-8.707141e-11
3.435541e-12
3.990921e-11
-8.543405e-11
-2.607946e-11
5.568204e-12
-2.293763e-11
-2.203525e-10
-1.254463e-10
-1.193752e-10
-4.900800e-11
-9.567527e-11
-9.141854e-11
-1.291590e-10
-1.534979e-10
-7.339775e-11
3.549960e-11
2.276094e-12
-1.480920e-10
-1.355296e-10
-2.662005e-10
-2.450191e-10
-3.072469e-10
-3.867186e-10
-2.432166e-10
7.825569e-11
7.310043e-11
1.793434e-11
2.007029e-11
1.489624e-10
1.298488e-10
9.065664e-11
3.401087e-11
1.230850e-10
-1.550068e-10
-1.134299e-10
-3.239845e-11
-1.220232e-11
-4.285507e-11
1.073600e-10
-5.337799e-11
-6.837050e-11
-4.911309e-11
-5.728677e-11
-6.074694e-11
-1.229505e-10
-6.731198e-11
-2.656490e-11
-2.375452e-11
-4.464029e-11
-1.244580e-10
-2.500214e-11
-7.727792e-10
-7.750592e-10
-6.599904e-10
-6.693833e-10
-2.058498e-10
-1.915461e-10
-2.347596e-10
-5.525598e-12
-2.065954e-11
4.336536e-11
9.965110e-12
9.194850e-12
-4.326538e-12
-1.093438e-12
-2.452933e-11
-6.441759e-11
-5.834339e-11
4.445218e-11
-9.918414e-11
-1.076560e-10
2.911604e-11
-1.884027e-10
-2.913315e-10
1.042370e-10
-1.758635e-10
-4.008979e-10
-1.109511e-11
-2.058141e-10
-3.604974e-10
1.038222e-10
-3.987692e-10
-5.207484e-10
-3.922419e-10
-7.214527e-10
-6.821278e-10
-4.965612e-10
1.119499e-09
2.230720e-10
2.259243e-10
7.853397e-10
4.396108e-10
1.267698e-10
3.147659e-10
4.330160e-10
-9.072805e-11
7.296560e-11
1.515761e-10
-5.360072e-12
-2.233286e-10
-4.388949e-10
-1.424474e-10
-3.065786e-10
-5.440054e-10
-3.556695e-10
2.861445e-12
3.030190e-11
-8.459725e-11
7.741008e-11
-4.474674e-11
-1.621054e-11
-5.085968e-11
-8.233873e-11
-9.803330e-11
-7.355040e-10
-7.964376e-10
-8.819404e-10
-1.290135e-09
1.087847e-12
-1.234882e-09
-3.545538e-10
-2.942616e-10
-4.635302e-10
-6.009550e-11
-4.877891e-12
-8.228185e-11
-6.893585e-11
-9.258761e-12
-3.742633e-11
1.394520e-12
-2.333126e-11
-6.970217e-11
-2.878809e-12
-8.100177e-11
3.359059e-11
-6.628636e-11
-7.184946e-11
1.499717e-11
-2.184152e-11
-3.810537e-11
-9.111342e-11
1.917170e-11
4.650083e-11
-1.051197e-11
7.471049e-11
5.477708e-12
-8.093818e-11
8.706859e-11
7.204998e-11
-5.488611e-11
-1.380098e-10
-6.027815e-11
-1.041240e-12
-2.973892e-11
-8.517501e-11
-7.586034e-11
-9.122449e-11
-3.974907e-11
-9.520557e-11
5.506189e-12
-2.489262e-11
7.566617e-12
-4.457106e-11
-8.056036e-11
-2.757631e-11
-6.096104e-11
-1.111685e-11
-9.035632e-11
-2.914537e-11
-7.037476e-11
-1.052769e-10
-6.886911e-11
-1.768993e-11
-1.156913e-10
-7.044135e-11
-1.244540e-10
-1.519113e-10
-6.575836e-11
-1.194879e-10
1.649847e-11
-3.634346e-11
-1.538146e-10
-1.209040e-10
-4.109725e-11
-2.454760e-10
-1.070342e-10
2.195588e-13
-1.306376e-11
2.460334e-11
5.368687e-11
1.769048e-11
-7.442819e-11
2.501715e-11
3.166075e-11
-4.031088e-11
-3.948976e-10
-3.259232e-10
-1.289825e-10
-4.554365e-10
-2.673970e-10
-2.600260e-10
-1.523198e-10
-2.677246e-10
-1.562414e-10
5.759885e-11
-1.805197e-10
-4.199856e-11
-1.210106e-10
7.534769e-12
-4.028419e-11
3.507013e-11
-1.001538e-10
1.153955e-11
-7.493850e-11
-2.821265e-10
-1.164633e-10
-1.372277e-10
-1.733281e-10
-1.417799e-10
1.450760e-10
-4.513989e-11
-1.480885e-10
-2.045280e-10
-4.629611e-11
-1.598574e-10
4.668768e-11
2.485735e-11
-1.814838e-10
1.165443e-10
7.668139e-11
1.382608e-10
8.671968e-11
-2.083367e-10
-1.834929e-10
-1.851417e-10
-1.719979e-10
1.263743e-10
-9.843986e-11
-2.041238e-10
-2.744102e-10
3.885399e-11
-1.538436e-10
-1.843856e-10
1.462955e-10
-1.446606e-10
3.760969e-11
2.226446e-10
4.377212e-11
-1.495609e-10
7.134227e-11
-6.981877e-11
-6.094101e-11
5.987790e-11
3.463987e-11
2.926243e-11
3.790343e-11
6.770483e-11
-7.297313e-12
-2.601321e-11
2.807915e-10
1.913074e-10
3.737790e-11
5.313952e-11
1.487264e-10
-1.373501e-10
-8.732434e-11
-8.254859e-11
9.824194e-11
2.978812e-11
-1.569741e-11
-3.734372e-11
9.442964e-11
6.422722e-12
-1.854672e-11
5.100790e-12
-3.523208e-12
-5.628911e-11
6.722340e-11
5.392444e-11
-1.019677e-10
3.729344e-11
1.667921e-11
6.158433e-11
6.990651e-11
-2.131263e-11
-3.316362e-11
6.582560e-12
1.447773e-11
1.213361e-11
-4.336337e-11
6.247639e-11
4.640223e-11
6.770626e-11
8.117319e-11
3.053997e-11
6.858895e-11
1.290802e-10
-1.079761e-11
3.340855e-12
1.018229e-10
-4.307460e-11
-9.813866e-11
8.424515e-11
-2.186228e-11
-7.567947e-11
-3.718615e-11
-2.593875e-14
-7.749442e-11
-1.051864e-10
3.559100e-11
-6.773535e-12
-6.311991e-11
3.892729e-11
-1.614606e-11
-7.108961e-12
-8.084774e-11
-1.421187e-10
-7.926112e-11
-1.478919e-11
-4.259715e-11
-4.459234e-11
-9.446354e-11
-7.107447e-11
-9.478727e-11
5.547889e-11
-4.930341e-11
1.553516e-11
2.439925e-11
-1.092888e-10
1.979712e-11
-6.724837e-11
-2.976547e-12
-5.371713e-11
2.003002e-11
2.507491e-11
-6.194274e-12
4.235939e-11
4.824368e-11
2.173327e-11
-8.968506e-11
-2.593152e-11
-1.313905e-10
2.141612e-11
-1.552975e-10
-3.131257e-10
2.450314e-11
-2.451766e-11
-2.527756e-10
7.500714e-11
2.373840e-12
1.037091e-10
2.888876e-11
6.460400e-11
4.373894e-11
7.048515e-11
7.203099e-11
6.916431e-11
-9.699865e-11
1.551507e-10
1.627329e-10
4.914815e-11
1.247210e-10
1.739192e-10
-5.521395e-11
-2.387968e-10
-3.909350e-11
-6.982213e-11
4.522686e-11
7.857049e-11
-1.961788e-10
-1.622792e-10
-2.072671e-10
-2.736036e-10
-1.873793e-10
-1.042005e-10
6.708818e-11
-7.524217e-11
3.003878e-12
3.493698e-10
5.175151e-10
-1.641862e-10
1.229528e-10
2.065806e-10
-1.418779e-11
2.250159e-10
3.390147e-10
2.485353e-10
2.487584e-11
3.333283e-10
1.408065e-10
-3.093297e-10
-3.719058e-10
-3.490177e-10
1.065970e-10
-8.901214e-11
4.769097e-11
2.490573e-11
-1.224764e-12
3.094696e-11
-6.560067e-11
-6.588571e-11
4.542211e-11
-2.642711e-12
-2.961394e-10
-5.284260e-10
-2.217516e-10
-1.173886e-10
-2.516774e-10
-6.856196e-11
2.964335e-11
-2.053411e-10
5.824159e-11
-6.795531e-11
-2.277483e-11
-4.142738e-11
4.522701e-11
-5.162248e-11
-6.750035e-11
-1.380337e-11
3.442001e-11
2.431786e-11
6.918498e-11
-2.781982e-11
-1.315563e-11
-2.587936e-12
4.244831e-11
-1.421908e-11
-5.155044e-11
9.424911e-12
-8.921869e-11
2.731711e-11
-1.345905e-10
-3.688170e-11
-2.086361e-11
-1.003966e-10
3.211259e-11
-5.564800e-11
1.767985e-11
-5.304704e-12
1.660698e-11
5.430853e-11
-2.676110e-11
5.554172e-11
1.568706e-11
-5.312075e-11
-4.627211e-11
-3.357820e-11
3.386297e-11
-8.279530e-11
-1.130567e-11
6.255732e-12
3.695052e-11
-6.770335e-12
1.747178e-11
3.861782e-11
-1.786272e-11
5.242587e-11
9.758759e-11
1.417001e-11
3.601845e-11
-2.183497e-11
9.020782e-11
9.973123e-11
-1.325888e-11
-1.711997e-11
1.181753e-10
1.285884e-10
6.185700e-11
7.808598e-11
5.763720e-11
-2.617627e-12
4.422258e-11
3.011700e-11
-4.647309e-11
-3.138382e-11
6.116060e-12
7.843541e-11
9.827927e-12
-2.912286e-11
6.532246e-12
7.600853e-11
-1.005573e-11
-7.120578e-12
9.107137e-11
1.355216e-10
1.953078e-10
7.176856e-11
1.501448e-10
1.951172e-10
5.508811e-11
6.432863e-11
1.489513e-10
6.227929e-12
-1.848428e-11
-8.345384e-12
-4.184797e-11
-8.947876e-11
-9.652696e-11
-1.307653e-11
-1.680936e-11
2.265360e-11
1.818193e-11
6.453182e-11
9.098314e-11
6.252537e-11
7.535623e-11
1.106702e-10
-9.711622e-13
-6.557898e-12
1.017330e-10
-1.041223e-10
-4.328374e-11
-5.065004e-11
-8.201911e-12
-3.264818e-12
3.405622e-11
-1.959490e-11
6.281295e-12
1.190805e-12
-2.546689e-11
-6.290612e-11
-8.003154e-11
-1.287409e-10
-2.961241e-11
-9.602438e-11
-8.505073e-12
-4.987036e-11
-8.771215e-11
4.867175e-11
-1.298832e-11
5.766939e-11
3.973526e-11
-8.660935e-12
2.662461e-11
-4.092038e-12
-8.491922e-11
-1.792409e-11
1.119724e-11
5.559042e-11
-4.777868e-11
1.422341e-11
-7.918133e-11
-4.002209e-11
1.521181e-11
-8.546914e-11
-6.341313e-11
-1.438454e-11
-1.452196e-10
1.645292e-10
8.388500e-11
-3.047408e-11
3.302584e-11
-9.389663e-12
3.037330e-11
9.242713e-11
4.382007e-11
1.635251e-11
7.731145e-11
5.860762e-11
1.414465e-11
2.131045e-11
-1.485847e-11
7.578981e-11
-1.696795e-13
7.454998e-11
7.080450e-12
-4.632967e-11
4.060714e-11
1.018110e-10
-2.579685e-11
1.041303e-10
2.624002e-11
5.180900e-11
2.080831e-10
1.956749e-10
2.875346e-10
2.163876e-10
1.543973e-10
2.226957e-10
9.397994e-11
-4.527210e-11
8.185353e-11
1.505502e-10
5.602215e-10
4.734844e-10
3.188821e-10
5.058526e-10
4.200878e-10
4.517295e-10
5.146568e-10
2.436743e-10
-6.754042e-10
-5.036730e-10
-6.860807e-10
-5.053926e-10
-5.185385e-10
-6.889129e-10
-2.332354e-10
-3.600368e-10
-3.743724e-10
-1.175412e-10
-2.329478e-11
1.463933e-10
1.109027e-10
1.043349e-11
3.798689e-11
6.464987e-11
6.098248e-11
6.047718e-11
1.873288e-10
1.094047e-10
3.410157e-10
9.761754e-10
7.396637e-10
1.049705e-09
5.494048e-10
2.645914e-10
8.610226e-10
-8.862837e-11
-8.033722e-12
1.755210e-11
-7.184509e-11
2.877826e-11
-1.337589e-11
-2.118035e-11
-9.034433e-11
-3.319835e-11
-6.214997e-10
-4.663326e-10
4.894910e-11
-4.094183e-10
1.743505e-10
6.228665e-10
-4.003776e-10
-3.248697e-10
-6.184304e-10
-1.550468e-10
-1.552509e-10
-6.281899e-11
-1.445112e-10
-7.178991e-11
-1.163579e-10
-1.268227e-10
-8.895189e-11
-2.984079e-11
1.763753e-10
8.259683e-10
5.016060e-10
3.789580e-10
9.008440e-10
7.211282e-10
8.201785e-10
9.104443e-10
9.166972e-10
1.499262e-11
-6.858266e-10
1.288512e-11
-1.954234e-10
-8.483511e-10
-2.370288e-10
-6.803338e-10
-1.331939e-09
-9.213894e-10
-1.659086e-10
-1.052520e-09
-1.843695e-09
5.641433e-10
-6.674433e-10
-8.051613e-10
7.074258e-10
3.416195e-10
6.446060e-10
-8.725677e-10
-1.146157e-10
-3.471084e-10
3.803230e-10
8.085470e-10
7.131493e-10
7.739738e-10
1.351923e-09
1.449381e-09
-3.843129e-11
-4.021672e-11
-1.388061e-10
-2.147259e-10
-1.353351e-10
-2.104035e-10
-5.637083e-11
-1.889349e-10
-1.289533e-10
-2.736417e-10
-4.714371e-10
1.014912e-09
6.402827e-10
5.782870e-10
1.113726e-09
2.022205e-09
1.909882e-09
1.922571e-09
-7.753918e-13
-7.437813e-11
-4.142916e-11
3.758638e-11
-3.440454e-11
-3.499064e-11
3.043425e-11
1.482836e-11
-1.238906e-11
-8.094946e-11
-5.371472e-11
4.513486e-11
-1.955615e-12
-2.584114e-11
5.940651e-11
-4.807677e-11
2.099862e-11
3.244986e-12
-4.414743e-11
-9.515186e-12
-5.078064e-11
1.352856e-11
1.205070e-10
1.415140e-10
-8.203516e-12
9.606067e-11
1.072410e-10
-5.383984e-10
-2.475668e-11
1.322579e-10
-4.978052e-10
1.073414e-11
1.286539e-10
-3.461325e-10
1.422488e-10
3.403832e-10
-6.959482e-11
-1.617645e-10
-4.556876e-10
-7.266870e-11
-2.268040e-10
-3.470050e-10
-2.909449e-10
-4.859755e-10
-6.201385e-10
2.324739e-11
8.540329e-11
9.738854e-11
4.296022e-11
2.224714e-11
8.604561e-11
4.507901e-11
2.653244e-11
7.473262e-11
-1.117172e-10
-3.238140e-11
-1.698341e-10
2.311280e-10
3.227646e-10
1.101973e-10
5.065640e-10
5.892647e-10
5.205166e-10
-2.864243e-11
-8.714345e-11
-4.686557e-11
-4.844303e-11
-6.378054e-11
-8.163320e-11
-6.326392e-11
-8.653531e-11
-9.488122e-12
2.482205e-09
2.369901e-09
2.216714e-09
1.697800e-09
4.331697e-10
9.112343e-10
1.906116e-09
2.945816e-10
1.483585e-09
-4.656309e-11
-1.438870e-10
1.676862e-11
-7.998920e-11
-1.807229e-11
-3.905797e-11
-3.641769e-11
-5.187519e-12
2.696227e-11
-9.490280e-10
-2.187099e-10
-1.856310e-10
-5.151353e-10
4.827626e-11
1.643163e-10
-4.217054e-10
3.404868e-10
6.432291e-10
1.214460e-09
5.522194e-10
1.225490e-09
7.057016e-10
-1.828857e-10
6.030012e-10
1.109812e-09
-2.363850e-10
7.396990e-10
-1.579828e-09
-1.327312e-09
-7.842871e-10
-9.668981e-10
-1.084468e-09
5.669160e-10
7.751281e-10
-6.325760e-11
3.406228e-10
-8.834382e-10
-3.249902e-10
-4.205817e-10
-7.797343e-10
-1.038294e-10
4.105537e-10
-5.707776e-10
1.276500e-10
6.721381e-10
-7.810338e-11
-8.395554e-11
1.304739e-11
2.620777e-11
-9.610444e-11
-1.243106e-10
7.468619e-12
-1.844783e-13
4.325010e-11
-6.097507e-10
-1.801441e-09
2.807642e-10
1.186987e-10
-1.923669e-09
-5.502833e-10
5.691288e-10
-9.441158e-10
1.055984e-10
-2.099256e-11
-1.452870e-11
-4.491826e-11
-1.221938e-10
3.176242e-11
-1.110159e-10
-5.886561e-11
-9.905229e-11
-8.513466e-11
-6.163491e-11
-5.776040e-11
3.910095e-11
-2.430008e-11
1.655561e-11
2.919035e-11
6.827808e-11
-5.146451e-11
-3.026324e-11
2.442641e-11
-1.912473e-11
5.464985e-11
1.507382e-11
4.016640e-12
2.136974e-11
-5.267913e-11
1.883854e-11
3.269491e-11
-6.207635e-11
-4.551233e-11
-9.133656e-11
-3.191021e-11
-7.602024e-11
-6.461750e-11
-9.958923e-11
-1.208656e-10
-1.000276e-10
-3.211005e-11
-1.182250e-10
-3.602152e-11
-3.202271e-11
-1.053698e-10
-7.749957e-11
-8.384955e-11
1.136205e-11
-4.681560e-11
-1.733639e-11
7.159063e-11
4.542938e-11
-4.527077e-11
1.094794e-11
4.761530e-11
2.828005e-11
1.198001e-10
1.106482e-10
-6.151553e-11
-1.410906e-10
1.060368e-12
2.165515e-11
3.599879e-12
2.817135e-11
-6.270211e-11
-1.208089e-10
-7.256733e-11
-6.171219e-12
-2.230514e-11
-4.839193e-11
-1.249380e-12
-3.405853e-11
6.183034e-11
-3.780020e-11
-4.142002e-12
-6.657506e-12
-4.492847e-11
8.617401e-11
1.678966e-10
4.898478e-11
-2.223450e-11
1.082166e-10
-6.498611e-12
2.340239e-11
1.822698e-10
3.680768e-12
-1.620634e-10
-9.375343e-11
-1.029412e-10
-1.516997e-11
-4.318684e-11
-6.513354e-11
-1.768073e-10
-7.565205e-11
-9.891447e-11
-4.808051e-11
-1.523883e-11
-7.215500e-11
-6.768084e-11
-2.798751e-11
-1.136762e-11
-7.736129e-11
-5.496871e-11
1.635672e-11
-2.226847e-11
-1.524846e-10
1.183173e-10
-5.973508e-11
-1.641799e-10
6.495967e-11
-8.027130e-11
-1.379161e-10
-1.336121e-10
-1.535783e-10
8.407254e-11
-5.827397e-11
-8.229627e-11
-1.385451e-12
-1.420091e-10
-1.690375e-10
-3.172761e-11
-1.954961e-10
-1.948441e-10
-1.857695e-10
-1.058514e-10
-3.499029e-10
-1.857245e-10
-1.218237e-10
-1.679218e-10
-1.929993e-10
2.027273e-12
-1.293927e-10
-8.833444e-11
3.874721e-11
8.874774e-11
5.783296e-12
4.470632e-11
-8.966845e-11
-2.033856e-11
1.217279e-10
-1.269793e-10
-4.836161e-11
6.139666e-11
-3.298280e-11
4.216527e-11
-1.779175e-11
-6.382499e-11
8.377523e-11
-6.589872e-11
-6.557587e-11
2.318919e-11
-1.090978e-11
-5.828181e-11
-1.179956e-10
-2.655784e-11
-1.876575e-11
-8.501145e-11
1.023985e-11
1.369978e-10
9.409366e-11
2.353627e-10
1.245730e-10
1.855278e-10
1.759701e-10
1.431840e-10
1.871624e-10
5.895172e-10
4.186257e-10
3.974349e-10
1.634663e-10
-7.613530e-11
-8.264125e-11
9.117547e-10
7.434975e-10
6.337819e-10
-3.687183e-11
-8.764011e-10
-7.882922e-10
2.606408e-09
1.751441e-09
1.733500e-09
1.935854e-09
1.034336e-09
1.022200e-09
8.878931e-10
8.765268e-10
1.029552e-09
-9.448470e-10
-6.355734e-10
-7.786683e-10
-7.012211e-10
-6.149458e-10
-9.192312e-10
1.103865e-10
2.254454e-10
2.878545e-10
2.368714e-10
2.856413e-10
2.562068e-10
3.158788e-10
2.662066e-10
1.834294e-10
9.384883e-10
4.477450e-10
4.060347e-10
2.877387e-09
2.379599e-09
2.798510e-09
2.024005e-09
1.487894e-09
1.404467e-09
-1.104438e-10
-3.141926e-11
-8.019924e-12
-6.841190e-11
2.064394e-11
-1.152010e-10
-8.688338e-12
5.549295e-11
4.817998e-11
6.647594e-10
2.197655e-11
-1.109925e-10
-1.069356e-09
-1.557403e-09
-1.118970e-09
-1.770524e-10
-7.746126e-10
-9.334059e-11
-1.471458e-10
-1.230731e-10
-3.098056e-10
-1.827236e-10
-2.051163e-10
-2.146125e-10
-1.749418e-10
-2.167565e-10
-1.434403e-10
5.999370e-10
6.543607e-10
-6.412532e-11
1.703009e-09
1.275744e-09
1.459251e-09
3.023549e-09
2.433959e-09
1.985161e-09
5.524632e-10
3.792908e-10
-1.955423e-10
-1.805778e-09
-1.193951e-09
-8.742097e-10
-1.543642e-09
-1.347445e-09
-7.031206e-10
-1.344262e-09
-9.593788e-10
-1.374700e-09
8.573413e-10
1.041886e-09
2.102892e-09
-4.053345e-10
-5.580174e-10
-1.212833e-09
-3.660809e-09
-2.611437e-09
-2.674490e-09
4.965267e-09
5.318197e-09
4.795668e-09
-5.131335e-10
-1.128814e-10
-1.217465e-09
-1.109276e-10
-1.721937e-10
-1.234373e-10
-1.000500e-10
-1.924120e-10
-6.664369e-11
5.288727e-11
-4.849405e-11
6.465381e-11
-1.531914e-09
-1.817744e-09
-5.574372e-10
2.283903e-09
1.462443e-09
2.293323e-09
-1.154309e-09
-1.328764e-09
-7.443718e-10
3.578386e-11
8.036032e-11
7.885425e-12
-1.748815e-12
1.882555e-11
-2.957785e-11
-2.174568e-12
-1.097185e-11
-3.149238e-11
3.047891e-11
1.250087e-11
6.803845e-11
2.537223e-11
-3.474871e-11
2.703412e-11
4.728732e-11
-5.998964e-11
-5.557232e-11
-7.834677e-11
-2.891882e-11
-1.925667e-11
-5.078746e-11
-6.149199e-11
-1.271609e-10
7.244827e-12
1.454707e-10
3.434432e-13
7.328397e-12
3.038941e-11
3.320962e-11
6.513132e-11
1.011046e-11
3.808138e-11
-1.177607e-10
1.060565e-11
-5.096954e-11
-9.399521e-11
-7.736865e-11
-1.174773e-10
-1.588634e-10
-6.739983e-11
-9.910683e-11
-1.000995e-10
1.636454e-10
-3.520936e-11
4.848634e-11
9.706334e-11
8.653205e-11
5.944229e-11
-2.497515e-11
-1.161260e-11
4.507704e-11
2.819642e-11
1.112480e-10
-9.637623e-11
2.265992e-12
-8.762606e-11
-7.002991e-11
5.868993e-11
-8.155344e-11
-3.481539e-11
-5.437386e-11
-1.609632e-10
-1.243999e-11
1.365250e-11
8.308150e-13
-4.057437e-11
-4.933986e-11
-1.000254e-10
-8.861079e-11
-3.276616e-11
-7.239551e-12
-1.073198e-10
1.236762e-10
-1.228212e-10
1.885237e-10
2.394951e-10
1.841088e-10
6.913628e-11
1.099918e-10
1.916574e-10
-6.461415e-11
-1.060306e-10
-9.494359e-11
2.846310e-11
-1.289631e-10
-7.446573e-11
-5.444116e-11
-1.613095e-10
-1.401133e-10
-1.105679e-10
-3.390145e-12
-1.993315e-10
-3.894181e-11
-7.750840e-11
-1.492726e-10
-1.162128e-10
8.104678e-12
-7.832044e-11
4.377613e-10
3.145927e-10
2.763101e-10
2.676117e-10
1.723962e-10
1.354336e-10
-5.936332e-12
-1.354988e-10
-1.941780e-10
-4.447360e-11
-1.903417e-10
-1.594135e-10
-7.112697e-11
-1.126427e-10
6.219918e-12
2.231447e-10
1.982504e-10
9.555347e-11
-9.825037e-11
-6.257601e-12
-7.947297e-11
-1.002508e-10
-2.848858e-11
-1.949697e-10
-1.626184e-10
-1.122170e-12
-1.584591e-10
-5.145284e-11
-7.589340e-11
-7.408280e-11
-2.427102e-11
-6.105158e-11
-5.090675e-11
-6.480735e-11
-3.012642e-11
-6.673079e-11
-2.498158e-10
-2.670528e-11
-1.660181e-10
-1.792120e-10
-1.741898e-10
-2.173327e-10
-2.594463e-11
-4.697921e-11
-6.345251e-11
-4.112950e-11
-7.694036e-11
-2.596276e-10
-6.647442e-11
-1.165148e-10
-7.777803e-11
-1.550678e-10
-1.601240e-10
-2.115362e-10
-5.298279e-11
-7.361538e-11
-8.350106e-11
-3.910929e-11
-1.609666e-11
-3.514907e-11
-7.181842e-11
6.118769e-11
-8.010176e-11
1.293068e-12
1.106966e-10
2.891118e-11
2.213467e-11
5.612652e-11
-3.474498e-11
1.038432e-13
4.155332e-11
-5.194205e-11
-1.045404e-10
8.332389e-12
-7.423529e-11
-2.359700e-11
-3.669836e-12
-1.160882e-10
-1.490254e-11
4.589752e-11
-5.911298e-11
1.124938e-10
1.022655e-10
-1.000387e-10
6.944468e-11
-8.348001e-11
-9.274548e-11
4.198846e-11
-7.565774e-12
-3.302196e-11
2.338926e-11
5.286459e-11
-5.139052e-11
-3.907820e-12
-7.055127e-11
-1.052816e-10
-4.312577e-11
-2.624905e-11
-7.400105e-11
-1.918854e-10
-1.676233e-10
-2.406828e-10
-2.725421e-11
-1.987757e-10
-1.057773e-10
-1.005623e-10
-1.658988e-10
-1.260887e-10
-3.975456e-11
-3.302285e-11
1.418164e-11
-7.440399e-11
-1.196595e-10
-5.703879e-11
-7.346099e-11
-1.907138e-11
-7.230836e-11
4.633584e-12
4.506237e-11
2.889892e-10
8.640851e-11
3.633535e-10
5.235477e-10
3.900020e-11
1.323967e-10
4.396079e-10
-1.743334e-10
-1.029802e-10
-1.585627e-11
8.217919e-12
-8.870734e-11
-6.635484e-11
-1.519248e-10
-1.057293e-10
-9.049861e-11
1.283054e-10
-1.741072e-10
-2.305309e-10
-9.727784e-11
-2.434842e-10
-3.025134e-10
-1.428513e-10
-4.004625e-10
-2.523622e-10
-2.378362e-10
-1.624427e-10
-2.656045e-10
-2.146477e-10
-4.333068e-10
-3.634656e-10
-4.239246e-10
-6.758494e-10
-6.838254e-10
3.298761e-10
1.214281e-10
-9.578446e-11
3.342551e-10
-9.579472e-11
-3.173661e-11
1.286642e-10
2.169806e-10
1.598213e-11
1.467968e-10
6.699231e-11
-4.799023e-10
-2.046395e-10
-5.229436e-10
-6.059251e-10
-2.464655e-10
-4.817306e-10
-6.046480e-10
-2.361491e-11
2.640661e-11
-1.568629e-10
-8.131395e-11
-4.074865e-11
2.668235e-11
-1.721931e-11
-1.497915e-11
-6.000705e-11
-3.780044e-10
-5.031602e-10
-1.712278e-10
-4.400327e-10
-4.848476e-11
-5.742560e-10
-4.307960e-10
-3.888433e-10
-3.558481e-10
-2.185766e-11
3.748501e-11
-5.209966e-11
-5.356891e-11
-4.331143e-11
5.070481e-11
4.235406e-11
3.902111e-11
-7.357930e-11
1.151343e-10
3.542537e-11
-1.387516e-11
5.660943e-11
-6.731895e-11
-4.403749e-11
3.729820e-11
-2.689050e-11
-2.652456e-11
2.428870e-11
3.490432e-11
8.528045e-11
-2.318135e-11
3.936439e-11
4.842816e-11
-3.265119e-11
-2.471993e-11
-7.110990e-11
7.640082e-11
-9.963538e-11
4.263402e-11
-5.837850e-11
-1.675294e-10
-1.222839e-10
3.147776e-11
-1.835066e-10
-7.858854e-11
2.290744e-11
1.151155e-10
8.792574e-11
-1.940316e-10
-1.123843e-10
-1.026636e-10
-2.315772e-10
-2.010542e-10
-1.334460e-10
-1.692653e-11
-2.018735e-11
6.749012e-11
-7.546217e-11
4.336669e-11
-4.438652e-11
-6.332934e-11
-7.875318e-11
5.933333e-11
3.004602e-11
1.401157e-11
2.306020e-11
2.796958e-11
-2.415907e-11
-4.823845e-11
-1.312133e-10
-2.671099e-10
-1.999843e-10
5.226671e-12
1.177484e-10
9.708324e-11
2.600305e-11
7.730392e-11
3.481328e-11
8.422523e-11
-5.452113e-12
-3.694370e-11
-2.228003e-10
-1.501186e-10
1.579003e-10
-1.847107e-10
4.368938e-11
2.957033e-10
-1.823271e-10
-1.660651e-10
1.129956e-10
1.611560e-11
1.858987e-12
-4.877685e-12
1.102354e-10
7.903845e-11
8.844863e-12
1.072590e-10
1.727676e-10
2.206427e-11
-1.024197e-10
6.004626e-11
-3.055023e-10
1.991444e-10
4.459689e-10
1.550345e-10
-1.446527e-10
-1.049208e-10
-1.521226e-10
3.538351e-10
3.596960e-10
5.951455e-10
4.284749e-10
6.645926e-10
5.266277e-10
4.383697e-10
7.421428e-10
7.373401e-10
-5.259253e-10
-7.141047e-10
-7.467109e-10
-3.279436e-10
-2.891996e-10
-8.354009e-10
-6.528203e-10
-5.572587e-10
-9.632305e-10
2.902399e-10
3.093289e-10
1.315825e-10
3.275681e-10
6.637725e-10
3.783417e-10
1.492850e-10
8.935008e-11
1.417609e-11
3.096460e-11
-1.532336e-11
3.956679e-11
1.899569e-11
1.491744e-12
1.248781e-11
-1.169737e-10
-6.777722e-11
-9.411585e-12
-5.299155e-10
-1.350654e-10
1.309538e-10
-4.604034e-10
3.307797e-10
1.931272e-10
3.062756e-10
8.489260e-10
3.230740e-10
7.300255e-11
1.616141e-10
1.022303e-10
1.332693e-10
1.803281e-10
8.045085e-11
9.730890e-11
6.148553e-11
8.595729e-11
-5.922862e-11
-1.642084e-11
-4.902385e-11
-3.829159e-11
-3.390203e-11
-2.487355e-11
-1.324402e-10
-7.030020e-11
-3.597696e-11
-4.039625e-12
3.360012e-11
-3.069963e-11
-3.471458e-11
1.500623e-11
-1.293657e-11
-9.318257e-11
4.963742e-11
-5.596645e-11
-8.020635e-12
-1.318041e-11
-1.206633e-10
8.747632e-11
-1.153466e-11
4.802703e-11
-1.944412e-11
-5.180804e-11
-9.334705e-13
1.001242e-10
-6.615297e-12
-3.209953e-11
2.986006e-11
5.840928e-11
8.885839e-11
6.789615e-11
8.236777e-11
-2.170495e-11
1.247043e-10
-6.207896e-12
-7.086355e-13
1.053362e-11
-1.764846e-12
6.809422e-11
-2.539660e-11
1.046967e-10
-5.137312e-11
-4.336930e-11
2.793347e-11
6.548823e-12
2.647951e-11
-2.223592e-11
-7.476451e-11
-3.324212e-11
-6.184329e-11
-6.004312e-11
-8.522431e-11
8.968993e-11
-2.222216e-11
3.460836e-12
8.024065e-11
6.313787e-11
4.919780e-11
7.135634e-12
-1.800870e-11
-2.326578e-11
-1.242339e-10
-1.684309e-12
1.061614e-11
-9.812279e-12
-1.540641e-10
1.099199e-10
3.849007e-11
9.643118e-11
2.888591e-10
2.192495e-10
1.894842e-10
2.750142e-10
2.386253e-10
1.878316e-10
2.814705e-10
1.708333e-10
1.942188e-10
2.205099e-11
8.000774e-12
4.151561e-11
-4.796825e-11
-1.952105e-11
-4.861478e-11
-8.299610e-11
-7.006568e-11
-1.528672e-10
-3.903619e-11
-1.039348e-10
-9.811438e-11
-3.611426e-11
-1.375365e-10
-1.029721e-10
-8.169498e-11
-9.076185e-11
-7.529106e-11
-5.882985e-11
-5.899651e-11
-1.347240e-10
3.034919e-13
-3.406469e-11
-1.304401e-10
-5.522951e-11
-1.427847e-10
-2.849965e-11
-8.791840e-11
1.966466e-11
9.679426e-11
2.929284e-11
-9.519522e-11
-6.861954e-11
-1.111069e-10
-4.040756e-12
-5.196285e-12
1.941834e-11
4.548171e-11
1.204882e-10
9.830099e-11
5.341281e-11
5.180787e-11
7.470129e-11
9.991324e-11
8.797509e-12
1.748482e-11
-2.599594e-11
7.982998e-11
2.108662e-10
7.407009e-11
2.366979e-10
3.641936e-11
7.419779e-11
2.374850e-10
