-1.509788e-02
-3.730619e-02
-4.895305e-02
-9.162528e-04
-3.080104e-02
-1.870393e-02
-2.766019e-02
-2.529815e-02
-1.444140e-02
-2.751248e-02
-3.981244e-02
-5.246779e-02
-5.233715e-02
-1.344268e-02
-3.807053e-02
-2.124543e-02
1.976003e-02
-3.359769e-02
-1.820763e-02
-4.815470e-02
-6.712640e-02
-9.091077e-03
-2.234897e-02
-2.664758e-02
-2.816416e-02
-1.519518e-02
-3.295166e-02
4.199229e-03
-3.349040e-02
-4.283330e-02
-9.498286e-03
-2.671044e-02
9.504262e-03
-4.827850e-02
-4.172218e-02
-4.210175e-02
-2.589307e-02
-1.068219e-02
-2.958981e-02
-5.069811e-02
-2.184160e-02
-3.266344e-02
-3.411340e-02
-1.927941e-02
-3.942520e-02
-4.555800e-02
-4.120014e-02
-1.336911e-02
-2.629540e-02
-3.076009e-02
-2.431344e-02
-5.789419e-03
-1.200920e-02
-2.721928e-02
-5.171664e-03
-2.464044e-02
-3.693258e-02
-4.030709e-02
-3.085772e-02
5.355857e-03
-1.238348e-02
-4.175308e-02
-2.070916e-02
-5.316344e-02
