1.597783e-09
1.490208e-09
2.440038e-09
1.364263e-10
6.893531e-11
9.665776e-10
5.175591e-10
2.532268e-10
1.067201e-09
1.090173e-09
9.739207e-10
1.651680e-09
1.388778e-10
-3.347567e-12
6.126679e-10
3.548064e-10
1.765161e-10
7.451319e-10
8.186176e-08
7.584072e-08
1.299871e-07
7.118701e-09
-3.257241e-11
5.029151e-08
2.293866e-08
1.254433e-08
5.847061e-08
6.213020e-03
6.291441e-03
1.131863e-02
-8.058125e-04
-1.360601e-03
2.722136e-03
2.232908e-03
6.390417e-04
4.131897e-03
6.760371e-10
6.531261e-10
1.019145e-09
7.749591e-11
6.983995e-11
4.499125e-10
2.203897e-10
9.512063e-11
5.043186e-10
1.333610e-09
1.271456e-09
2.282481e-09
8.963278e-11
2.697673e-11
7.889254e-10
3.434741e-10
2.986232e-10
9.650992e-10
1.350008e-09
1.073986e-09
2.116904e-09
-5.319457e-11
-1.866980e-10
6.131535e-10
3.181918e-10
1.366113e-10
8.527693e-10
2.645246e-11
6.869616e-11
1.393018e-10
-1.626058e-10
-1.001155e-10
2.836804e-12
-2.446590e-11
-5.659162e-11
7.919667e-11
2.153263e-08
2.009885e-08
3.431828e-08
1.808783e-09
6.403583e-11
1.317128e-08
6.005398e-09
3.320925e-09
1.539192e-08
1.443749e-10
2.436543e-10
2.365949e-10
-1.454531e-10
-1.498936e-10
3.010880e-11
-4.468008e-12
-7.705957e-11
1.448411e-10
2.070381e-09
1.964019e-09
3.172354e-09
2.660185e-10
1.314104e-10
1.384761e-09
6.343325e-10
3.789964e-10
1.438477e-09
3.415738e-02
2.018177e-03
2.702749e-03
-3.928692e-03
-2.552198e-02
-7.205762e-03
-1.742719e-02
-1.807507e-02
1.167785e-02
9.549417e-10
7.104193e-10
1.466090e-09
1.061922e-10
4.398849e-11
5.783808e-10
2.871929e-10
1.716793e-10
6.764973e-10
3.653555e-10
3.113318e-10
4.636958e-10
6.720575e-11
-3.829707e-11
9.870282e-11
1.307023e-10
5.776666e-11
1.261618e-10
5.686379e-09
5.242691e-09
8.710014e-09
5.499725e-10
9.705212e-11
3.429967e-09
1.671700e-09
9.791919e-10
4.019692e-09
4.913276e-10
4.705355e-10
8.178210e-10
1.080697e-10
9.023363e-11
2.507825e-10
2.057101e-10
7.307970e-11
3.638819e-10
-7.025808e-10
-1.876148e-10
-1.413456e-09
3.691855e-10
-2.014148e-10
-1.248575e-09
-8.537225e-10
-1.248481e-09
-2.219934e-09
-4.206684e-10
-9.039105e-11
-1.049179e-09
3.705155e-10
-1.628105e-11
-8.563705e-10
-4.529270e-10
-8.009337e-10
-1.561133e-09
-2.977643e-08
-8.269527e-09
-7.802529e-08
2.553399e-08
-2.972136e-10
-6.341510e-08
-4.017441e-08
-6.856084e-08
-1.185113e-07
4.033846e-03
9.474167e-03
7.393859e-04
5.442325e-03
3.048243e-03
-6.773404e-03
-2.574881e-03
-6.457271e-03
-1.500183e-02
-2.408907e-10
9.513186e-12
-5.726826e-10
2.871843e-10
6.437632e-11
-5.130067e-10
-2.385839e-10
-4.882848e-10
-8.092532e-10
-3.924018e-10
-6.158617e-11
-1.318571e-09
5.154573e-10
1.317904e-10
-1.134887e-09
-5.491615e-10
-1.047475e-09
-2.022086e-09
-4.865028e-10
-1.018424e-10
-1.411587e-09
4.785831e-10
-8.044284e-11
-1.072022e-09
-6.719666e-10
-1.243084e-09
-2.128301e-09
-9.522450e-11
-1.870898e-11
-1.460098e-10
-6.700125e-11
-8.662678e-11
-2.081733e-10
-7.668702e-11
-1.646527e-10
-1.929761e-10
-7.714353e-09
-2.010110e-09
-2.028569e-08
6.557413e-09
-8.286406e-11
-1.655340e-08
-1.073066e-08
-1.801788e-08
-3.126418e-08
-1.114249e-10
-1.768467e-10
-3.576276e-10
-2.400818e-11
-1.175266e-10
-3.091598e-10
-2.969770e-10
-2.952553e-10
-6.084512e-10
-7.581984e-10
-1.546007e-10
-1.904893e-09
6.277462e-10
7.131587e-11
-1.506281e-09
-9.202366e-10
-1.661766e-09
-2.839018e-09
-4.692828e-02
-2.440416e-02
-3.786759e-02
1.585969e-02
2.340040e-02
4.230028e-04
3.806710e-02
4.131123e-02
5.197750e-02
-3.913015e-10
-5.216875e-11
-7.656539e-10
2.190035e-10
-4.137807e-11
-6.301378e-10
-4.380807e-10
-6.861123e-10
-1.233916e-09
-2.604964e-10
-1.798248e-10
-4.328357e-10
-2.798907e-11
-1.871256e-10
-4.334498e-10
-2.830297e-10
-4.625933e-10
-6.492286e-10
-1.897688e-09
-4.217571e-10
-5.064130e-09
1.535719e-09
-2.703566e-10
-4.504605e-09
-2.676160e-09
-4.514280e-09
-7.977559e-09
-2.127338e-10
5.314705e-11
-4.856315e-10
2.726484e-10
-3.732353e-11
-2.987431e-10
-2.376476e-10
-3.898815e-10
-7.240371e-10
-5.893764e-09
-4.201573e-09
-3.996291e-09
-1.012032e-09
-6.153921e-11
9.281961e-11
-9.305581e-09
-8.544254e-09
-8.375922e-09
-4.131889e-09
-2.899609e-09
-2.689951e-09
-6.543290e-10
-2.880052e-11
6.244295e-11
-6.638686e-09
-6.011326e-09
-5.923322e-09
-3.179366e-07
-2.258309e-07
-2.153265e-07
-5.203573e-08
-4.642159e-10
9.649256e-09
-5.132252e-07
-4.669910e-07
-4.603839e-07
-1.795652e-02
-6.559360e-03
-8.394266e-03
2.494987e-02
2.901068e-02
2.651192e-02
-3.588665e-02
-3.097967e-02
-3.380683e-02
-2.362204e-09
-1.677800e-09
-1.694424e-09
-4.184628e-10
2.950575e-11
-2.126515e-11
-3.820205e-09
-3.371677e-09
-3.369640e-09
-5.538438e-09
-3.903934e-09
-3.766895e-09
-8.529712e-10
1.135502e-10
1.218057e-10
-9.002786e-09
-8.150320e-09
-8.086460e-09
-5.745884e-09
-3.989580e-09
-3.867416e-09
-8.698207e-10
6.585871e-11
2.656704e-10
-9.249311e-09
-8.492892e-09
-8.200942e-09
-4.013163e-10
-2.516553e-10
-2.529176e-10
-1.618171e-11
3.028726e-11
7.458726e-12
-7.090770e-10
-5.701579e-10
-6.425385e-10
-8.295834e-08
-5.912401e-08
-5.628409e-08
-1.392254e-08
-7.269885e-10
2.178474e-09
-1.345308e-07
-1.227095e-07
-1.206668e-07
-1.087353e-09
-7.362064e-10
-7.033213e-10
-1.922551e-10
-6.021372e-11
4.348357e-11
-1.687525e-09
-1.533337e-09
-1.518109e-09
-7.676045e-09
-5.481098e-09
-5.265707e-09
-1.305621e-09
-1.471851e-10
2.164073e-10
-1.247721e-08
-1.142175e-08
-1.119214e-08
-3.306861e-03
-3.048822e-02
-1.487945e-02
2.461990e-03
4.794021e-02
5.965516e-02
-3.239997e-02
-1.564780e-03
-1.860424e-02
-3.373126e-09
-2.323647e-09
-2.239309e-09
-4.190768e-10
2.941545e-11
6.283023e-11
-5.304655e-09
-4.814819e-09
-4.658602e-09
-1.298242e-09
-9.299808e-10
-9.336527e-10
-2.475745e-10
-1.499215e-10
5.150724e-11
-2.108004e-09
-1.959805e-09
-1.919218e-09
-2.140921e-08
-1.525634e-08
-1.440772e-08
-3.322741e-09
3.986353e-11
8.856330e-10
-3.442051e-08
-3.131202e-08
-3.077032e-08
-1.813725e-09
-1.223264e-09
-1.182069e-09
-2.387927e-10
8.344097e-11
7.589567e-11
-2.764446e-09
-2.546076e-09
-2.581615e-09
6.024796e-10
-1.910472e-09
1.709645e-09
2.748298e-09
9.035013e-11
3.926456e-09
1.757189e-09
-6.378077e-10
2.910227e-09
4.092573e-10
-1.354201e-09
1.363162e-09
1.889616e-09
4.727563e-11
2.782854e-09
8.034082e-10
-8.263524e-10
1.995334e-09
3.759970e-08
-8.271230e-08
1.077791e-07
1.488512e-07
1.120408e-08
2.164399e-07
7.165638e-08
-5.298319e-08
1.560848e-07
1.271854e-03
-2.105017e-02
1.081738e-02
1.584311e-02
-8.476469e-03
2.642332e-02
1.990996e-03
-2.060081e-02
1.246384e-02
2.421589e-10
-7.240258e-10
8.100118e-10
1.127567e-09
3.596720e-11
1.591511e-09
5.042051e-10
-4.004124e-10
1.195671e-09
7.126486e-10
-1.646608e-09
1.856108e-09
2.606314e-09
-1.930084e-11
3.893056e-09
1.113180e-09
-1.269532e-09
2.714011e-09
5.066882e-10
-1.918221e-09
1.797963e-09
2.416751e-09
-6.561296e-11
3.932701e-09
9.696829e-10
-1.429096e-09
2.806277e-09
6.400400e-11
-1.796042e-10
2.710058e-10
2.204564e-10
-5.558292e-11
2.594346e-10
1.644923e-10
-5.701897e-11
2.779461e-10
1.122072e-08
-2.318255e-08
2.831596e-08
3.909725e-08
9.407970e-10
5.609425e-08
1.933712e-08
-1.520337e-08
4.133200e-08
5.069462e-11
-3.213148e-10
2.904259e-10
4.533685e-10
-6.464164e-11
6.663490e-10
2.220405e-10
-2.057322e-10
5.164037e-10
7.303645e-10
-2.426732e-09
2.565157e-09
3.365151e-09
3.704797e-11
5.270752e-09
1.541041e-09
-1.551389e-09
3.861645e-09
-1.821314e-03
3.722980e-02
-3.522935e-02
-2.754849e-03
7.239082e-02
-2.393072e-02
-2.900357e-02
4.461285e-02
-7.782583e-03
3.295888e-10
-8.568852e-10
1.226567e-09
1.474960e-09
9.898008e-11
2.290797e-09
5.833336e-10
-5.715008e-10
1.696146e-09
-3.300891e-11
-4.195638e-10
2.159512e-10
5.535583e-10
1.259750e-10
7.613236e-10
2.216110e-10
-1.779923e-10
5.070985e-10
2.060134e-09
-6.443202e-09
7.130242e-09
1.032897e-08
5.227151e-10
1.504933e-08
4.401103e-09
-4.112207e-09
1.057408e-08
2.627401e-10
-5.468592e-10
6.772307e-10
8.226205e-10
-3.301414e-11
1.212461e-09
3.437020e-10
-2.325713e-10
8.475710e-10
3.676288e-09
2.760741e-09
4.288949e-10
6.234728e-10
2.395187e-10
-2.011036e-09
5.497415e-09
5.356810e-09
3.151269e-09
2.359856e-09
1.899053e-09
3.524088e-10
3.850718e-10
-7.258777e-11
-1.563274e-09
3.850746e-09
3.593920e-09
2.198233e-09
2.049903e-07
1.518911e-07
3.759983e-08
4.134219e-08
1.091781e-09
-1.177403e-07
2.962270e-07
2.677474e-07
1.536189e-07
1.923388e-02
1.064146e-02
-6.075297e-03
-7.220652e-03
-1.405036e-02
-2.968393e-02
3.287677e-02
2.734877e-02
1.254469e-02
1.405957e-09
1.121640e-09
1.876495e-10
1.127253e-10
1.626397e-11
-9.176684e-10
2.083028e-09
2.032248e-09
1.213781e-09
3.477793e-09
2.492568e-09
6.663653e-10
7.160286e-10
-9.528120e-11
-1.920126e-09
5.182012e-09
4.695496e-09
2.897949e-09
3.608792e-09
2.938044e-09
7.374775e-10
5.362462e-10
2.204581e-10
-2.079707e-09
5.463484e-09
5.104501e-09
3.124379e-09
2.227110e-10
2.619416e-10
1.000436e-11
-5.495041e-12
-5.581381e-12
-9.097383e-11
3.982285e-10
4.343673e-10
2.944228e-10
5.104000e-08
4.002477e-08
5.930587e-09
7.935463e-09
7.674124e-10
-3.300744e-08
7.755979e-08
7.364233e-08
4.040558e-08
6.950729e-10
6.221226e-10
1.645222e-10
1.328732e-10
1.840091e-10
-3.574650e-10
1.034533e-09
9.297327e-10
5.693312e-10
4.748994e-09
3.798821e-09
9.175559e-10
7.562001e-10
9.297854e-11
-2.711955e-09
7.226354e-09
6.746691e-09
3.890053e-09
2.637780e-02
1.545344e-02
5.425401e-03
-1.296274e-02
-2.252259e-02
-2.170277e-02
2.792780e-02
2.930893e-02
2.743335e-02
1.995060e-09
1.481211e-09
3.056355e-10
2.858939e-10
1.959601e-11
-1.272890e-09
2.905468e-09
2.857453e-09
1.493234e-09
8.709026e-10
6.356657e-10
2.023820e-10
3.722763e-10
2.378950e-10
-2.947265e-10
1.361303e-09
1.235912e-09
7.737507e-10
1.348187e-08
9.831619e-09
1.811918e-09
1.555383e-09
-8.148571e-10
-8.940961e-09
2.036774e-08
1.877401e-08
1.086292e-08
9.446068e-10
7.219004e-10
2.275075e-10
9.930549e-11
4.062489e-11
-6.803772e-10
1.488367e-09
1.547134e-09
7.825520e-10
1.966940e-09
8.851797e-10
8.756643e-10
1.206451e-09
3.024342e-11
7.563394e-11
2.322649e-09
1.147030e-09
1.034890e-09
1.342288e-09
4.686012e-10
6.072840e-10
6.852562e-10
-3.543804e-11
2.240489e-11
1.618183e-09
7.416063e-10
8.114455e-10
9.936777e-08
4.297445e-08
4.746147e-08
6.327624e-08
2.791344e-09
9.521047e-09
1.328669e-07
6.832988e-08
6.206882e-08
7.317433e-03
-4.210645e-04
3.684269e-03
2.226630e-03
-6.985198e-03
-2.763732e-03
1.275190e-02
1.502256e-03
2.843360e-03
7.660194e-10
3.330408e-10
3.268756e-10
4.223210e-10
-6.017587e-11
1.304546e-10
8.381262e-10
4.985569e-10
3.896190e-10
1.674279e-09
7.072423e-10
7.953274e-10
1.083672e-09
2.519912e-11
5.902416e-11
2.206564e-09
1.082317e-09
1.019514e-09
1.803239e-09
6.829594e-10
9.178637e-10
1.128246e-09
-8.645670e-11
1.065169e-10
2.263628e-09
1.213907e-09
1.080538e-09
6.230547e-11
-2.003372e-11
-2.593920e-11
7.917145e-12
-9.237645e-11
4.257125e-12
1.199841e-10
9.560416e-11
-1.539391e-11
2.700838e-08
1.196274e-08
1.384158e-08
1.667069e-08
2.946076e-10
2.782520e-09
3.464012e-08
1.688196e-08
1.604728e-08
2.817107e-10
1.146218e-10
9.170944e-11
1.952818e-10
-9.424564e-11
-5.786163e-11
3.664692e-10
1.761067e-10
9.544929e-11
2.390341e-09
9.060463e-10
1.100566e-09
1.426735e-09
-1.654707e-10
1.199117e-10
3.120675e-09
1.487224e-09
1.362994e-09
3.597576e-02
2.683637e-03
4.024113e-02
4.357664e-03
-4.916058e-02
2.799269e-02
1.552334e-05
2.080346e-02
3.197522e-02
9.552205e-10
3.639150e-10
5.618620e-10
6.315031e-10
-1.232209e-10
1.603587e-10
1.357014e-09
5.964371e-10
5.943497e-10
4.284172e-10
4.120299e-11
1.279662e-10
2.013231e-10
-1.099030e-10
-1.010011e-10
5.544895e-10
2.013816e-10
1.224152e-10
7.050470e-09
3.128401e-09
3.596105e-09
4.292118e-09
2.125370e-11
6.028473e-10
8.988316e-09
4.485269e-09
4.186926e-09
4.775061e-10
1.714840e-10
1.832674e-10
3.751504e-10
-2.943911e-11
1.310909e-11
6.890060e-10
3.172293e-10
3.494428e-10
-1.336460e-09
-2.585152e-09
-1.384892e-09
1.564642e-09
5.281395e-11
1.304931e-09
4.484762e-10
-1.178480e-09
3.844507e-10
-7.022612e-10
-1.686261e-09
-6.902661e-10
1.223463e-09
6.928137e-11
1.046834e-09
3.038116e-10
-7.842422e-10
3.642298e-10
-7.316621e-08
-1.486622e-07
-6.952407e-08
7.660019e-08
-5.189459e-09
7.241795e-08
1.945838e-09
-8.247197e-08
7.836459e-10
-6.799509e-03
-1.675488e-02
-6.428562e-03
1.228259e-02
1.013538e-03
1.224709e-02
2.384025e-04
-1.129737e-02
6.658116e-04
-3.518377e-10
-1.034698e-09
-4.254156e-10
7.395865e-10
1.900208e-11
6.535671e-10
2.820139e-10
-3.900015e-10
1.536604e-10
-1.040659e-09
-2.311862e-09
-9.193027e-10
1.462275e-09
1.006843e-11
1.472007e-09
5.117246e-10
-1.044443e-09
4.153499e-10
-1.052921e-09
-2.397339e-09
-1.027150e-09
1.416097e-09
3.774074e-11
1.387636e-09
4.746967e-10
-1.124589e-09
2.322709e-10
3.004028e-11
-1.312442e-10
-8.336374e-12
1.568714e-10
2.062366e-11
1.420571e-10
3.695938e-11
-4.770953e-11
5.810759e-11
-1.533348e-08
-3.821264e-08
-1.745365e-08
2.424892e-08
-1.072656e-10
1.918306e-08
3.272494e-09
-2.227860e-08
-1.423515e-09
-1.889749e-10
-4.432788e-10
-2.514385e-10
2.256496e-10
5.810422e-12
2.392121e-10
7.625451e-12
-2.988361e-10
-1.111867e-10
-1.497152e-09
-3.386974e-09
-1.384028e-09
1.998327e-09
-7.930404e-11
1.785466e-09
5.147339e-10
-1.599986e-09
3.316426e-10
-7.252431e-04
-1.444589e-02
-5.608770e-03
-2.068550e-02
-1.717668e-02
-1.858370e-02
-5.839412e-03
-3.732674e-03
-6.630584e-03
-7.143511e-10
-1.631935e-09
-8.051744e-10
8.129691e-10
-3.658682e-11
6.948171e-10
2.388870e-10
-7.589283e-10
5.634777e-12
-2.343076e-10
-6.377723e-10
-2.892299e-10
3.226795e-10
-5.269368e-11
2.460940e-10
5.494034e-11
-3.638207e-10
-4.490554e-11
-4.999936e-09
-1.011170e-08
-5.185127e-09
4.103707e-09
-1.398396e-09
3.654191e-09
1.349883e-10
-5.658102e-09
-2.728932e-10
-3.733104e-10
-7.294350e-10
-2.367748e-10
4.726028e-10
4.152998e-11
4.990862e-10
1.746878e-10
-3.125861e-10
1.272800e-10
1.589439e-09
2.859169e-09
-3.704479e-09
-1.250072e-09
-8.397420e-11
-6.767746e-09
9.644857e-11
1.336383e-09
-5.389492e-09
1.215967e-09
2.079722e-09
-2.500936e-09
-8.499657e-10
-1.068454e-10
-4.777227e-09
1.318386e-10
9.805075e-10
-3.657455e-09
9.538775e-08
1.609681e-07
-1.985330e-07
-6.414074e-08
-2.227409e-10
-3.679604e-07
1.411797e-08
7.631914e-08
-2.882724e-07
1.208148e-02
2.161117e-02
-2.281496e-02
-7.442998e-03
2.764951e-03
-4.281057e-02
1.483502e-03
1.195224e-02
-3.336200e-02
6.715274e-10
1.247212e-09
-1.451478e-09
-4.926460e-10
7.139072e-12
-2.779660e-09
1.490423e-10
5.739351e-10
-2.137338e-09
1.646334e-09
2.869845e-09
-3.414677e-09
-1.151856e-09
2.109149e-11
-6.414325e-09
2.908040e-10
1.296695e-09
-5.003177e-09
1.719540e-09
2.905859e-09
-3.684639e-09
-1.183869e-09
-1.503374e-10
-6.656456e-09
2.197823e-10
1.344256e-09
-5.208925e-09
8.715027e-11
8.866440e-11
-3.060066e-10
-1.406267e-10
-4.458581e-11
-6.116000e-10
-1.268032e-10
8.849355e-11
-5.116814e-10
2.516712e-08
4.226087e-08
-5.206970e-08
-1.677919e-08
4.228154e-11
-9.657990e-08
3.704296e-09
1.998369e-08
-7.564461e-08
1.362067e-10
2.715365e-10
-7.680201e-10
-4.114995e-10
-2.412356e-10
-1.481473e-09
-1.522775e-10
-4.121376e-11
-1.163193e-09
2.211415e-09
3.702771e-09
-4.858506e-09
-1.625845e-09
-7.335168e-11
-8.992139e-09
3.398870e-10
1.799969e-09
-7.001678e-09
1.851242e-02
2.206028e-02
-2.051588e-02
-3.841477e-03
-1.610325e-02
-4.454418e-02
6.233485e-03
-7.494578e-03
-3.319219e-02
9.586276e-10
1.657759e-09
-2.087304e-09
-6.387650e-10
1.492198e-11
-3.795940e-09
2.320600e-10
7.295031e-10
-2.859693e-09
1.777894e-10
4.429235e-10
-9.074422e-10
-4.602815e-10
-1.985952e-10
-1.590367e-09
-1.472394e-10
1.492663e-10
-1.311869e-09
6.358581e-09
1.086044e-08
-1.339268e-08
-4.326609e-09
-1.471603e-11
-2.490168e-08
9.555357e-10
5.064955e-09
-1.952590e-08
5.418333e-10
7.976939e-10
-1.128698e-09
-4.472478e-10
-6.256629e-11
-2.083301e-09
7.463784e-11
4.030984e-10
-1.551783e-09
7.126738e-10
6.072822e-10
1.278900e-09
2.580834e-11
-7.191391e-10
1.558938e-10
8.921750e-10
1.711391e-10
7.595698e-10
6.547565e-10
6.712448e-10
9.782108e-10
3.640486e-10
1.322354e-10
3.681981e-10
8.868062e-10
5.486129e-10
9.029777e-10
1.481091e-08
3.757896e-08
7.049392e-08
6.246981e-09
-2.482770e-09
2.199138e-08
4.689092e-08
4.134342e-08
6.521480e-08
4.592520e-03
5.350404e-03
5.027669e-03
6.384587e-03
2.145896e-03
4.660179e-03
2.504517e-03
-1.866931e-03
-3.319457e-04
3.514574e-10
3.415119e-10
6.318587e-10
1.374593e-10
1.625416e-10
3.510713e-10
3.187819e-10
3.067865e-10
5.237549e-10
2.560743e-10
6.385987e-10
1.188358e-09
2.388032e-10
3.327815e-10
7.817785e-10
1.072285e-09
9.412975e-10
1.148941e-09
7.270502e-10
8.234664e-10
1.093932e-09
4.366373e-10
1.823713e-10
4.537228e-10
9.084302e-10
7.822290e-10
1.002112e-09
1.335568e-10
7.102884e-11
1.165084e-10
9.639176e-11
6.334436e-11
8.187238e-11
1.178966e-10
8.890157e-11
5.335497e-11
7.589774e-09
1.311507e-08
1.715077e-08
5.110748e-09
2.623274e-09
5.767873e-09
1.299411e-08
9.391529e-09
1.309421e-08
1.430213e-10
1.075776e-10
1.894051e-10
7.702764e-11
-1.927260e-11
1.149249e-10
1.900670e-10
4.665909e-11
1.976579e-10
9.434220e-10
1.088405e-09
1.832466e-09
6.440989e-10
1.230686e-10
9.465256e-10
1.688048e-09
1.114332e-09
2.003889e-09
-8.960652e-03
1.123094e-02
-3.270999e-03
1.112325e-02
3.714526e-02
1.828955e-02
8.460370e-03
1.843798e-02
2.829241e-03
3.088774e-10
3.765295e-10
1.034395e-09
2.877663e-10
1.951317e-10
8.047067e-10
4.199482e-10
6.178776e-10
9.693072e-10
8.245540e-11
1.234898e-10
1.532714e-10
2.915983e-11
-1.072285e-10
-1.445280e-10
1.796997e-10
3.850032e-11
1.502303e-10
2.355595e-09
2.619653e-09
3.794988e-09
-1.470805e-10
-1.087824e-09
7.480837e-10
3.168280e-09
2.246884e-09
3.884161e-09
1.745948e-10
2.300421e-10
2.623517e-10
7.099829e-11
1.526481e-11
1.521173e-10
3.133767e-10
1.398589e-10
1.829952e-10
6.557516e-11
9.290118e-11
4.802015e-11
8.997360e-11
-3.145861e-11
5.673802e-11
-1.410755e-12
4.427587e-11
6.871697e-11
-6.237991e-11
-8.482343e-11
5.922002e-12
-7.680034e-12
-9.303676e-11
-8.111679e-11
8.614449e-12
-2.493851e-11
-1.435171e-10
1.870421e-10
4.123160e-10
3.337128e-10
-5.232867e-11
9.203451e-11
1.665287e-10
1.827493e-10
2.423153e-10
3.416956e-10
8.613864e-06
3.188483e-05
3.498257e-05
-2.837479e-05
-8.796633e-06
-6.343223e-06
-2.860706e-06
1.476609e-05
1.397909e-05
-2.547543e-11
7.664385e-12
1.567950e-11
9.690847e-11
1.043944e-10
5.737356e-11
4.305577e-11
6.039644e-12
2.126541e-11
8.961299e-11
-2.909613e-12
1.043730e-11
-2.453475e-11
4.807005e-11
5.303801e-11
1.646592e-11
-2.324200e-11
1.750963e-11
-7.487951e-11
-4.429039e-11
-1.564156e-11
6.755371e-11
2.645189e-11
-2.311130e-11
-9.537139e-12
8.864095e-11
-2.788102e-11
-9.249831e-11
-7.669276e-11
-5.693331e-11
-1.739096e-11
3.282185e-11
-6.389114e-11
-5.407159e-11
4.403913e-11
-7.950188e-11
1.588134e-10
1.500648e-10
9.246626e-11
4.711595e-11
-1.866059e-11
1.239259e-10
5.235338e-11
8.385199e-11
1.770726e-10
8.392534e-11
-1.463842e-11
-4.899612e-12
6.054644e-11
3.104711e-11
2.299352e-11
1.206104e-10
-7.084654e-11
1.587916e-11
3.153141e-12
5.024425e-11
1.288771e-10
1.009829e-10
1.071356e-10
-3.628673e-12
2.795644e-12
2.922037e-11
5.459563e-11
4.309822e-05
7.547176e-06
1.775020e-05
2.126330e-05
-2.236489e-05
-2.847015e-05
6.953422e-05
2.387641e-05
2.836823e-06
-1.019144e-10
4.638120e-11
-2.227890e-11
-1.129746e-10
-1.196342e-10
-1.563858e-10
-4.972693e-11
-1.075989e-10
-9.927646e-11
1.246565e-10
5.711470e-11
1.818130e-10
9.406407e-11
1.243967e-10
4.821839e-11
7.221681e-11
1.024456e-10
4.511337e-11
-8.633180e-11
1.123921e-10
1.377657e-10
1.213823e-10
5.109107e-12
1.360112e-10
8.247630e-11
1.180251e-10
1.083887e-10
1.294127e-10
1.097599e-10
-1.098665e-11
6.697964e-11
2.006141e-11
3.714861e-11
3.586535e-11
3.640084e-12
-1.047765e-11
-1.434049e-09
-4.761658e-10
-1.485874e-09
-2.161424e-09
1.792762e-10
-9.628492e-10
-7.702365e-10
1.421130e-09
8.020901e-11
-1.283360e-09
-6.184064e-10
-1.142378e-09
-1.548979e-09
-5.088769e-11
-6.076177e-10
-3.162970e-10
1.312636e-09
5.229386e-10
-9.373186e-08
-3.999394e-08
-8.699467e-08
-1.210250e-07
1.134625e-08
-4.164266e-08
-2.233614e-08
9.946830e-08
2.961043e-08
-1.075305e-02
-3.786214e-03
-1.109478e-02
-1.121429e-02
8.153936e-03
-3.396179e-04
-2.830892e-03
1.791676e-02
7.967571e-03
-7.604704e-10
-5.105181e-10
-6.348786e-10
-9.296564e-10
-6.318363e-11
-3.190488e-10
-8.892087e-11
7.947982e-10
2.191396e-10
-2.020379e-09
-1.070731e-09
-1.736118e-09
-2.385484e-09
-1.376912e-10
-9.518950e-10
-7.122104e-10
1.521518e-09
5.575341e-10
-1.983383e-09
-1.078783e-09
-1.695769e-09
-2.433488e-09
-6.907210e-11
-9.612218e-10
-5.518835e-10
1.685332e-09
5.808047e-10
-8.512528e-11
-1.597769e-10
-1.171919e-10
-2.439106e-10
7.498526e-12
2.185308e-11
-2.628858e-12
9.647526e-11
7.725615e-11
-2.732571e-08
-1.095536e-08
-2.180569e-08
-3.443822e-08
3.068561e-09
-9.659234e-09
-8.856770e-09
2.787108e-08
8.058988e-09
-3.702563e-10
-1.279757e-10
-4.269543e-10
-5.021114e-10
7.614148e-11
-1.804879e-10
-1.183197e-10
4.016922e-10
3.927476e-11
-2.689855e-09
-1.347886e-09
-2.308106e-09
-3.078183e-09
-4.784810e-12
-1.099556e-09
-4.679157e-10
2.380166e-09
8.628883e-10
-2.640279e-02
-2.392164e-02
-1.708691e-02
-1.880862e-02
-1.545325e-02
2.129420e-03
-5.317284e-03
2.005908e-02
-9.749641e-03
-1.117895e-09
-3.839421e-10
-8.644093e-10
-1.638281e-09
-5.749158e-11
-5.039590e-10
-3.507623e-10
1.048141e-09
4.162491e-10
-3.895697e-10
-1.893659e-10
-3.392107e-10
-5.671391e-10
7.570489e-11
-9.266073e-11
-2.158035e-10
3.449563e-10
-9.206041e-12
-5.760894e-09
-2.296809e-09
-5.490784e-09
-8.750661e-09
9.931429e-11
-3.547630e-09
-7.413747e-10
7.599704e-09
2.622669e-09
-6.243529e-10
-2.835836e-10
-5.226448e-10
-6.522861e-10
-5.625825e-12
-1.859336e-10
-1.144850e-10
5.000746e-10
1.567086e-10
-2.895856e-09
-2.742499e-09
-3.898080e-09
-5.059982e-10
-1.028262e-10
-1.440387e-09
-2.135192e-09
-1.593634e-09
-2.557648e-09
-2.151527e-09
-1.925974e-09
-2.673562e-09
-4.362298e-10
5.418808e-11
-9.683576e-10
-1.495658e-09
-1.169286e-09
-1.918505e-09
-1.731565e-07
-1.461769e-07
-2.088705e-07
-1.412300e-08
1.394747e-08
-5.749239e-08
-1.135783e-07
-7.794141e-08
-1.396766e-07
-1.703891e-02
-1.061506e-02
-1.868643e-02
6.441264e-03
1.226717e-02
5.308443e-03
-1.238446e-02
-4.869802e-03
-1.069705e-02
-1.243447e-09
-1.109721e-09
-1.558812e-09
-1.945108e-10
-6.730510e-11
-5.317096e-10
-8.596088e-10
-6.393141e-10
-1.112515e-09
-2.892133e-09
-2.413476e-09
-3.624096e-09
-3.941434e-10
9.198228e-11
-1.116542e-09
-1.979206e-09
-1.363142e-09
-2.442096e-09
-3.013675e-09
-2.585727e-09
-3.838783e-09
-3.766304e-10
-2.567709e-11
-1.297288e-09
-2.155121e-09
-1.548718e-09
-2.710310e-09
-2.427148e-10
-1.690468e-10
-2.374045e-10
-5.935843e-11
-8.687767e-11
-1.078835e-10
-1.146161e-10
-1.062065e-10
-2.899624e-10
-4.699209e-08
-4.013500e-08
-5.441322e-08
-9.128014e-09
-3.326334e-11
-1.599313e-08
-3.190939e-08
-2.174563e-08
-3.635146e-08
-5.478075e-10
-5.775719e-10
-8.359880e-10
-1.037888e-10
-7.094771e-11
-2.537565e-10
-4.512890e-10
-2.313100e-10
-5.381152e-10
-4.110820e-09
-3.541819e-09
-5.007969e-09
-4.865702e-10
2.291878e-10
-1.521683e-09
-2.647637e-09
-1.949047e-09
-3.299846e-09
-3.043463e-02
-2.065920e-03
-7.294056e-03
-1.589863e-03
1.908510e-02
9.724373e-03
-1.004550e-02
-1.974509e-02
-2.051127e-02
-1.800023e-09
-1.598460e-09
-2.310107e-09
-2.163192e-10
-2.042728e-12
-7.395090e-10
-1.239653e-09
-9.977791e-10
-1.710239e-09
-6.420978e-10
-4.671650e-10
-7.421655e-10
-9.829462e-11
7.211110e-12
-2.890058e-10
-5.233631e-10
-3.868130e-10
-6.475379e-10
-1.110114e-08
-9.800238e-09
-1.425338e-08
-2.092382e-09
-6.761552e-10
-5.401842e-09
-7.431404e-09
-5.557109e-09
-9.710447e-09
-8.578641e-10
-7.335131e-10
-1.141412e-09
-1.138277e-10
5.264654e-11
-3.445363e-10
-5.636887e-10
-4.969960e-10
-7.868015e-10
7.445425e-10
3.151580e-09
6.729476e-10
-2.500687e-09
1.445395e-10
-2.572536e-09
1.145150e-09
2.795808e-09
5.435951e-11
8.152048e-10
2.298485e-09
5.298333e-10
-1.562469e-09
-5.003920e-11
-1.850395e-09
8.377956e-10
2.028143e-09
2.710339e-10
7.514898e-08
1.948957e-07
1.801906e-08
-1.389778e-07
-8.637104e-09
-1.834142e-07
5.220391e-08
1.580394e-07
-8.803656e-09
1.029990e-02
2.521810e-02
6.934222e-03
-1.864218e-02
-2.332415e-03
-2.329908e-02
9.877122e-03
2.129096e-02
1.693791e-03
4.667258e-10
1.388031e-09
2.698075e-10
-9.959110e-10
-4.853395e-11
-1.277304e-09
4.706410e-10
1.047622e-09
1.341874e-10
7.800807e-10
3.424469e-09
6.248753e-10
-2.010643e-09
1.597120e-10
-2.935453e-09
1.133072e-09
2.082475e-09
1.111890e-11
1.028939e-09
3.086751e-09
4.463519e-10
-2.286190e-09
2.256558e-11
-2.909388e-09
1.162609e-09
2.707219e-09
-3.360743e-12
1.073260e-10
2.842744e-10
7.782383e-11
-2.214839e-10
4.378257e-11
-2.933907e-10
1.918609e-10
2.508737e-10
-7.233135e-12
1.833265e-08
4.837610e-08
1.213665e-08
-3.431280e-08
-2.398153e-10
-4.156380e-08
1.292554e-08
3.790115e-08
2.403405e-09
5.023918e-11
4.015541e-10
8.770286e-12
-4.571197e-10
-9.241630e-11
-5.664493e-10
2.762406e-10
4.722733e-10
9.885930e-11
1.446365e-09
4.221731e-09
6.209978e-10
-3.085124e-09
-5.703377e-11
-3.793462e-09
1.569032e-09
3.920769e-09
3.796346e-10
5.362217e-03
-5.044217e-03
8.258537e-03
-3.174763e-02
-5.295202e-02
-7.717581e-03
1.782204e-02
1.149861e-02
1.206849e-02
5.732976e-10
1.785875e-09
9.848337e-10
-1.487197e-09
-5.205950e-11
-1.512014e-09
2.197436e-10
1.531270e-09
-2.164165e-11
8.974339e-11
5.338185e-10
-4.331181e-11
-6.500265e-10
-1.491230e-10
-6.363406e-10
3.641518e-10
5.535162e-10
5.335429e-11
4.507133e-09
1.148536e-08
1.809751e-09
-8.917520e-09
-9.023898e-10
-1.072400e-08
4.460299e-09
9.718224e-09
5.802119e-10
2.683477e-10
9.870190e-10
2.891312e-10
-6.698808e-10
-3.656595e-13
-9.354028e-10
4.432968e-10
9.154469e-10
-9.637488e-11
-1.405627e-09
1.799133e-09
3.481129e-09
-3.688730e-09
-4.958328e-11
1.899606e-09
-3.591476e-09
-3.174128e-10
9.215346e-10
-1.260713e-09
1.063358e-09
2.299910e-09
-2.520884e-09
-4.067142e-11
1.292931e-09
-2.588348e-09
-4.264043e-10
6.713448e-10
-9.152607e-08
1.124503e-07
1.799112e-07
-1.976106e-07
1.022715e-08
9.845811e-08
-1.904580e-07
-1.834497e-08
4.081583e-08
-1.253405e-02
9.572178e-03
2.193746e-02
-1.748048e-02
4.813147e-03
1.841064e-02
-2.223689e-02
-1.616265e-03
8.568311e-03
-8.483865e-10
7.222469e-10
1.263902e-09
-1.513550e-09
1.834799e-11
7.570325e-10
-1.557296e-09
-2.566601e-10
2.392693e-10
-2.060991e-09
1.386630e-09
2.662682e-09
-3.800089e-09
-2.500830e-10
1.255636e-09
-3.808791e-09
-6.921065e-10
4.307878e-10
-1.843558e-09
1.424567e-09
2.925224e-09
-3.684667e-09
-1.965876e-10
1.534910e-09
-3.753420e-09
-6.517357e-10
6.626167e-10
-7.284015e-11
1.132259e-10
2.540213e-10
-2.334086e-10
-3.685374e-12
1.650499e-10
-1.892605e-10
8.735773e-11
1.939502e-10
-1.786558e-08
2.622012e-08
4.586327e-08
-4.759379e-08
-1.526348e-09
2.288191e-08
-5.113285e-08
-1.148803e-08
9.790917e-09
-2.022345e-10
2.536925e-10
6.375083e-10
-6.894355e-10
4.656516e-11
3.256320e-10
-6.144865e-10
-1.698371e-10
2.539824e-10
-2.322403e-09
2.219457e-09
4.249777e-09
-4.734229e-09
-2.058975e-11
2.372567e-09
-4.998424e-09
-7.521568e-10
1.128303e-09
-1.375873e-02
3.914678e-02
2.587457e-02
-1.283824e-02
-7.455840e-03
1.846610e-02
-1.843753e-02
-5.771295e-03
2.585772e-03
-7.446731e-10
1.047737e-09
1.894963e-09
-1.923211e-09
2.622123e-11
8.856532e-10
-2.278207e-09
-2.826621e-10
4.901508e-11
-4.015229e-10
2.337614e-10
6.987066e-10
-7.729052e-10
-9.453118e-11
4.323930e-10
-6.820745e-10
-2.087512e-10
1.539497e-10
-5.346430e-09
7.448977e-09
1.292430e-08
-1.319270e-08
-1.197002e-10
6.927451e-09
-1.343215e-08
-1.756966e-09
3.555550e-09
-4.362552e-10
4.951495e-10
9.331949e-10
-1.071139e-09
1.601654e-11
5.135687e-10
-1.128691e-09
-1.222130e-10
2.054492e-10
5.313152e-09
1.977510e-09
5.584532e-09
3.394208e-09
-6.494882e-11
3.496616e-09
5.920797e-09
2.543727e-09
6.244495e-09
3.751807e-09
1.490640e-09
3.995893e-09
2.407370e-09
2.762868e-11
2.497162e-09
4.156806e-09
1.790035e-09
4.378942e-09
2.950637e-07
1.130049e-07
3.160321e-07
1.913348e-07
-3.944503e-11
2.008830e-07
3.317120e-07
1.440738e-07
3.498122e-07
1.581504e-02
-8.303043e-03
2.005395e-02
2.376811e-03
-2.261946e-02
4.138403e-03
1.882671e-02
-5.882123e-03
2.245102e-02
2.152862e-09
9.201461e-10
2.328524e-09
1.437831e-09
5.226973e-11
1.410786e-09
2.467419e-09
1.203090e-09
2.534852e-09
5.165591e-09
1.954787e-09
5.603300e-09
3.302431e-09
1.735406e-11
3.390032e-09
5.834792e-09
2.665345e-09
6.086428e-09
5.297691e-09
1.995652e-09
5.547688e-09
3.367879e-09
1.029991e-10
3.676466e-09
6.008716e-09
2.587826e-09
6.255353e-09
4.512820e-10
2.320099e-10
3.646934e-10
2.946697e-10
1.015761e-10
2.751661e-10
4.984032e-10
2.770076e-10
4.165777e-10
7.780884e-08
2.949227e-08
8.241675e-08
5.039225e-08
-1.992362e-10
5.211201e-08
8.760092e-08
3.770547e-08
9.128456e-08
9.059528e-10
3.945469e-10
9.876286e-10
4.804678e-10
-9.548757e-11
4.923562e-10
1.060586e-09
3.965720e-10
1.098476e-09
7.048089e-09
2.702360e-09
7.598180e-09
4.609337e-09
4.348272e-11
4.750060e-09
7.971457e-09
3.476293e-09
8.258537e-09
3.083139e-02
2.378828e-02
6.444962e-03
-5.766086e-03
-4.770492e-03
-2.518153e-04
-2.341271e-02
-4.864966e-03
5.719129e-02
3.014436e-09
1.155944e-09
3.151151e-09
1.995847e-09
1.186254e-10
1.954700e-09
3.441094e-09
1.584852e-09
3.515362e-09
1.089005e-09
4.294019e-10
1.170406e-09
6.560233e-10
-4.969531e-11
7.073555e-10
1.236587e-09
4.700386e-10
1.294488e-09
1.985478e-08
7.637875e-09
2.089591e-08
1.274884e-08
-5.401432e-11
1.295868e-08
2.238968e-08
9.700822e-09
2.307725e-08
1.552057e-09
6.333647e-10
1.770470e-09
1.061403e-09
1.138872e-10
1.161544e-09
1.840044e-09
8.809065e-10
1.930290e-09
-2.225735e-10
2.007856e-10
6.048325e-10
-6.327946e-10
-1.058793e-10
6.060066e-10
-1.166191e-10
4.908425e-10
1.048866e-09
-3.062244e-10
5.193247e-11
2.887004e-10
-4.444403e-10
3.873510e-11
2.468154e-10
-1.890713e-11
5.245506e-10
7.876481e-10
-2.663708e-08
1.643171e-08
1.676097e-08
-5.122193e-08
-6.042939e-09
-1.789120e-10
1.321222e-08
5.614643e-08
5.606175e-08
-6.809891e-03
-3.431097e-03
-5.894726e-04
-7.990042e-03
-3.905350e-03
-1.260470e-03
3.929271e-03
7.794948e-03
1.001360e-02
-1.517564e-10
1.033522e-10
2.513517e-10
-1.506589e-10
5.804318e-11
2.020460e-10
1.617779e-10
4.329270e-10
3.836381e-10
-7.948718e-10
4.076080e-10
2.971800e-10
-1.272581e-09
3.196159e-10
3.990490e-10
-4.434326e-11
1.072158e-09
1.118030e-09
-4.917409e-10
1.324639e-10
2.760430e-10
-6.070836e-10
5.898262e-11
2.746867e-10
3.202522e-10
9.690385e-10
1.091569e-09
4.742310e-11
-6.060457e-11
5.678323e-11
-4.808672e-11
-6.385674e-12
2.806476e-11
9.281179e-11
4.750049e-11
2.871164e-11
-8.235592e-09
2.299393e-09
5.430395e-09
-1.158492e-08
1.449320e-09
4.348638e-09
1.024605e-09
1.361841e-08
1.687027e-08
-2.406230e-10
-6.403345e-11
1.066816e-10
-1.503686e-10
-1.849520e-11
-2.610501e-11
-1.292810e-11
1.513518e-10
2.029498e-10
-9.541631e-10
-1.331206e-10
4.516679e-10
-1.064209e-09
-1.264920e-10
3.413620e-10
-3.614829e-11
1.150539e-09
1.561074e-09
1.485837e-03
4.846590e-03
1.522957e-03
-8.135685e-03
-5.131987e-03
-5.269647e-03
2.471168e-03
3.024581e-03
4.018778e-03
-6.263070e-10
1.319350e-10
2.212579e-10
-6.413259e-10
-5.027085e-10
7.454545e-11
1.723986e-10
3.515253e-10
4.719991e-10
-2.014154e-10
7.160803e-11
1.156859e-10
-1.365735e-10
2.098491e-11
1.191273e-10
-1.083472e-10
1.847220e-11
1.781234e-10
-1.859034e-09
6.188969e-12
8.732268e-10
-3.558117e-09
-1.052666e-09
-2.344357e-11
1.035881e-09
3.312094e-09
4.169197e-09
-1.575389e-10
-1.302257e-10
6.342548e-11
-3.854222e-11
-5.882215e-11
1.236479e-10
1.666334e-10
1.408376e-10
4.507850e-10
