1.067281e-03
4.899806e-05
3.035523e-04
1.108787e-04
5.378463e-04
3.226520e-04
5.646521e-04
5.951034e-04
3.144203e-04
8.932069e-04
6.634170e-04
4.280320e-04
8.588099e-04
1.747752e-04
3.273717e-04
3.338488e-04
6.861809e-05
2.354646e-04
2.503392e-04
8.959760e-05
1.963629e-04
3.209155e-05
5.446686e-04
1.020206e-04
8.608178e-05
6.526495e-05
6.321620e-05
6.901247e-05
4.165973e-04
6.162000e-04
3.820986e-05
3.933469e-04
2.548698e-04
7.274203e-04
2.245900e-04
1.881686e-04
1.946210e-04
7.147708e-04
5.353310e-04
3.628519e-04
7.313015e-05
4.069576e-04
5.198735e-04
3.379668e-05
4.340736e-04
1.772016e-04
4.162839e-05
8.444070e-05
5.353319e-05
3.479954e-04
4.157168e-05
3.802999e-04
1.201061e-04
8.961419e-05
3.321627e-04
4.579995e-04
5.588640e-04
6.891797e-04
4.499983e-04
3.254193e-04
3.458276e-04
4.119955e-04
6.579264e-05
1.250574e-03
