1.429667e-01
1.358977e-01
1.480800e-01
1.058106e-01
-1.136006e-01
1.486261e-01
1.098324e-01
1.487656e-01
1.211826e-01
8.903953e-02
1.482734e-01
1.459717e-01
1.197664e-01
-6.909819e-02
1.746734e-01
1.243013e-01
1.359237e-01
1.610759e-01
1.176878e-01
9.202888e-02
1.001298e-01
1.377228e-01
1.288295e-01
1.086933e-01
1.411807e-01
1.095020e-01
1.360588e-01
1.440549e-01
7.046732e-02
7.654589e-02
1.514627e-01
1.315702e-01
8.401933e-02
1.152365e-01
1.209475e-01
1.347969e-01
1.479567e-01
1.367412e-01
2.118115e-01
7.602185e-02
1.249942e-01
1.040779e-01
1.305363e-01
1.268576e-01
1.235881e-01
1.056746e-01
9.778868e-02
-1.078775e-01
1.774982e-01
1.287934e-01
1.174337e-01
1.045287e-01
9.586182e-02
1.440889e-01
1.330247e-01
1.013323e-01
8.843125e-02
1.439693e-01
1.666614e-01
8.013209e-02
1.292620e-01
1.286921e-01
1.863489e-01
1.703088e-01
