-1.283055e-02
-1.887407e-02
-7.122437e-03
-2.296042e-02
-7.321530e-03
-3.675162e-02
-2.718293e-02
-2.789912e-03
-2.383948e-02
-2.510170e-02
-2.702925e-02
-2.126796e-02
-2.955028e-02
-3.466427e-02
-1.614309e-02
-1.935977e-02
-1.263429e-02
-1.717667e-02
-4.077405e-02
-2.968201e-02
-2.930259e-03
-1.586590e-02
-3.338512e-02
-2.175348e-02
-2.208057e-02
-3.193674e-02
-3.273629e-02
-2.463436e-02
-2.977761e-02
-1.465255e-02
-3.178752e-02
-2.083965e-02
-3.102193e-02
-2.236592e-02
-9.668244e-03
-2.480305e-02
-4.687486e-02
-2.917426e-02
-3.141500e-02
-3.348639e-02
-5.242481e-02
-2.955092e-02
-2.227758e-02
-4.125576e-02
-9.893216e-03
-3.394843e-02
-1.717386e-02
-2.967303e-02
-1.492734e-02
-1.752764e-02
-4.948099e-02
-2.988876e-02
-1.686266e-02
-3.051625e-02
-1.243888e-02
-4.096223e-02
-2.824656e-02
-4.261905e-02
1.869153e-03
-1.862083e-02
-3.262726e-02
-2.730010e-02
-1.328978e-02
-3.056022e-02
