6.661256e-02
5.837176e-02
9.616183e-02
2.395216e-02
6.531852e-02
4.924190e-02
5.738458e-02
4.595366e-02
3.359412e-02
4.947868e-02
7.217140e-02
4.632104e-02
4.010579e-02
3.194927e-02
4.235285e-02
8.687299e-02
5.265414e-02
3.476560e-02
4.806236e-02
2.602359e-02
3.248784e-02
3.470530e-02
3.822936e-02
3.679271e-02
2.819579e-02
3.039319e-02
4.491277e-02
3.229452e-02
3.736493e-02
-4.665538e-02
3.273269e-02
3.248933e-02
2.329123e-02
3.114494e-02
4.651565e-02
6.537485e-02
7.998488e-02
3.155995e-02
8.156832e-02
2.407297e-02
1.508959e-02
3.394351e-02
7.536652e-02
3.941074e-02
4.626549e-02
2.412518e-02
3.916668e-02
6.145791e-02
7.835546e-02
6.009520e-02
3.477279e-02
4.281972e-02
5.560961e-02
3.842798e-02
4.530888e-02
3.759853e-02
4.628395e-02
5.291266e-02
7.316634e-02
5.057444e-02
6.066582e-02
5.821661e-02
5.032239e-02
6.323069e-02
