1.432338e-10
1.664054e-10
-5.965278e-11
2.443373e-10
2.987800e-10
-3.890377e-12
1.986101e-10
2.920480e-10
1.171895e-10
-9.718788e-11
1.100056e-10
1.436972e-10
-3.723782e-11
8.691164e-11
1.606742e-10
1.254481e-10
2.257837e-10
1.313494e-10
-4.271418e-11
-1.772822e-11
4.300036e-11
-1.081545e-10
3.908535e-11
-1.492653e-11
3.759146e-11
1.031064e-10
1.163786e-10
-6.933794e-11
-6.510404e-11
1.317617e-10
-7.886296e-11
-2.423071e-11
6.498830e-11
1.014362e-10
1.585152e-10
1.385743e-10
1.449346e-10
2.049599e-10
8.030150e-11
1.262419e-10
1.854791e-10
6.113259e-11
8.407808e-11
1.114050e-10
4.574177e-11
-1.081542e-10
-4.375426e-11
-5.855184e-11
4.241880e-12
-2.408992e-11
4.227552e-11
1.017372e-10
2.091735e-11
-6.411274e-11
4.468524e-11
1.605859e-10
1.121176e-10
5.172949e-11
1.381047e-10
-3.699235e-11
1.963609e-11
-1.273897e-11
5.130653e-11
3.146328e-11
3.445001e-11
1.499861e-13
-9.331394e-11
6.213536e-11
4.960290e-11
7.777704e-11
-6.952053e-11
-4.520751e-11
-4.915634e-11
4.168433e-11
9.144267e-11
-2.504004e-10
-1.080146e-10
-1.489152e-10
7.356463e-11
-1.609844e-11
7.050911e-12
8.323756e-11
7.543765e-11
1.159869e-10
7.652746e-11
1.847169e-10
6.672765e-11
1.555268e-10
2.589337e-10
1.423434e-10
-1.650279e-11
8.087139e-11
9.502163e-12
3.059250e-11
1.097612e-11
-1.052792e-10
7.392461e-12
-7.936368e-11
3.214851e-11
5.922319e-10
7.850433e-10
1.045617e-09
2.890601e-10
3.506078e-10
6.070647e-10
4.056621e-10
4.109068e-10
6.552624e-10
-3.616637e-11
7.414661e-11
-6.457813e-11
-7.865309e-11
-2.237750e-11
-5.444976e-12
8.038482e-11
-1.748449e-11
4.689620e-11
9.129672e-12
1.339091e-10
8.872966e-11
5.029859e-11
7.067746e-11
7.519935e-11
1.900345e-12
1.466328e-10
4.595074e-11
1.401798e-11
2.517825e-10
-6.888134e-11
4.156848e-13
2.192571e-10
3.043065e-11
6.645558e-11
2.938407e-10
-2.573648e-11
-4.286154e-11
-7.067746e-11
-2.133292e-11
-6.790633e-11
-6.998731e-11
-6.437846e-11
-7.583149e-11
1.939288e-11
-1.512648e-11
8.469660e-11
-4.788783e-11
-2.221899e-11
-2.322179e-11
-1.228937e-11
-1.541503e-11
-7.534422e-11
-1.230340e-10
1.740644e-11
3.278547e-11
2.032403e-11
-6.950598e-12
1.335397e-10
-1.618631e-11
6.587892e-12
2.582855e-11
2.464662e-12
3.499071e-11
8.532654e-11
5.434205e-11
-1.692916e-11
5.105535e-11
-9.208995e-11
-5.465575e-11
-1.065407e-10
-8.946119e-11
-3.893047e-11
3.876894e-11
-4.839812e-11
1.399349e-11
3.815525e-11
-8.329733e-11
-3.528955e-11
1.986302e-11
-1.117794e-11
-1.138588e-10
7.503218e-11
8.844919e-11
1.096745e-10
-5.870498e-11
8.128514e-11
4.059544e-11
-1.852611e-11
2.525894e-11
1.809453e-11
-5.619200e-11
8.862264e-11
-4.024926e-11
-4.094853e-12
-6.870515e-11
-3.431005e-11
-5.765505e-11
4.893338e-11
-4.754339e-11
1.514141e-11
-2.699203e-11
4.572392e-11
-1.127433e-10
9.723948e-12
-4.885769e-12
-7.680477e-11
2.484463e-11
6.098113e-12
2.385235e-11
6.949508e-11
-2.955876e-11
2.523126e-11
2.924360e-11
3.904759e-11
3.858278e-11
9.758028e-11
8.000110e-11
-9.028552e-11
-4.028630e-11
5.267441e-11
2.840586e-12
2.937161e-11
2.719506e-11
-6.646838e-11
-6.118626e-11
-3.516462e-11
9.534735e-11
7.192114e-11
9.371264e-11
3.168529e-11
-3.242488e-14
-1.506725e-11
3.188218e-11
5.222964e-11
1.756409e-11
8.311036e-11
2.976535e-11
-6.372418e-12
-3.065274e-11
-2.305213e-11
-8.877762e-11
8.709979e-11
2.399115e-11
-3.648315e-11
-1.009721e-10
-1.762708e-10
-9.045977e-11
-7.233601e-11
-1.681406e-10
-1.737154e-10
-6.548780e-11
1.444091e-11
-8.517101e-11
4.577146e-12
-1.073350e-10
-5.875704e-11
-1.140480e-11
-5.013702e-11
1.282032e-12
-4.623054e-13
-2.500250e-11
-3.636149e-11
-7.937290e-11
1.237389e-12
3.928581e-11
-4.565600e-11
4.492739e-11
-2.097335e-11
-2.353974e-11
-1.630997e-12
4.195079e-11
5.358919e-11
-2.975502e-11
7.015840e-11
1.012726e-11
2.284725e-11
2.301792e-11
-5.890547e-11
-6.678854e-11
-3.554682e-11
7.609659e-11
6.325062e-11
5.086062e-11
-6.674778e-12
8.596261e-11
2.381176e-11
-9.578336e-11
-1.530324e-11
3.568829e-11
9.369390e-11
2.522594e-11
1.026622e-10
7.972752e-11
1.493656e-10
1.024467e-10
1.036959e-10
6.024770e-11
5.901481e-11
1.261419e-11
4.414494e-11
1.103160e-10
2.085563e-11
3.638460e-11
1.676841e-10
6.726669e-11
1.112928e-11
-1.453487e-11
6.852956e-11
-1.571129e-11
6.535292e-11
1.154327e-10
6.973475e-11
2.223875e-11
-9.668873e-12
9.895796e-11
6.380816e-11
6.488848e-11
4.383506e-11
1.226560e-10
6.211191e-12
2.435692e-11
9.060905e-12
1.235717e-10
7.314817e-11
5.647453e-11
1.180140e-10
3.688404e-11
6.872555e-11
4.851306e-11
-2.202376e-11
6.214665e-11
6.978396e-12
-3.757967e-11
3.317095e-13
7.489899e-11
8.252805e-11
9.945220e-11
3.926839e-11
-3.977368e-11
-2.674785e-11
1.035263e-10
-5.259490e-11
5.588372e-11
9.714271e-12
-4.228511e-11
-8.860376e-11
3.214021e-11
-5.853329e-11
2.533967e-11
-1.676467e-11
-2.326908e-11
-5.092422e-11
2.959045e-11
-1.079825e-11
-1.782141e-11
-2.759734e-11
7.990134e-11
3.659009e-11
-7.567091e-12
-6.844724e-11
-6.770863e-13
1.888578e-10
1.188465e-10
7.612308e-11
1.803252e-10
1.774722e-10
1.344481e-10
-4.610680e-11
-4.525377e-11
-7.623806e-11
8.988708e-11
1.435327e-11
7.422038e-13
7.294451e-11
3.298782e-11
5.594629e-11
1.325291e-10
5.185459e-12
6.614612e-11
-5.809651e-12
6.155603e-12
-4.815504e-11
-6.640929e-11
-4.491926e-11
-2.876548e-11
-3.817115e-11
-2.519768e-11
5.761200e-11
3.361513e-10
2.945453e-10
2.105598e-10
-1.778601e-10
-1.981581e-10
-1.810400e-10
8.854011e-11
1.442313e-10
8.150023e-11
-6.346366e-11
-6.909396e-11
1.054797e-11
-5.816616e-11
2.400267e-11
-4.791321e-12
-2.661018e-11
-8.812440e-11
-5.870773e-11
8.986298e-11
7.989226e-11
7.659771e-11
7.424448e-11
6.012554e-11
4.249601e-11
8.897016e-11
3.988146e-11
4.268276e-11
1.079651e-10
4.272791e-11
9.205343e-11
3.439903e-11
8.769659e-11
4.567158e-11
4.490306e-11
1.009851e-10
1.793651e-10
3.808121e-12
1.375804e-11
3.210553e-11
-2.755088e-11
-5.069958e-11
6.225032e-11
1.445150e-11
-3.930278e-11
6.015851e-11
4.828650e-10
4.671896e-10
-3.876364e-11
2.561907e-10
3.489387e-10
-7.933405e-11
3.268784e-10
7.198001e-10
-3.866285e-11
9.096389e-11
1.896218e-11
-1.537811e-10
2.147083e-11
1.027110e-10
-1.616310e-10
9.285403e-11
7.535505e-11
-1.854294e-10
1.373590e-11
8.845961e-11
-5.756085e-11
1.665258e-11
4.769796e-11
-8.331542e-11
7.010684e-11
1.177019e-10
-1.306361e-10
4.576716e-11
1.817401e-10
-6.607965e-12
-4.156993e-11
1.339077e-10
-7.872308e-11
3.109711e-11
2.385931e-10
-1.937672e-10
1.138850e-10
-1.154008e-10
-2.051649e-10
9.273950e-11
-2.555205e-11
-2.118992e-10
8.817855e-11
-1.811157e-10
-1.703719e-10
-6.214578e-11
-1.464781e-10
1.079364e-11
-5.001463e-11
-2.170570e-11
1.472334e-11
-4.337894e-11
-2.052754e-11
2.011355e-11
3.445132e-11
7.202459e-11
-8.228242e-11
2.001422e-11
-5.581528e-11
-1.378117e-10
3.776567e-11
-6.280388e-11
-8.783219e-11
-1.013555e-11
6.142529e-12
4.778998e-12
2.493127e-11
6.425999e-11
-7.302624e-13
-5.419567e-11
-1.866843e-11
1.162277e-11
4.727783e-10
3.296002e-10
5.593951e-11
5.612903e-11
2.158148e-11
-2.798670e-10
4.477970e-10
4.107584e-10
3.461159e-11
7.731969e-12
1.139348e-10
4.686001e-11
4.576295e-11
1.619129e-10
1.396868e-11
1.519185e-10
2.196210e-10
7.167179e-11
-3.427990e-11
1.983767e-11
3.643005e-11
-7.476111e-11
-2.559957e-11
7.210254e-12
1.290572e-11
-2.259999e-11
1.920490e-11
5.481644e-11
1.322227e-10
4.326091e-11
5.180912e-10
6.460277e-10
2.423431e-10
-7.095407e-10
-5.698684e-10
-8.112031e-10
-2.411214e-11
-1.417654e-12
-4.581217e-11
-1.278607e-10
-1.498909e-11
2.845658e-11
4.480304e-11
-7.379574e-11
-6.780559e-11
-7.348790e-11
1.040219e-11
-5.421612e-11
3.451053e-11
2.558967e-11
-3.919712e-11
2.159199e-11
3.208625e-11
-2.145435e-11
9.400740e-11
2.138430e-10
-2.416199e-10
2.006322e-10
2.602157e-10
-2.533367e-10
1.409019e-10
3.013111e-10
-5.902723e-11
2.782057e-11
1.860626e-11
-1.441150e-11
-2.782162e-11
-3.725847e-11
3.205251e-11
-8.692982e-12
7.618619e-11
5.425341e-11
1.219631e-10
1.999539e-10
1.410777e-10
-3.740916e-11
7.699945e-11
2.259992e-10
-1.609652e-10
-2.119547e-11
-3.030892e-11
1.532263e-10
-1.776726e-11
-1.121770e-10
8.729900e-11
8.041053e-11
1.559780e-10
1.285104e-10
6.886201e-11
4.928937e-11
7.144505e-11
-6.270415e-11
6.167161e-11
1.871333e-10
8.266965e-12
1.475710e-10
1.499977e-10
1.201530e-10
4.583543e-11
1.940735e-10
1.431386e-10
2.680137e-10
1.957971e-10
2.090211e-10
2.927792e-10
1.694807e-10
6.399805e-11
1.409715e-10
-5.783907e-11
2.226404e-10
2.502361e-10
-1.086677e-10
-3.879410e-11
1.562400e-10
5.352947e-11
1.439962e-11
1.801173e-10
5.063172e-11
5.625928e-12
2.238441e-11
1.810510e-10
2.193022e-10
5.153501e-11
1.167743e-10
7.155018e-11
-8.919893e-12
-3.237047e-11
-1.562306e-11
2.743935e-11
3.207603e-11
1.109396e-13
-7.202685e-11
1.039655e-10
2.271680e-10
9.919815e-12
-4.646262e-11
3.337963e-11
-6.648879e-11
1.581723e-11
6.643615e-11
-5.261244e-11
-1.073947e-11
1.418318e-13
7.497010e-11
2.979148e-10
1.781792e-10
3.890008e-10
2.223608e-10
1.028600e-10
4.579551e-10
-3.097368e-11
-1.200534e-10
2.154270e-10
7.827540e-10
3.223354e-10
1.594709e-10
5.220316e-10
6.751148e-11
1.577260e-10
2.965258e-10
-1.491600e-12
2.616656e-10
-7.354584e-11
8.215305e-13
2.986568e-11
4.234058e-12
2.958421e-11
4.432826e-11
-5.494733e-11
9.541592e-11
2.135392e-11
-3.763188e-10
-4.700760e-10
-4.159920e-10
-7.258309e-10
-7.215518e-10
-6.188407e-10
-6.511098e-10
-8.670973e-10
-5.438341e-10
-1.947425e-10
-2.180877e-10
-1.117726e-10
-5.834745e-11
-8.862001e-11
-1.072396e-10
-6.959683e-12
-5.455809e-11
4.941276e-11
8.351402e-11
2.331836e-10
1.004618e-10
5.734455e-11
1.083874e-10
1.689751e-10
3.139100e-11
1.041126e-10
3.541148e-11
7.248246e-11
-1.400536e-10
-6.139627e-11
9.057614e-11
-4.775512e-11
-9.127347e-11
1.968085e-10
1.054194e-10
-9.192930e-12
3.170826e-11
1.058630e-10
-2.572059e-11
-4.163667e-11
-1.511111e-10
-9.859949e-11
1.997691e-11
-8.637158e-11
-1.255469e-10
2.038916e-10
5.238956e-11
-2.026121e-11
1.935746e-10
2.192571e-10
6.838663e-11
7.622403e-11
8.616246e-11
3.555372e-11
1.486910e-10
1.136060e-10
2.521469e-11
1.696685e-10
9.655825e-11
-6.079232e-11
1.875466e-10
6.209543e-11
-8.059834e-12
8.605375e-11
4.442418e-11
3.938966e-12
1.301474e-10
4.044130e-11
-5.588231e-11
8.973972e-11
6.643010e-12
-9.944479e-11
1.037989e-10
2.028916e-10
2.063627e-10
7.811479e-11
7.264012e-11
7.395887e-11
6.786066e-11
1.762657e-11
-7.093622e-12
-9.933347e-11
-6.111858e-11
7.114607e-11
1.374012e-10
3.549207e-11
2.411810e-10
1.686489e-11
9.176638e-11
3.007124e-10
-2.979609e-12
-1.420788e-11
7.594408e-11
3.833835e-11
3.514208e-12
5.602252e-11
-9.862925e-12
9.828212e-11
-3.294515e-11
2.021148e-10
1.745065e-10
1.208392e-10
1.396134e-10
5.871044e-11
6.818644e-13
-3.935310e-11
-6.263120e-11
-1.098717e-10
-7.291218e-11
-1.000764e-10
-1.246133e-10
-2.043801e-10
-3.603097e-11
-9.254780e-11
-1.341516e-12
-4.702627e-11
-1.394640e-10
1.214103e-10
9.630705e-11
1.363657e-10
1.676392e-10
2.323287e-10
2.180291e-10
1.493118e-10
1.267867e-10
1.056687e-10
7.991522e-11
3.206022e-12
-1.469027e-10
2.000454e-10
-2.705880e-11
-2.208325e-10
5.789597e-11
-1.052188e-10
2.790234e-11
-4.798771e-12
-2.082728e-11
-3.264488e-11
-8.045047e-11
-5.045353e-11
-4.806695e-11
-1.751833e-10
-4.708872e-11
-1.105208e-10
-1.463116e-10
-6.436044e-11
-2.251088e-10
-9.338807e-11
-1.593594e-10
-2.699123e-10
2.024513e-10
3.310054e-10
2.668060e-10
-1.082973e-10
-9.492625e-11
-3.840107e-11
-9.138727e-11
-9.030873e-11
-1.819547e-11
-1.815728e-10
-4.942599e-11
-2.161938e-10
9.138567e-11
9.122163e-11
8.921056e-11
3.327340e-11
2.217367e-10
2.895002e-10
-4.386856e-11
7.428193e-11
8.214858e-11
2.490462e-10
2.255790e-10
1.741394e-10
1.121424e-10
9.953135e-11
-1.312977e-10
1.984439e-10
-7.308781e-11
-1.847369e-10
-7.998815e-11
-1.153612e-10
-9.580256e-11
-1.328864e-10
-3.797771e-11
-1.595069e-10
-2.282420e-11
-1.378416e-10
1.011498e-11
4.981648e-10
2.735568e-10
2.311248e-10
2.579752e-10
3.593951e-11
6.156897e-11
-9.335567e-11
-3.035036e-10
-3.403220e-10
1.921912e-10
2.854653e-10
2.358252e-10
5.297880e-11
8.824654e-11
2.046636e-10
1.420896e-10
1.036645e-10
2.518512e-10
7.636259e-11
1.128733e-10
1.780253e-10
7.228162e-11
1.287338e-10
2.191693e-10
-6.959325e-12
5.284934e-12
-2.667724e-12
1.721914e-10
1.748331e-10
2.240524e-10
1.014682e-10
1.054893e-10
1.591409e-10
-1.816655e-10
-1.822022e-10
-2.705278e-10
-4.747176e-11
2.422835e-11
-4.093038e-11
-1.785848e-10
-5.305025e-11
-8.193244e-11
-1.111128e-10
-1.079509e-10
-1.369653e-10
-5.069077e-11
-7.976503e-11
-1.740047e-10
-1.883758e-11
-5.600660e-11
-9.080323e-11
-3.711007e-11
-1.373028e-11
1.289772e-11
9.706676e-11
1.364855e-10
1.557452e-10
1.198096e-10
4.336805e-11
1.348272e-10
6.369638e-12
5.242981e-11
5.209130e-11
8.129475e-11
8.290443e-11
-1.575239e-11
1.220791e-11
6.959433e-12
4.562428e-11
4.059777e-11
3.218381e-11
7.903012e-11
3.548712e-10
5.902427e-10
2.696199e-10
7.068572e-10
8.489418e-10
5.596106e-10
-1.046280e-10
-3.717088e-11
-3.794794e-10
3.428645e-10
2.354583e-10
2.139169e-10
4.072518e-10
1.945180e-10
1.915588e-10
4.543644e-10
3.633134e-10
2.538171e-10
-1.672781e-11
7.066784e-11
3.352383e-11
4.470986e-12
-6.867098e-11
-2.038080e-11
-2.815240e-11
6.996056e-11
3.745619e-11
-8.525602e-11
-4.365557e-10
-6.128777e-10
3.666667e-09
2.664260e-09
2.284237e-09
-7.919294e-11
-5.834724e-10
-8.969225e-10
6.743398e-11
-5.272761e-12
1.378226e-10
8.392403e-11
-6.359752e-12
7.331825e-11
7.023260e-11
3.226079e-11
2.146228e-11
-1.617842e-11
-8.798254e-11
-1.308422e-11
-1.207754e-10
-1.305390e-10
-1.750713e-10
-1.310631e-10
-1.540370e-10
-2.069188e-10
1.264249e-10
2.582795e-10
2.942904e-10
7.108027e-11
2.589060e-10
2.760426e-10
-6.159792e-11
7.479178e-11
6.069968e-11
-7.843990e-12
-6.036448e-11
-5.015449e-12
1.453082e-11
-1.202283e-10
-6.694350e-11
-1.973191e-11
-1.543312e-11
-1.193644e-10
-1.389504e-10
-2.642840e-10
-2.792230e-10
-1.282700e-10
-2.171600e-10
-1.367923e-10
-2.455850e-10
-1.930937e-10
-2.901159e-10
-1.472262e-10
-6.028385e-11
-1.335068e-10
-1.452099e-10
4.058641e-12
-1.679793e-10
-3.007360e-11
-1.003221e-10
-3.095627e-11
-1.191532e-10
-2.303756e-11
-3.791851e-11
-4.598827e-11
2.134124e-11
-1.044892e-10
-1.654367e-11
-2.778325e-11
-3.609056e-11
-1.570640e-10
-4.447759e-11
-1.439648e-10
-1.501698e-10
-4.862432e-11
-1.008382e-10
-7.259496e-11
-5.425360e-11
-1.126537e-10
-2.898648e-11
1.849910e-11
5.930223e-11
2.311877e-11
4.793939e-11
-3.792953e-11
1.257689e-11
-4.608673e-11
-8.281582e-11
-1.788380e-11
5.818586e-11
-2.758240e-11
-4.374485e-11
-7.415522e-11
-4.660018e-11
5.422634e-12
-8.062366e-11
5.182143e-11
-1.203370e-10
-6.296102e-11
-5.224781e-11
-5.026147e-11
-1.097575e-10
-1.777914e-10
-1.437963e-10
-3.618159e-11
-1.901387e-10
-3.054087e-11
3.146550e-11
1.590807e-11
1.496573e-11
-7.486366e-11
2.614394e-11
-5.680496e-11
1.957568e-11
-6.515911e-11
-2.018587e-11
-1.039877e-10
-7.174741e-11
-1.561544e-10
-1.469845e-12
-4.524063e-12
-1.317459e-10
-2.074397e-11
-1.452270e-10
6.520335e-11
1.948464e-11
-1.843288e-11
6.297281e-11
-5.993856e-12
2.712318e-11
3.157890e-11
-3.620598e-11
-4.638575e-11
3.804626e-11
-8.763913e-11
-5.373052e-12
2.495760e-11
2.833531e-11
-1.574619e-11
1.633486e-11
5.157184e-11
7.878715e-11
-1.368599e-10
-1.182697e-10
-1.538037e-10
-1.049171e-10
-1.539340e-10
-1.669632e-10
-1.006450e-10
-1.821655e-10
-1.337845e-10
1.205399e-11
1.169023e-10
1.444079e-10
-1.801405e-11
1.525598e-11
-3.644426e-11
5.408791e-11
-1.389104e-11
4.067877e-11
-4.609089e-11
-4.772722e-11
-2.522861e-11
-3.223704e-11
-8.752418e-11
-1.397896e-11
-5.352985e-11
4.224996e-11
-1.071720e-10
7.913416e-11
3.447185e-12
2.061674e-11
5.926792e-11
5.155846e-11
-5.351993e-11
1.059050e-10
-5.729556e-11
-9.042207e-11
-3.309453e-13
-7.570359e-12
9.029029e-11
-7.295065e-11
-2.641606e-11
2.326055e-11
-6.733593e-11
-3.911365e-11
-1.151641e-11
7.478979e-11
-1.145333e-11
1.619068e-10
-2.120868e-10
-2.493080e-10
-1.060018e-10
-3.952377e-10
-4.202074e-10
-2.224675e-10
-1.278729e-10
-2.031526e-10
-1.002011e-10
-8.005713e-11
-1.977754e-10
-2.676219e-10
1.205260e-11
-7.968554e-11
-8.181034e-11
4.404720e-11
9.790895e-12
1.295105e-10
1.088679e-10
-1.089394e-10
4.262094e-11
1.370362e-10
-1.376522e-10
-1.373892e-10
-3.229635e-10
-2.081411e-10
-1.540882e-10
-9.809165e-11
-3.197078e-11
-1.136516e-10
-2.178461e-10
-3.570472e-10
-2.530530e-10
-2.509333e-11
6.290708e-11
-1.013869e-10
2.424963e-10
6.407290e-10
3.918433e-10
3.635646e-10
3.119676e-10
3.260644e-10
1.313091e-10
-2.835896e-11
-1.480741e-10
1.004509e-10
1.115350e-10
-2.732868e-11
1.756277e-10
1.504039e-10
-8.764653e-11
-2.269938e-11
2.007967e-10
6.012765e-12
-2.987206e-11
-2.412712e-11
1.488084e-10
4.318857e-11
5.581333e-11
4.244591e-11
-4.486667e-11
-2.422817e-11
-8.832052e-11
1.718800e-10
5.211468e-11
2.905364e-11
1.224534e-11
1.477407e-10
1.560566e-12
-5.233037e-10
-3.040248e-10
-7.256274e-10
-1.853741e-10
-1.265772e-10
-4.938832e-10
-2.701867e-10
-3.863937e-10
-7.260127e-10
-2.244573e-10
-3.563951e-10
1.193926e-10
1.222440e-10
-3.713065e-10
-7.162303e-11
-4.202447e-10
-7.125923e-10
-3.158453e-10
3.055644e-11
1.278851e-11
-1.159651e-10
6.642238e-11
1.002935e-10
-3.644746e-11
6.696708e-11
-1.611699e-11
-8.765675e-11
-5.555388e-10
-7.456204e-10
-2.878482e-10
-2.299531e-09
-2.246438e-09
-1.847844e-09
2.589504e-10
2.053442e-10
9.934939e-11
2.909462e-10
8.560917e-11
8.957741e-11
2.279361e-10
2.189124e-10
1.702437e-10
-2.730183e-11
-4.223636e-11
-1.428919e-10
4.516592e-11
-7.724265e-11
-8.941291e-11
2.893126e-10
3.544684e-10
-2.680652e-12
4.499932e-10
1.169424e-10
8.077827e-11
-1.047992e-10
4.920209e-11
9.717475e-11
-1.726566e-10
-1.677960e-10
-4.866753e-11
-6.597227e-11
-3.230204e-10
2.244572e-11
5.846799e-11
7.224756e-11
-2.701463e-11
-4.123281e-11
-2.001215e-11
2.788988e-11
-3.947107e-11
2.073920e-11
-1.126250e-11
1.081896e-10
1.239171e-11
-2.986928e-11
-2.112107e-12
-6.453203e-11
-3.607782e-11
4.089987e-11
1.106958e-11
-5.045994e-11
-1.924492e-10
-1.975577e-10
-2.661508e-10
-1.233844e-10
-2.063209e-10
-1.866591e-10
-1.588640e-10
-1.820904e-10
-2.547575e-10
1.019544e-10
-3.345658e-11
7.294974e-11
-5.207856e-11
7.546232e-11
3.490438e-11
-6.428005e-11
-2.012010e-11
9.745031e-11
-1.498072e-10
-7.090381e-11
-8.074737e-11
-5.217509e-11
-1.710524e-10
-1.103904e-10
-6.481437e-11
-6.162467e-11
-6.398457e-11
7.629543e-11
5.033530e-11
3.654816e-11
1.081555e-10
1.268820e-10
4.283790e-11
1.371756e-10
5.214303e-11
1.056859e-10
3.068039e-11
8.680357e-11
4.319081e-11
1.086183e-10
1.413442e-10
1.085790e-10
1.260540e-10
6.865527e-11
3.805531e-11
-7.006955e-11
-2.388744e-10
-1.588181e-10
-1.063349e-10
-8.864774e-11
-2.337833e-10
-2.107678e-10
-1.360086e-10
-7.138404e-11
8.692735e-11
4.232700e-11
-1.696084e-11
5.604161e-11
1.507389e-10
1.421220e-10
-5.025445e-11
5.323318e-11
4.218061e-11
-1.999064e-11
-9.548950e-11
-1.228038e-10
-1.111328e-10
-1.562293e-10
-3.011326e-11
-1.640001e-10
-1.163994e-10
1.580997e-11
-5.914627e-12
3.523431e-11
6.303539e-11
1.038526e-10
1.109796e-10
4.114023e-11
7.822823e-11
7.068855e-11
7.703530e-11
4.185166e-11
9.308548e-11
2.203347e-10
7.451983e-11
2.421116e-11
-7.098316e-11
8.321767e-11
6.672560e-11
6.973967e-11
-4.706506e-11
-7.361882e-11
-1.637806e-10
-3.077496e-12
-1.123044e-10
-5.129638e-11
-2.926274e-11
-9.013187e-13
-1.732778e-11
-2.720843e-11
-2.168528e-11
-1.631281e-11
8.665588e-11
2.284138e-11
7.369603e-11
-7.137209e-11
-2.711720e-11
2.401126e-12
8.067051e-11
5.491119e-11
5.638126e-11
-2.731659e-11
1.144344e-10
2.353463e-11
8.451372e-11
3.749299e-11
9.995085e-11
-1.369608e-10
-1.492524e-10
-1.629629e-10
1.638428e-12
-1.363015e-10
-8.072348e-11
-5.995975e-11
-6.387923e-11
-8.179243e-11
-1.196111e-10
-2.122519e-10
-1.883006e-10
-1.401424e-10
-1.612220e-10
-1.519571e-10
-1.175421e-10
-2.528892e-10
-2.373916e-10
3.628136e-10
2.985525e-10
1.201957e-10
4.169674e-10
4.705519e-10
1.429762e-10
-3.480643e-10
-4.963721e-10
-6.467729e-10
2.098844e-10
1.991532e-10
1.345805e-10
-3.509804e-11
-9.888571e-12
2.220951e-12
-6.806936e-11
-3.459081e-11
-5.105751e-11
-2.299486e-11
-5.068826e-11
-1.142343e-10
1.219295e-10
1.987273e-11
-5.583201e-11
-2.062929e-10
-3.165237e-10
-2.282397e-10
2.839660e-10
1.248252e-10
-8.273502e-11
2.687865e-11
6.390312e-11
-1.164430e-10
-2.077915e-10
-2.868793e-10
-4.595627e-10
1.319697e-10
1.326628e-10
2.304956e-10
-1.363892e-10
-3.899204e-11
4.325843e-11
-1.975687e-10
-4.450153e-11
-1.593012e-11
-3.837361e-11
-3.282413e-11
2.400672e-12
2.069630e-11
-1.234333e-11
-9.124183e-11
-5.410505e-11
3.064205e-11
1.235828e-10
1.380778e-11
-1.922066e-11
-4.463939e-12
2.039545e-11
5.161366e-11
3.644236e-11
4.301772e-11
3.795693e-11
5.991974e-11
3.542949e-12
3.550295e-11
-6.510861e-11
-3.704450e-11
1.171557e-11
7.330023e-11
-2.055453e-11
9.718015e-12
-1.632995e-11
3.236533e-10
4.139486e-11
-5.683142e-10
1.049157e-09
9.755373e-10
-9.961334e-11
-5.296576e-10
-5.492448e-10
-1.371705e-09
-1.642576e-10
1.103343e-11
-2.839355e-10
-4.663962e-10
-2.868319e-10
-5.393868e-10
-3.907967e-10
-4.366261e-10
-7.203072e-10
3.726486e-11
-5.108951e-11
4.747352e-11
3.212551e-11
3.687587e-11
-5.260617e-11
-4.842760e-11
5.950625e-11
-5.186345e-11
-5.613512e-10
-3.628534e-10
-6.015455e-10
-2.074049e-09
-1.754487e-09
-2.125216e-09
1.395603e-11
1.741736e-12
-2.785913e-10
2.831193e-11
1.554589e-11
5.631968e-11
9.451671e-11
-7.524674e-13
8.017897e-11
5.257762e-11
4.020102e-11
-2.336974e-11
5.161812e-11
7.851636e-11
1.978988e-10
5.299299e-12
-8.978294e-11
3.938769e-11
-1.895047e-11
-7.873571e-11
3.293280e-11
7.722117e-11
2.478188e-10
-1.805505e-10
9.950177e-11
2.247960e-10
-1.408222e-10
-3.527160e-10
-7.998043e-11
-4.147468e-10
4.117250e-11
1.621429e-11
5.758134e-12
-4.142880e-11
-7.082438e-11
-8.495184e-11
8.942559e-11
-3.668409e-11
-4.075380e-11
3.725055e-10
2.533639e-10
2.891355e-10
6.252012e-11
3.686846e-11
2.063378e-10
-8.991693e-11
-1.032069e-10
2.186925e-11
-1.449874e-10
-1.648273e-10
-2.687294e-10
2.905803e-10
2.393455e-10
2.257303e-10
7.536672e-13
-6.318397e-11
-1.731318e-10
6.580934e-11
1.120243e-10
1.461383e-10
1.617102e-10
9.389418e-11
1.183114e-10
1.907542e-10
8.069755e-11
2.132395e-10
4.074821e-10
4.562573e-10
1.909585e-10
6.463283e-10
3.490658e-10
1.335635e-10
1.358516e-10
-1.494857e-10
-2.052171e-10
-9.405369e-11
-4.001938e-10
-3.435037e-10
4.219907e-11
2.779616e-10
2.916529e-10
2.711160e-10
3.366723e-10
6.383286e-10
4.202418e-11
9.814709e-11
-2.532268e-11
-4.699427e-12
8.371292e-12
-3.125895e-11
-1.439782e-10
-1.358727e-10
-2.199982e-10
2.496407e-11
-1.840772e-10
-7.164074e-11
1.168506e-10
2.968310e-11
1.141090e-10
1.481062e-10
2.241246e-10
1.264595e-10
4.444187e-11
7.763180e-11
-4.386166e-11
-2.832966e-12
-5.055448e-12
-1.576747e-11
-1.113791e-12
5.292456e-11
-6.049494e-11
1.262037e-09
1.139462e-09
9.723858e-10
3.047340e-10
1.637391e-10
2.788340e-11
-2.204270e-11
-3.869985e-10
-2.814769e-10
2.199649e-10
-4.987015e-10
-5.645422e-10
7.268300e-10
-2.624791e-10
-3.101274e-10
6.517665e-10
-2.754816e-10
-1.614271e-10
7.564518e-11
-2.171622e-11
5.747053e-11
-5.446966e-11
4.652343e-11
1.923635e-11
-1.783533e-11
-2.885961e-11
-1.101288e-11
-4.620050e-10
-4.077622e-10
-3.743853e-10
2.184469e-09
1.983032e-09
2.132585e-09
-1.763573e-09
-1.802099e-09
-1.826288e-09
-2.469334e-10
-1.865970e-10
-6.169543e-11
-8.684523e-11
1.252041e-10
4.649425e-11
1.264156e-11
5.365145e-11
-4.345757e-12
-1.864243e-10
-2.713521e-10
-1.174529e-10
-6.442624e-11
-1.247975e-10
-1.491480e-10
2.732486e-10
2.640390e-10
2.969521e-10
-2.752561e-11
5.528445e-11
8.284051e-11
2.554164e-10
9.973244e-11
2.157988e-10
1.969927e-10
-2.392242e-11
1.854901e-10
-4.301918e-11
-6.386213e-11
-1.113702e-10
4.728444e-11
2.917155e-11
1.885035e-11
-1.487263e-11
-9.935023e-12
5.379651e-11
-2.958793e-11
-2.978117e-10
-5.328362e-10
-2.139954e-10
9.282664e-11
-3.951430e-10
-1.193437e-10
-5.056356e-11
-4.308015e-10
2.907417e-10
6.053513e-11
3.606972e-11
2.930646e-11
2.837852e-13
4.454031e-11
1.706381e-10
-1.368583e-11
-6.597843e-11
-2.972433e-11
-5.026496e-11
-7.412514e-11
-4.273678e-11
-6.393275e-11
-2.902669e-11
1.331719e-10
9.930035e-11
5.980907e-11
2.533097e-10
-4.371414e-12
-2.006086e-12
8.720862e-11
-2.418363e-10
-1.347197e-10
3.806819e-10
4.278684e-10
3.651598e-10
-1.467975e-10
4.319512e-10
-1.734462e-11
2.220247e-11
-1.065116e-10
5.733711e-10
2.193601e-10
-5.217497e-11
6.616206e-10
2.368130e-11
9.614631e-11
1.048134e-10
1.129603e-10
-4.323464e-11
-1.227874e-10
3.301763e-11
-1.451123e-11
-4.497624e-11
9.183061e-11
2.115138e-11
-6.800948e-11
-4.262891e-11
1.005637e-10
1.137979e-10
-5.376044e-11
-7.036310e-11
1.583575e-10
-1.083873e-10
-6.182555e-11
-1.711658e-11
-3.773513e-11
-1.624229e-11
3.529527e-11
-2.476780e-11
-2.236218e-11
2.722577e-12
1.506202e-10
-7.438849e-10
-1.058813e-09
6.926465e-11
-3.816717e-10
-5.718238e-10
5.140460e-10
3.895209e-10
4.553741e-10
3.458276e-10
1.583492e-11
4.770250e-10
2.065884e-10
-2.059412e-10
2.354287e-10
-1.384541e-10
-2.399977e-10
-3.780244e-10
-8.966512e-11
-6.329642e-11
-5.682330e-11
-8.046296e-11
-2.845461e-11
6.825604e-11
6.637644e-11
-1.860700e-11
-1.867663e-11
2.274656e-09
2.347780e-09
1.927600e-09
-2.707247e-10
-7.417144e-11
-9.372392e-10
4.646608e-10
7.154565e-10
-3.238002e-10
-6.651228e-11
4.648948e-11
1.207027e-10
-1.735085e-11
-1.225407e-11
-6.104896e-11
-5.828830e-11
-2.117607e-10
-1.605992e-10
6.776375e-11
3.276052e-10
3.021501e-11
-4.085063e-11
2.501577e-11
2.643123e-10
-1.510344e-10
-1.402219e-10
1.159969e-10
1.806957e-10
8.183522e-11
-6.786161e-11
4.184378e-11
1.281995e-10
2.316751e-10
9.863831e-11
1.992348e-10
1.595922e-10
2.923216e-11
2.960205e-11
6.273796e-11
6.012701e-11
4.620300e-11
-2.735825e-12
1.108292e-10
2.134780e-11
-1.429730e-10
1.426937e-10
-3.225379e-11
1.082469e-09
-9.019434e-11
-5.261369e-10
3.879950e-10
2.679285e-10
-3.339557e-10
1.749987e-10
-2.888531e-10
-1.806843e-10
7.037580e-11
-2.169531e-10
-9.270827e-11
-2.376554e-11
-2.817617e-10
-2.702173e-10
-2.524504e-10
-6.230832e-11
-1.066947e-10
-6.790656e-11
5.854544e-11
-1.025338e-10
-1.238920e-10
-6.149874e-11
-2.481160e-10
-6.153267e-11
3.323423e-10
-3.498998e-10
2.096362e-10
-4.297978e-10
-7.093017e-10
-3.190026e-10
1.607069e-10
-2.895678e-11
1.774862e-10
2.330985e-10
2.004505e-10
3.926774e-10
2.183112e-10
-7.515921e-10
-4.458483e-11
5.068599e-10
5.351490e-10
1.890200e-10
-1.034628e-10
2.154234e-10
1.828729e-10
4.256808e-11
-1.811098e-10
-7.501986e-11
-1.511165e-10
-3.724645e-10
-2.161535e-10
-1.423569e-10
-3.592317e-10
2.539125e-10
-7.453178e-11
4.519084e-11
5.405124e-11
2.836278e-10
2.247213e-10
1.354693e-10
-1.039601e-11
2.381139e-11
4.592726e-11
-1.567107e-10
-2.328241e-12
2.944887e-11
-1.790817e-10
-5.079511e-11
-2.178790e-11
-1.211138e-09
-1.330320e-09
-4.476377e-10
-4.112556e-10
-1.124672e-09
7.346202e-11
9.142946e-10
5.983557e-10
7.868455e-10
-1.289090e-09
8.732559e-10
1.704591e-10
-1.737791e-09
6.202553e-10
6.844156e-10
-9.004341e-10
4.435511e-10
8.207111e-10
-2.925945e-11
-2.986641e-11
1.072685e-10
8.316100e-12
1.579917e-10
1.281094e-10
-3.108296e-11
1.774214e-10
8.000973e-12
5.096712e-10
-2.565864e-10
2.497940e-10
-4.601085e-09
-5.126811e-09
-4.879255e-09
2.228446e-10
-2.829754e-11
6.690079e-10
1.408220e-10
3.097738e-10
3.259271e-10
1.116836e-10
1.838365e-10
1.757909e-10
6.782717e-11
-8.875100e-11
1.763053e-11
5.122459e-10
2.301264e-10
3.552591e-10
2.232334e-10
-4.408811e-10
1.069946e-10
1.393297e-10
4.796551e-10
7.246180e-10
-1.301342e-10
-7.249552e-10
-1.078239e-11
-2.033916e-10
-3.005434e-10
-2.996009e-10
-1.653557e-10
1.873676e-10
-3.546146e-10
-2.458478e-11
5.984138e-11
-1.639957e-10
2.089956e-11
8.726530e-11
-8.972686e-11
-1.931713e-12
6.553158e-11
3.832900e-11
2.488769e-10
3.206303e-11
-2.237766e-10
1.762646e-10
1.355428e-10
-2.667857e-10
2.048516e-10
1.013053e-10
-2.021382e-10
2.108451e-10
1.348217e-11
-1.324535e-10
1.119628e-10
5.927341e-11
-1.019219e-10
6.892679e-11
-1.711592e-11
-2.919710e-11
8.766772e-11
1.896851e-11
-2.117754e-10
6.894634e-11
6.974910e-11
-1.048397e-11
2.638896e-12
-5.769655e-11
-5.859241e-11
9.202334e-11
2.076597e-10
-7.571442e-11
-9.498716e-11
1.797628e-10
-1.732119e-10
2.510650e-11
1.538698e-10
-1.025046e-10
1.819261e-10
8.090175e-11
1.067587e-10
2.460885e-11
3.496205e-11
-5.370143e-11
2.199811e-11
-7.545396e-11
7.552088e-11
5.088987e-12
-4.463978e-11
4.076212e-11
3.079551e-12
-4.770336e-11
1.758198e-11
6.613835e-11
4.117803e-11
2.631096e-11
1.635845e-10
1.078718e-10
7.566384e-11
1.881253e-10
1.047052e-10
-1.273916e-11
2.145636e-10
1.080222e-10
2.749483e-11
-1.701070e-11
-5.092556e-11
4.706853e-11
3.198867e-11
-5.412117e-11
-1.102666e-10
-2.398735e-11
-6.244635e-11
-8.335217e-11
7.036896e-11
-1.255895e-11
-1.792747e-10
-3.640075e-11
-8.872540e-11
-2.976223e-10
1.143929e-10
3.912879e-11
-1.503406e-10
6.552237e-12
2.881429e-11
-3.430005e-11
-2.681400e-11
-1.139020e-10
-9.327601e-11
-5.896456e-11
1.672292e-11
-7.341853e-11
-8.458696e-11
2.796338e-11
6.399097e-13
-3.276481e-11
-5.133601e-11
-5.962237e-11
3.217807e-11
-1.752658e-11
-1.102336e-10
-3.677748e-10
-2.794374e-10
-6.034709e-10
-2.637947e-10
-7.050715e-11
-4.954179e-10
-2.111139e-10
-6.704275e-11
-4.050779e-10
5.386831e-11
-3.242243e-12
-1.024786e-11
5.557921e-11
-6.670403e-11
1.258063e-10
-3.101846e-11
-1.646235e-11
6.628596e-11
1.365821e-11
1.060487e-11
5.558272e-11
1.094804e-11
-7.621771e-12
4.264764e-12
9.669940e-11
-1.936242e-11
7.691497e-11
3.243651e-10
-7.661472e-11
-4.304312e-11
2.501416e-10
-6.418319e-11
-1.379487e-10
2.974857e-10
7.877908e-12
-5.809742e-11
-9.888097e-11
1.595517e-12
-1.277096e-12
1.785023e-11
-9.203151e-11
3.154939e-11
-7.788506e-12
1.651810e-11
7.326920e-11
-3.864788e-10
-6.365597e-10
-1.350223e-09
5.425565e-10
1.289493e-10
-6.511679e-10
-1.956249e-10
-9.303051e-12
-4.897788e-10
1.043998e-10
-1.697215e-11
-8.882412e-11
-8.063859e-11
-1.473722e-10
-2.338700e-10
4.691772e-11
1.380724e-10
1.506633e-10
4.242173e-11
-1.388846e-10
-1.864530e-10
-9.258826e-12
-3.646952e-11
-7.656772e-11
-8.591304e-11
-1.447225e-11
-1.516297e-11
-5.477817e-10
-2.995973e-10
-3.021935e-10
6.704252e-11
-2.630875e-10
-1.154459e-10
4.743348e-10
9.444122e-11
2.683765e-10
1.765597e-10
-4.395719e-10
2.707927e-10
-5.841432e-10
4.222171e-10
-5.391397e-10
-1.910778e-10
1.364993e-10
-1.833280e-10
1.307409e-10
-2.969496e-10
-8.051274e-11
6.759598e-11
-1.887331e-10
-2.544054e-10
6.891351e-11
1.126410e-10
-6.300546e-11
-1.451470e-10
-1.663825e-10
-1.418169e-10
-4.055406e-11
1.157902e-10
1.068482e-10
-2.862139e-10
-4.784985e-11
1.374945e-10
1.687687e-10
7.760125e-11
5.607203e-11
1.862128e-10
7.815542e-11
1.399898e-10
1.927788e-10
1.535733e-10
7.736481e-11
-1.509805e-09
-1.414771e-09
-1.879918e-09
1.013772e-09
1.014870e-09
-5.464645e-10
-9.200483e-11
1.894350e-10
-7.640385e-10
-8.119937e-10
7.601144e-11
1.153835e-09
-8.972481e-11
-1.030200e-09
3.286949e-10
1.069589e-09
-4.580112e-10
6.476433e-10
-4.636454e-11
1.889183e-11
7.910460e-11
3.526178e-11
7.135801e-12
1.248000e-10
1.389277e-10
-5.486642e-11
7.176328e-11
-4.992678e-11
-4.778071e-10
-9.030608e-10
-1.413822e-09
-8.932407e-10
-1.770475e-09
3.855211e-09
3.769125e-09
3.204976e-09
1.602163e-10
1.455059e-10
9.720497e-11
2.320053e-11
7.006523e-11
-9.917281e-12
7.270873e-11
5.129887e-11
9.074031e-12
-1.078389e-10
-5.848105e-11
-1.294045e-10
-8.266488e-11
4.480121e-10
1.921509e-10
2.796962e-10
2.173529e-11
7.124847e-11
-3.792221e-10
-1.064830e-10
-4.428536e-10
4.742466e-10
7.005121e-10
1.716373e-10
8.921880e-11
9.169641e-11
4.371373e-10
3.362308e-11
-9.745378e-11
1.445223e-10
6.483145e-11
5.152768e-11
1.456443e-10
-3.074753e-11
-2.259256e-11
1.100255e-12
