1.175369e+00
2.029449e+00
1.597070e+00
1.042237e+00
1.244666e+00
1.345671e+00
1.643596e+00
1.711805e+00
1.542900e+00
1.028171e+00
1.625747e+00
1.320167e+00
1.398819e+00
8.695246e-01
1.820062e+00
1.576853e+00
5.223961e-01
3.008726e-01
3.112628e-01
3.154823e-01
4.047141e-01
4.105883e-01
1.939513e-01
3.268008e-01
2.408586e-01
2.367884e-01
2.628263e-01
4.261731e-01
2.471409e-01
4.358009e-01
2.936186e-01
3.433070e-01
2.106497e-01
3.797218e-01
2.417191e-01
1.904865e-01
2.633886e-01
2.066339e-01
2.955168e-01
1.550260e-01
2.714716e-01
4.471986e-01
3.295086e-01
1.958586e-01
2.783196e-01
4.277342e-01
4.431573e-01
3.320557e-01
1.612657e+00
1.863626e+00
1.536619e+00
9.145438e-01
1.014260e+00
1.538380e+00
1.595829e+00
1.557911e+00
1.410079e+00
1.301064e+00
2.043148e+00
1.085565e+00
1.335741e+00
1.655597e+00
1.970891e+00
1.938567e+00
