-5.872039e-02
-7.017422e-02
-7.095645e-02
-1.466873e-02
-4.447609e-02
-7.669811e-02
-6.190807e-02
-7.142538e-02
-6.904227e-02
-6.134185e-02
-7.076322e-02
-8.094879e-02
-8.622027e-02
-5.676628e-02
-7.086790e-02
-4.410806e-02
-5.566336e-02
-6.840643e-02
-6.612475e-02
-7.258783e-02
-7.231461e-02
-5.898050e-02
-5.957152e-02
-5.268025e-02
-7.520787e-02
-6.911799e-02
-6.142458e-02
-5.479433e-02
-6.910469e-02
-7.921512e-02
-5.891442e-02
-5.042175e-02
-2.288984e-02
-6.449832e-02
-7.557312e-02
-7.210138e-02
-5.941402e-02
-5.160414e-02
-7.561002e-02
-8.042639e-02
-3.467204e-02
-6.320896e-02
-7.282458e-02
-3.641075e-02
-7.452387e-02
-6.571639e-02
-6.025308e-02
-2.524220e-02
-6.788176e-02
-7.791700e-02
-6.602484e-02
-4.921652e-02
-2.856871e-02
-6.686399e-02
-5.853298e-02
-5.620623e-02
-6.711891e-02
-8.015332e-02
-6.536146e-02
-4.175154e-02
-6.243454e-02
-8.663835e-02
-5.579008e-02
-6.964379e-02
