-2.280240e-02
-2.689129e-02
-2.364821e-02
-2.739341e-02
-2.882741e-02
-3.720741e-02
-2.588109e-02
-2.941278e-02
-3.346433e-02
-1.855858e-02
-2.913061e-02
-3.668302e-02
-1.008743e-02
-1.390596e-02
-2.102206e-02
-2.130557e-02
-1.051583e-02
-3.310340e-02
-4.567934e-02
-2.425404e-02
-2.974262e-02
-3.578282e-02
-2.837776e-02
-2.780897e-02
-1.240891e-02
-5.591320e-02
-4.994480e-02
-2.252242e-02
-2.084927e-02
-1.947991e-02
-2.781981e-02
-3.280178e-02
-3.524406e-02
-2.697449e-02
-1.856166e-02
-3.588394e-02
-2.525743e-02
-2.031493e-02
-2.861424e-02
-2.437511e-02
-4.184274e-02
-2.996654e-02
-2.149125e-02
-9.936681e-03
-2.379228e-02
-3.300473e-02
-2.747501e-02
-4.153963e-02
-3.147011e-02
-1.410650e-02
-5.260603e-03
-7.615416e-03
-2.311690e-02
-1.959018e-02
-2.159341e-02
-1.397710e-02
-1.226216e-02
-4.137766e-02
-2.325598e-02
-5.780718e-02
-1.409809e-02
-3.158828e-02
-3.587517e-02
-4.799659e-02
