3.462126e+00
3.160417e+00
3.277192e+00
3.945752e+00
3.198039e+00
2.646754e+00
2.916073e+00
3.774138e+00
3.225497e+00
3.726064e+00
4.015081e+00
3.920159e+00
3.635572e+00
2.842894e+00
3.445609e+00
3.074218e+00
3.531878e+00
3.396051e+00
3.055487e+00
3.404106e+00
3.470348e+00
3.790988e+00
3.256032e+00
3.462780e+00
3.314863e+00
3.912088e+00
3.874221e+00
3.527763e+00
3.845825e+00
3.163783e+00
4.130447e+00
3.669839e+00
3.802828e+00
3.689834e+00
2.808460e+00
3.272582e+00
3.964199e+00
3.914272e+00
3.273523e+00
3.276345e+00
3.113598e+00
3.923333e+00
3.166837e+00
3.588491e+00
3.419019e+00
3.136447e+00
3.028888e+00
3.840314e+00
3.559660e+00
3.388484e+00
3.278753e+00
3.506199e+00
3.304681e+00
3.520373e+00
3.377541e+00
4.079360e+00
3.028953e+00
3.412137e+00
3.228257e+00
3.422835e+00
3.844179e+00
2.903651e+00
3.713677e+00
2.938989e+00
