9.981883e-02
2.261949e-01
7.153913e-02
2.319865e-01
2.014790e-01
1.758235e-01
1.511419e-01
1.820385e-01
1.909917e-01
2.451745e-01
1.455510e-01
1.494916e-01
1.396151e-01
2.627974e-01
1.232291e-01
1.631795e-01
1.391388e-01
1.849396e-01
2.391299e-01
2.828488e-01
2.374140e-01
1.836946e-01
1.466144e-01
1.773812e-01
1.809576e-01
2.095479e-01
1.751763e-01
1.532027e-01
1.717461e-01
1.580287e-01
1.415403e-01
1.435084e-01
1.950426e-01
1.466260e-01
1.612615e-01
1.987768e-01
1.777739e-01
1.553071e-01
9.280257e-02
1.719757e-01
2.122058e-01
2.152981e-01
1.648609e-01
2.166739e-01
1.279570e-01
2.319981e-01
2.417665e-01
2.259037e-01
1.160886e-01
1.423617e-01
2.568974e-01
2.311640e-01
2.299160e-01
1.167186e-01
2.177070e-01
2.468698e-01
2.652550e-01
1.322770e-01
1.610283e-01
2.138967e-01
1.192347e-01
1.795477e-01
2.034810e-01
1.306611e-01
