6.902124e-04
5.131786e-04
5.207622e-04
4.702915e-04
3.852338e-04
4.784731e-04
4.797591e-04
5.344462e-04
4.207005e-04
4.039156e-04
6.666849e-04
8.425253e-04
2.750420e-04
4.019249e-04
1.724545e-04
8.267218e-04
4.780084e-04
5.434785e-04
2.582934e-04
2.835026e-04
4.401208e-04
3.678572e-04
2.080562e-04
1.438572e-04
2.207429e-04
2.484106e-04
2.888741e-04
3.287816e-04
8.175517e-05
1.614539e-04
3.283422e-04
2.447249e-04
3.238771e-04
2.582801e-04
2.626495e-04
1.887145e-04
2.565228e-04
2.295319e-04
2.143505e-04
1.324980e-04
2.454236e-04
3.678513e-04
4.762835e-04
2.201442e-04
2.698461e-04
1.226359e-04
2.590351e-04
2.745380e-04
7.858949e-04
5.469177e-04
4.957747e-04
4.578538e-04
3.391019e-04
7.430186e-04
3.230220e-04
3.836905e-04
4.986174e-04
4.849460e-04
6.526668e-04
4.246187e-04
8.618152e-04
5.893675e-04
4.638970e-04
5.625817e-04
