-3.117569e-02
8.763274e-03
-1.326972e-02
-1.892218e-02
-6.222723e-03
-6.585974e-03
3.705497e-03
-1.043630e-02
9.380030e-04
-3.041791e-03
7.938903e-03
-2.257772e-02
-4.946482e-03
-2.398431e-02
7.184446e-04
-1.873350e-02
-2.949955e-04
-2.030120e-02
-1.164122e-02
-1.957650e-02
-1.291616e-02
1.790358e-03
-6.985879e-03
-2.172880e-02
-1.090805e-02
-2.134806e-02
-1.134069e-02
-2.014023e-02
-1.521764e-02
3.771523e-02
-6.524554e-03
-3.450065e-02
-2.751227e-03
-1.515895e-03
1.585756e-03
-6.164103e-03
4.993757e-03
3.419125e-03
-2.124471e-03
1.570858e-03
-3.442290e-02
-2.027759e-02
7.589618e-03
-3.861237e-02
-1.779098e-02
-1.233809e-02
3.541779e-03
-2.704866e-02
-7.324356e-03
-9.234233e-03
-1.721491e-03
7.524557e-03
-1.761734e-02
-1.299695e-02
5.546244e-03
6.701393e-03
5.435100e-03
-1.188794e-02
-1.268789e-02
-1.219171e-02
-6.510755e-03
-1.415683e-02
-1.174342e-02
3.310410e-02
