-4.514783e-02
-2.791635e-02
-1.845568e-02
-7.063457e-02
-5.241432e-02
-3.976531e-02
-3.046160e-02
-2.898644e-02
-3.492672e-02
-5.819678e-02
-2.905584e-02
-5.878315e-02
-2.722251e-02
-7.793343e-02
-3.838092e-02
-4.276882e-02
-7.659774e-02
-7.621944e-02
-1.231652e-01
-1.638951e-01
-1.192638e-01
-8.000869e-02
-1.315766e-01
-7.637534e-02
-2.828793e-02
-8.435822e-02
-8.062637e-02
-2.785633e-02
-9.301262e-02
-1.099734e-02
-4.054143e-02
-3.935795e-02
-1.218039e-01
-4.786971e-02
-1.026172e-01
-6.763176e-02
-5.831800e-02
-4.950666e-02
-3.940377e-02
-1.025506e-01
-9.617843e-02
-1.286713e-01
-8.614631e-02
-9.224979e-02
-1.110193e-01
-1.198720e-01
-1.107463e-01
-8.935442e-02
-5.530090e-02
-1.947230e-02
-2.851215e-02
-8.820404e-02
-6.087123e-02
-4.123506e-02
-6.159310e-02
-4.406275e-02
-5.914877e-02
-4.027665e-02
3.730204e-03
-6.840486e-02
-3.411679e-02
-3.881330e-02
-1.928904e-02
-2.160072e-02
