3.133141e+00
3.458276e+00
3.114298e+00
3.506837e+00
2.896498e+00
4.675127e+00
3.092873e+00
3.512528e+00
3.228611e+00
3.544890e+00
3.567608e+00
3.227342e+00
3.527358e+00
3.456846e+00
3.873431e+00
3.107521e+00
2.850740e+00
3.882642e+00
2.919074e+00
3.567126e+00
3.190655e+00
2.595483e+00
2.951327e+00
2.718467e+00
3.354236e+00
3.792792e+00
3.303840e+00
3.448454e+00
3.486242e+00
3.144245e+00
2.652908e+00
2.495858e+00
3.071942e+00
3.699447e+00
3.486811e+00
3.874483e+00
2.768630e+00
3.805499e+00
4.394147e+00
3.017064e+00
2.418858e+00
3.581021e+00
3.418807e+00
2.833307e+00
3.568473e+00
3.442367e+00
4.019491e+00
2.979044e+00
4.491886e+00
3.344021e+00
3.465834e+00
3.313896e+00
2.443211e+00
4.120842e+00
2.271316e+00
3.319829e+00
3.967555e+00
2.986059e+00
3.472669e+00
1.984417e+00
4.828304e+00
2.918200e+00
3.808484e+00
3.803415e+00
