-2.926223e-04
2.290379e-02
8.817386e-03
-4.515562e-03
6.041881e-05
-7.010201e-03
-3.950653e-03
-3.729918e-03
-1.450177e-04
-6.117722e-03
-2.560120e-03
-1.163292e-02
-6.063830e-03
-1.034113e-02
1.753586e-03
-8.418782e-03
-5.390120e-03
7.463239e-03
-5.726261e-03
3.233661e-03
-2.888073e-03
-5.239089e-03
-7.266935e-03
5.713384e-03
-6.150149e-04
-6.014073e-03
-7.924863e-03
-5.226313e-03
-2.092987e-02
-1.605888e-03
-5.752874e-04
-4.121208e-02
-1.534214e-03
-1.066237e-02
-1.486495e-03
-4.875349e-03
-1.105832e-02
-1.713317e-02
-1.020344e-03
-4.974955e-04
-1.086757e-02
-3.406480e-03
5.901185e-03
-8.360381e-03
-9.014612e-03
-5.775554e-03
-1.043685e-02
-7.543549e-03
-2.821200e-03
-8.237465e-03
7.054468e-03
-1.123621e-03
-5.657511e-03
-1.287267e-03
-5.070469e-03
6.967270e-04
8.452929e-03
-1.095542e-02
-1.916276e-03
-8.080371e-03
-1.271912e-02
-1.591719e-02
-8.382877e-03
4.248838e-03
