-1.905453e-01
-1.937514e-04
-1.550425e-01
5.905523e-02
-1.622386e-01
-1.563499e-01
-9.914755e-02
-2.450179e-01
-1.868271e-01
5.155627e-01
9.216967e-02
6.112646e-01
-2.404066e-01
2.635629e-01
1.941094e-01
3.566620e-01
1.557887e-02
2.914693e-01
-9.714347e-02
2.477664e-01
-5.425245e-02
8.720037e-02
-1.131267e-01
-1.210951e-01
-2.368153e-02
-9.623739e-02
8.280880e-02
-1.397114e-02
4.891360e-01
5.369892e-01
1.328356e-01
-5.425683e-02
2.701529e-01
-1.218539e-01
-1.527121e-01
-2.343939e-02
-1.593563e-01
-2.886693e-01
-1.805134e-01
-1.687164e-01
1.882307e-01
-8.409157e-02
-1.671594e-01
9.400105e-04
-2.130805e-01
-1.224705e-01
6.811363e-02
-1.011801e-01
-5.652088e-02
-2.013535e-01
-4.332214e-02
2.663251e-01
-6.536885e-02
-6.948769e-02
-1.886949e-01
-2.401171e-01
-2.604718e-01
4.458803e-01
1.803335e-01
-8.466134e-02
-2.346790e-01
6.518594e-01
-1.104782e-01
-2.175692e-02
-9.958327e-02
8.470798e-02
7.184047e-01
-2.299224e-02
-8.027615e-02
-1.500255e-01
-1.079826e-01
8.399870e-01
-6.586414e-02
-2.003872e-01
-1.491247e-01
-2.033909e-01
-6.391125e-02
3.109570e-01
-8.208792e-02
-1.277059e-03
-4.795812e-02
-1.425165e-01
1.828485e-01
-7.484789e-02
-1.327163e-01
1.450802e-01
-1.422409e-01
-4.210121e-02
1.814934e-02
2.398657e-02
-5.218867e-02
3.590168e-02
4.848206e-01
4.743069e-02
-6.252198e-02
-2.775933e-01
-2.611430e-02
-8.538080e-02
-2.746212e-02
1.815891e-01
-2.579135e-02
8.417966e-01
-3.669468e-02
-8.238387e-02
-1.182229e-01
-6.046465e-02
-8.513740e-02
8.176608e-02
-1.392841e-01
-9.563982e-02
6.811551e-02
-5.476208e-02
-2.407677e-02
-1.898346e-01
-4.987703e-02
3.109674e-01
-4.350230e-02
-2.337579e-02
-2.224943e-01
-7.943745e-02
-1.446780e-01
-9.888287e-02
-5.467784e-02
-6.486365e-02
3.144197e-01
-1.763988e-01
3.056260e-03
-2.866313e-01
-2.915300e-01
5.238280e-02
-3.011641e-03
2.639791e-01
4.708847e-01
-1.463453e-01
-8.710773e-02
-2.044374e-01
3.813648e-01
-3.503810e-01
-3.760813e-01
3.046069e-01
4.618326e-01
-1.767507e-01
5.074496e-01
-2.191827e-01
1.794082e-01
1.178966e-01
-9.986367e-02
5.590800e-02
-6.909575e-02
-3.962030e-02
-2.459406e-01
2.289419e-01
9.546249e-02
1.999660e-01
-9.116678e-02
-5.063831e-02
-1.071097e-01
4.672321e-01
-2.549603e-02
-9.184313e-02
6.812981e-02
-3.279577e-01
-3.188294e-03
-9.824907e-02
3.618712e-01
-2.201511e-01
6.251231e-02
4.990557e-01
-1.189868e-01
-1.779130e-01
-2.561859e-01
-8.026373e-02
-1.236578e-01
2.655456e-01
-5.581966e-02
-5.119366e-02
5.659354e-02
-1.807514e-01
-6.641851e-02
-2.391593e-01
2.853531e-01
-9.607665e-02
-6.098248e-02
1.394638e-02
4.463689e-01
-1.942353e-01
4.764280e-01
-1.604574e-01
-1.729865e-01
-2.708029e-01
2.420596e-01
-2.245716e-01
1.520362e-02
-4.832567e-02
-1.243814e-01
-7.785375e-02
-2.057482e-01
1.674915e-01
-3.080260e-01
-1.777589e-01
-1.279521e-01
6.713670e-01
-7.646427e-02
-8.216839e-02
7.142223e-01
7.511003e-02
-1.681801e-01
-1.865974e-01
-1.068445e-01
-6.010891e-02
4.006791e-01
2.170052e-02
1.317200e-01
2.751715e-02
4.116104e-01
-8.208385e-02
-9.322303e-02
-1.537672e-02
-6.462074e-02
-8.032703e-02
-2.680069e-01
-2.153994e-01
-2.475559e-02
-1.023175e-01
-7.236788e-02
6.541428e-01
2.228879e-01
3.296092e-01
-6.352960e-02
-9.000799e-02
2.426099e-01
-2.475193e-01
-8.919432e-02
-2.612249e-01
-2.474795e-01
6.987113e-02
3.752626e-01
-1.142107e-01
1.284551e-01
2.026461e-01
-8.096957e-02
-1.379309e-01
5.664215e-02
-2.579918e-01
-1.262517e-01
1.930158e-01
2.492743e-01
3.805315e-01
5.769228e-02
-1.684513e-01
3.936031e-01
-1.051764e-01
1.707696e-01
2.453700e-02
1.906168e-02
-2.534533e-01
-1.470840e-01
7.339194e-02
-1.212886e-01
-1.829008e-01
-1.983215e-01
3.679533e-01
-1.343299e-01
1.804012e-02
-2.256696e-01
-1.961724e-01
6.662228e-01
-1.401674e-01
-8.668476e-02
-1.218386e-01
1.478876e-01
-1.653739e-01
1.598298e-01
-2.069382e-01
-1.136353e-01
-1.221000e-01
-1.496397e-01
-4.438387e-02
-2.422366e-01
1.250258e-01
-9.785772e-02
-6.117510e-02
1.296280e-01
-9.012152e-02
-1.129627e-01
-1.887293e-01
-5.165948e-02
-1.389027e-01
-2.250523e-01
-9.419601e-02
2.942361e-01
-1.187489e-01
2.978581e-01
-2.263423e-01
-1.878982e-01
-3.891122e-02
4.676960e-03
5.533974e-01
5.640514e-01
-4.981676e-02
-2.749874e-02
-8.786834e-02
5.001879e-02
1.937772e-01
-9.824423e-02
-1.834054e-01
5.287546e-02
-2.012205e-01
-1.524050e-01
-9.380464e-02
-1.908429e-01
5.041786e-01
4.884701e-01
7.053405e-01
-2.683983e-01
-1.258864e-01
-2.264284e-01
-8.186543e-02
-7.305780e-02
-1.832055e-01
7.758826e-01
-3.682950e-02
-3.361978e-02
-7.452201e-02
5.059617e-01
-1.556828e-01
6.344196e-01
-6.209158e-02
1.845695e-01
2.582992e-01
-2.257092e-01
-1.393376e-01
-2.872909e-01
-1.455680e-01
-1.935677e-01
-1.513192e-01
-4.420306e-02
-1.923682e-03
-1.705916e-01
-6.568806e-02
3.184841e-01
-3.517253e-02
-2.061512e-01
-9.980082e-02
-9.033263e-02
-8.431578e-02
-1.261195e-01
2.253965e-01
-2.554966e-01
-2.779204e-01
-5.384924e-02
-6.870142e-02
-2.647791e-01
6.061462e-01
3.192830e-01
-1.484605e-01
-6.337076e-02
-1.039882e-01
-2.502915e-01
-6.438909e-02
-7.103147e-02
-1.000263e-02
4.481580e-02
1.217688e-01
-1.585896e-01
-1.050953e-01
-7.728401e-02
1.608017e-01
-6.690948e-02
-1.856490e-01
8.102570e-02
-1.431302e-01
1.583843e-01
2.501029e-01
-2.310686e-01
-2.792421e-01
-3.454431e-01
1.335743e-01
1.272680e-01
3.626476e-01
-2.379218e-01
-2.116257e-01
-5.800898e-02
-2.566569e-01
-3.182173e-01
-2.918839e-02
1.129186e-02
3.152403e-02
-1.425228e-01
-1.464594e-01
2.483829e-01
-1.608093e-01
-1.862498e-01
-2.482940e-01
4.528297e-01
-1.124485e-01
-2.346713e-01
-1.060952e-01
-1.703050e-01
5.203535e-01
-9.809916e-02
4.159369e-01
2.493194e-01
-9.394428e-02
-1.334756e-01
-3.139991e-02
6.392238e-01
-1.439179e-01
-1.574364e-02
-8.561554e-02
-1.207411e-01
-5.499270e-02
-2.759673e-01
-2.831507e-01
9.507236e-03
1.525523e-01
-2.341876e-01
-4.996125e-02
-2.210395e-01
-1.053983e-01
-1.752613e-01
-1.426282e-01
-1.316838e-01
4.311305e-01
-8.472323e-02
-2.173037e-01
-2.013181e-01
-2.230751e-02
-1.103943e-01
3.443328e-01
-5.419972e-02
-1.256964e-01
2.056981e-01
3.285181e-01
1.139020e-01
-7.713873e-02
-1.380730e-02
-9.168745e-02
-1.357365e-01
-2.663484e-01
3.605796e-01
-2.440878e-01
-2.307352e-01
4.556122e-01
4.075099e-01
-1.556671e-01
1.112394e-01
-2.585388e-01
5.418195e-01
-3.366851e-02
-2.450498e-02
2.192133e-01
-1.742333e-01
-1.462194e-01
-2.050828e-01
-1.506830e-01
3.377570e-01
-1.679169e-01
-2.791769e-01
-1.420698e-01
-9.697488e-02
-1.271866e-01
-4.442776e-02
8.327286e-02
-8.963799e-02
-1.533316e-01
-1.161608e-01
-9.377977e-02
-1.469997e-01
-3.765887e-02
8.191606e-02
2.457017e-01
3.233351e-01
9.463997e-02
1.934838e-01
-6.046391e-02
-2.646006e-01
-2.297758e-01
-2.194199e-02
-8.054118e-02
3.587934e-01
-3.142129e-01
-2.394646e-01
1.214644e-01
-1.040462e-01
-2.805822e-01
6.644977e-01
-1.281571e-01
-6.078919e-02
4.684905e-01
5.327229e-01
-2.857668e-02
-1.248070e-01
-5.457962e-02
-5.587463e-02
-1.362500e-01
-7.419334e-03
3.873230e-01
-8.822745e-02
4.862379e-01
3.916018e-02
1.200947e-02
3.249734e-01
1.220855e-01
-3.166165e-01
-2.639384e-01
-2.197527e-01
-1.363396e-01
-1.503607e-01
1.625974e-01
-7.114860e-02
-2.443730e-01
-8.301079e-02
-4.523675e-02
-2.034266e-01
-1.308454e-01
-5.977179e-02
-1.386998e-01
2.567123e-02
4.274868e-01
-3.780961e-02
-2.502244e-01
3.528327e-02
-2.372621e-01
-5.672375e-02
-1.893531e-01
-1.481410e-01
-1.381550e-01
1.039535e-01
-1.955653e-01
-8.397299e-02
2.412054e-01
3.392643e-01
-2.866655e-03
-1.212501e-01
-4.735605e-02
-6.362037e-02
6.929529e-02
8.677170e-02
1.105517e-01
4.448779e-01
4.141903e-01
-4.993075e-02
-9.306685e-02
-1.703640e-01
-1.281502e-01
-8.846268e-02
-1.098581e-01
-2.987024e-02
-3.519172e-01
-4.016401e-02
-1.173614e-01
1.416049e-01
-6.348119e-02
-3.589030e-02
-5.057164e-02
6.157541e-01
-7.851606e-02
-4.989505e-02
-8.907185e-02
1.210194e-01
4.737341e-01
-3.259689e-02
-3.303108e-01
-3.347386e-02
-6.032682e-02
-1.812293e-03
-1.016076e-01
-1.645779e-01
-1.923184e-01
-2.041570e-01
-7.524757e-02
3.805915e-01
2.292614e-01
-2.824759e-02
9.417313e-01
-2.029371e-01
-1.704188e-02
-6.442031e-02
-8.466253e-02
4.626833e-02
5.043359e-01
3.320371e-02
-2.847144e-01
-7.331947e-02
-3.185817e-02
-1.399460e-01
1.409681e-01
-1.093954e-01
2.171620e-01
-4.274110e-02
-9.838293e-02
-7.202860e-02
-6.492038e-02
-1.514784e-01
-1.162221e-01
-1.032899e-01
-6.869602e-02
-6.180511e-02
-6.331738e-02
-5.249019e-02
-4.516825e-02
-3.785645e-02
-2.133650e-02
-1.346943e-01
-2.708636e-01
1.478146e-01
7.546718e-01
2.957925e-01
-1.385785e-01
-1.040805e-01
-2.850889e-02
-3.850357e-02
8.624903e-01
-1.423691e-01
-8.274878e-02
2.084336e-01
-1.474112e-01
-1.484230e-01
-4.281005e-02
-9.370680e-02
4.850443e-02
-2.163122e-02
9.254434e-04
-4.917134e-02
-1.106506e-01
-2.400456e-02
1.854139e-01
-4.809062e-02
-2.037033e-02
4.573789e-01
-5.398269e-02
-1.213275e-01
-1.228834e-01
-1.999136e-01
-6.562893e-02
-2.509197e-01
-1.718934e-01
-3.447493e-02
7.874554e-01
