-9.259741e-10
-1.058871e-09
-8.944045e-10
-6.429487e-10
-1.035218e-09
-8.719404e-10
-1.428309e-09
-4.580568e-10
1.782149e-10
4.690839e-10
5.314007e-10
4.097683e-10
1.197731e-09
1.100195e-09
1.645337e-09
5.716811e-10
1.217087e-09
1.772134e-09
1.400721e-09
1.688377e-09
1.469175e-09
2.291009e-09
1.560221e-09
1.864241e-09
2.135525e-09
1.948816e-09
2.347253e-09
-1.130333e-09
-1.215596e-09
-9.791205e-10
-1.725929e-09
-2.356221e-09
-9.237424e-10
-1.376602e-09
-1.271826e-09
-1.104299e-09
-1.936232e-09
-2.266310e-09
-1.345138e-09
-2.450481e-09
-3.078156e-09
-1.794993e-09
-2.641222e-09
-2.108685e-09
-2.255599e-09
1.060779e-09
1.089043e-09
9.117400e-10
1.502535e-11
-1.349765e-10
2.009156e-10
3.677386e-10
-1.812431e-10
5.331808e-10
-2.032627e-09
-7.025018e-10
-1.403225e-09
-3.297351e-09
-2.267732e-09
-1.610468e-09
-2.228386e-09
-9.625807e-10
-6.654908e-10
-1.963118e-09
-7.621117e-10
-1.067742e-09
-2.956689e-09
-1.602434e-09
-1.474364e-09
-1.552518e-09
-6.786133e-10
-4.294520e-10
1.004667e-09
5.094777e-10
-7.612919e-11
-1.559119e-09
-4.500343e-10
-8.137543e-10
-5.262277e-10
1.062424e-09
2.365944e-10
1.293001e-09
3.566743e-10
1.504003e-09
3.164994e-10
-1.075920e-09
6.532327e-10
1.532374e-09
1.395691e-09
1.363289e-09
2.312635e-09
7.279477e-10
1.502824e-09
7.170294e-10
2.000590e-12
-5.516694e-11
2.066205e-09
1.684258e-09
6.746203e-10
1.486730e-09
4.616957e-10
1.511557e-09
6.692304e-10
-9.561244e-10
-2.343744e-11
7.556517e-10
-3.474408e-10
-2.592693e-10
-1.744662e-09
-2.129840e-09
-2.446416e-09
-1.733686e-09
-1.452603e-09
-2.820403e-09
-2.499308e-09
-3.644323e-09
-4.448584e-09
-1.545853e-09
-1.161583e-09
-1.526211e-09
-1.917865e-09
-2.355097e-09
-2.581772e-09
-2.366968e-09
-3.232054e-09
-2.777912e-09
-1.318669e-10
1.763480e-10
8.355783e-10
-1.668196e-10
-1.008646e-10
6.507579e-10
-1.248032e-09
-6.215356e-10
-3.191723e-10
2.378808e-05
6.380885e-06
1.386897e-05
6.525720e-06
-1.874355e-05
-1.229339e-06
-5.622494e-05
-6.542206e-05
-8.735834e-05
1.594955e-05
2.986186e-06
7.439403e-06
4.663231e-06
-2.090015e-05
-5.045896e-06
-5.744703e-05
-6.718165e-05
-8.850594e-05
2.818225e-06
3.547200e-07
1.757165e-06
-1.311357e-05
-3.003158e-05
-1.345753e-05
-6.326873e-05
-7.153504e-05
-8.516450e-05
4.098324e-10
5.233659e-10
9.985948e-10
-1.310751e-09
-7.982823e-10
-1.006371e-10
-3.928812e-09
-3.706917e-09
-2.933440e-09
6.091321e-10
-1.664745e-10
1.173237e-09
-1.378570e-09
-1.130248e-09
-9.797203e-10
-4.141371e-09
-4.413908e-09
-3.874260e-09
2.298964e-09
2.407452e-09
3.598553e-09
1.047023e-09
1.253012e-09
9.796339e-10
-2.044952e-09
-2.132176e-09
-2.300061e-09
1.059922e-10
-1.241752e-09
-2.534268e-09
1.088840e-09
-2.289486e-10
-2.614771e-09
1.160118e-09
1.265716e-09
-1.507730e-09
9.264343e-10
-6.787134e-10
-1.964406e-09
8.882697e-10
8.749446e-10
-1.530776e-09
1.181635e-09
1.212984e-09
-1.333535e-09
3.387052e-09
1.943472e-09
1.011721e-09
4.385103e-09
3.063458e-09
1.881392e-09
3.984272e-09
3.520776e-09
1.360663e-09
1.643936e-01
-2.290415e-01
2.121830e-02
-5.820812e-02
3.728048e-01
-1.012147e-01
7.276975e-02
-1.876557e-01
-8.910056e-02
-9.304542e-03
-1.078213e-01
-4.525339e-03
-1.467732e-01
8.018481e-01
1.049338e-01
-1.925366e-01
-1.165999e-01
-1.309382e-01
-6.222631e-02
-1.777430e-01
-8.971769e-02
-9.456517e-02
6.874981e-01
1.755243e-01
1.455965e-02
2.027280e-01
9.282327e-02
4.968290e-09
4.846448e-09
3.259001e-09
3.841613e-09
3.990115e-09
4.386608e-09
2.756648e-09
2.494851e-09
3.005197e-09
4.080057e-09
3.942110e-09
3.015084e-09
2.395706e-09
2.589123e-09
3.520354e-09
2.217304e-09
1.672677e-09
3.027127e-09
1.622592e-09
2.735490e-09
1.924868e-09
7.093054e-10
1.640004e-09
2.966014e-09
2.923793e-10
5.983968e-10
1.841773e-09
4.479576e-02
-1.123195e-01
-3.470730e-02
-4.241690e-02
-2.995637e-01
-1.563735e-01
2.753737e-02
1.963164e-02
4.587644e-02
5.632826e-02
-1.153790e-01
-1.238315e-02
-5.138253e-02
-3.376623e-01
-1.443432e-01
4.110432e-02
-5.185156e-02
2.548535e-02
1.548233e-01
1.335830e-02
1.125727e-01
6.911106e-02
-1.608346e-01
3.102074e-02
1.054019e-01
1.911524e-02
1.084963e-01
-1.649586e-01
-1.174005e-01
-7.979377e-02
1.580406e-02
1.034529e+00
4.288897e-01
-5.884877e-02
6.197053e-01
3.902404e-01
3.240025e-02
-2.814356e-01
-1.422840e-01
-1.384090e-01
-3.207584e-03
-4.042914e-01
-5.708464e-02
-2.497530e-01
-2.208177e-01
1.742240e-01
6.843923e-02
3.305998e-01
-2.317818e-02
-1.372006e-01
-1.950585e-01
8.151238e-02
-4.024533e-01
-1.674704e-01
4.575180e-02
1.404845e-01
1.615037e-02
-2.399336e-03
2.464489e-01
-4.638959e-01
-3.822734e-02
1.235569e-01
-9.285171e-02
7.219687e-03
8.641801e-02
-1.089694e-01
4.530487e-02
2.929900e-01
-5.408902e-01
-6.496104e-03
1.515374e-01
-9.795573e-02
2.021133e-02
-4.921114e-03
-2.807902e-02
3.470469e-03
2.205160e-01
-2.452483e-01
9.496283e-03
1.292601e-01
3.766344e-02
9.134356e-02
1.193610e-01
9.264679e-02
5.481219e-02
-1.563304e-01
2.084540e-02
7.093759e-02
-9.592170e-02
3.263178e-02
3.244570e-02
-2.772771e-02
2.795163e-02
-5.988423e-02
-3.038097e-01
-7.022173e-02
4.287197e-02
-1.046001e-01
5.216189e-02
-5.151614e-02
-1.096907e-01
-5.148293e-02
-5.068435e-02
-2.469765e-01
-6.863931e-02
3.713296e-03
-1.424728e-01
-3.429709e-02
-1.248542e-09
-8.826087e-10
-1.155409e-09
-8.097109e-10
-9.400385e-10
-2.406875e-09
-6.862231e-10
-2.987304e-09
-4.160385e-09
-8.647461e-10
-7.762838e-10
-2.032973e-09
-5.481634e-10
-1.134522e-09
-3.184583e-09
-1.203878e-09
-2.523076e-09
-5.250596e-09
1.796974e-09
1.491252e-09
-6.716912e-11
1.540640e-09
1.014860e-09
-7.695286e-10
1.055141e-09
-7.041188e-10
-3.377320e-09
-9.716529e-02
-2.294388e-01
-2.097559e-01
-1.060473e-01
-2.066790e-02
-1.313652e-01
-3.086575e-02
1.085296e-01
-1.901435e-01
1.373858e-01
2.011445e-01
2.122176e-01
2.802176e-01
6.905886e-01
4.896478e-01
1.388475e-01
5.758576e-01
1.768030e-01
5.365649e-02
-1.215671e-01
3.261929e-02
-2.197163e-01
-4.193342e-01
-2.207750e-01
-2.136243e-01
-4.236535e-01
-3.216327e-01
