-1.043641e-01
-1.040093e-01
-2.482671e-01
-1.315177e-01
-2.335857e-01
-5.120102e-02
-1.282905e-01
-1.441779e-01
-3.854281e-01
7.767696e-02
-2.372619e-01
-2.497926e-01
1.533021e-01
-1.007816e-01
-1.334559e-01
-1.987052e-01
-1.107703e-01
-9.061641e-02
-2.350390e-01
-6.546763e-02
-2.287076e-01
-6.417561e-02
-2.161137e-01
-9.915984e-02
-2.240518e-01
1.348143e-02
-3.063674e-03
-1.064407e-01
-1.354852e-01
-3.560463e-01
-2.252937e-01
-4.151448e-01
-2.668783e-01
-2.377074e-01
-1.244905e-01
1.251858e-01
-3.844940e-01
-4.030487e-01
-1.443728e-01
-1.333722e-01
3.439365e-02
-2.281450e-01
-8.858428e-02
5.425415e-03
-1.160123e-01
-2.413499e-01
-1.294232e-01
1.030722e-01
8.119414e-02
-2.963517e-01
-3.360179e-01
3.249703e-02
-1.572679e-01
-1.879105e-01
-2.443015e-01
-1.505195e-01
-1.537383e-03
-2.380667e-01
-2.811334e-01
-1.055437e-01
-4.530051e-02
-7.221413e-02
-3.759074e-01
-7.787658e-02
