-2.017691e-01
-3.813823e-02
-8.766129e-02
-1.090923e-01
-8.468885e-02
-1.200267e-01
-1.561496e-01
-1.614170e-01
-8.615119e-02
-9.709705e-02
-5.505895e-02
-2.084952e-01
-5.130436e-02
-2.684979e-02
-7.355535e-02
-1.116677e-01
-1.743888e-01
-9.858840e-02
-1.005049e-01
-9.647910e-02
-8.169152e-02
-7.599345e-02
-1.160605e-01
-1.057120e-01
-9.356747e-02
-6.916346e-02
-1.138094e-01
-9.683418e-02
-7.114972e-02
-6.240520e-02
-8.849817e-02
-1.029732e-01
-9.458557e-02
-1.178714e-01
-1.267534e-01
-1.234458e-01
-1.586180e-01
-1.380778e-01
-1.678058e-01
-6.041326e-02
-3.548355e-02
-7.566484e-02
-1.691529e-01
1.236179e-02
-1.235579e-01
-2.279410e-02
-6.584176e-02
-1.207569e-01
-8.374736e-02
-8.759095e-02
-7.287198e-02
-6.940080e-02
-6.249719e-02
-1.267168e-01
-1.341698e-01
-6.415731e-02
-8.492722e-02
-2.415301e-01
-2.265111e-02
-1.430818e-01
-7.551684e-02
-1.073613e-01
-2.052981e-01
-1.461440e-01
