-8.130633e-06
-6.005761e-06
1.301950e-06
-1.195597e-05
-3.682986e-06
1.240525e-05
-8.847211e-06
8.384002e-06
2.175607e-05
3.117818e-03
-9.104375e-03
-1.057687e-02
-9.530751e-03
-8.721574e-03
-1.646702e-03
-9.566604e-03
1.401970e-03
-3.246915e-05
-4.265168e-02
7.184947e-02
-5.142739e-03
1.831858e-01
-5.083473e-02
-1.022152e-01
7.653904e-03
-8.935671e-02
5.525613e-02
5.366312e-02
3.215318e-02
-9.869926e-02
4.014523e-02
-2.058746e-01
7.733795e-02
-2.286006e-02
5.918445e-02
5.762865e-02
-4.162072e-03
1.175214e-01
2.454208e-03
7.770920e-02
-1.116719e-03
4.812250e-02
-1.526914e-02
8.138840e-02
4.743934e-02
-8.483596e-02
-8.055396e-02
6.897178e-02
-1.316973e-01
2.171376e-01
5.783419e-02
1.347880e-01
-5.521465e-02
-1.284542e-01
4.381712e-02
9.580345e-02
-3.610712e-02
3.018837e-02
1.090946e-01
2.061771e-03
5.391375e-02
-1.656890e-02
-3.998262e-02
-5.974264e-02
-2.583451e-02
-3.433749e-02
-8.396479e-02
-5.447729e-02
-4.941635e-02
9.921094e-03
-4.618392e-02
-1.320977e-02
3.173362e-02
5.646117e-02
-7.799416e-03
3.347490e-02
-3.351887e-02
-9.743265e-02
-3.521226e-02
-1.824652e-01
1.161022e-01
-3.620139e-04
-3.097736e-04
4.529308e-05
-4.409651e-04
-2.865238e-04
1.572136e-04
-3.725589e-04
-1.149346e-04
2.756666e-04
-1.320277e-01
2.508082e-02
1.446767e-01
7.925870e-03
1.053100e-01
-7.087960e-02
1.925394e-01
3.346160e-02
-1.897280e-01
7.096445e-02
3.458697e-02
-6.447162e-02
9.328878e-02
-2.459649e-01
6.470615e-02
-1.636501e-01
5.250451e-02
7.858740e-02
6.821664e-10
4.465338e-10
4.591170e-10
1.078178e-09
3.299702e-10
3.550367e-10
-2.069505e-10
-1.130175e-09
3.175128e-10
-3.280393e-08
-5.641209e-08
-3.116780e-09
-7.407455e-08
-8.012096e-08
4.284871e-08
-7.568874e-08
-1.865185e-08
1.419875e-07
-3.126852e-02
-6.909217e-02
6.706909e-02
-1.029924e-01
1.141535e-01
2.507504e-02
-3.324024e-03
1.031374e-01
-1.197762e-01
-2.815287e-02
-5.394581e-03
-4.131227e-02
6.497465e-03
3.316852e-04
1.543549e-03
2.440292e-02
3.784652e-02
-3.936801e-02
4.307593e-06
8.058177e-06
5.965444e-06
1.175423e-05
1.023014e-05
3.490901e-06
-7.809097e-06
-1.039582e-05
-1.408448e-05
2.644506e-03
1.868646e-03
-4.401844e-03
-9.545778e-04
-1.092721e-02
-9.405814e-03
-2.041060e-02
-2.256593e-02
-1.510635e-02
2.127730e-02
2.678339e-02
2.696345e-02
3.034219e-02
-3.011492e-02
-5.947143e-02
-1.056069e-01
1.330397e-02
4.755943e-02
9.602386e-03
9.219027e-02
9.107085e-02
-1.285930e-01
-3.483621e-01
-9.381203e-02
7.574881e-02
1.854369e-01
9.702498e-02
3.218162e-02
2.941982e-02
-6.785569e-02
2.358630e-02
3.504024e-02
3.973831e-02
2.003916e-02
4.292232e-02
1.498666e-02
2.626725e-02
-5.196553e-02
-1.277327e-02
-4.277625e-02
5.064313e-02
-8.918348e-03
-8.417523e-03
-3.617419e-02
-3.441726e-02
1.444179e-02
1.364933e-02
-1.178797e-02
2.538932e-02
6.704038e-03
-4.168412e-02
-1.230286e-02
-8.466182e-03
-2.008867e-02
3.069407e-02
7.866190e-02
1.793711e-02
1.121572e-02
1.235372e-02
-2.466042e-03
1.004918e-02
3.821228e-02
-2.000202e-02
5.731134e-02
3.587397e-02
8.795726e-02
1.314211e-02
1.196261e-01
-1.757192e-02
-6.225325e-02
-1.444004e-01
-1.419587e-01
4.042808e-05
-2.020935e-05
-6.237966e-07
2.769937e-05
-7.147372e-05
-1.971249e-04
-6.393091e-05
-2.069040e-04
-2.829258e-04
-2.808734e-02
-1.093466e-01
-9.769820e-03
1.312766e-01
1.228669e-01
6.468314e-02
-2.423972e-02
-7.775220e-02
3.873920e-03
-1.040340e-01
-1.997613e-02
7.745203e-02
1.653200e-02
-4.736721e-02
-4.638302e-02
2.924641e-02
9.283242e-02
-2.138681e-03
-3.754970e-10
-5.859138e-10
-4.382192e-10
-8.367522e-10
-2.874895e-11
-1.695116e-10
-1.644105e-10
2.771171e-11
1.580718e-10
-3.518378e-08
-5.398741e-08
-6.107761e-08
-9.628025e-09
-4.285433e-08
-2.350943e-08
-3.952913e-08
-4.051025e-08
-1.458669e-08
-1.047664e-01
-9.590385e-02
-6.173023e-02
7.192010e-02
1.886097e-01
7.959694e-02
2.305388e-02
-4.988668e-02
2.252579e-02
2.164383e-02
1.407793e-02
-7.895596e-04
-4.158256e-02
-1.584641e-02
-2.770119e-02
1.062933e-02
1.873760e-02
-5.239193e-03
-2.270326e-07
-2.776681e-07
-2.620994e-07
1.154489e-08
-4.395421e-09
1.150225e-07
4.937936e-07
5.617355e-07
5.605077e-07
-2.937244e-06
-7.043438e-06
-4.810239e-06
-1.144575e-06
-4.037961e-06
-2.078791e-06
4.880097e-06
2.396534e-08
3.110014e-06
-3.084158e-05
-1.154917e-04
8.203665e-05
-1.210475e-05
3.940255e-06
3.826727e-05
-2.960399e-05
4.253427e-05
8.108013e-05
1.808728e-05
-5.485241e-05
-2.139855e-05
-1.626430e-05
6.814892e-05
1.713218e-04
-1.145204e-04
-5.032122e-05
-6.974753e-05
8.244487e-05
3.202446e-05
5.251591e-05
5.365517e-05
8.077859e-05
1.695415e-05
2.865254e-05
-1.688304e-05
-1.003909e-05
-2.559703e-04
-2.232468e-05
-1.187542e-05
-1.012821e-04
1.033492e-05
7.864028e-05
-2.436904e-04
-1.806566e-04
-1.239880e-04
-2.773464e-05
2.041362e-05
-3.512111e-06
-2.881500e-05
6.522499e-06
4.507373e-06
-1.415640e-05
1.985379e-05
-9.521247e-06
5.431451e-05
1.132986e-04
1.106055e-04
-3.748598e-05
7.219694e-06
7.751019e-05
-3.431905e-05
-6.577034e-05
-2.706782e-05
1.346281e-05
-2.281376e-05
-3.754011e-06
5.681347e-05
7.014765e-05
8.140570e-05
4.696003e-05
7.825627e-05
1.079690e-04
4.219565e-07
7.203810e-08
5.213272e-07
1.902449e-06
1.169436e-06
1.440288e-06
3.846282e-06
3.667084e-06
4.262387e-06
-1.112126e-04
8.141447e-05
-4.217764e-05
-7.402657e-05
-2.379296e-05
-9.605504e-07
-7.374171e-05
8.229969e-05
1.772478e-04
4.143590e-05
-7.010299e-05
-1.120655e-04
-3.884049e-06
5.189851e-06
-1.607315e-04
-4.264874e-05
4.970912e-05
-1.459090e-04
2.231272e-10
8.560050e-10
-7.074610e-11
8.135521e-10
4.727056e-10
9.702783e-10
1.155346e-09
3.289900e-10
3.985171e-10
1.602334e-09
1.420210e-10
1.549384e-09
1.628666e-09
1.944781e-09
1.720259e-09
1.214864e-09
1.395585e-09
2.094692e-09
-3.771249e-05
-4.411611e-05
-5.225424e-05
1.335991e-05
-3.831853e-05
-1.313533e-04
1.375775e-04
1.083873e-04
8.212051e-05
-9.138105e-06
1.544298e-06
-8.968801e-07
1.135901e-06
4.561942e-06
3.516329e-06
6.562977e-06
1.270917e-05
-2.106672e-06
-2.878601e-06
-3.570738e-06
-4.586617e-06
-1.953776e-06
-8.051600e-07
-3.802941e-06
2.314554e-06
2.349434e-06
-8.159575e-07
-4.681451e-03
-1.200010e-02
-1.133778e-02
-2.960559e-03
-6.707528e-03
-4.648282e-03
3.218906e-03
-1.428880e-03
1.334039e-03
-6.061358e-02
-1.734333e-02
6.777076e-02
4.436402e-02
-7.476876e-02
6.846781e-02
9.644861e-02
-9.807571e-02
-5.478805e-03
-7.397471e-02
1.144471e-02
-7.138258e-03
-3.192902e-02
-1.794708e-02
2.575008e-02
-8.447587e-03
3.960959e-03
2.627557e-02
2.342401e-02
-4.029948e-02
-2.156908e-02
-4.636610e-02
-5.258470e-02
-1.957234e-02
-1.366689e-02
-9.224676e-03
2.172799e-02
-1.414308e-02
1.107762e-01
-4.786536e-02
-1.429103e-01
1.553788e-01
1.932499e-02
-9.628082e-02
4.004418e-02
3.233484e-02
2.451613e-03
-7.629506e-02
1.677614e-03
5.238142e-02
-6.655425e-02
2.905528e-02
2.429982e-02
-3.787149e-02
2.403585e-02
-1.454480e-02
3.675893e-02
-2.764882e-02
3.316486e-02
5.689980e-02
1.448854e-02
2.715182e-02
2.186034e-02
5.881920e-03
-4.593344e-02
6.727345e-02
4.225583e-04
-7.837014e-02
7.273770e-02
1.620664e-02
-6.929023e-02
4.532525e-03
2.651853e-02
-5.740393e-05
-1.137467e-05
-4.904189e-05
-3.734254e-05
-5.125280e-07
-4.894767e-05
2.984722e-05
4.066414e-05
-5.013806e-05
4.132823e-02
8.974903e-02
-7.508599e-02
-2.639003e-02
6.734026e-02
-6.430509e-02
-3.691104e-02
7.267191e-02
-3.406804e-02
1.856277e-02
-1.417519e-01
5.293699e-02
6.496076e-02
-1.283421e-01
1.609398e-02
6.348149e-02
2.185679e-02
-8.321651e-02
-2.058175e-11
-1.121251e-10
1.907954e-10
1.172470e-10
1.192569e-10
3.146297e-10
2.469553e-10
2.864188e-10
7.356038e-10
6.294749e-10
1.590980e-09
-2.114068e-09
6.014427e-09
2.571269e-09
-5.187486e-09
7.527967e-09
7.827943e-09
4.436605e-09
5.368023e-02
-9.212194e-02
5.462833e-02
5.595215e-02
-6.737188e-02
-2.062838e-02
4.169336e-02
-8.083916e-03
-8.852871e-02
2.040438e-02
-2.378696e-02
1.246083e-03
2.589458e-02
-1.054972e-02
-1.303769e-02
4.269753e-02
1.918354e-02
2.360670e-02
1.021577e-05
1.275186e-05
1.407193e-05
1.070530e-05
1.260441e-05
1.379573e-05
1.143702e-05
1.352435e-05
1.538724e-05
2.501200e-04
-5.434928e-04
-1.028893e-03
-5.315527e-04
-1.914499e-03
-1.599679e-03
1.182217e-03
1.463906e-04
-8.585780e-04
-5.817886e-03
2.392525e-02
-8.263870e-03
1.199437e-02
2.465711e-02
-4.926753e-03
-6.769278e-03
-1.734535e-02
-1.229345e-03
4.323816e-02
3.110950e-02
-3.111828e-02
-1.722577e-02
-2.120687e-02
-6.766867e-03
-2.750617e-02
1.439993e-02
1.829045e-02
1.818044e-02
1.352934e-02
5.838760e-03
7.670829e-03
-2.904896e-03
-1.963935e-03
1.509205e-02
1.884689e-02
-4.955604e-04
-2.000017e-02
-1.706786e-02
-4.764830e-03
-1.817847e-02
2.884507e-02
-3.551032e-03
1.299567e-02
-2.758542e-03
-1.244517e-02
-1.643354e-02
-8.564909e-03
1.039924e-02
-2.644800e-04
1.625704e-02
-5.170707e-03
1.657904e-02
-3.546022e-03
4.018176e-03
5.524699e-04
2.694856e-03
7.325088e-03
-9.975427e-03
-8.012672e-03
4.050600e-03
-7.995253e-03
-5.635211e-03
1.650765e-02
4.086509e-03
1.783100e-02
-1.267878e-03
1.680437e-02
1.225609e-02
-2.326409e-02
-1.986825e-02
-4.942320e-04
1.686097e-03
8.387917e-05
1.473261e-04
1.614152e-04
1.280760e-04
1.790498e-04
1.413614e-04
1.686744e-04
2.369887e-04
1.697514e-04
-2.969431e-02
5.544401e-03
1.340095e-02
1.621351e-02
3.270330e-02
-1.079036e-02
-3.238197e-03
-3.975151e-04
-4.001385e-02
1.508172e-02
2.953384e-02
-2.475340e-02
-2.686744e-03
-1.751867e-02
1.010050e-03
4.459785e-04
8.996712e-03
2.385885e-02
1.968458e-10
9.356194e-10
1.810837e-10
-1.707265e-11
4.418969e-10
4.022292e-10
3.656361e-10
5.402698e-11
8.011056e-10
7.238097e-08
7.123994e-08
9.270821e-08
8.617223e-08
6.375904e-08
6.320155e-08
1.312066e-07
1.037124e-07
7.338165e-08
-1.736281e-02
-8.771698e-03
5.508977e-03
-1.097788e-02
9.610295e-03
3.948099e-03
2.472927e-03
-3.699592e-03
-2.428538e-02
-7.592365e-04
-8.432794e-04
-4.596192e-03
8.333171e-05
-1.221335e-03
-5.885484e-03
-8.152215e-03
-1.661703e-02
1.037151e-02
5.152103e-06
-3.692322e-07
9.640169e-06
5.069959e-06
3.448443e-07
7.857397e-06
6.258383e-06
4.534947e-06
1.169038e-05
-3.266937e-03
-2.248867e-03
1.721345e-03
-2.609366e-03
1.276294e-03
4.240004e-03
6.145902e-03
5.961797e-03
9.820028e-03
2.007692e-02
9.213943e-03
-5.484535e-02
4.607616e-02
1.907374e-03
-3.036339e-02
-7.953894e-03
-2.036561e-02
9.267773e-02
-3.022453e-02
-3.084401e-02
-7.788774e-02
4.046956e-02
3.363090e-02
-4.803074e-02
2.053414e-02
-3.958532e-02
-1.263630e-02
1.699883e-03
-6.946848e-03
8.050933e-03
1.425109e-02
1.147923e-02
-1.663823e-02
2.857764e-02
9.464819e-03
2.679497e-02
-4.776004e-02
6.878483e-02
9.477887e-03
-6.616478e-02
1.039314e-01
-7.396207e-02
-7.568192e-02
4.747733e-02
-8.742183e-03
1.980683e-02
-2.711081e-02
-1.309125e-02
-2.458729e-02
-1.645461e-02
1.485345e-02
-2.910997e-02
1.036777e-02
4.659434e-02
-4.377962e-02
-7.263420e-03
1.254814e-02
5.142980e-03
8.867185e-03
-1.268166e-02
8.339069e-03
-1.234807e-02
-1.535966e-02
-7.428981e-02
-4.391379e-02
4.675802e-02
1.204488e-02
9.577719e-03
-4.560398e-03
3.317513e-02
1.681339e-02
-5.385592e-02
7.045809e-05
8.559527e-06
1.370767e-04
1.152907e-04
5.684287e-07
1.445132e-04
1.389505e-04
-1.138743e-05
1.696904e-04
-4.763769e-02
5.252676e-02
1.206076e-03
-4.973425e-02
-2.702232e-02
-1.203187e-02
-3.136616e-02
2.885934e-02
5.659339e-03
1.126940e-01
-5.853665e-02
-4.320130e-02
4.740548e-02
-1.472964e-01
1.461092e-01
2.131023e-02
-1.054232e-01
6.317071e-02
-5.838835e-10
-5.577448e-10
-1.299657e-10
-6.012234e-10
-9.751003e-10
-5.242032e-10
-2.505264e-10
-7.526395e-10
-8.615180e-10
1.619833e-08
1.623238e-08
1.786099e-08
8.902806e-09
7.620002e-09
8.449539e-09
5.969945e-09
4.217078e-09
3.515839e-09
6.311630e-02
-6.131833e-02
1.226816e-02
-1.149941e-02
-3.342422e-02
3.589408e-02
-4.149142e-02
-4.921558e-03
2.665874e-02
1.243768e-02
4.466707e-02
-4.550273e-02
7.908633e-02
7.731522e-03
-2.456423e-02
4.934762e-02
8.303829e-03
-7.055590e-02
3.788216e-06
6.787192e-06
7.542817e-06
8.278348e-06
1.135682e-05
9.723838e-06
7.850566e-06
9.832974e-06
7.923617e-06
6.868978e-03
8.071030e-03
7.873445e-03
9.937790e-04
8.311559e-03
2.817954e-03
8.844716e-03
9.477811e-03
1.103718e-04
8.922533e-03
-9.472826e-03
-6.354705e-02
-5.984784e-02
-4.142096e-02
2.627660e-02
8.777803e-03
6.662643e-02
6.584418e-02
-3.347367e-02
-8.711630e-02
3.406076e-03
5.815241e-02
9.554453e-02
7.473222e-02
3.048580e-02
-1.476668e-02
-1.105264e-01
4.848905e-03
2.819831e-02
1.460097e-02
1.063609e-03
7.575044e-03
3.006443e-02
1.854573e-02
1.395108e-02
2.646340e-04
-4.248860e-02
5.457578e-02
7.294027e-02
4.313238e-02
1.191695e-02
-1.078091e-01
-4.387492e-02
-7.823068e-02
-2.464447e-02
-2.405284e-02
1.655345e-02
1.186384e-02
3.796776e-02
4.778432e-02
2.362085e-02
-4.480599e-04
-9.555196e-03
-1.300410e-02
4.797953e-02
-1.002919e-02
-3.868451e-02
-1.328607e-02
-4.332033e-02
-5.774429e-02
-1.633460e-02
-2.070450e-02
1.021931e-02
-4.036304e-02
-5.077206e-02
-7.805280e-02
1.706795e-03
1.985109e-02
7.079937e-02
5.640162e-02
6.623697e-02
-1.045773e-02
6.675901e-05
1.097735e-04
9.137664e-05
1.684755e-05
7.965399e-05
2.982590e-05
-1.092246e-05
1.943668e-05
-1.732503e-05
3.743826e-02
7.917953e-02
1.235382e-02
2.235771e-02
-1.228502e-01
-5.729642e-02
-7.505155e-02
1.405567e-02
4.411134e-02
4.786566e-03
-6.897786e-02
-5.257864e-02
5.573162e-03
-1.633178e-02
2.685521e-02
5.597904e-02
3.060453e-02
3.183547e-02
-2.048717e-10
-8.827092e-10
1.243455e-10
-6.553673e-10
-2.845760e-10
-4.991069e-11
-6.305745e-10
-8.266990e-10
-1.267525e-10
7.553258e-08
6.135648e-08
5.904079e-08
6.708523e-08
4.976072e-08
5.064810e-08
4.069223e-08
2.466578e-08
2.138644e-08
5.022376e-02
7.304925e-02
6.590530e-02
9.456737e-03
-4.732702e-02
-1.011779e-01
-1.327433e-01
-6.851583e-02
3.681318e-03
3.615041e-02
2.561446e-05
-2.145155e-02
1.610397e-02
3.989605e-02
2.507626e-02
8.970473e-03
-9.750470e-03
-1.062656e-02
-7.948243e-06
-1.012876e-05
-1.339220e-05
-1.067476e-05
-1.326725e-05
-1.445794e-05
-5.735837e-06
-6.700648e-06
-7.480691e-06
-1.928983e-03
-8.404685e-03
-1.336688e-02
-4.895953e-03
-5.386824e-03
-9.972112e-03
-4.013125e-03
-5.401343e-03
-7.070192e-03
-4.161138e-02
-3.188402e-02
-1.743850e-02
-1.795870e-02
-9.878265e-03
-1.440453e-02
7.135913e-03
7.028906e-04
1.461410e-02
2.357292e-02
-3.310473e-03
-2.507550e-03
6.210848e-02
5.649146e-02
-1.839439e-02
6.346744e-03
3.336629e-02
3.418755e-02
4.191719e-03
-5.011979e-02
-2.922623e-02
-1.110940e-02
-1.669951e-02
-4.152924e-02
1.707208e-02
-7.946510e-03
-6.348363e-02
-3.170684e-02
-5.700661e-03
-1.292640e-02
-6.300975e-02
-1.305069e-01
-1.044013e-01
-4.268792e-02
-4.162768e-02
-8.504625e-02
1.161389e-02
-1.799289e-02
-2.727279e-02
3.424174e-02
-5.364813e-02
-6.430688e-02
2.308230e-02
-5.326966e-02
-7.633304e-02
-2.503254e-02
-2.827203e-02
-3.414126e-02
-5.379885e-02
-4.846167e-02
-5.250337e-02
-5.796692e-02
-6.209238e-02
-1.957458e-02
3.118316e-02
9.190981e-03
1.318750e-02
-1.977409e-02
-1.404422e-02
4.086165e-03
1.482446e-02
5.149778e-03
7.457430e-03
-1.215057e-04
-2.454136e-04
-1.744742e-04
-1.486089e-04
-2.723447e-04
-1.826819e-04
-1.532656e-04
-2.008734e-04
-1.351429e-04
-5.332410e-02
-2.946546e-02
1.819431e-02
-6.858701e-02
-3.460125e-02
1.790033e-02
-1.157402e-02
1.505605e-02
6.877510e-02
-2.382083e-03
2.063786e-02
4.002050e-02
5.152943e-02
6.478549e-02
5.590710e-02
3.858555e-02
8.254299e-02
7.016624e-02
-5.955965e-10
4.751424e-10
-5.401076e-10
-4.820856e-10
-5.108193e-10
-2.381274e-10
-2.686492e-10
-5.189337e-10
-4.090577e-10
-4.157670e-08
-2.790494e-08
-1.307635e-08
-4.273413e-08
-1.772682e-08
1.929980e-09
-3.243342e-08
-1.722297e-08
8.810786e-10
3.013361e-03
-4.297867e-03
-4.575368e-02
4.877390e-03
3.296474e-02
-3.408014e-02
3.885647e-02
1.130854e-02
-2.552149e-02
-4.123214e-02
-1.882437e-02
-1.610601e-02
-5.171939e-03
-6.557234e-02
-6.166735e-02
-2.508184e-02
-5.090855e-02
-7.786285e-02
1.905820e-05
2.297553e-05
1.390701e-05
2.158331e-05
2.520364e-05
1.926212e-05
2.058410e-05
2.475227e-05
2.110132e-05
1.198869e-02
1.182180e-02
7.536127e-03
6.838453e-03
7.910108e-03
2.788862e-03
7.249679e-03
9.665624e-03
4.441895e-03
-5.628472e-02
1.995254e-02
4.461830e-03
2.439942e-02
2.285323e-02
3.238649e-02
4.142389e-03
-4.103877e-02
-1.961874e-02
2.653097e-02
7.367299e-02
3.212271e-02
-1.547053e-02
-5.133390e-02
5.109846e-02
-3.759419e-02
-5.349142e-02
4.355008e-02
3.809260e-02
3.156835e-02
2.964555e-02
1.791726e-02
-1.536961e-02
-1.217868e-03
1.569219e-02
3.843743e-02
4.559747e-02
1.381763e-02
2.449941e-02
-1.412153e-02
-4.781375e-02
2.528477e-02
-4.239329e-02
1.317691e-02
4.472646e-02
-2.055438e-02
-4.612706e-02
3.399986e-04
4.814022e-02
-3.720805e-02
4.996463e-02
2.881759e-02
-3.101178e-03
6.446889e-02
-1.601012e-02
9.347046e-03
3.989169e-02
4.078121e-03
-2.352884e-02
-5.820816e-03
8.103253e-05
-1.161695e-02
1.461711e-02
2.975612e-02
-1.576724e-02
-9.556646e-03
-2.173504e-02
3.215516e-02
3.654055e-02
9.606875e-03
5.100545e-02
1.150971e-02
5.055790e-02
2.171071e-04
2.643543e-04
1.172572e-04
3.174361e-04
2.819570e-04
1.556454e-04
3.049044e-04
3.135344e-04
1.517481e-04
4.068673e-02
-3.616008e-02
2.181854e-02
3.177374e-02
7.286876e-03
-3.960823e-02
1.429547e-02
-7.015008e-02
-3.963353e-02
-2.897255e-02
1.753685e-02
4.517915e-02
-4.964953e-02
-3.747543e-02
2.977515e-02
-3.308632e-02
2.804784e-02
6.371535e-02
4.608517e-10
1.075751e-09
5.678465e-10
4.572807e-10
7.392268e-10
1.591438e-10
8.719276e-10
5.452847e-10
6.035714e-10
1.382303e-07
1.271492e-07
1.366456e-07
1.407459e-07
1.085301e-07
1.352794e-07
1.631632e-07
1.197635e-07
1.550112e-07
7.606428e-03
7.627498e-03
6.140628e-02
-3.567907e-02
1.438103e-02
4.535921e-02
-3.017187e-02
8.765372e-03
-3.023365e-02
-9.354860e-03
-3.579091e-02
6.928511e-03
3.543878e-02
-8.610075e-03
8.236127e-02
-1.337236e-02
-7.182777e-02
4.805358e-02
-3.633227e-08
-5.476002e-08
1.633053e-08
-7.294653e-08
-7.269223e-08
-3.028896e-08
-3.451366e-08
-5.130304e-08
-6.033471e-08
-1.133295e-06
-7.685180e-07
-2.840978e-07
-7.580421e-07
-8.870828e-07
-6.284577e-07
-2.388514e-07
-5.166421e-07
-8.435674e-07
2.250869e-06
2.583593e-06
-4.398064e-06
-1.641013e-06
-6.221463e-06
-1.486974e-06
-5.710349e-06
4.857756e-07
-3.845892e-06
-4.084997e-06
-4.681815e-06
-6.787353e-06
-6.447955e-06
-2.855928e-06
-1.460247e-06
2.846986e-06
4.793308e-06
1.282104e-06
1.641148e-06
6.539192e-08
-1.907244e-06
-2.130669e-06
-2.480929e-07
-1.671980e-06
1.886521e-06
-3.185796e-06
-5.041509e-06
-5.923110e-06
-1.827541e-06
-1.250132e-05
2.509754e-06
3.464191e-07
-5.625970e-06
1.435424e-06
1.711842e-06
2.851995e-06
-8.125610e-07
-1.021126e-06
-4.017776e-07
-1.094885e-06
-1.212011e-06
8.365676e-07
-1.325318e-06
8.042767e-07
-1.108767e-06
-2.424995e-06
-8.673338e-07
-4.757413e-07
-2.546779e-06
-4.109050e-07
-1.242677e-06
-1.852417e-06
-1.798868e-08
-2.624018e-07
-1.152613e-06
7.698962e-07
-3.913284e-06
-5.095968e-06
-6.935176e-06
-7.224249e-06
-2.046759e-06
-5.190809e-07
-3.466851e-06
-6.351185e-07
-5.296159e-07
2.429933e-07
-7.380099e-07
-5.601305e-07
-3.975704e-07
-1.158780e-07
-3.816148e-07
-6.981714e-07
3.318083e-06
-1.185274e-06
-6.490905e-06
2.520382e-06
3.996150e-06
-1.888203e-06
2.003274e-06
-2.719500e-06
2.467316e-07
1.741191e-06
8.055594e-07
2.018794e-06
-5.766924e-06
-6.339571e-07
4.228764e-06
-1.043756e-06
-1.431207e-06
-1.477075e-06
-6.178831e-10
9.419057e-11
-4.472281e-10
3.077539e-11
-9.868133e-11
1.439829e-10
3.959806e-10
-7.492071e-10
1.875302e-11
-1.419996e-09
-3.183334e-09
-2.188552e-09
-3.512391e-09
-3.768999e-09
-2.525700e-09
-1.325958e-09
-1.562092e-09
-7.528617e-10
-6.726451e-06
-1.383151e-06
1.150207e-06
3.787633e-06
5.493682e-06
7.584288e-06
2.379060e-06
5.226424e-06
3.460964e-06
-1.211846e-07
5.629987e-08
3.129839e-07
-2.033530e-08
-4.440890e-08
1.656774e-07
-4.195514e-07
-9.164260e-07
1.949507e-09
-1.535094e-06
-1.915673e-06
-2.195128e-06
-3.061682e-06
-2.340470e-06
-2.289074e-06
-3.769797e-06
-2.498986e-06
-2.028103e-06
-2.555361e-03
-2.875288e-03
-2.655969e-03
-3.041781e-03
-2.558177e-03
-2.211117e-03
-1.946588e-03
-1.788560e-03
-9.598488e-04
-6.963036e-03
-4.753599e-03
-7.031640e-03
-4.999048e-03
-6.732163e-03
1.147277e-02
-1.368905e-02
-1.198985e-02
-8.259447e-03
6.712055e-03
1.362520e-02
1.962685e-03
4.013447e-04
1.237573e-02
1.951668e-02
-1.012280e-02
-1.769658e-02
3.188748e-03
7.535267e-03
6.263618e-03
1.667148e-03
4.233741e-04
-6.985961e-04
-6.911994e-03
-2.709534e-03
-4.239371e-03
-1.669559e-03
1.954982e-02
1.901931e-02
-1.904969e-02
3.086597e-03
1.912618e-02
-2.946686e-02
-1.098816e-02
1.869077e-02
-1.434345e-03
6.467010e-03
2.389804e-03
-1.431207e-02
4.325981e-03
-6.121346e-03
-8.132387e-03
4.693753e-03
-4.650938e-03
-4.251541e-03
1.395287e-03
1.740586e-03
-3.606384e-03
-6.173847e-03
-6.202613e-03
1.768425e-04
1.822511e-03
-2.918074e-03
1.468867e-03
-1.642821e-03
8.815163e-04
-5.463527e-03
1.022434e-02
4.424687e-03
1.080103e-03
3.790151e-03
9.160977e-03
1.523790e-03
-2.840864e-05
-1.817825e-05
-1.577093e-05
-3.560434e-05
-3.412391e-05
-1.445069e-05
-3.398776e-05
-4.917357e-05
-2.490989e-05
7.117426e-03
1.049402e-02
1.380795e-03
-2.045868e-03
6.875352e-03
-1.963190e-02
2.242603e-03
5.218633e-03
-5.763262e-03
3.798836e-03
4.841386e-03
2.627824e-02
7.320729e-04
-9.332376e-03
1.433660e-02
-1.193897e-02
-9.644230e-03
-2.276266e-02
-7.619220e-10
-3.785039e-10
-5.166828e-10
-1.430698e-10
-3.229340e-10
2.496887e-10
-7.115274e-10
-9.134052e-11
-3.992708e-10
-2.902116e-08
-3.518963e-08
-4.777928e-08
-1.276543e-08
-1.910674e-08
-2.885994e-08
-2.969717e-09
-9.283755e-09
-1.885312e-08
5.594754e-03
1.452206e-02
1.280790e-02
-1.167884e-02
-1.118624e-02
9.055477e-03
8.538352e-03
-5.927663e-03
-6.268566e-03
1.181806e-02
8.659791e-03
1.472493e-03
3.147139e-03
7.710698e-03
4.541552e-03
3.628276e-03
1.274211e-02
4.550472e-03
-9.358024e-06
-9.459164e-06
-9.903854e-06
-1.218829e-05
-1.046160e-05
-1.056499e-05
-1.211677e-05
-1.000486e-05
-7.232707e-06
-6.708627e-03
-1.890232e-03
1.861992e-03
-2.474400e-03
7.627259e-04
3.322442e-03
-2.550020e-03
6.975515e-04
5.000751e-03
-5.149245e-02
1.659711e-02
3.410487e-02
-4.747503e-03
1.473789e-02
8.760755e-03
1.284059e-02
-2.172288e-02
-1.334694e-02
-7.508755e-03
3.135057e-02
-6.705590e-03
-1.962987e-02
-7.410777e-02
8.667686e-03
2.392097e-02
9.898446e-03
7.364739e-04
-4.169306e-03
-2.516285e-02
1.263278e-02
-3.587453e-02
9.203442e-03
5.188215e-02
-2.162659e-02
2.940322e-02
4.062472e-02
6.427291e-03
3.923394e-03
-2.356823e-02
-3.761196e-02
-1.469180e-02
2.298559e-02
3.632327e-02
3.791473e-02
-1.669265e-02
1.502657e-02
4.317653e-02
1.295423e-02
1.564725e-02
7.967137e-03
-2.491161e-02
-1.692281e-02
-1.594291e-02
-4.859324e-02
1.553067e-02
-1.348546e-02
-1.409562e-02
3.765543e-02
7.410571e-03
-2.357036e-02
4.500531e-02
3.960442e-02
-6.143512e-03
3.058814e-03
8.932586e-03
-3.720817e-02
-3.296520e-02
-1.939182e-02
-1.674744e-03
-2.978382e-02
-2.474260e-02
9.748613e-03
-9.139939e-06
-3.802183e-05
-1.172681e-04
-5.148359e-05
9.069008e-06
2.858352e-05
-1.494747e-04
-5.860285e-05
6.421862e-05
-1.560063e-02
-4.264264e-02
7.217069e-03
1.126083e-04
4.770588e-02
-3.346572e-03
3.210565e-03
-9.830805e-03
2.909135e-02
-3.357670e-03
4.155479e-02
1.917949e-02
5.849984e-02
-4.839697e-02
-3.512400e-02
1.796471e-02
4.812528e-02
2.434151e-03
4.958262e-10
2.312587e-10
2.616895e-10
1.659489e-10
6.449695e-10
3.145439e-10
2.632692e-10
-2.157927e-12
1.813745e-10
-2.035354e-07
-1.520214e-07
-1.438290e-07
-1.864406e-07
-6.363572e-08
-3.259510e-08
-1.873038e-07
-4.678375e-08
-2.289208e-08
-3.227239e-02
-5.322964e-02
-4.626052e-02
5.105326e-03
-1.746210e-02
-1.470103e-02
2.869311e-02
3.337755e-02
1.710290e-02
1.576989e-02
1.318265e-03
1.685307e-02
1.725021e-02
-2.091550e-02
1.864080e-03
-1.542304e-02
-3.258336e-02
-2.621117e-02
1.561098e-05
2.447196e-06
-6.656326e-06
1.062342e-05
-2.799276e-06
-8.754923e-06
1.723801e-05
8.124068e-06
3.018476e-06
2.808883e-03
-1.087047e-02
-1.729756e-02
5.453738e-03
-4.475780e-03
-3.288880e-03
6.534437e-03
1.965916e-03
2.450107e-03
-4.634833e-02
-4.788673e-03
-2.476731e-02
-1.822843e-02
-9.803929e-03
2.544902e-02
6.248475e-03
-3.409294e-02
1.967717e-02
3.400980e-02
-5.046874e-02
-6.742768e-02
-8.378505e-03
-6.515276e-02
1.005282e-02
-2.339452e-02
-3.594110e-02
-2.567200e-03
1.863126e-02
3.384631e-02
6.481201e-02
-3.802752e-03
4.882559e-02
6.847273e-02
1.935756e-02
2.442719e-02
1.699438e-02
3.223745e-02
-1.213055e-01
-4.196066e-02
6.139328e-02
-2.174237e-01
-5.259502e-03
1.739500e-02
-1.106264e-01
-4.699770e-02
2.652735e-02
4.234659e-02
-6.341320e-04
3.886790e-02
7.690185e-02
1.404245e-02
1.595695e-02
6.294598e-02
4.110440e-03
4.045768e-02
4.820661e-02
7.320351e-02
-2.326482e-02
5.133229e-02
4.721117e-02
1.773296e-03
7.635084e-03
8.830044e-03
1.778390e-02
1.163949e-02
-1.188625e-02
6.323854e-03
7.883391e-03
2.731617e-02
-4.745536e-02
-1.117114e-01
-3.842035e-02
2.085697e-04
8.609772e-05
-3.791374e-05
2.750944e-04
1.262937e-04
-7.685392e-05
2.682337e-04
3.146363e-04
7.022406e-05
-4.427840e-02
-7.925529e-02
2.035274e-02
-4.732916e-02
-3.342961e-02
6.311542e-02
-5.472561e-02
-3.274362e-03
6.452534e-02
7.262755e-03
3.184633e-02
1.211323e-02
5.164855e-02
-3.494216e-03
-1.012458e-02
2.872712e-02
5.734814e-02
-6.236867e-02
-4.585334e-10
-5.588357e-10
-9.430928e-10
-7.245456e-11
-5.442060e-10
-9.797160e-10
-5.080730e-10
-3.950174e-10
-3.570690e-10
4.764021e-08
1.154145e-07
1.207327e-07
3.807930e-08
8.661634e-08
6.977038e-08
8.425546e-09
3.922210e-08
6.504118e-08
-3.280733e-02
3.948860e-02
-4.671223e-02
1.841434e-02
-1.328798e-02
-6.331326e-03
-9.368248e-03
-3.349244e-02
9.908034e-03
3.109893e-02
8.654014e-04
4.235573e-02
4.421066e-02
2.274969e-02
2.411954e-02
-2.346947e-02
1.587411e-03
2.006300e-02
3.875290e-06
2.992597e-06
1.040600e-05
-2.038832e-06
-5.411468e-06
-2.371323e-06
-1.286325e-05
-1.818108e-05
-1.067287e-05
-1.163221e-02
-7.997977e-03
-5.603169e-03
-2.525339e-03
-2.371937e-03
-2.880419e-04
-1.404496e-02
-1.112408e-02
-5.707578e-03
2.186827e-02
5.456681e-03
4.515259e-02
-5.997365e-02
-4.346567e-02
-2.189551e-02
-3.209303e-02
4.798253e-02
2.545495e-02
5.894548e-02
-1.589391e-03
5.122678e-02
2.586358e-02
9.273336e-03
-1.651844e-03
1.783141e-03
1.589880e-02
-5.289475e-02
1.605559e-02
5.295986e-02
-2.244828e-02
7.558789e-02
8.784156e-02
2.401847e-02
1.145516e-02
3.520839e-02
-2.995989e-02
-3.696218e-02
1.150285e-02
-8.957053e-03
1.032818e-02
9.191822e-02
4.390898e-02
-4.174144e-02
5.642454e-02
6.764130e-02
9.544271e-02
4.347424e-02
-9.763452e-04
6.136501e-02
1.830119e-02
-1.529451e-02
3.299477e-02
-9.023506e-03
-1.387290e-02
-6.051406e-03
-6.579197e-03
2.105763e-02
2.895863e-02
4.075466e-02
6.669895e-02
1.340851e-02
5.502561e-02
3.764527e-02
3.229456e-02
-4.485194e-03
5.264876e-02
6.586659e-02
6.486866e-02
6.283879e-02
6.785724e-02
1.388010e-01
9.810631e-03
7.577925e-05
6.615691e-05
1.916721e-04
-1.501936e-04
-1.392519e-04
1.402328e-05
-1.403842e-04
-2.401260e-04
-4.776465e-05
-4.693014e-02
-1.888673e-02
-3.441754e-02
-6.508511e-02
6.460202e-03
-2.868730e-02
3.498701e-02
8.690628e-02
3.034590e-02
-5.758144e-02
-2.777959e-02
-3.666000e-02
4.928442e-02
-5.409300e-02
-4.172826e-02
8.909366e-02
-3.679454e-02
-9.143414e-02
4.730265e-10
4.090525e-10
-7.174641e-11
2.449262e-10
3.888283e-10
1.287437e-10
6.794812e-10
-2.991954e-10
-2.603540e-10
4.055964e-08
3.991132e-08
5.134361e-08
-1.441458e-09
-3.350642e-08
1.677656e-09
-7.963020e-08
-9.599503e-08
-6.631453e-08
-2.390216e-02
-6.563519e-02
1.652278e-02
-5.169863e-02
-1.472785e-01
-5.332334e-03
-4.254856e-02
-1.073036e-01
-6.979273e-02
1.269518e-02
-1.140605e-02
-2.327641e-02
-3.080897e-02
-6.029991e-03
-7.725168e-02
1.073322e-01
8.770042e-02
-4.253414e-02
7.192139e-06
-1.371936e-05
-2.878837e-05
4.948526e-06
-1.054785e-05
-2.801908e-05
-6.860052e-06
-1.461573e-05
-1.971171e-05
-7.562337e-03
-5.458855e-03
-1.322529e-02
1.430694e-03
-3.720283e-03
-8.198756e-03
-3.957986e-03
-1.160973e-02
-1.695272e-02
9.490748e-02
-8.479413e-02
-3.857442e-02
6.834311e-02
1.206756e-01
-1.062923e-01
-1.204023e-01
-2.507078e-02
7.926992e-02
7.984690e-02
-1.368791e-01
6.011718e-03
1.029145e-01
1.087217e-01
-1.321600e-01
-1.548161e-01
7.637209e-02
7.081211e-02
-2.037037e-03
-3.546560e-02
-9.900669e-02
-2.993810e-02
-4.937041e-03
-1.761520e-02
-6.226263e-02
-9.135514e-02
2.755506e-03
-9.508239e-02
-3.912202e-02
1.029007e-01
1.260665e-01
-1.285429e-01
-1.412366e-01
-1.635743e-02
1.362679e-01
-1.494132e-02
-3.680848e-02
-3.981932e-02
6.367172e-02
-1.079118e-01
-2.128106e-02
-3.081889e-02
-1.721586e-02
-1.237267e-01
2.348249e-02
-5.121283e-03
9.061576e-02
6.287964e-02
6.445634e-02
1.066005e-01
-5.879688e-03
4.324507e-02
1.812953e-02
-3.276762e-02
-8.024688e-02
-5.384307e-02
1.769294e-01
3.458200e-02
-2.043619e-02
-1.190837e-01
1.055233e-01
9.530369e-02
-1.109981e-01
1.233801e-04
-1.739174e-04
-2.552148e-04
2.429085e-04
-5.798629e-05
-2.894567e-04
-4.532011e-05
-2.006576e-04
-3.735423e-04
-8.223476e-02
1.676227e-01
-6.394365e-03
-9.772455e-04
-2.530975e-01
1.939996e-01
1.109945e-01
-3.625286e-02
-8.813927e-02
1.521671e-01
-1.773846e-02
-7.088098e-02
-1.132638e-01
1.474169e-01
-1.909593e-02
-1.791403e-02
-1.710853e-01
8.786336e-02
2.225724e-11
-7.246836e-11
-3.872425e-10
-2.172432e-10
7.659621e-11
-4.004196e-10
1.376907e-10
-4.282665e-10
4.507286e-10
2.655142e-08
-4.363405e-08
-6.601822e-08
-6.295804e-09
-5.229984e-08
-6.092986e-08
-1.905116e-08
-4.724221e-08
-7.330547e-08
9.831108e-02
8.679986e-02
-4.165658e-02
-8.276270e-02
5.253986e-02
3.338947e-02
-4.112718e-02
-8.297572e-02
-2.560692e-02
-3.246250e-03
2.446633e-02
4.545560e-02
-8.100968e-02
-6.708775e-02
-1.401322e-02
-1.275550e-01
-2.355956e-02
-3.973283e-02
2.560410e-06
1.693076e-06
3.237576e-06
-7.794298e-07
-1.748745e-06
6.320427e-08
-2.269513e-06
-2.381090e-06
-2.275172e-06
-1.422575e-03
-1.198996e-03
-2.273574e-04
-2.277691e-03
-1.266357e-03
-4.497367e-04
-2.183196e-03
2.281194e-04
7.203526e-04
-5.045304e-03
-2.207742e-02
-1.826968e-02
-2.935295e-02
1.229317e-02
4.381524e-02
-1.016073e-02
1.343549e-02
2.305838e-04
-3.751692e-02
-6.831937e-03
3.385332e-02
3.852058e-02
1.799507e-02
-1.446510e-02
5.203095e-03
-3.754595e-03
1.561134e-02
-4.991922e-03
-2.270567e-04
7.033306e-03
-1.906016e-03
-1.469959e-02
-6.096958e-03
-7.448595e-03
-1.668570e-02
1.004829e-02
9.115933e-03
6.602029e-03
-2.646097e-02
-1.279709e-02
-2.302413e-02
-8.496536e-03
-2.374691e-02
1.716456e-02
4.583621e-02
8.512496e-03
-8.657024e-03
4.001007e-03
-6.901484e-03
-1.401529e-02
3.017066e-02
-1.579146e-02
-3.597188e-03
1.160654e-02
-1.755203e-02
-1.331522e-02
-1.126221e-02
-1.954513e-02
-1.371003e-02
-1.515522e-02
-2.903356e-04
1.237792e-02
9.659571e-03
-2.987954e-03
-8.663644e-03
1.915958e-03
-8.741984e-03
-2.745949e-03
6.978843e-03
1.263683e-02
-8.867888e-04
-1.994694e-02
3.132855e-05
1.821199e-05
3.094382e-05
-4.203397e-05
-4.680808e-05
-2.229233e-05
-6.537855e-05
-8.427963e-05
-5.396406e-05
2.783605e-02
-1.675282e-02
-3.582525e-02
-1.261586e-02
-3.005957e-02
3.523006e-02
-1.529338e-02
-1.718449e-02
8.444780e-03
-3.216862e-02
-1.447780e-02
2.409059e-02
2.756381e-02
2.972727e-02
8.475330e-03
8.067032e-04
-1.962519e-02
-1.109737e-02
7.517518e-10
2.863789e-10
1.192249e-10
1.509491e-10
6.758905e-10
7.434759e-12
3.580163e-10
1.964279e-10
-1.696014e-10
-2.228451e-09
1.882773e-08
4.080762e-08
4.171083e-08
4.542402e-08
4.570971e-08
8.315367e-08
7.770012e-08
5.624536e-08
1.368531e-02
1.070190e-02
-6.148264e-03
8.171489e-03
-1.173699e-02
1.456338e-02
-2.138297e-02
-1.278079e-02
8.445348e-03
-4.819090e-03
-7.448965e-03
-2.714450e-03
-7.636505e-03
8.882713e-03
1.187472e-03
2.794577e-04
-9.381821e-03
-8.035588e-04
