2.046042e-01
2.223617e-01
2.438991e-01
1.974354e-01
2.458668e-01
2.651778e-01
1.958764e-01
2.006532e-01
1.912600e-01
1.886744e-01
2.178199e-01
2.365622e-01
2.494186e-01
2.361661e-01
1.978811e-01
1.959529e-01
2.395863e-01
2.099243e-01
2.227013e-01
2.476740e-01
2.173266e-01
2.027991e-01
2.207375e-01
2.123501e-01
2.060681e-01
1.939334e-01
2.078132e-01
2.107514e-01
2.335754e-01
2.197182e-01
2.281430e-01
2.590560e-01
2.014157e-01
1.971555e-01
2.210286e-01
2.270681e-01
2.245781e-01
2.107842e-01
1.928386e-01
2.100893e-01
2.206874e-01
2.245737e-01
2.991593e-01
2.184260e-01
1.936868e-01
2.483884e-01
2.093737e-01
2.377822e-01
2.114960e-01
1.866350e-01
2.519287e-01
1.953744e-01
2.654503e-01
2.505626e-01
2.115583e-01
2.162513e-01
2.475638e-01
2.094047e-01
2.319465e-01
2.053363e-01
2.451980e-01
1.898608e-01
2.354016e-01
2.306050e-01
