2.068389e-01
1.824227e-01
2.046961e-01
1.276368e-01
1.668475e-01
1.998682e-01
1.602947e-01
1.966907e-01
1.772159e-01
1.563977e-01
1.607542e-01
1.885066e-01
1.878612e-01
1.531256e-01
1.912890e-01
1.708398e-01
1.621063e-01
1.661063e-01
1.686685e-01
1.691675e-01
2.058591e-01
1.801427e-01
1.704672e-01
1.682267e-01
1.481583e-01
1.971461e-01
1.557604e-01
1.897854e-01
1.722290e-01
1.930809e-01
1.608284e-01
1.788247e-01
1.523764e-01
1.983722e-01
1.697585e-01
1.673928e-01
2.129452e-01
1.553109e-01
1.895670e-01
1.799551e-01
1.646521e-01
1.652434e-01
1.916852e-01
1.497828e-01
1.830344e-01
1.933652e-01
1.448712e-01
1.259455e-01
2.088123e-01
1.987205e-01
2.059880e-01
1.256038e-01
1.640906e-01
1.429769e-01
1.676295e-01
1.609394e-01
1.779681e-01
1.663002e-01
1.868598e-01
1.463678e-01
1.726140e-01
1.939701e-01
1.682597e-01
1.739691e-01
