3.111904e-03
2.614966e-03
2.089521e-03
2.640489e-03
2.086621e-03
2.489877e-03
1.876213e-03
3.088648e-03
2.801495e-03
2.323306e-03
3.076099e-03
3.620597e-03
1.668900e-03
1.771257e-03
3.330288e-03
4.021980e-03
1.958430e-03
2.192705e-03
1.905378e-03
1.711669e-03
1.730487e-03
1.958882e-03
1.444751e-03
1.768048e-03
1.890009e-03
1.261547e-03
1.591677e-03
1.517923e-03
1.355710e-03
1.085630e-03
1.984209e-03
1.697522e-03
1.925540e-03
2.047726e-03
1.703211e-03
2.010130e-03
1.213710e-03
1.798096e-03
1.331980e-03
7.995415e-04
1.376816e-03
2.251445e-03
2.324484e-03
2.180550e-03
1.656882e-03
1.644001e-03
1.691674e-03
2.297670e-03
2.395673e-03
2.711182e-03
2.064792e-03
2.650665e-03
1.693047e-03
3.073425e-03
2.100635e-03
3.423832e-03
3.497796e-03
2.198913e-03
2.570634e-03
2.517031e-03
3.575985e-03
2.635797e-03
2.302972e-03
1.763205e-03
