-3.674817e-03
1.715573e-03
-1.705669e-02
4.548850e-03
9.871519e-03
-4.712307e-03
1.480897e-02
-9.842996e-03
6.192058e-03
-1.957056e-02
4.906981e-03
-1.802774e-04
-7.101815e-03
-1.179788e-02
2.605573e-03
6.865685e-03
7.956891e-03
-1.018298e-02
-6.727036e-03
4.968147e-03
6.492519e-03
-5.355513e-03
8.363173e-03
1.804264e-03
-9.989458e-04
4.744752e-03
-2.210619e-03
4.953476e-03
4.238165e-03
-5.602186e-03
4.344805e-04
1.050772e-02
-8.935725e-04
-1.263223e-02
-8.377199e-04
-1.737365e-02
4.659635e-03
-1.497044e-02
-5.531755e-03
1.585254e-02
-3.683849e-03
3.158679e-04
3.976503e-07
-7.363402e-03
5.565708e-03
1.414254e-02
-6.201765e-03
-1.299803e-03
1.188152e-02
1.469828e-02
3.035481e-03
1.116480e-02
6.798967e-03
3.053993e-03
-8.861599e-04
-5.203430e-03
2.123811e-02
-7.690590e-03
-6.518469e-03
1.055029e-02
6.113839e-03
-2.752873e-03
8.621087e-03
1.715920e-02
