-2.134081e-01
-1.729294e-01
-2.284546e-01
3.415309e-02
-1.039383e-01
-2.361930e-01
-1.260690e-01
-2.159082e-01
-2.097939e-01
-1.675012e-01
-1.889048e-01
-2.106764e-01
-2.245412e-01
-1.179353e-01
-2.099212e-01
-4.666610e-02
-2.247838e-01
-1.661774e-01
-1.986709e-01
-1.607015e-01
-2.123870e-01
-1.816138e-01
-1.840656e-01
-1.072611e-01
-1.944010e-01
-2.185626e-01
-1.255712e-01
-1.861114e-01
-1.656034e-01
-2.094724e-01
-1.527515e-01
-1.089923e-01
-1.699329e-02
-1.419411e-01
-1.668998e-01
-1.537998e-01
-1.640222e-01
-1.055055e-01
-2.173782e-01
-2.034453e-01
-5.729020e-02
-1.396555e-01
-1.889995e-01
2.306251e-02
-1.742274e-01
-1.603099e-01
-8.859254e-02
2.172698e-02
-1.551894e-01
-2.135554e-01
-1.963074e-01
-1.032486e-01
-2.621291e-03
-1.294035e-01
-2.118696e-01
-1.141354e-01
-1.524956e-01
-2.007268e-01
-1.676887e-01
-1.053518e-01
-1.524974e-01
-2.835698e-01
-9.181140e-02
-1.167425e-01
