-3.531595e-01
-1.103327e-01
-2.308698e-01
-1.227285e-01
-2.775367e-01
-2.943644e-02
-1.818665e-01
-2.013610e-01
-7.170909e-02
-3.242224e-01
-3.026839e-01
-4.982134e-01
-3.079083e-01
-3.630966e-01
-5.599998e-02
-3.135598e-02
-1.883053e-01
-3.668288e-02
3.390649e-02
1.004820e-01
-1.616869e-01
-6.425207e-02
-1.149238e-01
-2.623876e-01
1.505341e-02
-3.646918e-01
1.158757e-01
-1.691529e-01
-1.704341e-01
-2.307537e-01
-1.350952e-01
-1.987795e-01
-7.219292e-03
-1.602742e-01
-2.233099e-01
-1.503696e-01
-1.395946e-01
-3.710467e-01
-1.684480e-01
-1.515091e-01
-2.547156e-01
-2.020114e-01
-2.726987e-01
-1.490182e-01
-1.622312e-01
-2.718498e-01
-3.983014e-01
-1.270149e-01
-3.676867e-01
-2.018383e-01
-7.103550e-02
-9.973197e-02
-2.539855e-01
-1.921633e-01
-3.591275e-01
-4.427903e-01
-2.662826e-01
-3.613665e-01
-1.521754e-01
-2.613261e-01
-3.075397e-01
-3.297654e-01
-1.566686e-01
-1.806174e-01
