-2.869015e-01
6.055762e-02
-1.815352e-01
-1.054104e-01
-1.347016e-01
-1.937426e-01
-1.565817e-01
-1.453650e-01
-8.576785e-02
-9.774344e-02
-1.093811e-01
-2.146028e-01
-9.136932e-02
-9.835805e-02
-1.381725e-01
-2.107968e-01
-1.709921e-01
-8.271372e-02
-1.071176e-01
-8.487801e-02
-1.124868e-01
-9.925122e-02
-1.030032e-01
-1.143504e-01
-9.465068e-02
-7.313900e-02
-1.134171e-01
-7.517918e-02
-1.031309e-01
-6.720538e-02
-1.648596e-01
-1.015166e-01
-6.341268e-02
-1.301069e-01
-1.230283e-01
-1.358159e-01
-1.848314e-01
-1.005997e-01
-2.099144e-01
-9.823773e-02
-7.448552e-02
-1.097679e-01
-1.572510e-01
-5.876461e-02
-1.488999e-01
-7.994152e-02
-1.283777e-01
-1.429474e-01
-1.685532e-01
-1.058917e-01
-1.170654e-01
-1.081715e-01
-8.133040e-02
-1.744288e-01
-9.867691e-02
-8.439334e-02
-7.089039e-02
-2.665611e-01
-8.152483e-02
-8.858825e-02
-1.638647e-01
-1.170985e-01
-1.933720e-01
-2.019863e-01
