-2.905995e-02
-8.784371e-02
-1.359984e-02
-1.330049e-02
1.382614e-02
-6.820447e-03
1.451065e-02
1.421281e-02
-1.749326e-02
-1.608395e-02
-1.022673e-02
-3.923427e-02
-2.367167e-02
-2.650983e-02
1.748095e-03
-3.756424e-02
1.061808e-02
-1.281451e-02
8.581450e-04
-2.522508e-02
-1.357555e-02
-3.210863e-02
1.173832e-02
-8.513957e-03
-5.101355e-04
1.908050e-03
-1.726686e-02
-3.459943e-02
-6.684980e-03
5.066707e-04
1.454014e-03
-1.932986e-03
-9.124388e-03
1.178616e-02
-1.085852e-02
-1.371743e-02
6.548500e-03
8.799077e-03
-1.210851e-02
-9.148307e-03
-1.298116e-02
-1.225774e-02
-1.829570e-02
-9.499970e-03
-2.318883e-02
-1.885762e-02
-2.610019e-02
-7.234182e-03
-1.063449e-02
-2.966558e-03
-3.681497e-03
-3.048329e-03
2.368333e-02
-1.499445e-02
-3.483474e-03
-1.428364e-02
-1.733605e-02
-2.708477e-02
-8.466877e-04
-2.045549e-03
-2.922595e-02
-2.438084e-02
1.006361e-02
-4.728331e-03
