-1.069733e-01
-1.801426e-01
-1.400385e-01
-2.121870e-01
-1.844615e-01
-2.540526e-01
-2.177447e-01
-2.034502e-01
-2.412488e-01
-1.490645e-01
-1.702098e-01
-1.895931e-01
-1.771936e-01
-1.337588e-01
-2.432422e-01
-2.230037e-01
-2.322024e-01
-1.941441e-01
-1.901052e-01
-2.072510e-01
-2.224801e-01
-1.953977e-01
-1.867261e-01
-2.386199e-01
-1.671507e-01
-1.897971e-01
-2.086403e-01
-2.035272e-01
-2.510451e-01
-1.546446e-01
-2.094658e-01
-1.904737e-01
-2.661050e-01
-7.887001e-02
-1.914559e-01
-1.353597e-01
-1.855703e-01
-6.294605e-02
-1.974858e-01
-2.089670e-01
-2.355202e-01
-1.425182e-02
-1.828046e-01
-1.275325e-01
-1.430957e-01
-1.321467e-01
-2.180411e-01
-2.123564e-01
-1.051976e-01
-1.700533e-01
-2.026240e-01
-2.428161e-01
-1.330052e-01
-1.787075e-01
-1.613575e-01
-1.954723e-01
-1.589229e-01
-2.160686e-01
-1.937277e-01
-1.761955e-01
-1.920437e-01
-1.896163e-01
-1.785802e-01
-1.742510e-01
