7.704493e-02
9.511563e-02
1.097459e-01
7.462910e-02
1.079578e-01
9.778924e-02
8.867930e-02
8.490957e-02
7.600658e-02
8.273831e-02
8.173953e-02
8.507085e-02
6.220007e-02
9.769480e-02
7.402936e-02
7.886687e-02
7.295970e-02
1.214085e-01
9.515615e-02
8.517330e-02
8.962406e-02
9.470361e-02
1.170511e-01
1.179866e-01
9.498199e-02
1.136447e-01
9.401087e-02
8.030557e-02
1.059671e-01
1.047222e-01
8.408237e-02
1.066477e-01
8.077996e-02
9.972882e-02
8.186778e-02
7.574370e-02
1.379692e-01
9.016680e-02
1.033825e-01
1.014665e-01
8.512659e-02
1.108514e-01
7.408863e-02
7.330629e-02
9.780816e-02
6.899517e-02
6.388942e-02
1.034202e-01
1.140978e-01
1.064241e-01
1.106114e-01
1.158324e-01
9.474429e-02
8.184623e-02
1.375349e-01
9.247705e-02
1.007675e-01
1.110834e-01
8.899309e-02
9.492798e-02
1.201833e-01
9.532711e-02
8.599868e-02
8.716223e-02
