6.769345e-04
6.043911e-03
2.686436e-03
4.833749e-04
1.516467e-03
1.302558e-03
4.598684e-03
3.324700e-03
1.181237e-03
2.604136e-03
2.464496e-03
3.740103e-03
2.600466e-03
9.034130e-04
2.627502e-03
2.200579e-03
2.623953e-04
8.977677e-04
1.159395e-03
1.705076e-04
7.705701e-04
8.607162e-04
1.120728e-03
6.537130e-04
7.381666e-04
3.410879e-04
7.983158e-04
5.423607e-04
1.165604e-03
5.705733e-04
3.629999e-04
2.872655e-03
9.328295e-04
2.412027e-03
1.199837e-03
8.863467e-04
1.646866e-03
2.269127e-03
3.239033e-03
4.915293e-04
1.818227e-04
9.376042e-04
1.399689e-03
3.273748e-04
1.018029e-03
5.127574e-04
5.973312e-04
7.486519e-04
3.548648e-04
2.951660e-03
3.093285e-04
1.699981e-03
2.406519e-04
2.416233e-04
2.397342e-03
1.578887e-03
2.355855e-03
4.467313e-03
1.463399e-03
5.554115e-04
2.183362e-03
1.541242e-03
1.102685e-03
2.235137e-03
