2.731411e-01
-2.312630e-01
2.031028e-01
1.236589e-01
1.968257e-01
2.088238e-01
2.180798e-01
-2.756175e-01
1.813253e-01
1.966408e-01
2.454901e-01
2.908157e-01
2.095932e-01
1.894385e-01
1.954575e-01
3.053808e-01
1.976750e-01
2.005452e-01
2.021002e-01
1.892013e-01
1.353062e-01
1.249815e-01
-1.714657e-01
1.682736e-01
1.855171e-01
1.080327e-01
1.788486e-01
1.480314e-01
1.371337e-01
1.823594e-01
1.997551e-01
2.806083e-01
1.873146e-01
1.556892e-01
1.778843e-01
2.471987e-01
2.783340e-01
1.956299e-01
3.302594e-01
2.322831e-01
1.173783e-01
1.445857e-01
2.313660e-01
1.570081e-01
2.177318e-01
9.994494e-02
1.797014e-01
1.740451e-01
2.059197e-01
1.864872e-01
6.276074e-02
1.667104e-01
2.088514e-01
1.369254e-01
1.657789e-01
1.158866e-01
1.514495e-01
2.802185e-01
1.937197e-01
1.823249e-01
1.736780e-01
1.980310e-01
3.075857e-01
3.405077e-01
