1.846424e-01
1.772219e-01
1.841326e-01
1.687143e-01
1.956656e-01
2.074009e-01
1.971971e-01
1.824300e-01
1.830571e-01
2.005664e-01
1.734632e-01
1.838851e-01
2.035733e-01
1.891798e-01
2.296911e-01
2.019316e-01
1.884855e-01
1.958563e-01
1.977674e-01
2.087253e-01
1.878686e-01
1.862887e-01
2.001636e-01
2.061388e-01
1.842746e-01
2.068965e-01
1.963498e-01
1.730693e-01
1.820240e-01
1.793617e-01
1.746387e-01
2.292563e-01
1.775786e-01
1.871086e-01
1.730588e-01
1.678530e-01
1.906148e-01
2.091015e-01
1.859138e-01
1.870296e-01
2.092828e-01
2.165184e-01
2.212671e-01
1.715813e-01
1.903495e-01
1.473434e-01
1.914408e-01
1.973870e-01
1.727708e-01
1.998264e-01
1.839420e-01
1.859050e-01
1.851326e-01
2.019764e-01
1.980601e-01
2.210270e-01
2.060519e-01
1.753068e-01
2.248043e-01
1.906216e-01
1.950750e-01
1.952736e-01
1.941427e-01
1.924912e-01
