-1.251750e-02
-2.184299e-02
1.209128e-02
-2.974264e-02
-5.184231e-02
-2.809024e-02
-1.801309e-02
-5.754654e-02
6.453366e-03
-1.364634e-02
-5.712552e-02
-6.833710e-02
1.385455e-02
-5.518236e-03
3.946479e-03
-7.292189e-02
-3.186415e-02
3.556788e-03
-3.367703e-02
-2.345161e-02
-1.998157e-02
-1.119338e-02
-1.939450e-03
-1.233917e-02
-3.506576e-02
1.174582e-02
-2.957890e-02
6.510405e-03
-2.489155e-02
1.835696e-02
2.054232e-02
1.413777e-02
-9.431446e-04
-2.101630e-02
8.146597e-03
-1.932705e-03
-2.680631e-04
-2.770692e-02
-2.839448e-02
-1.376000e-03
-2.003966e-02
-4.728346e-02
-6.499794e-02
-1.979045e-02
-4.193528e-02
-4.915483e-02
-2.033851e-02
-5.421823e-02
-4.836301e-02
-3.383403e-02
-3.971650e-02
5.259976e-03
-1.507770e-02
-4.446260e-02
-3.662487e-02
-3.181449e-02
-9.782707e-02
-2.718159e-02
7.190397e-03
-1.566597e-02
-3.117093e-02
-5.004270e-02
-2.882783e-02
-3.342370e-03
