-1.512262e-09
-9.018755e-02
1.061450e-02
2.598309e-03
4.853011e-02
-1.574867e-03
-3.759998e-02
5.278176e-02
-8.972631e-02
6.173358e-02
2.990154e-02
8.817793e-03
2.966066e-02
4.418992e-02
1.115780e-02
2.537406e-02
-3.026624e-02
8.393746e-03
-1.941369e-02
-5.119548e-03
-1.824331e-02
1.939961e-02
-3.591415e-02
-1.048597e-01
-3.691379e-02
-2.055898e-02
-9.242897e-03
-4.476827e-02
-2.361478e-02
-2.427235e-02
5.400551e-02
-3.828791e-02
-9.525840e-02
-4.251314e-02
2.791506e-02
-2.428567e-02
-3.157044e-02
1.401983e-02
-3.045494e-02
5.411184e-02
-6.689373e-02
-1.504407e-01
-5.898902e-02
-7.346054e-02
-7.229766e-02
-1.152642e-01
-1.008095e-01
1.381163e-02
-7.420304e-03
-6.515770e-02
-2.234298e-02
-1.239471e-02
-2.036391e-02
2.938445e-02
-6.040495e-02
-1.128125e-01
-1.861615e-01
8.240644e-03
5.117189e-03
9.658003e-03
-1.073914e-02
-7.324630e-02
-3.303516e-02
-5.643600e-02
