2.620700e-02
-7.387406e-02
3.150007e-03
-8.832437e-02
5.133269e-02
6.116259e-02
2.940083e-02
5.249845e-02
-5.716599e-02
3.072982e-10
1.092212e-09
6.302304e-10
3.481321e-10
6.929802e-10
2.168343e-10
4.854403e-10
4.700955e-10
-1.522488e-11
2.297326e-02
1.149837e-02
-2.848850e-03
-3.579255e-03
-1.594146e-02
-2.229435e-02
-2.924981e-02
-1.753243e-02
-1.140882e-02
2.856704e-02
2.702319e-02
-2.913139e-03
1.251558e-02
-6.311604e-02
-4.807308e-04
-8.961906e-03
3.264655e-03
3.595104e-02
8.095267e-03
-3.245644e-02
-7.520303e-03
-1.186395e-02
-5.210141e-02
-1.004887e-02
-3.674237e-02
-2.126444e-02
6.422136e-02
-6.738982e-02
-1.239660e-01
-3.111363e-02
-1.530879e-01
6.491685e-02
1.303264e-01
8.084076e-03
1.489474e-01
-7.497218e-02
-7.320070e-03
-2.746475e-02
-4.402445e-02
-3.640261e-03
-1.965728e-02
-2.978718e-02
2.113115e-03
-7.846368e-03
-8.571628e-03
-1.018648e-02
1.333756e-01
-8.454598e-02
1.251783e-01
-9.378821e-02
-7.367516e-02
-1.549093e-02
-1.055294e-01
8.202048e-02
-3.837721e-02
3.414970e-02
3.970797e-02
-3.587362e-02
5.188370e-02
-5.285605e-02
5.768271e-02
-5.335334e-02
-2.311884e-02
7.747555e-03
-1.309687e-01
5.545906e-02
-1.343309e-01
1.321474e-02
1.652835e-01
-7.864012e-02
1.010433e-01
1.310302e-02
3.915580e-10
-3.337639e-10
5.985521e-10
2.420393e-10
4.056282e-10
8.366867e-10
4.876124e-10
5.181617e-11
6.406502e-10
1.490200e-02
-2.773660e-02
-1.297778e-02
-1.486628e-02
-4.530654e-02
-1.508083e-02
-1.486734e-02
-1.533895e-02
1.509759e-02
-2.328647e-02
8.106593e-03
-1.739614e-02
7.739815e-03
2.705912e-02
-3.227869e-02
4.579592e-02
6.527261e-03
-2.128519e-02
-1.686263e-02
-7.427159e-03
2.162072e-02
8.746813e-03
1.744535e-02
2.106671e-04
7.730402e-02
-4.296997e-03
-5.776250e-02
-2.240659e-02
-8.627164e-02
1.029167e-01
-1.711248e-01
9.656837e-02
5.881561e-02
6.958872e-02
8.305477e-02
-1.117823e-01
-5.069529e-02
-4.226584e-02
1.072983e-02
-4.578949e-02
-3.507381e-02
2.200606e-02
-2.625647e-02
-3.261942e-02
6.310247e-02
-5.005521e-02
-2.005440e-01
-9.677076e-02
9.426387e-02
3.315640e-01
1.888757e-01
-9.135459e-02
-1.217061e-01
-8.008707e-02
5.035020e-11
3.604448e-10
5.551893e-10
5.548297e-10
3.207624e-10
4.332634e-10
6.154993e-10
3.631912e-10
1.058294e-09
-5.884709e-04
3.430424e-03
-1.346896e-02
1.920958e-02
1.537804e-02
1.390020e-03
7.461013e-03
2.738187e-03
-2.063809e-02
3.358012e-02
6.015145e-02
3.502768e-02
1.852765e-02
-1.102327e-01
-6.192980e-02
-2.517073e-02
6.752333e-02
5.301951e-02
-3.973569e-02
-3.201671e-02
-7.518339e-03
-1.584291e-02
-5.343363e-02
-3.572401e-02
3.452840e-02
7.325146e-02
1.579987e-02
-1.008619e-02
-1.630368e-03
-2.100521e-03
-7.029416e-02
3.192802e-03
1.750704e-02
3.466447e-02
1.864844e-02
-2.356234e-02
1.678413e-03
-1.752660e-03
-1.419357e-02
2.356417e-03
-5.323038e-04
-1.537790e-02
1.943249e-02
1.149713e-02
-1.401406e-02
1.103729e-01
2.044793e-01
1.103196e-01
-1.300126e-02
-2.323359e-01
-9.466206e-02
-4.501258e-02
-9.135435e-03
2.210951e-02
-2.993914e-02
-3.079198e-02
1.883752e-02
7.790294e-02
8.422273e-02
-3.383747e-02
-5.202441e-02
-6.006146e-02
1.962961e-02
-6.479472e-02
-1.835202e-01
-1.634945e-01
2.878365e-02
2.039596e-01
8.183421e-02
3.128379e-02
6.115644e-02
1.685303e-02
1.112294e-09
6.309305e-10
-1.006937e-10
1.511250e-10
3.671151e-10
-6.112987e-10
-3.161436e-10
-6.528179e-10
-6.450471e-11
-2.362202e-02
-2.150419e-02
-3.136018e-02
-1.376865e-03
-1.950297e-02
-1.939964e-02
1.826464e-04
-5.288272e-03
5.356447e-03
5.106739e-02
2.571395e-02
3.925904e-02
-1.985078e-02
-2.785291e-02
2.674345e-02
-4.284959e-02
-2.793414e-02
-1.574692e-02
2.420097e-02
-3.553160e-03
-1.508065e-02
-6.182898e-02
-1.587847e-02
-8.702859e-03
4.536584e-02
4.111843e-02
-1.182215e-02
-4.458567e-04
-4.485130e-02
1.594018e-02
-9.663205e-02
8.663651e-02
5.640589e-02
3.213373e-02
-6.119376e-02
-2.424675e-02
8.164063e-03
-5.354739e-04
-9.185198e-03
4.786139e-03
4.575793e-03
-3.017698e-02
1.660381e-02
8.782794e-03
8.327717e-03
4.694849e-05
-3.957621e-05
1.971465e-05
-1.297082e-04
5.428958e-05
-1.260314e-05
-1.107021e-04
-8.415275e-06
-2.453627e-05
-1.634942e-10
-4.649043e-11
-1.318510e-10
2.105768e-10
7.486112e-11
3.600946e-10
2.676052e-11
5.661418e-10
3.056089e-12
-5.476328e-06
-5.529962e-06
-3.010910e-05
1.658067e-05
2.029915e-05
-1.445283e-05
2.321902e-05
2.005807e-05
-1.964759e-05
9.691981e-05
1.276762e-04
1.261172e-04
1.159001e-04
1.308643e-04
1.128254e-04
1.726043e-04
2.553120e-04
1.963275e-04
-4.046017e-05
-4.342273e-05
-5.937383e-05
-4.905210e-05
-5.555799e-05
-6.849344e-05
-4.337216e-05
-6.394372e-05
-5.810023e-05
-4.919972e-05
-9.251497e-05
1.098929e-05
-1.207845e-04
-5.609326e-05
5.250435e-05
-1.552499e-05
6.439649e-05
2.020149e-04
-1.637488e-05
-2.185121e-05
-1.785545e-05
-1.560601e-05
-2.342076e-05
-2.054570e-05
-1.814261e-05
-1.863259e-05
-9.016126e-06
-1.531914e-04
-1.043489e-04
-1.151119e-04
2.527128e-05
-1.399877e-04
-5.910216e-05
-1.641273e-04
-1.361523e-04
-1.670966e-04
-4.665459e-05
-2.960092e-05
-6.909973e-05
-2.228301e-05
-2.889362e-06
-1.493391e-04
5.580199e-05
8.203790e-06
-9.390971e-05
9.293317e-05
1.260151e-06
1.136468e-05
-9.769866e-05
2.109405e-05
3.111477e-05
-5.250417e-05
-1.168481e-05
-2.898638e-05
4.855314e-11
8.509661e-10
1.572246e-10
2.891584e-10
6.783613e-11
2.438446e-10
3.998288e-11
-2.028098e-10
6.181369e-10
3.420367e-05
4.889177e-05
4.057556e-05
2.389718e-05
3.670552e-05
3.142686e-05
-1.407278e-05
8.789411e-06
1.549918e-05
5.028619e-05
1.200709e-04
1.295065e-04
5.838205e-05
7.361674e-05
5.404552e-05
4.431133e-05
8.670748e-05
4.697208e-05
-3.314150e-05
-4.109935e-05
4.534609e-06
-5.640197e-05
-2.720880e-05
1.710466e-05
-1.302573e-04
-1.016556e-04
-7.332337e-05
-2.154004e-04
-1.125693e-04
-2.219837e-04
-3.944763e-04
-8.795514e-05
-1.443850e-04
-3.206995e-04
-2.265911e-04
-1.907763e-04
4.197008e-05
-2.180754e-05
5.688902e-05
3.046850e-05
-3.463720e-05
5.462982e-05
4.021013e-05
-2.964723e-05
4.900146e-05
4.267239e-02
2.703404e-03
-6.350315e-02
-7.595962e-03
3.784081e-02
-4.483258e-02
-2.327211e-02
-7.425795e-03
2.014634e-02
8.308588e-11
-4.602614e-11
-1.925967e-10
3.416113e-10
5.496804e-10
9.441383e-11
-6.311292e-10
-2.090299e-10
-1.683747e-10
-4.677979e-03
-1.781625e-02
-2.477788e-02
4.096792e-03
1.820238e-03
-3.960083e-03
4.378767e-03
1.460384e-02
8.379353e-03
-1.662493e-02
-2.553728e-02
-7.573615e-03
9.884892e-03
-2.225762e-02
2.875366e-04
3.761008e-03
-1.891076e-02
-2.297682e-02
-1.823476e-02
-2.877596e-02
-1.905093e-03
2.252799e-02
-1.777867e-02
-2.728368e-03
3.007663e-02
-1.150542e-02
-1.766796e-02
-6.183359e-02
4.954547e-02
5.663029e-02
-9.908380e-02
7.713419e-02
1.052738e-01
-6.091018e-02
1.088268e-02
-2.012664e-02
-1.619018e-03
-8.925820e-03
-8.846303e-03
-7.077757e-03
-1.303961e-02
-8.459486e-03
-9.993264e-03
-8.737992e-03
-2.615423e-03
-1.184882e-02
-1.051723e-02
1.350209e-02
5.169356e-02
-5.647408e-02
2.308287e-02
8.726672e-02
-3.641202e-02
4.334104e-03
-2.146114e-02
2.474906e-02
-3.337399e-02
-7.946792e-03
7.713278e-02
-3.474801e-02
-6.070422e-02
4.527047e-02
1.920019e-02
3.156347e-02
-6.614047e-03
-9.366203e-02
-4.603683e-03
3.895030e-02
-5.790145e-02
8.463454e-03
5.894225e-02
-3.776521e-02
2.699134e-10
-9.105661e-11
-1.859858e-10
-1.671747e-11
-2.085947e-10
2.067969e-10
-5.890261e-12
-2.282407e-10
-1.482277e-10
-2.003598e-02
-7.056333e-03
-4.588985e-03
-7.127373e-03
-1.349029e-03
-4.495468e-03
3.680507e-03
7.145984e-03
1.367905e-03
-1.462314e-03
-5.247839e-03
3.988110e-03
-9.405118e-04
-1.313322e-02
-4.831217e-03
-2.020368e-02
-2.472182e-02
-2.357079e-02
-2.079885e-03
3.344893e-02
3.844640e-02
-1.358895e-02
2.724664e-02
2.682671e-02
-5.044162e-04
2.183397e-02
-7.248685e-03
-1.863323e-02
9.463993e-02
-2.524762e-02
-1.212174e-01
9.344179e-02
9.183967e-02
-7.848472e-02
-2.489179e-03
4.657897e-02
-2.126547e-02
-1.763072e-02
2.647567e-02
-2.008568e-02
9.609306e-03
2.230986e-02
-4.231812e-02
3.049762e-03
2.509911e-02
-2.423430e-02
6.860933e-03
-1.109289e-02
2.266253e-02
-2.779892e-02
-3.205182e-02
4.709498e-03
1.252965e-02
8.678467e-03
2.957158e-10
-3.534839e-10
-3.589258e-10
1.132782e-10
4.122773e-10
4.129815e-10
-4.478133e-10
-7.405750e-11
3.176256e-10
6.354411e-02
6.277382e-02
6.346080e-02
4.469107e-02
3.114015e-02
3.230258e-02
3.149976e-02
2.686554e-02
2.154653e-02
-9.191730e-03
-7.276065e-03
-2.178040e-02
2.180239e-02
5.386503e-02
1.884169e-02
4.176465e-02
6.296429e-02
7.149414e-02
-1.535879e-02
-4.101692e-02
-3.564894e-02
-2.587610e-02
-8.663019e-02
-4.945065e-02
3.795909e-03
-3.145504e-02
-1.394164e-02
-7.451206e-02
-6.959037e-02
2.239542e-02
-1.609997e-02
2.782838e-03
6.804945e-03
-3.554342e-03
3.116273e-02
-7.856233e-03
2.787879e-02
1.105582e-02
7.900679e-03
3.341181e-02
1.205082e-02
8.562971e-03
2.482221e-02
1.639952e-02
1.179663e-02
2.841450e-02
-2.172488e-02
-2.122335e-02
4.387870e-02
3.417242e-02
-5.110845e-02
-4.610695e-03
-6.365080e-02
-1.273633e-01
-8.489711e-02
-6.740493e-02
-7.113592e-03
-2.503568e-02
4.013032e-02
2.910635e-02
7.866356e-02
1.504123e-01
1.021583e-02
-6.053569e-02
-3.646264e-02
-5.840234e-02
-1.446544e-02
3.565721e-03
-1.426306e-02
4.103857e-02
8.959846e-03
1.363751e-02
1.342234e-10
-4.669531e-10
5.538043e-10
-5.860547e-10
-1.116768e-10
1.869647e-10
3.119439e-10
1.868640e-10
1.030263e-10
-2.636242e-02
-2.465606e-03
-5.820991e-03
-1.566450e-03
3.478117e-02
3.505142e-02
-7.815625e-03
2.973774e-02
3.799009e-02
-9.584086e-02
4.667551e-03
6.368233e-02
-6.637193e-02
8.182678e-02
1.643546e-01
-3.252138e-02
5.217403e-02
9.836308e-02
-4.215787e-02
5.260593e-02
9.395923e-02
-7.406840e-02
1.020613e-02
1.397768e-01
-7.472176e-02
-7.741953e-02
3.171246e-02
5.594864e-02
4.923479e-02
-1.012285e-02
8.068924e-03
-2.834428e-02
6.834369e-02
-1.360670e-01
-7.920815e-02
6.782749e-02
-5.279835e-02
5.939002e-03
4.138258e-02
-3.292618e-02
9.432223e-03
2.184267e-02
-2.146692e-02
2.321495e-02
1.242721e-02
-1.961798e-02
-2.219265e-01
1.408262e-01
-7.543159e-03
1.850173e-01
-4.217595e-02
-4.786994e-02
-1.287268e-01
-1.472298e-02
5.344192e-10
1.831253e-10
-7.332367e-10
1.622725e-10
-1.620074e-10
-5.294020e-10
-7.955581e-10
2.171573e-10
-4.120283e-10
3.140410e-03
-1.187679e-02
-1.148975e-02
9.160020e-03
-1.654759e-02
3.949977e-04
9.240656e-03
-1.093698e-02
1.602570e-03
-2.988166e-02
3.661747e-03
2.798831e-02
7.007779e-02
-1.613437e-01
5.210345e-02
-1.564003e-02
1.299729e-02
-4.029543e-03
-3.081574e-02
-6.804429e-02
2.418669e-02
-4.251631e-03
-6.428648e-02
1.848190e-02
4.264900e-02
8.723401e-02
5.556714e-03
2.767206e-02
5.723838e-02
-5.700686e-02
-1.918894e-02
1.168889e-01
-5.381490e-02
1.506485e-02
-4.285035e-02
-1.586377e-02
-8.867003e-03
-1.048916e-02
-6.398086e-03
8.507820e-03
-3.539903e-03
-3.467486e-03
7.329537e-03
-1.746334e-02
-1.046625e-02
1.721556e-02
1.402707e-02
4.528819e-02
7.042595e-02
-2.152927e-01
1.132269e-01
5.049793e-02
1.001192e-01
-7.706697e-02
8.625407e-03
-1.306803e-03
3.846174e-02
-2.288575e-02
5.351638e-02
-4.255785e-02
-2.283530e-02
-2.590337e-02
5.322056e-03
6.349874e-02
-6.390054e-02
1.110431e-02
1.851124e-02
9.505919e-02
3.769193e-03
-2.890485e-02
-8.522369e-02
7.519964e-03
-1.827790e-11
-2.010987e-10
-6.013647e-10
-3.059449e-10
-4.308192e-10
-8.723589e-11
1.739073e-10
-7.564401e-10
-5.745745e-10
-2.259807e-02
-1.966509e-02
-1.938192e-02
-2.359161e-02
-3.316717e-02
-1.265633e-02
-3.353147e-03
-5.728151e-03
1.745472e-02
4.547137e-03
-1.089720e-03
2.932899e-02
1.656428e-02
3.152361e-02
9.511372e-02
4.967910e-03
-2.427627e-03
-4.133376e-02
1.409806e-02
-1.111360e-02
1.457327e-02
-6.056904e-02
2.109492e-02
-2.197122e-04
2.918456e-03
3.590898e-02
-1.875868e-02
-4.874114e-02
-5.029045e-02
1.709314e-02
-1.441515e-01
2.873310e-01
-2.006940e-01
4.204422e-02
-9.030275e-02
2.936591e-02
-3.981782e-02
-1.388006e-02
-7.332567e-03
-6.105473e-02
-2.713101e-02
-3.079429e-02
-3.098023e-02
-3.116519e-02
-1.193849e-02
2.982705e-03
-1.584257e-02
-1.622537e-02
-1.313026e-02
-5.604872e-03
2.604613e-05
1.892733e-02
3.437765e-02
1.916069e-02
-1.000824e-10
2.707528e-10
-2.163873e-10
-1.596439e-10
-6.012649e-10
-2.543633e-10
-7.110851e-11
7.226586e-11
2.020091e-10
-1.224201e-03
-1.732493e-03
-1.015203e-03
2.416054e-03
8.951466e-04
1.367091e-03
6.188358e-03
4.138358e-03
4.655409e-03
-5.716629e-06
1.197091e-03
-5.300161e-03
5.692957e-03
4.418178e-03
-2.879992e-03
1.296510e-03
-5.216015e-04
-1.784040e-03
2.520150e-03
-2.005021e-03
5.703468e-04
5.382330e-03
-8.807207e-04
1.202548e-03
8.240322e-03
4.080731e-03
2.879116e-03
1.874045e-02
1.016908e-03
-1.110967e-02
-8.888171e-03
-9.514498e-03
2.272980e-03
-4.043235e-04
7.993580e-03
1.037677e-02
-3.809230e-03
-3.418036e-03
-1.921037e-03
-2.327293e-03
-2.132218e-03
2.836307e-04
-8.041839e-03
-7.519151e-03
-5.589342e-03
3.148539e-03
1.261460e-02
1.499713e-02
2.340785e-02
9.203379e-03
-3.822247e-03
-1.289887e-03
-3.596091e-02
-1.401384e-02
-8.208229e-04
-2.361464e-03
2.896323e-04
-6.433686e-03
-5.459719e-03
-1.257934e-04
-1.920489e-04
3.411873e-03
3.469755e-03
1.643990e-02
-7.756385e-03
-1.588227e-02
-1.731070e-02
-2.017768e-02
-6.539538e-03
-2.195950e-04
2.511392e-02
3.082177e-02
2.486701e-10
1.236636e-10
1.345863e-11
-6.864751e-10
-1.303970e-10
-2.426299e-11
3.811669e-11
1.633199e-10
1.994021e-13
3.192670e-03
3.976716e-03
5.305745e-03
3.950569e-03
6.560485e-03
7.493744e-03
3.930748e-04
2.798066e-03
3.421368e-03
1.343129e-03
-1.738392e-03
-2.939233e-03
5.832920e-04
-2.870094e-03
-5.685445e-03
-3.156445e-04
-8.180202e-03
-6.566889e-03
-1.467897e-03
7.141780e-03
7.001508e-03
-9.994430e-03
9.394927e-04
-8.204526e-04
-6.387919e-03
-2.400078e-03
-5.355206e-03
1.752200e-02
-3.722390e-03
-3.482921e-03
-1.067284e-02
5.504592e-04
1.194216e-02
2.606988e-03
1.575064e-02
1.472616e-02
-8.204312e-04
1.794595e-03
3.054918e-03
-1.334709e-03
1.825064e-03
3.043805e-03
-2.684255e-03
1.181857e-03
8.146284e-03
-3.270940e-02
-5.097838e-02
1.377821e-02
1.693086e-02
-4.816056e-04
-3.861116e-02
-4.642084e-03
1.737654e-02
3.751080e-02
3.029696e-10
3.024261e-11
-2.554244e-10
-5.097506e-10
4.557392e-10
-2.253599e-10
1.525689e-11
-7.569173e-11
3.272658e-10
8.851640e-03
-8.875537e-03
-1.617841e-02
-4.243005e-04
-1.743318e-02
-3.670843e-02
-3.715856e-03
-1.161388e-02
-2.704145e-02
5.449902e-03
-2.212561e-02
6.229771e-03
4.228375e-03
2.193199e-02
2.223604e-02
-4.637619e-03
1.469827e-02
2.397161e-02
-3.988190e-02
-2.701019e-02
-5.175380e-02
-2.971092e-03
6.594504e-03
-5.479150e-02
9.607323e-03
-9.854775e-04
-4.046541e-02
-1.077450e-02
-2.903511e-02
-1.749771e-02
-1.349385e-01
-1.798055e-01
-1.307095e-01
-1.402509e-01
-1.903798e-01
-1.355532e-01
-6.358489e-04
-1.242118e-02
-1.284940e-02
-2.103631e-02
-3.344042e-02
-2.523613e-02
-2.309531e-02
-4.150802e-02
-3.651986e-02
4.578281e-02
3.531228e-02
-4.866014e-03
2.516764e-02
-1.602415e-02
-2.108076e-02
5.433974e-02
1.447562e-02
-5.967184e-02
-3.115778e-02
1.936575e-03
3.194300e-02
-2.932835e-04
-3.720042e-03
2.218979e-02
1.209751e-02
-2.808418e-02
-9.006625e-03
2.699957e-02
-2.679841e-02
-4.663551e-02
4.998042e-02
-4.995649e-02
-6.917261e-02
-3.903601e-02
-5.778030e-02
-4.131179e-02
-8.698202e-10
-7.078990e-10
-5.601496e-10
-1.090738e-09
-1.371703e-10
-6.816099e-10
-6.134186e-11
3.494678e-11
-3.192018e-10
1.525259e-02
-9.807800e-03
-8.874677e-03
1.105621e-02
-1.974359e-02
-2.974724e-02
9.607531e-03
-1.008928e-02
-2.345996e-02
-8.562781e-03
-1.126101e-02
-1.343845e-02
2.902179e-03
-1.102292e-02
-1.943902e-02
5.190565e-02
1.030313e-02
-8.034207e-03
-1.942860e-04
-1.157863e-03
9.930091e-03
-1.161646e-02
9.557895e-03
-5.154189e-03
-3.803885e-03
7.990648e-03
6.133864e-03
3.044026e-03
-4.897321e-02
3.673971e-02
-6.067119e-02
-4.928692e-02
-4.605610e-02
-4.627031e-02
-8.498007e-03
1.333523e-02
-2.735479e-02
-8.765808e-02
-4.215781e-02
-2.894730e-02
-9.398326e-02
-5.186885e-02
-1.867749e-02
-1.111219e-01
-3.347259e-02
5.575547e-02
1.161888e-02
-6.683293e-02
1.628517e-02
1.241107e-02
4.597766e-02
-1.016344e-02
-1.848131e-02
6.159378e-03
-8.053892e-11
1.716648e-10
-7.134823e-11
4.394747e-10
5.092955e-10
-6.364087e-11
3.327550e-10
-5.593224e-11
3.299473e-10
1.127405e-02
2.992500e-02
2.175382e-02
2.417596e-02
5.020459e-02
3.928774e-02
2.779879e-02
5.603287e-02
4.208370e-02
6.372939e-03
1.824343e-02
-9.662583e-03
2.632243e-02
8.528263e-02
5.495251e-02
-2.306688e-02
1.890145e-02
-1.041167e-02
-2.460740e-02
-5.124725e-03
-1.386325e-02
3.404777e-03
3.570890e-02
3.855799e-03
5.185295e-03
-9.378142e-03
-1.773577e-02
5.028509e-02
-4.122746e-02
-8.845944e-02
1.642325e-01
3.339390e-02
-9.461064e-02
1.078336e-01
2.582175e-02
-6.758536e-02
3.558178e-03
2.132942e-02
4.266869e-02
2.541165e-02
4.194349e-02
6.210824e-02
3.752183e-02
4.964958e-02
5.959246e-02
-1.000854e-01
-5.920225e-02
-2.934036e-02
-4.892980e-02
2.734237e-02
-3.902306e-02
6.777310e-02
1.130962e-01
9.097425e-02
-1.005735e-02
-2.948416e-02
-3.163913e-02
3.440490e-03
2.476799e-02
1.624573e-02
6.338115e-04
1.889921e-02
-1.200808e-02
3.087469e-03
7.559944e-02
5.779051e-02
2.959539e-03
4.728395e-02
4.673007e-02
-8.907846e-02
-1.201364e-01
-9.423443e-02
6.989681e-10
5.255147e-10
1.330459e-10
-4.938346e-11
8.932847e-10
-1.398412e-11
-1.268540e-10
1.589455e-10
1.173479e-10
-1.028125e-03
3.173635e-03
-3.172810e-03
3.741599e-03
2.048954e-02
3.041233e-03
-1.541976e-02
-4.062686e-03
-2.193863e-02
-2.359208e-02
6.287964e-03
2.855365e-02
-4.905069e-03
3.898633e-02
3.864409e-02
-1.832030e-02
1.680594e-02
3.334358e-02
-3.407579e-02
3.129312e-02
4.458367e-02
-2.439124e-02
1.872949e-02
7.107865e-02
2.596184e-04
1.991542e-02
6.339480e-02
-2.002167e-02
-1.220027e-02
-5.445798e-02
2.406096e-02
1.638615e-02
3.682183e-02
-3.737682e-02
-4.180210e-02
-3.910824e-02
4.531692e-02
-2.498899e-02
2.541168e-02
4.618699e-02
-3.131250e-02
2.927795e-02
4.285369e-02
-4.088466e-02
7.293711e-03
-2.910804e-06
-2.709201e-06
-2.266351e-06
-3.268935e-06
-4.156288e-06
5.739548e-06
5.359447e-07
3.444840e-06
3.123217e-06
5.868990e-10
2.668399e-10
-8.605616e-11
-2.792359e-12
3.816697e-11
2.598061e-10
1.173091e-09
7.372489e-10
2.307856e-10
-1.510197e-07
-4.281860e-07
8.527552e-08
-2.237867e-07
-5.057848e-07
-6.107813e-07
-1.812459e-08
-1.233844e-06
-1.500224e-06
2.454505e-06
9.224107e-07
2.040996e-07
1.401203e-07
-6.539415e-07
-1.670474e-07
1.281757e-07
5.056551e-07
1.096559e-06
1.209535e-07
4.277902e-07
1.524877e-06
-3.099217e-08
-6.849729e-08
1.127803e-06
-4.412096e-08
1.657532e-07
9.421354e-07
8.535377e-06
9.379131e-06
1.431880e-05
2.074546e-06
7.066235e-06
6.447499e-06
4.463669e-06
6.645479e-06
2.076085e-06
6.541183e-07
1.631440e-06
2.118269e-06
1.358799e-06
2.124660e-06
1.946109e-06
2.007791e-06
2.438736e-06
1.886228e-06
3.322329e-08
1.089573e-05
9.817693e-06
1.947903e-06
3.886096e-06
1.290852e-06
-5.598023e-06
-6.802711e-06
-1.630207e-06
3.333084e-06
1.638731e-06
-2.077727e-06
2.705512e-06
2.028139e-06
-3.208477e-06
7.973957e-06
3.484645e-06
-1.379218e-06
1.804161e-06
4.039216e-07
-5.862080e-06
-3.122660e-06
-4.908507e-06
-5.024303e-06
5.949504e-06
9.264556e-06
3.120302e-06
-2.610777e-10
-1.530321e-10
2.601655e-10
1.248497e-10
1.910988e-10
-3.427000e-10
-5.079454e-10
-3.562017e-10
-2.300028e-11
3.573305e-07
4.994899e-07
5.215631e-07
4.346054e-07
4.168209e-07
2.512696e-07
6.199083e-07
5.412966e-07
5.192882e-07
5.107275e-07
2.213593e-06
1.819948e-06
4.705504e-07
5.777706e-07
2.818435e-07
1.616737e-06
1.041841e-06
1.116590e-06
-3.276154e-06
-2.346611e-06
-4.156449e-06
-1.321134e-06
-2.279701e-06
-3.465880e-06
3.697081e-06
1.620169e-06
-2.483241e-06
5.112267e-06
-1.702996e-06
6.441139e-06
1.102455e-06
-2.950409e-06
4.637183e-06
9.282783e-07
3.558865e-06
-3.503396e-06
2.004841e-06
1.473593e-06
-7.002844e-07
1.275001e-06
1.266754e-06
2.878712e-08
7.491177e-07
7.099561e-07
6.570712e-07
-5.368372e-03
-6.034181e-03
-6.541573e-03
-1.425480e-02
3.020959e-02
4.875960e-03
-2.424044e-02
2.845583e-03
8.764503e-03
-5.412285e-10
3.286181e-11
9.825987e-13
-5.515817e-10
-4.399633e-10
3.210814e-10
-6.392748e-10
3.803047e-11
1.041541e-10
1.445448e-02
2.135175e-02
2.982046e-02
1.411679e-02
9.677729e-03
1.458285e-02
8.213174e-03
4.409207e-03
5.121739e-03
2.701782e-02
6.270891e-03
2.344892e-02
1.776038e-02
5.664154e-03
-1.272425e-03
1.888388e-02
1.987539e-02
1.929746e-02
-2.070979e-02
-4.219410e-03
8.713498e-03
1.109906e-02
1.872476e-02
2.005757e-02
3.448424e-02
5.351219e-02
2.873157e-02
-4.655003e-02
9.005141e-03
2.876860e-02
-7.254732e-02
-2.690595e-02
3.261482e-02
-4.793211e-02
-4.263767e-02
-3.428647e-02
-4.185405e-03
8.497825e-03
1.391494e-02
-7.502378e-03
3.714752e-03
1.481788e-02
-6.863483e-03
3.151053e-03
1.210355e-02
-1.750939e-02
-1.959004e-02
2.076080e-03
-4.996461e-02
-6.780358e-02
-1.433566e-02
-3.605453e-02
-3.475866e-02
-4.209921e-02
4.399639e-02
9.857547e-03
1.111469e-03
1.289035e-02
8.324321e-03
-1.015813e-02
-1.442746e-02
-2.778095e-02
-2.378543e-02
3.379152e-03
-1.290175e-02
-5.062519e-03
3.997531e-02
5.567184e-02
1.732110e-02
5.908466e-02
1.047673e-01
8.823518e-02
2.498833e-10
-5.964502e-10
-4.248983e-10
2.859466e-10
1.160158e-10
4.269411e-10
-5.756369e-10
-2.536824e-10
3.449986e-10
-3.359209e-03
5.145933e-03
1.678291e-02
-9.268103e-04
5.050566e-03
1.460210e-02
1.064135e-02
1.614394e-02
1.865389e-02
-1.383299e-02
-1.264651e-02
5.417123e-03
-9.619094e-03
-6.962595e-03
5.441622e-03
-2.434876e-03
-6.984718e-03
-1.947470e-02
2.769369e-02
-1.119507e-02
-1.231735e-02
1.447450e-02
-4.771212e-03
-1.000742e-02
4.474893e-02
1.077221e-02
4.533816e-03
1.840365e-02
-5.041915e-03
-1.333336e-02
-1.129229e-02
-3.204116e-02
6.497575e-03
3.215871e-02
-3.644021e-02
-7.124215e-03
-2.968171e-02
5.027844e-02
3.745862e-03
-2.783526e-02
7.430276e-02
6.969202e-03
-3.030267e-02
8.256158e-02
2.062506e-02
7.103418e-03
-2.588821e-02
-2.473124e-03
3.276492e-02
2.922678e-02
1.702797e-02
3.725930e-04
6.605749e-03
-7.738804e-03
-5.101328e-10
-4.296602e-10
-5.392543e-12
2.517592e-10
3.169487e-10
-3.107955e-10
8.795704e-11
-3.287354e-10
1.303535e-11
-5.876637e-02
-5.155552e-02
-4.984380e-02
-4.438462e-02
-1.840463e-02
-1.560776e-02
-3.616392e-02
-1.300438e-02
-9.301027e-04
3.086835e-02
6.378052e-02
7.186031e-02
-2.310041e-03
3.376029e-02
3.662467e-02
1.948633e-02
3.923502e-03
1.853067e-02
-5.149710e-03
1.227555e-02
1.729358e-02
-1.749997e-02
2.735478e-02
-2.672414e-03
5.541917e-03
5.581570e-03
-1.687845e-03
2.879461e-02
6.221094e-02
-1.604339e-03
-6.434125e-02
-1.731796e-02
5.784337e-02
-1.220634e-01
-3.214841e-02
1.169721e-01
2.670670e-02
5.004361e-02
6.135320e-02
3.302138e-02
5.400709e-02
5.916579e-02
2.791843e-02
3.652041e-02
3.252435e-02
-2.640828e-03
4.184194e-03
-5.190604e-03
-1.155429e-01
-4.594452e-02
2.681314e-02
-8.839673e-02
-1.415282e-02
3.369123e-02
1.463297e-01
8.260251e-02
-1.055718e-02
1.146476e-01
-4.436909e-02
-1.045068e-01
4.150192e-03
-1.177782e-01
-3.176963e-02
-7.316153e-02
-1.052861e-01
-6.876556e-02
4.929099e-02
-7.180588e-02
-4.115111e-02
4.295342e-02
4.305162e-02
5.701867e-02
5.286345e-10
2.036869e-10
6.877753e-10
-5.838108e-10
-4.429364e-10
-5.070828e-10
-5.034025e-10
-5.539945e-10
-3.091203e-10
5.939258e-02
5.675409e-02
5.591400e-02
5.497955e-02
4.266180e-02
4.080780e-02
5.382921e-02
4.381547e-02
2.876379e-02
8.107370e-02
4.478057e-02
5.220842e-02
5.741774e-02
-5.603846e-02
-6.124249e-02
2.640029e-02
-4.062270e-02
-1.006004e-02
4.550590e-04
-1.038203e-01
-9.679578e-02
8.716143e-02
-2.654058e-02
-1.037527e-01
1.141385e-01
1.096722e-01
3.447172e-02
-1.221225e-01
-4.244218e-02
7.242423e-02
-7.482915e-04
5.430284e-02
1.959896e-02
3.623823e-02
-1.024316e-02
-1.006683e-01
1.681988e-02
-3.365134e-02
5.297579e-03
1.153134e-02
-3.290008e-02
6.927249e-04
2.487240e-03
-2.740526e-02
-7.681103e-03
-1.575571e-02
6.230133e-02
-2.707491e-02
-5.849376e-02
-6.926103e-02
9.885881e-02
6.231544e-02
-4.683626e-02
-1.508791e-02
-8.932742e-10
-8.569356e-10
1.906584e-10
-1.987485e-10
-1.198476e-10
-2.938109e-10
-3.955342e-10
-7.050484e-10
2.309605e-10
-1.811069e-03
-1.357294e-02
-2.020469e-02
4.558713e-03
-8.767306e-03
-3.383289e-02
4.227344e-03
1.628150e-02
-7.540813e-03
-3.397506e-02
-1.382534e-02
-1.166725e-03
9.746109e-03
8.642646e-02
-4.640401e-02
-1.141773e-02
-8.828124e-03
6.004153e-03
3.652802e-02
4.949448e-02
-3.140176e-02
5.395646e-02
8.634633e-02
-3.717240e-02
-2.328278e-02
1.161480e-02
2.418011e-02
-2.496820e-02
-6.254938e-02
1.401172e-01
1.786529e-02
-1.481189e-01
1.649413e-01
1.638641e-02
3.495757e-02
9.633901e-02
-7.127600e-03
-1.689070e-02
-9.542537e-03
2.636398e-03
-9.451427e-03
3.153981e-03
2.938917e-02
2.126443e-02
2.998184e-02
-3.635598e-02
-1.151093e-01
-4.750854e-02
5.115604e-02
6.885613e-02
-1.735371e-01
7.721277e-04
2.414997e-02
-4.689285e-02
-8.248342e-03
-2.152159e-02
-2.094721e-02
-3.739289e-04
4.563932e-02
1.209234e-01
-2.972331e-02
-6.594262e-02
-4.611521e-02
8.668625e-02
3.655288e-02
-8.533062e-02
-4.992156e-02
-9.234080e-02
5.913769e-02
-4.441952e-02
-2.314554e-02
8.888204e-02
4.975819e-10
6.471652e-10
-1.011937e-10
2.560200e-10
3.640743e-10
2.126348e-10
4.349938e-10
5.776380e-10
-2.093791e-11
-3.572271e-03
-3.995367e-02
-3.825056e-02
2.457732e-02
-3.119289e-02
-5.368193e-02
2.336209e-02
-1.432339e-02
-3.247357e-02
-7.551642e-03
1.178192e-03
-9.360593e-03
3.174148e-02
3.040189e-02
-2.365295e-02
1.088659e-02
5.417903e-02
3.608195e-02
-2.442182e-02
-3.023135e-03
5.798975e-03
7.304297e-03
-9.671510e-03
-3.436596e-03
-1.718616e-02
1.966238e-02
1.163331e-02
2.086802e-02
-2.264182e-02
6.767927e-02
1.973566e-02
-1.921284e-01
1.716007e-01
8.414866e-03
-3.115468e-02
1.788101e-02
6.189738e-03
-1.528769e-01
4.095620e-02
4.327998e-02
-1.235604e-01
6.075242e-02
-2.946909e-03
-1.412667e-01
6.145264e-02
-4.330923e-02
-5.711431e-02
-2.578023e-02
8.132565e-03
2.591442e-02
-8.941678e-03
7.731955e-03
7.996877e-02
9.501734e-03
-4.537345e-11
-1.487270e-11
3.577266e-10
1.641493e-10
4.207461e-10
-8.342806e-11
-1.015790e-10
-2.117271e-10
1.975408e-10
-9.291884e-03
-1.374502e-04
3.013693e-03
-1.346168e-02
-2.727411e-02
-8.521501e-03
-3.075111e-02
-5.963686e-02
-4.329569e-02
-9.349715e-03
3.384022e-02
4.585389e-02
9.832409e-03
-5.625189e-02
1.169486e-02
3.826464e-04
-4.679108e-03
1.703552e-02
9.665707e-02
8.687469e-02
4.653523e-02
3.368327e-02
-1.235322e-02
7.331603e-02
-2.445745e-02
-3.046964e-02
6.897708e-02
-9.426809e-02
-4.635255e-02
-3.677933e-02
-1.300954e-01
1.070453e-01
8.320124e-02
-8.821020e-03
1.767995e-01
7.688922e-02
1.479283e-03
-5.016882e-03
1.879500e-03
-1.785569e-02
-2.629701e-02
-2.460595e-02
-3.462140e-02
-4.022872e-02
-3.704293e-02
6.317497e-02
1.387234e-01
4.073047e-02
8.809074e-02
5.964942e-02
8.293261e-02
-3.472723e-02
-8.490234e-02
1.043598e-02
2.070444e-02
2.710239e-02
4.759063e-03
2.104523e-02
1.367060e-02
-2.605570e-02
-2.043537e-02
2.236512e-02
1.537931e-03
-9.051539e-02
-1.961787e-01
-8.752199e-02
-8.601152e-02
-8.930440e-02
-7.371163e-02
9.915147e-03
2.895062e-02
-2.388705e-02
-3.650989e-10
2.283601e-10
9.702642e-10
3.251078e-10
-5.757719e-10
-9.814773e-11
1.205287e-10
8.134641e-10
1.894157e-10
1.443463e-02
1.359629e-02
1.940775e-02
-8.305761e-03
-1.990393e-02
9.833433e-03
-9.825679e-03
-2.821234e-02
7.075081e-03
2.202952e-02
4.613594e-02
1.003296e-02
3.704059e-02
4.678629e-02
4.570299e-02
2.334441e-02
3.258131e-02
2.258332e-02
-1.001636e-02
4.184163e-05
1.550853e-02
-1.340158e-02
4.079418e-02
4.989954e-03
2.730465e-02
8.980544e-02
3.257637e-02
-6.191169e-02
-1.377218e-02
-4.162983e-02
-4.773984e-02
7.608123e-02
-3.580641e-02
-5.169230e-02
1.223162e-01
-1.920583e-02
-4.059636e-02
2.009164e-02
4.491660e-02
-1.422432e-02
3.524190e-02
1.916016e-02
8.452557e-03
6.795845e-02
1.887110e-02
-6.723543e-02
-8.952580e-02
1.078802e-01
8.605657e-02
-9.509058e-02
-6.938615e-02
4.557183e-02
1.150283e-01
-3.063208e-02
7.149914e-10
3.204138e-10
3.358803e-10
-6.121088e-11
1.062170e-11
3.654155e-10
4.045987e-10
-1.302592e-10
-1.104774e-10
-9.564869e-04
-1.138419e-02
-2.658850e-02
6.550587e-03
1.566079e-02
7.289369e-03
-1.548031e-02
1.749084e-03
5.002793e-03
-2.142727e-02
2.714991e-02
2.375619e-02
-5.121569e-02
-1.747302e-02
-2.896527e-03
4.283407e-02
-2.566968e-02
-5.883941e-02
2.878810e-03
2.105867e-03
9.500108e-03
-4.154243e-02
-3.230275e-02
-9.828212e-03
-1.020911e-02
-4.944957e-02
-2.307184e-02
-3.836689e-03
-9.366630e-02
-5.614362e-02
7.733986e-02
5.370368e-02
-4.233373e-02
-5.566840e-02
8.590371e-02
4.283716e-02
-5.748937e-03
-2.673114e-04
1.114357e-02
-3.517705e-03
3.012768e-03
2.000016e-02
-7.403672e-03
-1.046837e-02
-4.735234e-03
7.968893e-02
6.518541e-02
-1.305569e-01
-7.151215e-02
1.260915e-01
4.062095e-02
-4.848581e-02
-2.952043e-02
6.969961e-02
-3.447011e-02
-7.636853e-03
6.206827e-02
-7.959913e-03
-6.971429e-02
-1.165752e-02
8.445449e-02
5.131042e-03
-6.911734e-02
-1.069236e-01
-3.371345e-02
1.587535e-01
2.367627e-02
-1.420174e-01
-2.705764e-02
6.415238e-02
-5.035384e-02
-5.838781e-02
-3.060051e-10
2.657498e-10
-6.877234e-10
-5.857301e-10
-5.535366e-11
1.454406e-10
-7.911339e-10
-2.651916e-10
-7.109369e-10
-2.108462e-02
9.684074e-03
1.633373e-02
-3.111474e-02
-2.466930e-03
4.810948e-03
-1.719860e-02
-1.051676e-02
-4.256591e-03
2.830885e-03
-1.232755e-02
-5.943742e-02
7.012940e-03
1.319297e-02
-1.184760e-02
-2.586577e-03
2.492445e-02
8.778629e-03
8.751521e-03
-4.011944e-02
-3.675997e-02
3.924333e-02
3.428263e-02
-6.667808e-02
-4.526246e-02
3.647805e-02
-1.885987e-02
1.805358e-03
-1.557100e-01
2.930163e-02
1.187694e-01
6.963537e-03
-1.579216e-01
-8.014315e-02
1.845216e-01
4.788865e-02
-1.116296e-02
8.364315e-03
2.504065e-03
4.903120e-03
-1.196536e-02
-1.816880e-03
-5.785645e-03
-3.421782e-02
-3.806676e-02
-1.307261e-02
-4.220080e-02
2.081366e-02
-2.829166e-02
-4.721079e-02
4.678791e-02
5.268300e-02
6.018082e-02
2.861876e-02
-3.162237e-10
-1.752415e-10
1.455767e-11
6.030482e-11
-3.365269e-10
-2.695548e-10
-7.418103e-10
1.054326e-10
-4.294834e-10
5.750502e-02
3.845578e-02
4.453866e-02
2.840342e-02
2.023187e-02
2.504213e-02
1.779634e-02
1.222435e-02
2.224411e-02
3.685668e-02
8.408650e-03
1.779782e-02
2.567402e-02
1.336231e-02
1.144705e-02
4.943772e-03
-2.299031e-02
-2.711793e-02
9.506288e-03
-3.786956e-03
-9.219544e-03
-1.677392e-02
-1.235550e-02
-4.530394e-02
-5.655747e-02
-7.397658e-02
-5.793577e-02
2.328136e-02
3.732967e-02
6.087912e-03
8.785947e-03
2.020648e-02
4.115512e-02
-7.159269e-02
-1.323972e-02
4.610009e-02
-4.329475e-02
-1.887929e-02
-5.689889e-02
-5.018782e-02
-1.786894e-02
-6.112413e-02
-7.033183e-02
-4.922654e-02
-7.353376e-02
1.962716e-02
-1.119578e-02
-2.565422e-02
-4.890551e-02
7.219509e-03
-1.242683e-02
-2.452928e-02
-4.034740e-03
5.243523e-02
-9.433831e-02
2.372415e-02
1.567096e-01
-2.270096e-01
-3.082033e-02
2.345245e-01
-2.091626e-01
-7.428666e-02
1.611161e-01
3.470121e-03
1.444811e-02
1.866809e-03
1.136113e-02
-9.854157e-03
5.482099e-03
2.069202e-02
8.670629e-03
-7.207950e-03
-1.038763e-09
-2.855662e-10
5.215804e-10
-1.097656e-09
-1.163085e-11
4.220973e-10
-5.607185e-10
-6.839890e-10
-9.341308e-10
3.290913e-02
1.535430e-02
9.539332e-03
2.807296e-02
7.784547e-03
5.907193e-03
4.670385e-02
2.655181e-02
2.661327e-02
3.191174e-02
-2.332168e-03
6.606710e-03
3.854449e-02
-4.114012e-02
-7.943265e-02
5.856738e-02
7.546499e-03
-3.155064e-02
1.289255e-01
1.121910e-01
5.199695e-02
1.052899e-01
2.376494e-02
-4.710651e-02
-4.021987e-02
-1.444339e-01
-1.732436e-01
-5.178997e-02
-7.228004e-02
-1.266483e-02
8.747368e-03
-1.788909e-02
-1.172498e-02
4.331391e-02
8.177616e-02
1.534026e-02
5.438655e-02
6.165571e-03
-2.899906e-02
4.515902e-02
-1.767829e-02
-1.152365e-02
2.190352e-02
-8.017710e-03
-1.991974e-02
