-1.659532e-01
-1.735016e-01
-2.080478e-01
-1.832778e-01
-2.095722e-01
-1.437438e-01
-2.215759e-01
-2.078022e-01
-1.784302e-01
-1.908368e-01
-1.364231e-01
-1.532665e-01
-2.372215e-01
-2.024602e-01
-2.597158e-01
-1.908128e-01
-1.630937e-01
-2.636243e-01
-2.122938e-01
-2.112285e-01
-1.274090e-01
-1.884621e-01
-2.026709e-01
-2.023762e-01
-2.308005e-01
-1.710165e-01
-2.559886e-01
-1.413963e-01
-1.552214e-01
-1.603844e-01
-1.569805e-01
-2.538540e-01
-1.952585e-01
-1.816974e-01
-1.451326e-01
-1.594701e-01
-1.541065e-01
-1.568678e-01
-1.885869e-01
-2.313955e-01
-2.469782e-01
-2.095749e-01
-2.203759e-01
-2.112893e-01
-1.980033e-01
-4.085691e-02
-1.432435e-01
-1.709469e-01
-2.104380e-01
-1.827708e-01
-2.194337e-01
-2.222131e-01
-1.531288e-01
-2.295406e-01
-1.552415e-01
-2.260452e-01
-2.509151e-01
-2.057060e-01
-2.535513e-01
-1.363291e-01
-1.894473e-01
-1.120772e-01
-1.943001e-01
-1.327800e-01
