-1.449660e-01
-6.615556e-02
1.204773e-01
2.851596e-01
1.123415e-01
4.406296e-02
-3.413693e-01
-3.339074e-01
-3.912098e-01
-6.749986e-01
-2.755709e-01
-4.777706e-01
4.409872e-01
7.023615e-02
-4.939452e-01
-2.077995e-01
5.425515e-01
-9.718566e-02
-2.265483e-01
1.482587e-01
2.434665e-01
-2.495210e-01
-2.291430e-01
-3.044516e-01
-4.325497e-01
-2.148871e-01
-1.649116e-01
2.101363e-01
-1.951391e-02
3.509775e-02
-2.185018e-02
-6.274560e-01
-2.955903e-01
-2.395507e-01
-1.059123e-01
2.305353e-01
2.834666e-01
-3.767984e-01
-2.333188e-01
-1.605604e-01
7.729123e-02
-2.599424e-01
-7.286600e-02
1.460633e-01
-7.656901e-02
-1.765227e-01
-7.282855e-02
6.976112e-02
-3.684101e-02
1.861593e-01
-4.781016e-01
1.331748e-01
-3.161684e-02
-9.281665e-02
-4.197822e-01
-8.273103e-03
-6.072366e-01
-1.916393e-01
-4.458566e-01
-1.293753e-01
6.950097e-03
-1.939807e-01
-4.895099e-01
1.826581e-01
