8.673551e-02
7.521204e-02
9.899014e-02
1.121583e-01
1.497266e-01
8.317531e-02
1.441285e-01
9.158710e-02
9.201690e-02
1.098072e-01
1.265428e-01
1.137204e-01
1.033859e-01
1.041184e-01
1.045398e-01
1.186047e-01
1.356547e-01
9.069284e-02
1.054617e-01
7.737509e-02
1.023581e-01
9.469908e-02
9.555723e-02
1.252265e-01
8.800466e-02
8.918854e-02
1.494606e-01
1.024994e-01
1.015405e-01
1.139624e-01
8.681909e-02
8.420580e-02
1.268826e-01
1.510495e-01
1.093210e-01
1.012024e-01
7.855916e-02
1.090589e-01
1.497842e-01
1.229906e-01
1.087415e-01
1.099377e-01
8.303034e-02
1.004638e-01
1.015536e-01
8.198190e-02
8.453224e-02
1.330721e-01
1.350954e-01
9.352795e-02
1.126602e-01
1.263102e-01
9.944583e-02
7.727258e-02
9.086362e-02
9.208975e-02
9.053966e-02
8.972732e-02
1.008764e-01
1.227334e-01
1.474395e-01
9.668160e-02
1.132985e-01
9.313389e-02
