2.423991e-03
1.790494e-03
1.328495e-03
4.814096e-04
8.784708e-04
1.108639e-03
1.218047e-03
1.471541e-03
8.932377e-04
9.337603e-04
1.552136e-03
1.852702e-03
1.009666e-03
7.555602e-04
9.493310e-04
1.941319e-03
8.082370e-04
1.052832e-03
8.875346e-04
1.006581e-03
6.149187e-04
5.309844e-04
8.074954e-04
8.575297e-04
7.988891e-04
3.711786e-04
9.238033e-04
7.430902e-04
7.872385e-04
8.062031e-04
7.527857e-04
1.274915e-03
1.058553e-03
1.035880e-03
8.788588e-04
1.260450e-03
1.533924e-03
9.599514e-04
1.746644e-03
1.289845e-03
6.217199e-04
6.900546e-04
1.235445e-03
7.417401e-04
9.898638e-04
5.579301e-04
9.823317e-04
9.184192e-04
8.953800e-04
1.074655e-03
1.471303e-04
1.032104e-03
1.060917e-03
8.413130e-04
8.043260e-04
4.326905e-04
8.418476e-04
2.047380e-03
7.711380e-04
6.859793e-04
1.112749e-03
8.445188e-04
2.031210e-03
1.967465e-03
