-5.465591e-02
-1.509497e-02
-1.302416e-01
-8.949920e-02
-1.117318e-01
-9.763281e-02
-1.332004e-01
-8.136912e-02
-3.660822e-02
-1.346191e-01
-1.168981e-01
-1.853314e-01
-1.064870e-01
-6.891277e-02
-1.019023e-01
-1.555770e-01
-8.979683e-02
-7.886615e-02
-1.321329e-01
-8.411564e-02
-1.748658e-01
-1.442561e-01
-6.718154e-02
-6.290199e-02
-8.220319e-02
-9.596633e-02
2.021806e-02
-8.734794e-02
-6.438223e-02
-5.144331e-02
-1.221268e-01
6.546579e-02
-8.080245e-02
-1.441943e-01
-3.449382e-02
-7.336090e-02
-1.857715e-01
-6.824753e-02
-9.380970e-02
-1.719568e-01
-8.913112e-02
-7.455569e-02
-1.058900e-01
-1.003358e-01
-7.333284e-02
-9.663382e-02
-1.083600e-01
-1.131997e-01
-1.437588e-01
-1.063324e-01
-3.432214e-02
-3.874482e-02
-9.390903e-02
-3.473433e-02
-3.460556e-02
-7.466466e-02
-3.009456e-02
-1.358911e-01
-8.904899e-03
-7.686204e-02
-7.021304e-02
-8.070270e-02
-1.571805e-01
5.264340e-02
