1.418406e-01
2.172671e-01
9.001192e-02
1.485008e-01
1.133756e-01
1.449329e-01
2.051712e-01
8.668225e-02
1.998995e-01
1.381850e-01
1.160713e-01
2.198786e-01
1.351365e-01
2.165596e-01
1.813237e-01
1.642600e-01
1.843335e-01
8.284516e-02
1.641758e-01
1.057223e-01
1.714321e-01
1.241831e-01
9.223751e-02
1.815314e-01
2.091348e-01
1.211911e-01
1.109240e-01
5.324174e-02
1.402601e-01
1.958132e-01
1.892491e-01
7.628479e-02
1.133950e-01
8.064841e-02
2.068496e-01
1.633934e-01
1.743834e-01
1.864296e-01
1.689165e-01
1.720024e-01
1.110121e-01
1.291977e-01
1.185226e-01
1.027011e-01
1.062800e-01
9.718033e-02
1.388397e-01
9.459568e-02
1.652034e-01
1.344208e-01
1.334277e-01
1.165111e-01
2.746706e-01
1.220452e-01
1.506868e-01
1.327751e-01
1.791762e-01
2.049890e-01
9.876848e-02
2.216555e-01
1.494984e-01
8.082871e-02
7.705044e-02
7.869794e-02
