3.193370e-01
1.890635e-01
2.582130e-01
1.714190e-01
1.837259e-01
2.061057e-01
1.944627e-01
2.754761e-01
2.396147e-01
2.265923e-01
2.512109e-01
2.735025e-01
1.569561e-01
1.489903e-01
2.037653e-01
2.691856e-01
1.569402e-01
1.806477e-01
1.680225e-01
8.010782e-02
9.764295e-02
1.962406e-01
1.324584e-01
1.450363e-01
2.132325e-01
1.568545e-01
1.496902e-01
1.470133e-01
1.563902e-01
1.003268e-01
1.975893e-01
1.588385e-01
1.447509e-01
1.491574e-01
1.627429e-01
2.420848e-01
2.174141e-01
2.198550e-01
1.842465e-01
6.403792e-02
1.062764e-01
1.279143e-01
2.152434e-01
1.414054e-01
1.462437e-01
8.304372e-02
1.287122e-01
1.020389e-01
2.509192e-01
2.257745e-01
1.849117e-01
2.048678e-01
1.668292e-01
2.537161e-01
1.764800e-01
2.206943e-01
2.423876e-01
2.344456e-01
2.104778e-01
2.081880e-01
2.113680e-01
2.492911e-01
2.114766e-01
2.251340e-01
