8.248761e-10
3.335628e-01
4.170013e-01
4.218147e-01
3.853715e-01
3.054764e-01
3.983584e-01
3.029764e-01
3.286883e-01
3.031024e-01
3.342783e-01
3.505381e-01
3.513868e-01
3.804492e-01
4.375372e-01
2.624039e-01
2.090229e-01
2.097694e-01
1.530775e-01
1.430272e-01
1.578119e-01
2.912170e-01
2.004493e-01
2.268721e-01
2.267886e-01
2.056531e-01
1.955522e-01
2.668835e-01
2.204775e-01
1.486171e-01
2.069956e-01
2.252603e-01
1.420536e-01
2.372267e-01
2.050998e-01
2.576337e-01
2.500253e-01
3.091015e-01
2.139917e-01
1.782922e-01
1.764265e-01
1.646637e-01
2.388977e-01
1.464543e-01
2.205695e-01
1.691124e-01
1.816602e-01
1.553682e-01
4.011629e-01
3.317699e-01
3.825580e-01
3.548885e-01
3.568291e-01
3.529262e-01
3.828356e-01
3.493342e-01
4.185958e-01
3.409112e-01
3.940536e-01
3.236139e-01
3.084425e-01
3.757240e-01
3.264572e-01
3.297633e-01
