-7.315815e-02
-1.561796e-01
-2.093712e-01
-2.387364e-01
-3.148549e-01
-4.407839e-01
-1.977541e-01
-1.263477e-01
-2.009302e-01
-2.082295e-01
-2.587339e-01
-3.171125e-01
-2.365119e-01
-1.430909e-01
-1.974123e-01
-3.152191e-01
-3.227296e-01
9.465705e-02
-8.064498e-02
-2.485964e-01
-2.447040e-01
-1.991141e-01
-2.637901e-01
-3.696138e-01
1.761189e-02
-3.092187e-01
-1.331751e-01
-2.246109e-01
-2.967305e-01
-7.229354e-02
-2.184827e-01
-2.447144e-01
-1.752305e-01
-3.166887e-03
-1.128348e-01
-2.243541e-01
-4.668335e-02
-3.219168e-01
-1.743697e-01
-1.090043e-01
-2.625584e-01
-2.740819e-01
-2.095284e-01
-1.726741e-02
-1.857759e-01
4.029361e-02
-2.092312e-01
-4.156273e-01
2.060926e-02
-1.289261e-01
-1.358294e-01
1.206588e-02
2.655536e-02
-6.855211e-02
-3.862906e-01
-4.754183e-01
-8.675596e-02
-9.096687e-02
-3.565999e-01
-2.158830e-01
-4.189812e-02
-4.090870e-01
-9.618185e-03
-3.972410e-01
