7.295421e-02
6.261915e-02
7.189969e-02
7.460044e-02
6.117573e-02
8.134406e-02
6.651524e-02
8.736064e-02
7.100303e-02
6.999942e-02
9.882661e-02
9.469967e-02
8.091067e-02
9.778270e-02
8.423464e-02
8.741049e-02
8.103806e-02
9.924828e-02
5.005185e-02
6.277316e-02
5.927008e-02
6.541246e-02
8.471503e-02
6.056673e-02
5.376181e-02
7.554881e-02
5.660130e-02
6.979140e-02
7.079170e-02
7.469184e-02
7.465170e-02
7.363323e-02
7.765681e-02
4.619012e-02
5.055998e-02
7.822743e-02
7.303403e-02
1.068353e-01
7.401221e-02
7.070488e-02
7.732806e-02
7.983051e-02
6.931241e-02
5.146338e-02
6.192455e-02
8.954170e-02
1.225317e-01
5.965122e-02
7.314277e-02
5.194455e-02
6.790421e-02
7.831724e-02
8.490363e-02
7.088631e-02
8.811358e-02
1.027517e-01
7.112276e-02
6.507590e-02
7.128863e-02
7.325368e-02
7.592520e-02
8.192752e-02
8.768903e-02
6.910347e-02
