8.575728e-10
1.084260e-09
1.151840e-09
7.186743e-10
6.719716e-10
1.339663e-09
1.279029e-09
7.906877e-10
5.699963e-10
2.825661e-10
6.425827e-10
2.061224e-10
3.229564e-10
2.117265e-10
7.988660e-10
4.280907e-10
1.734186e-10
9.813133e-10
2.356018e-10
4.873378e-10
8.095519e-11
1.803534e-10
1.767068e-09
9.378023e-10
2.533854e-10
1.193325e-09
5.486069e-10
5.752309e-10
8.891173e-10
8.799708e-10
5.628238e-10
1.915130e-10
3.543232e-10
-7.149935e-10
-7.818656e-10
1.943874e-10
1.109064e-09
1.532275e-09
1.753413e-09
2.230964e-09
2.906334e-09
2.479777e-09
1.334359e-09
1.342856e-09
1.702460e-09
3.911894e-10
5.297500e-10
6.055938e-10
8.174356e-10
5.272931e-10
7.227814e-10
6.619545e-10
2.699736e-10
2.507788e-10
4.168319e-10
9.301309e-10
4.357641e-10
7.692071e-10
4.377340e-10
-3.744595e-10
-1.987652e-10
-5.613718e-10
-2.737272e-10
-2.414921e-10
-2.563201e-10
-9.253396e-10
-1.102690e-10
-4.992545e-10
2.495817e-10
3.294258e-10
-8.176351e-11
8.812630e-11
-1.453901e-09
-6.315733e-10
6.732838e-10
-1.054121e-09
-1.126537e-09
-5.431544e-10
-1.478224e-09
-2.126196e-09
-1.424043e-09
4.764166e-10
-9.980698e-10
5.092913e-10
-5.335945e-10
-1.257929e-09
1.340643e-10
4.512296e-10
-4.478709e-10
-3.130394e-10
-1.189463e-09
-1.139672e-10
4.112299e-10
9.003812e-10
3.553683e-09
2.595436e-09
1.761757e-09
3.828271e-09
2.417626e-09
-1.465958e-09
-1.459810e-09
-9.042206e-10
-7.673973e-10
-1.611769e-09
-5.459826e-10
-5.199770e-10
-7.457811e-10
-8.396476e-10
-2.521947e-10
5.378303e-11
-1.740477e-09
9.766433e-10
5.936644e-10
-2.913577e-09
3.205061e-09
3.182774e-09
-6.867704e-10
2.112124e-09
3.328150e-09
2.864040e-09
3.280878e-09
5.313858e-09
3.329236e-09
2.404026e-09
5.600999e-09
3.629661e-09
-1.266316e-09
-1.317693e-09
-8.443217e-10
-5.653629e-10
-9.192822e-10
-1.237938e-09
-1.291638e-09
-1.079008e-09
-1.156569e-09
-1.660708e-09
-1.630499e-09
-9.750898e-10
-7.767823e-10
-2.386888e-09
-1.918417e-09
1.467600e-09
-2.716490e-10
2.535581e-10
1.649200e-10
-2.464062e-11
3.098048e-10
1.044349e-10
-3.094662e-10
1.275312e-10
-3.983980e-10
5.944378e-11
-6.158988e-10
-5.711179e-10
-4.705931e-10
1.464551e-10
-3.016722e-10
-3.011781e-10
-4.042386e-10
1.421575e-10
2.090347e-10
-3.262965e-10
4.211640e-11
-1.514220e-10
5.297401e-11
-4.384838e-10
1.723043e-10
6.432780e-10
-5.561567e-10
-4.791684e-10
-5.119213e-10
-4.415690e-10
3.354522e-10
3.713815e-10
-3.334789e-10
-5.567535e-11
-2.417003e-10
8.828879e-10
8.762481e-10
3.412503e-10
-6.943671e-10
-1.733355e-11
-6.196331e-10
-4.206917e-10
-6.220178e-10
-6.207856e-10
1.127920e-10
-3.838717e-11
-4.053182e-10
6.790999e-10
8.258028e-10
5.265143e-10
9.880868e-10
6.188140e-10
3.577685e-10
9.512743e-10
7.060143e-10
8.624351e-10
-1.083212e-10
-6.221753e-10
7.511142e-11
-6.814431e-10
1.339508e-11
6.183665e-10
-7.930381e-10
-4.306159e-10
-1.655618e-10
7.979116e-10
8.968703e-10
7.567228e-10
3.387438e-10
4.605485e-10
3.243444e-10
8.838207e-11
1.455212e-10
5.434377e-10
-4.728581e-10
2.274846e-11
-1.066920e-09
-4.765448e-10
-2.783619e-10
-8.866156e-10
-6.558153e-11
-5.645509e-11
7.853911e-11
1.999785e-10
8.911585e-10
7.989618e-10
4.266748e-10
9.301324e-10
1.402627e-09
5.990919e-10
2.136901e-10
6.801769e-10
6.541574e-11
3.471021e-10
1.139312e-10
3.526595e-10
-1.641082e-10
-2.220796e-12
1.014352e-09
-1.989327e-10
4.885329e-10
9.099405e-10
9.577175e-11
-2.116551e-10
1.601873e-10
-3.368991e-11
8.083030e-10
1.422068e-10
6.461581e-10
6.737034e-10
1.414420e-09
1.459546e-09
-8.457063e-11
7.386545e-10
3.286506e-10
8.556336e-11
1.397574e-10
-7.268227e-10
-5.924629e-10
1.041684e-09
7.458503e-10
7.109593e-10
7.385701e-10
6.297844e-10
-4.234068e-10
4.025205e-10
-3.450956e-12
2.064166e-10
-5.018094e-10
9.217279e-10
3.790727e-11
8.732669e-11
-9.914987e-10
7.712516e-10
-3.643734e-10
-6.188954e-11
5.261154e-10
-1.311307e-09
-1.295600e-09
-4.500204e-10
-7.533809e-10
2.123886e-10
-7.811149e-10
-7.358041e-10
-5.200433e-10
-1.519965e-09
7.762040e-11
2.096378e-10
-3.542257e-10
-9.753727e-10
1.477320e-11
6.335424e-10
-1.098258e-09
-3.129572e-10
-6.187279e-10
7.007601e-11
-1.959437e-10
1.163546e-09
4.282567e-10
1.014780e-09
1.226553e-09
4.433279e-10
8.441298e-10
7.998561e-10
1.088703e-08
1.433509e-08
9.009185e-09
1.412106e-08
1.657964e-08
1.111500e-08
-4.833968e-09
-1.714974e-10
-5.271108e-09
1.360296e-07
1.715367e-07
5.392993e-08
4.959546e-08
8.222548e-08
-2.395847e-08
-1.508850e-08
4.889979e-08
-4.212743e-08
-4.058809e-08
-1.507665e-08
-4.619835e-08
-1.443354e-08
3.242357e-08
-2.773129e-09
-5.291626e-08
2.123593e-09
-2.744414e-08
3.874235e-09
1.071256e-08
2.274155e-10
-4.361821e-09
1.891144e-09
-6.881901e-09
-1.476499e-08
-8.921011e-09
-1.685588e-08
1.527201e-07
6.026940e-08
4.203672e-08
6.300015e-08
-1.015747e-08
-1.455381e-08
1.125764e-07
5.218271e-08
5.244132e-08
4.157887e-10
-4.853455e-10
-2.327263e-10
3.604671e-10
4.237881e-10
3.528700e-10
-2.052012e-10
6.137454e-11
-7.866849e-10
-5.600304e-08
-3.237543e-08
1.165216e-07
-1.273524e-07
-9.040937e-08
3.653061e-08
-1.376304e-08
-1.127647e-09
6.178596e-08
-1.485326e-09
-8.135603e-10
-7.030104e-10
-6.615997e-10
-9.829294e-10
-1.109917e-09
-2.123947e-10
-7.842407e-10
-1.120392e-09
1.445143e-07
1.911071e-07
3.427126e-08
1.507049e-07
1.341778e-07
8.531033e-09
-2.262356e-08
7.480385e-09
-9.469024e-08
-4.772354e-08
-1.168042e-07
3.385446e-08
2.096749e-08
-4.048028e-08
6.949728e-08
8.868406e-08
1.045528e-09
5.617259e-08
1.632488e-07
1.799268e-08
5.334025e-08
8.326136e-08
-1.114068e-08
1.492443e-08
-4.996988e-08
-7.887977e-08
-4.244361e-08
1.601489e-07
2.089107e-07
6.256897e-08
3.394264e-08
8.887398e-08
-2.624167e-08
-5.524577e-08
3.923625e-08
-8.771740e-08
2.918202e-08
5.479932e-08
1.491191e-08
1.839494e-08
3.669992e-08
9.647748e-10
9.711097e-09
3.145579e-08
-3.081407e-09
2.755687e-08
-3.272365e-08
6.630964e-08
1.213983e-07
5.740365e-08
9.465221e-08
2.492372e-08
-7.278792e-08
6.319141e-08
-5.131825e-09
-4.571295e-09
-5.832531e-09
-5.039472e-09
-4.413564e-09
-4.954444e-09
-6.460430e-09
-5.762200e-09
-6.904187e-09
1.684735e-10
1.758852e-10
3.057147e-10
1.195789e-09
-5.111753e-10
-1.712129e-10
4.379302e-10
-5.039662e-10
-1.519224e-10
2.214218e-05
1.266163e-05
1.027605e-05
2.395625e-05
1.377325e-05
5.782337e-06
6.819145e-05
6.074801e-05
6.216398e-05
-1.096437e-03
1.968397e-02
-1.367934e-03
6.335258e-03
2.477763e-02
2.310845e-03
4.711813e-03
1.982243e-02
-5.307440e-03
-1.223693e-03
-2.991568e-04
-9.217060e-03
6.662551e-04
6.520867e-04
-8.478887e-03
5.625710e-03
1.262558e-03
-6.832515e-03
-4.637494e-03
-4.326399e-03
-4.611067e-03
-9.385824e-03
-1.036781e-02
-1.275298e-02
1.443507e-02
1.567455e-02
1.583673e-02
4.305179e-02
3.701822e-02
3.835482e-02
5.323432e-02
4.335945e-02
4.377891e-02
1.935563e-02
8.149791e-03
5.749670e-03
-6.420374e-10
-3.912851e-10
-1.245464e-09
7.685920e-10
5.162849e-11
-4.030655e-10
-2.021777e-10
-3.915566e-10
-1.016809e-09
3.065433e-02
3.104675e-02
2.156479e-02
-1.978626e-02
-2.839209e-02
-2.111979e-02
6.328106e-03
1.293155e-02
7.215928e-03
-7.624016e-10
-1.004030e-09
-6.888513e-10
-8.855275e-10
-1.472963e-09
-1.479202e-09
-1.551428e-09
-1.404930e-09
-9.756254e-10
-1.485895e-02
6.711624e-04
-8.104928e-03
1.983119e-02
2.505073e-02
2.485186e-02
2.160150e-03
6.801507e-03
9.385530e-04
6.523537e-04
2.967034e-03
1.287068e-03
-1.265188e-02
-2.437156e-02
-1.201447e-02
6.995469e-04
1.577034e-03
1.447625e-02
-5.820612e-03
-3.827839e-03
-4.356042e-03
1.857698e-02
1.964283e-02
2.017505e-02
-7.921833e-04
-6.689609e-03
1.854393e-03
-5.845743e-03
-7.853867e-03
-6.474289e-03
2.236363e-02
1.878251e-02
1.944787e-02
-7.086022e-03
-9.524065e-03
-1.077941e-02
5.088349e-08
2.250117e-07
-1.316067e-07
2.005011e-07
3.595517e-07
2.579999e-08
9.390488e-09
1.814623e-07
-1.676506e-07
1.982444e-02
1.820347e-02
1.637225e-02
-6.884221e-03
-6.589367e-03
-8.467031e-03
-9.912362e-04
1.820663e-03
-1.648019e-03
-2.771926e-10
8.290829e-11
8.423210e-11
-5.980807e-11
-8.894496e-10
-6.045492e-10
-6.842434e-10
-3.430978e-10
-4.028600e-10
-2.687102e-11
8.411989e-10
3.168385e-10
1.467752e-10
4.261414e-10
1.847020e-10
-2.354024e-10
5.331194e-10
-1.029962e-10
-2.783657e-10
-1.462561e-10
1.531902e-11
8.178446e-11
-4.236020e-10
2.599306e-10
6.210608e-10
-1.113737e-09
2.895264e-11
1.035317e-11
-4.721473e-10
-1.503803e-10
5.911934e-11
-1.340113e-10
-1.010882e-10
-3.929420e-10
-5.298842e-11
2.448253e-10
-4.644548e-11
1.049285e-09
-9.422985e-12
-5.139065e-10
1.673042e-11
-4.444197e-10
-5.242521e-10
-8.266248e-10
-3.104060e-10
1.550247e-12
-1.981861e-10
-8.632013e-10
2.165925e-10
-1.829342e-10
1.115819e-10
2.232182e-10
-2.829322e-10
-7.255520e-11
2.192872e-11
2.878851e-10
7.195701e-10
-6.666102e-11
-2.868319e-10
1.996734e-11
-3.581615e-10
-2.068346e-10
-2.787502e-10
-7.584031e-10
-2.166525e-10
-2.589288e-10
-1.060366e-09
-4.710289e-10
-6.006557e-10
-3.619623e-10
-7.182738e-10
-4.026529e-10
2.977258e-10
-3.153185e-10
6.015476e-11
6.486505e-10
5.032212e-10
-1.818005e-10
1.172887e-09
6.464768e-10
7.932548e-10
2.237299e-11
-4.337929e-10
-5.832430e-10
-5.028293e-10
-5.398304e-10
-1.904340e-10
-3.170342e-10
-8.733994e-10
-1.889200e-10
5.526282e-10
7.172972e-10
1.354500e-10
5.803230e-10
8.313196e-10
9.925488e-11
-1.190095e-10
-3.387117e-10
3.797593e-10
2.704590e-10
5.017329e-10
8.664173e-10
-3.383968e-12
4.592650e-10
3.150760e-10
4.424988e-10
-7.988456e-11
8.129321e-10
1.221752e-09
5.843411e-10
2.805084e-11
-1.184048e-09
2.233320e-11
6.460639e-10
-6.427278e-10
-3.508793e-10
-1.036369e-10
-3.769781e-10
4.762643e-10
8.422142e-12
-2.450241e-10
-5.878213e-10
1.732556e-10
-4.497774e-10
2.011521e-10
2.916719e-10
4.260607e-10
2.627426e-11
4.742559e-10
-7.615585e-10
-6.178235e-10
-5.489518e-10
-3.186163e-10
-2.287675e-10
-8.312511e-10
-5.243116e-10
-5.215881e-10
-7.743380e-10
-2.807364e-10
-4.130489e-10
-1.346898e-09
-7.239176e-10
-2.143657e-09
-1.234830e-09
-4.659945e-11
1.490277e-10
-3.296207e-11
7.541611e-10
-5.128974e-11
-1.355065e-10
-4.788963e-10
1.158417e-10
-1.744174e-10
-1.589593e-10
-6.053107e-11
-4.032722e-11
-4.174254e-10
3.631944e-10
8.818403e-11
-8.332138e-10
-4.410822e-10
1.441461e-11
-1.389396e-10
1.056862e-10
5.258327e-11
4.072903e-10
-6.549029e-10
-3.527550e-10
-8.924737e-10
-1.001789e-10
3.434241e-10
6.660403e-10
7.981643e-10
1.207595e-10
3.115109e-10
2.147558e-10
6.398482e-10
7.395036e-10
-2.130624e-10
-3.645815e-11
4.744969e-10
1.057404e-09
1.023543e-09
-2.509025e-10
6.297880e-11
9.844104e-11
-1.269442e-10
-1.328835e-10
-3.232122e-10
1.192009e-10
1.473714e-10
1.698801e-10
2.532761e-10
-4.355300e-10
-3.301352e-10
-4.520543e-10
1.960667e-10
1.180084e-10
-2.833120e-11
9.189182e-11
3.302046e-10
1.843771e-10
4.132417e-10
6.176385e-10
-2.103714e-10
-1.825556e-11
-3.059963e-10
-1.943509e-10
-2.756306e-10
-4.265577e-10
7.047928e-11
-5.170797e-10
-2.861366e-10
-9.039238e-10
-2.395102e-10
-4.472589e-10
1.399559e-09
3.711229e-09
-1.104696e-09
4.649904e-09
6.035090e-09
1.134328e-09
3.040090e-09
4.226196e-09
-1.457834e-09
-2.716492e-10
-4.975335e-10
-1.708750e-10
1.856356e-10
3.270512e-10
4.978763e-10
4.576937e-11
-5.310842e-10
-3.187971e-10
9.734504e-10
-1.022613e-10
3.228502e-10
8.003283e-10
3.269283e-10
-1.634290e-10
5.389618e-10
5.122744e-10
-2.998858e-10
-3.088494e-09
-1.664902e-09
-1.942957e-09
-4.325280e-10
-4.145114e-11
-1.972820e-10
1.226357e-10
5.044370e-10
1.146092e-10
-1.597339e-09
-8.195837e-10
-2.260592e-09
-5.294243e-10
-1.825980e-10
-2.190802e-09
3.135078e-10
1.628478e-09
-2.529544e-12
-5.699749e-10
1.005131e-10
-1.099192e-09
-1.594766e-10
2.008097e-10
-1.203501e-09
-1.408755e-09
-1.789266e-09
-3.062967e-09
3.265009e-10
8.977936e-11
-1.122559e-10
-2.279622e-10
5.766978e-11
9.244364e-10
-3.522315e-10
5.823331e-11
1.126703e-10
-4.680607e-09
-1.010091e-10
-3.796521e-09
-1.842630e-09
-2.137515e-10
-3.856196e-09
-2.395624e-10
2.324122e-09
-1.387709e-10
9.560739e-10
7.427657e-10
9.632826e-10
1.362493e-09
1.788797e-09
1.324473e-09
1.378704e-09
1.036533e-09
1.112559e-09
5.223731e-10
7.062073e-10
7.991481e-10
6.098363e-10
-7.776289e-11
4.277318e-10
8.116215e-10
2.478947e-10
6.846026e-10
-3.860523e-10
-1.251172e-09
-5.981851e-10
-4.261432e-11
-4.601488e-11
-1.728417e-10
-8.332468e-10
-6.726829e-10
7.504540e-11
5.127405e-10
6.773147e-10
5.066093e-10
1.117958e-09
3.773294e-10
5.006808e-10
1.826861e-09
1.188273e-09
2.985425e-10
-1.955224e-10
-1.093751e-09
-6.480401e-10
-2.301100e-10
-4.815855e-10
-1.017620e-09
-2.071099e-10
-8.709071e-10
-1.066570e-09
1.152746e-09
8.278276e-10
6.618142e-10
1.078345e-09
8.401314e-10
4.405347e-10
1.622062e-09
1.009788e-09
1.333608e-09
3.291066e-10
-5.938424e-11
6.494348e-10
6.187461e-10
6.203226e-10
3.023014e-10
3.044324e-10
5.232747e-11
-7.338465e-12
1.525945e-09
8.322184e-10
1.211003e-09
1.203525e-09
1.070525e-09
8.294885e-10
6.491786e-10
4.193523e-10
7.830259e-10
-2.275535e-09
-1.779569e-09
-5.268407e-10
-1.702410e-09
-5.369238e-10
8.053585e-11
-4.072601e-11
1.581795e-09
3.962905e-10
6.869903e-10
9.700762e-10
7.536504e-10
1.486331e-09
7.514151e-10
5.589855e-10
1.529957e-09
-3.273519e-10
1.002804e-09
-5.223025e-10
-1.796392e-10
-4.687497e-10
1.147692e-10
1.059895e-09
1.475425e-10
2.188290e-10
2.085967e-10
-1.556746e-10
-8.958220e-10
-8.481357e-10
-4.882631e-10
-1.011367e-09
-6.549888e-10
-7.193685e-10
-8.812471e-10
-9.515349e-10
-1.060213e-09
-1.630950e-09
-1.463383e-09
-1.976464e-09
-6.522722e-10
-1.115360e-09
4.604118e-11
-5.545604e-11
1.834381e-10
1.647345e-09
-7.921622e-10
-9.749099e-10
-1.138506e-09
-1.518208e-11
-5.726060e-10
-6.950263e-10
-4.053510e-10
-9.746282e-10
-6.722582e-10
1.226860e-10
-3.510274e-10
-4.396353e-10
-2.650376e-11
-7.336497e-12
-7.200981e-10
6.130882e-10
-6.451104e-10
2.192637e-10
2.391304e-09
1.916393e-09
2.020773e-09
2.422480e-09
2.292085e-09
2.744483e-09
1.263489e-09
1.194453e-09
1.379960e-09
-1.653507e-09
-2.165184e-09
-1.478181e-09
-2.257281e-09
-1.684685e-09
-2.184800e-09
-2.050223e-09
-2.020548e-09
-2.640529e-09
1.455987e-10
-3.410123e-11
-3.882175e-10
-5.703131e-10
-9.316730e-10
-5.881834e-10
-6.207274e-10
-1.054132e-10
1.032666e-10
-5.766423e-10
-7.615341e-10
-5.087223e-10
-4.256320e-10
-6.746386e-10
-4.733484e-10
-3.344034e-10
-7.240772e-10
-2.033528e-11
4.911980e-10
5.109490e-10
3.023793e-10
2.431815e-10
2.485181e-10
8.227753e-11
-1.971580e-10
7.240438e-11
2.217589e-11
-9.311264e-10
-8.215704e-10
-9.398671e-10
-1.013020e-09
-1.793946e-09
-9.976058e-10
-1.861078e-09
-1.063906e-09
-1.519197e-09
-7.905493e-10
2.636975e-10
-2.649316e-10
-1.159802e-10
3.180755e-10
5.418832e-10
-2.858980e-10
4.099096e-11
-2.909553e-10
-3.221864e-10
5.627870e-10
1.762215e-10
-5.557977e-10
-5.461238e-11
1.703403e-10
-2.212817e-10
-1.080664e-10
9.356897e-11
5.014394e-10
-1.749996e-10
6.172294e-10
2.184707e-10
-1.467473e-10
3.358080e-10
8.133716e-12
-7.079032e-11
3.810248e-10
1.314487e-09
1.500561e-09
3.125417e-10
7.190981e-10
5.956184e-10
7.227761e-10
1.538640e-10
6.143518e-10
-1.884768e-10
-4.973763e-10
-9.107808e-10
-8.401352e-10
-8.001687e-10
-1.217083e-09
-3.160536e-10
-1.368904e-09
-6.190362e-10
-6.206480e-10
3.058468e-10
8.991328e-10
3.887125e-10
6.971960e-10
9.251973e-11
1.188506e-09
7.095213e-10
9.739740e-11
3.995161e-10
1.372964e-09
7.523187e-10
5.454958e-10
1.850434e-09
1.659218e-09
1.921112e-09
1.868736e-09
3.621695e-10
8.137990e-10
-1.384359e-09
-1.521502e-09
-1.223303e-09
-1.487518e-09
-1.360954e-09
-1.384077e-09
-1.252886e-09
-6.375891e-10
-1.487297e-09
-6.048989e-10
-9.400319e-11
1.612469e-10
-1.253820e-09
-6.899919e-10
-6.587456e-10
-2.524782e-10
-1.296207e-09
-4.360436e-10
5.075738e-10
8.530519e-10
2.345365e-10
5.082055e-11
3.024946e-10
1.915594e-10
2.062724e-10
-1.916450e-10
7.482295e-10
6.528036e-10
1.192812e-10
4.348205e-10
1.153521e-09
6.610088e-10
5.163486e-10
6.175856e-10
1.095214e-10
2.844135e-10
-3.495155e-11
-5.350830e-10
-2.476203e-10
-2.737849e-10
-2.828601e-11
-6.834554e-10
-7.224108e-10
-9.633936e-10
-1.062287e-09
9.070073e-10
2.709966e-10
-1.961684e-10
-3.356018e-10
-1.127241e-10
-5.369044e-10
3.324599e-10
-6.731397e-10
-1.408660e-10
2.087336e-09
3.818722e-09
3.621942e-09
2.729741e-09
3.806663e-09
3.411342e-09
-1.263589e-09
-2.181367e-12
-1.196619e-09
5.640763e-09
2.177202e-08
2.348287e-08
-3.692974e-09
7.418361e-09
9.086031e-09
-8.216181e-09
6.944963e-09
8.717249e-09
7.737309e-09
-7.187638e-09
-1.174604e-08
6.661446e-09
-3.923320e-09
-9.375477e-09
4.092561e-09
-2.489508e-09
-5.358405e-09
4.536177e-09
3.747187e-09
2.912677e-09
2.119459e-09
2.147804e-09
-3.628327e-10
1.930377e-09
1.826748e-09
-1.150996e-09
1.230139e-08
1.589055e-08
1.316909e-08
1.129484e-08
1.125539e-08
8.861067e-09
7.286860e-09
8.784143e-09
1.712017e-09
-2.057313e-10
-5.947967e-10
4.034847e-10
-3.668999e-10
-4.299220e-10
-5.969290e-10
-8.566474e-10
-1.098065e-09
-1.279151e-09
8.935875e-09
9.183596e-09
1.504850e-08
-3.032676e-10
-3.396075e-09
3.876411e-09
-3.962080e-09
-5.271210e-09
-1.877620e-09
-5.086068e-10
-8.066497e-10
-5.054566e-10
2.872793e-10
-1.581670e-10
-1.207780e-09
-2.461643e-10
-1.005369e-09
-2.798727e-10
3.936110e-08
3.451559e-08
2.979647e-08
4.742199e-08
2.849557e-08
1.339037e-08
2.211089e-08
-3.217818e-09
-2.676137e-08
-2.176214e-08
3.787111e-09
5.930935e-09
-1.956868e-08
2.461713e-09
5.868123e-09
-2.858158e-08
-3.160534e-09
-7.285260e-09
1.075395e-09
1.185801e-08
-8.314714e-09
2.987415e-09
-5.120936e-10
-1.453944e-08
-1.318364e-08
-1.954314e-08
-4.845886e-08
4.356536e-08
2.800724e-08
3.019061e-08
2.415356e-08
8.552353e-09
-2.613656e-10
1.100909e-08
-2.911725e-09
-1.542489e-08
1.381099e-09
2.631816e-09
9.652286e-09
1.108692e-10
6.101040e-10
6.754681e-09
-1.699354e-09
-1.125909e-09
5.091356e-09
-2.623422e-08
-3.953641e-09
1.233662e-08
-2.632718e-08
3.477883e-09
1.001801e-09
-4.306034e-08
2.728722e-09
-1.731831e-08
2.225467e-10
8.631416e-10
5.773871e-10
9.991057e-10
1.601662e-09
8.180416e-10
7.031010e-10
7.723864e-10
8.599322e-10
-1.610419e-11
-1.752349e-10
5.308022e-10
5.335830e-10
-3.121276e-10
4.310026e-10
-1.975343e-11
-1.712144e-11
4.332205e-10
8.141344e-11
5.240997e-10
6.105749e-10
1.002426e-09
4.865377e-10
9.283992e-10
4.665269e-10
1.149802e-09
1.305359e-09
2.486036e-10
-8.343157e-10
2.529097e-10
2.814093e-10
1.212258e-10
2.449396e-10
-2.164247e-10
-6.557492e-10
5.881767e-10
6.919505e-10
1.154938e-09
5.658190e-10
4.053554e-10
1.503406e-09
9.316375e-10
3.059647e-10
1.070190e-09
7.816066e-10
2.412134e-10
-3.102481e-10
5.607965e-11
1.484287e-10
4.862930e-10
2.316534e-10
5.252189e-10
1.286325e-10
6.467841e-10
8.474387e-10
4.273964e-10
8.951339e-10
1.168390e-09
9.612502e-10
1.202141e-09
-4.025141e-11
-3.874984e-10
-1.021548e-10
-6.821350e-11
5.553982e-10
2.083585e-10
1.856113e-10
-4.288180e-10
-1.502018e-10
-6.216589e-10
5.274834e-10
-5.460876e-11
-1.161882e-10
-3.480884e-10
-6.168163e-10
-1.230529e-09
-3.599785e-10
-2.326114e-10
-9.269372e-10
-1.292372e-09
-1.199082e-09
-7.448251e-11
-2.375762e-10
-3.630680e-10
1.156017e-10
4.919801e-11
6.655885e-10
5.094178e-10
-3.426547e-10
5.187926e-10
3.236195e-10
6.040535e-11
4.076835e-10
3.690758e-10
2.238263e-10
5.470981e-10
6.893391e-10
5.210095e-10
1.873595e-10
-6.442830e-10
-5.451654e-10
-3.063727e-10
-5.343977e-10
-3.141837e-10
7.724541e-11
-7.284954e-11
8.169285e-10
4.500151e-10
3.377300e-10
2.443213e-10
-6.044197e-11
-1.103107e-09
1.860972e-10
-6.210518e-10
-2.974861e-10
3.722843e-11
-1.042726e-10
5.083517e-10
2.649744e-10
6.151336e-10
3.892141e-10
-5.495912e-10
5.258318e-10
1.986240e-10
2.805566e-10
3.184430e-10
-8.779873e-10
-3.353623e-10
-6.211440e-10
1.109287e-11
-2.739173e-10
-6.267146e-10
5.797954e-11
4.020408e-10
6.261844e-10
-3.842081e-10
8.218136e-10
-1.645074e-10
-9.355570e-10
-5.415960e-11
-5.762571e-10
8.016532e-10
5.318478e-10
-7.702003e-10
-8.245674e-10
-8.964165e-11
1.276339e-10
-1.549015e-10
4.933962e-11
1.680459e-10
-3.390727e-10
-3.445372e-11
2.453645e-10
5.127212e-11
-3.381325e-10
-2.582344e-10
-3.541231e-10
-5.661831e-10
-2.117805e-10
-1.596752e-10
-9.710248e-10
-5.411911e-10
3.000860e-12
5.240166e-10
3.238109e-10
5.588387e-11
4.576555e-10
3.738897e-10
-7.096356e-11
3.971419e-10
1.812362e-10
-7.568358e-10
-5.085063e-10
-5.388837e-10
-3.772955e-11
-1.643201e-10
-4.829511e-10
-5.329824e-10
-1.057930e-09
-3.774134e-10
-3.277147e-10
6.675203e-11
6.138645e-10
3.226928e-11
-1.575744e-11
5.959099e-10
-7.380381e-11
7.093156e-10
1.139194e-10
1.777270e-10
-2.517129e-10
-3.633492e-10
6.763083e-10
-7.988652e-10
4.130409e-10
-7.353701e-10
-1.849932e-10
-2.705447e-10
-3.780783e-10
2.277100e-10
2.059069e-10
1.589488e-10
9.097213e-11
-8.032656e-11
-4.520527e-10
-1.077620e-09
-9.428558e-10
-9.987228e-11
-2.717747e-10
-5.679670e-10
-7.703875e-10
-8.723022e-10
-9.009947e-10
-4.187876e-10
-5.193665e-10
-1.193926e-09
4.250350e-10
-1.625786e-10
7.059128e-10
-1.507244e-09
-7.350031e-10
-6.869273e-10
-2.494070e-09
-1.847912e-09
-2.190482e-09
7.933968e-11
-4.335994e-10
-5.479070e-10
4.215835e-10
1.253406e-10
-3.730398e-10
-1.129981e-09
8.504862e-11
-2.831157e-10
5.836372e-10
5.355980e-10
-3.937495e-10
7.034527e-10
5.837255e-11
-2.079234e-10
2.907173e-10
-3.864132e-10
-1.096970e-09
-4.502345e-11
-1.792695e-10
3.212557e-10
4.748371e-10
8.304609e-10
8.572633e-10
4.278179e-10
8.766499e-10
1.753119e-09
-1.456435e-09
-4.092409e-11
-6.747379e-10
-6.525037e-10
-5.737493e-10
-7.565755e-10
-1.818215e-09
-1.186385e-09
-6.217780e-10
-1.700234e-09
3.617176e-11
3.796580e-10
3.850109e-10
4.025810e-10
9.922777e-10
4.713833e-10
9.546567e-10
8.396970e-10
-6.723934e-10
2.065642e-10
7.154061e-10
7.501642e-11
2.432455e-11
8.225609e-11
1.691523e-10
2.122411e-10
3.698064e-10
2.739589e-09
2.081194e-09
2.479965e-09
2.725375e-09
3.767886e-09
3.186919e-09
3.429057e-10
7.186940e-10
3.375311e-10
-8.393226e-09
-5.158054e-09
-8.842141e-09
-9.207568e-09
-5.420006e-09
-8.414006e-09
-8.557400e-09
-6.020488e-09
-7.926627e-09
3.747877e-10
2.694951e-10
3.257237e-10
2.300966e-10
-4.682290e-10
1.009776e-11
6.402734e-11
-5.359173e-10
-5.737109e-10
2.092188e-05
1.989088e-05
2.887224e-05
-2.091811e-05
-2.330215e-05
-1.870247e-05
4.942427e-05
5.058798e-05
6.286144e-05
-2.674098e-02
1.195532e-01
-1.687375e-02
-5.857591e-03
1.030978e-01
2.201560e-03
8.159826e-03
1.197955e-01
-1.326285e-03
-4.810311e-02
-3.676843e-03
2.015709e-02
-4.766248e-02
7.457069e-03
-3.348982e-04
-2.650886e-02
1.576808e-02
6.720866e-03
3.449683e-02
3.493105e-02
4.184645e-02
-3.212708e-02
-3.064312e-02
-3.316678e-02
-7.719526e-03
-2.890120e-03
-4.303429e-03
9.711222e-02
5.646616e-02
4.389302e-02
9.910847e-02
6.548946e-02
5.900832e-02
5.096593e-02
4.785791e-03
-6.943693e-03
-9.232045e-10
-8.278942e-11
-1.138217e-09
7.865519e-10
2.014308e-09
6.721835e-10
5.500144e-10
1.442970e-09
3.052059e-10
-1.272582e-02
-1.109399e-02
2.641802e-02
-3.930882e-02
-1.199598e-01
5.384049e-02
8.173119e-02
6.844337e-02
7.121863e-02
-2.864810e-09
-1.808310e-09
-1.823035e-09
-2.275048e-09
-2.066100e-09
-2.553992e-09
-2.898606e-09
-2.128094e-09
-2.421202e-09
7.707966e-03
8.893728e-02
-3.171601e-02
5.144521e-02
1.096533e-01
5.803401e-02
-3.556017e-02
7.132341e-02
-4.324615e-02
8.028391e-04
2.421052e-02
2.186936e-02
-3.445289e-02
-1.119734e-01
-1.314160e-03
2.743058e-02
3.754084e-02
2.383594e-02
-2.131885e-02
-4.672348e-03
-7.884699e-03
5.913490e-02
4.241325e-02
3.699270e-02
-1.484635e-02
-6.819922e-04
-4.504928e-04
-1.546747e-02
4.558642e-02
-3.353154e-02
1.022604e-02
5.856959e-02
9.109915e-04
-1.684103e-02
4.579441e-02
-2.889025e-02
-5.792796e-08
6.868012e-07
-1.019616e-07
2.631023e-07
9.261017e-07
2.470605e-07
6.417965e-08
8.019211e-07
-2.061723e-08
-9.721560e-05
-2.134705e-03
3.006927e-02
5.836230e-04
1.370446e-02
2.759537e-02
-3.426250e-02
-1.576795e-02
-2.324197e-02
3.743275e-10
-9.331012e-12
-3.423436e-11
-3.454822e-10
-3.882106e-10
-2.976153e-10
-5.518749e-10
-7.420271e-10
-5.741548e-11
3.628137e-10
1.101158e-10
-2.142881e-10
4.510166e-10
-5.450187e-11
7.586030e-11
2.630922e-10
-4.349590e-10
8.263728e-11
8.289302e-10
2.740722e-10
5.676388e-10
4.279962e-10
-8.177644e-11
4.452042e-10
3.092293e-10
2.462621e-10
-3.419306e-10
-8.858606e-10
-4.697778e-10
-7.368709e-10
4.299307e-10
3.903696e-10
2.934225e-10
-4.040004e-10
3.972556e-10
-2.922274e-10
-6.929172e-10
-1.361469e-09
-2.733537e-10
-8.915185e-10
-1.882571e-10
-1.757951e-10
-9.055790e-10
-8.126937e-10
-1.145588e-09
-1.191892e-09
-4.595259e-10
-1.010040e-09
-1.183288e-09
-4.117878e-10
-1.260206e-09
-7.512420e-10
-1.234044e-09
-1.144214e-09
9.279439e-10
1.013268e-10
-7.088941e-10
4.363059e-10
-6.246988e-11
2.717878e-10
-3.719747e-10
-4.006431e-10
9.849013e-11
-2.825241e-10
-3.495166e-12
3.964574e-10
-4.927474e-10
-2.617866e-10
8.316784e-10
-2.148241e-10
-1.399511e-11
-5.820198e-10
-1.057072e-09
-2.997881e-09
-4.823315e-09
1.252664e-10
-2.623421e-09
-4.586521e-09
-5.931561e-10
-2.624524e-09
-3.872030e-09
-7.404163e-11
-9.219585e-11
-4.895492e-10
-6.441399e-10
-1.241764e-10
-5.895128e-10
-7.324797e-10
-6.111944e-10
-6.864095e-10
-7.008618e-10
-1.101469e-09
-8.179025e-10
-7.309285e-11
-4.744812e-10
-1.095793e-09
-2.155676e-10
-1.215126e-10
-4.816708e-10
1.684376e-10
-8.361872e-11
1.577060e-09
-1.498534e-09
-5.782649e-10
1.624273e-09
-2.285734e-09
-2.075031e-09
4.897464e-11
1.609944e-09
1.938467e-10
-1.817258e-09
1.514737e-09
1.341576e-09
7.809669e-11
3.756183e-09
1.428826e-09
1.217674e-09
-1.833708e-09
-2.898215e-10
5.652060e-10
-2.487391e-09
-1.134503e-09
-3.617312e-10
-1.606235e-09
-4.554022e-10
7.548815e-11
-5.944796e-10
-7.175033e-10
-9.796579e-10
-4.298268e-10
-3.057417e-10
-1.262715e-10
-3.745744e-10
-6.276319e-10
-5.955125e-10
-1.276624e-09
-9.055509e-10
5.404780e-10
8.886318e-10
-4.013755e-09
1.824955e-09
1.148340e-09
-2.090807e-10
-5.437858e-10
7.027723e-10
6.509991e-10
1.298834e-09
1.175676e-09
1.400605e-09
1.088652e-09
1.302672e-09
1.665053e-09
1.417618e-09
1.094150e-09
1.568912e-10
1.443297e-10
3.129494e-10
5.736407e-10
1.537410e-10
4.211398e-10
1.011032e-10
7.750228e-10
5.185322e-10
3.490910e-10
1.166362e-09
7.198599e-10
8.656385e-11
9.617013e-10
6.659123e-10
-3.802958e-11
8.890992e-10
4.128809e-10
4.162130e-10
6.298905e-10
-3.369450e-11
-5.763245e-10
-2.340436e-10
8.566393e-10
-2.867919e-11
6.800914e-10
8.266416e-10
7.590998e-10
3.919179e-10
9.733935e-10
1.018108e-09
4.486669e-10
7.723942e-10
1.140364e-09
1.450491e-09
-3.162836e-10
-4.872434e-10
-5.202366e-10
-7.271818e-10
-1.984679e-10
-8.988780e-10
2.088136e-10
3.936693e-11
-2.346951e-10
2.727185e-10
1.355310e-09
6.996347e-10
7.665216e-10
1.258964e-09
2.869733e-10
1.089857e-09
1.050734e-09
8.285359e-10
-6.056026e-10
-3.934822e-10
-4.945805e-10
-1.053694e-09
-7.358600e-10
-4.940955e-10
-6.983041e-10
-6.381300e-10
-2.931104e-10
-1.643611e-10
-7.571595e-10
-4.435718e-10
-5.666984e-10
-4.830982e-10
-4.026056e-10
2.285333e-10
1.710707e-10
-8.927537e-11
3.617061e-10
-2.454244e-10
-2.606797e-10
-4.896945e-10
-5.884174e-10
-8.708587e-10
-6.964145e-10
-9.165780e-10
-5.600535e-10
1.180037e-09
4.579560e-10
5.128251e-10
1.089312e-09
3.211706e-10
1.803180e-10
5.273269e-10
6.010632e-11
-6.641808e-10
-1.348088e-09
-6.969176e-10
-1.749503e-10
-1.502212e-10
5.292571e-12
6.884258e-10
-2.329145e-10
-4.752578e-11
-3.768250e-10
8.748018e-10
7.466081e-10
2.867329e-10
-2.589002e-11
-8.439726e-10
-1.208965e-09
6.503734e-10
-4.082179e-10
5.506193e-10
1.533474e-09
1.700228e-09
2.050002e-09
1.513489e-09
1.403559e-09
1.148127e-09
2.165517e-09
1.100103e-09
1.158816e-09
-8.456173e-10
-6.849602e-10
-5.594193e-10
-5.449404e-10
-1.021355e-09
-7.773556e-10
-9.437332e-10
-8.557909e-10
-6.902826e-10
-5.133587e-10
-3.306662e-10
3.503825e-11
-1.018347e-10
-2.407761e-10
-9.891715e-10
1.269897e-09
-1.777643e-11
-1.112834e-09
-4.384508e-10
-3.809638e-10
4.496557e-11
-4.172961e-10
-3.554380e-10
-5.974482e-10
-4.116929e-10
-8.273079e-11
-1.234608e-09
1.985619e-10
-1.282167e-09
-5.940163e-10
4.552452e-10
-2.229591e-10
-9.650848e-10
1.213065e-10
-6.425004e-10
3.322718e-11
2.494448e-09
2.506103e-09
1.286438e-09
3.987611e-09
3.794601e-09
3.046184e-09
3.959103e-09
3.174814e-09
1.509815e-09
5.789716e-09
3.473499e-09
7.263953e-09
5.253331e-09
3.014775e-09
6.807469e-09
2.388002e-09
-4.352551e-10
2.122767e-09
6.615268e-10
-2.057419e-10
-1.527740e-10
1.555774e-09
2.315620e-10
-1.133964e-09
1.588973e-09
4.034431e-10
-2.724661e-09
1.395375e-09
1.094416e-09
-2.567123e-10
1.763535e-09
1.220099e-09
-1.111717e-09
2.108039e-09
7.971068e-10
-1.240352e-09
1.988134e-09
2.590266e-09
1.960737e-09
3.404163e-09
4.495675e-09
4.273418e-09
1.103246e-08
1.111782e-08
7.980683e-09
2.913138e-10
-1.019997e-09
-9.086601e-10
-1.663176e-10
-9.381184e-10
-2.901465e-10
7.160263e-11
-1.106862e-09
-7.759716e-10
2.840856e-09
2.654566e-09
6.584299e-09
-1.202528e-09
9.166601e-10
5.029720e-09
2.932438e-10
2.243944e-09
7.057025e-09
-3.069452e-10
-2.733540e-10
-1.388274e-10
4.107490e-10
-6.183082e-10
1.330734e-10
-1.044853e-10
-3.588394e-10
3.924052e-10
4.587766e-09
7.830080e-10
-4.690472e-09
1.255354e-08
8.739676e-09
5.015270e-09
1.085994e-08
6.007607e-09
3.871915e-10
-6.768874e-09
-2.467009e-09
-1.937269e-09
-4.911222e-09
8.991977e-10
1.665404e-09
-1.102492e-09
5.755100e-09
8.923582e-09
-3.326135e-09
-8.193343e-09
-1.025476e-08
1.017470e-09
-8.946494e-10
-2.796265e-09
-6.133352e-09
-1.098015e-08
-1.314182e-08
1.278209e-08
7.910687e-09
1.391331e-09
1.744817e-08
1.170657e-08
6.422856e-09
7.216690e-09
9.639737e-10
-7.603249e-09
1.585850e-09
1.571112e-10
4.956340e-10
3.084540e-09
1.009105e-09
1.855638e-09
3.194498e-09
5.824725e-10
8.948499e-10
-5.413521e-09
4.111745e-10
-6.492121e-10
2.953769e-09
1.013744e-08
9.273999e-09
-1.121574e-08
-4.007615e-09
-8.931070e-10
-1.046708e-09
-7.517307e-10
-5.792407e-10
-5.302883e-10
-3.297044e-10
-8.893322e-10
-6.535410e-10
-4.504884e-10
-1.129221e-09
-3.043142e-10
-2.860512e-10
3.790734e-10
-2.173458e-10
-5.791672e-10
-9.507512e-11
5.553853e-10
3.374072e-10
-1.235865e-10
-3.381156e-10
6.327580e-11
1.153342e-09
-2.890511e-10
-1.134006e-10
3.985415e-10
-6.331680e-10
-8.524092e-10
2.341385e-10
-1.549308e-10
-4.286632e-10
-1.464947e-10
-5.706786e-10
-2.341580e-10
-6.550762e-10
-7.215297e-10
-7.766131e-11
5.809818e-11
4.289182e-11
-5.798127e-10
-5.549501e-11
-3.834177e-10
-4.075597e-10
-2.850069e-10
-9.428255e-10
-8.495591e-10
-1.025324e-09
3.036978e-10
-2.123089e-10
-6.886022e-10
-7.826550e-10
-2.494216e-10
-9.293776e-10
-5.343270e-10
-5.438415e-10
-5.526847e-10
-2.837252e-10
-1.161529e-10
-3.722730e-10
-2.229958e-10
-2.495017e-10
9.680279e-10
-6.254042e-10
-3.559512e-10
8.671712e-10
6.352811e-10
-5.900622e-10
-1.593021e-10
-2.532820e-10
-6.262785e-10
-7.792194e-10
-5.376327e-10
-4.300303e-10
1.648984e-10
6.309591e-10
-6.029888e-10
5.371609e-10
7.407856e-10
-6.212259e-10
7.755219e-10
3.055771e-10
-6.559397e-10
3.916925e-10
-1.558744e-10
-4.499632e-10
3.191845e-10
-8.205984e-10
-1.075779e-09
-9.336208e-11
-6.184362e-10
-6.144943e-10
-1.819214e-10
5.890688e-10
-3.326031e-11
4.196236e-10
-2.020348e-10
-2.799150e-10
-1.429573e-10
-6.116787e-10
-4.748469e-10
-5.585127e-10
1.338316e-10
-5.005855e-10
-5.616833e-10
1.859707e-10
-4.692904e-12
-2.403365e-10
-5.164635e-10
-1.691043e-10
-3.629058e-10
7.305495e-10
-5.863798e-10
-7.696196e-10
-1.068842e-09
-1.727365e-09
-6.572953e-10
-6.507290e-10
-5.264563e-10
-8.655039e-10
-6.009401e-10
-9.641067e-10
-8.835260e-10
-1.147972e-09
-9.874227e-10
-4.238719e-11
-9.068900e-10
-1.009405e-09
2.673634e-11
-4.626698e-10
-3.147165e-10
-5.619135e-12
-3.219754e-10
-2.905793e-10
-2.495322e-10
-1.154922e-09
-1.338988e-09
-9.573687e-10
5.717044e-10
-5.343012e-10
8.144802e-10
3.246942e-10
-5.080643e-10
7.910718e-10
1.131451e-10
-5.133850e-10
1.123585e-10
