-1.860673e-01
-1.696124e-01
-1.268821e-01
-1.770059e-01
-1.901534e-01
-1.848549e-01
-1.832428e-01
-1.836557e-01
-1.364719e-01
-1.835668e-01
-1.919643e-01
-1.300002e-01
-2.011598e-01
-1.372689e-01
-1.784800e-01
-1.494408e-01
-1.602085e-01
-1.769347e-01
-1.881238e-01
-1.989918e-01
-2.163832e-01
-2.023397e-01
-2.186632e-01
-1.771215e-01
-1.350441e-01
-3.513238e-01
-2.962422e-01
-1.682001e-01
-1.802891e-01
-1.421608e-01
-1.704547e-01
-1.713573e-01
-2.201810e-01
-1.958699e-01
-1.701791e-01
-2.725108e-01
-1.431016e-01
-1.290114e-01
-1.884785e-01
-2.000037e-01
-2.553316e-01
-1.939185e-01
-1.941831e-01
-1.752653e-01
-1.864368e-01
-1.558724e-01
-1.669039e-01
-2.172147e-01
-2.064310e-01
-1.251885e-01
-1.216647e-01
-1.231456e-01
-1.676995e-01
-1.926234e-01
-1.478851e-01
-1.622045e-01
-2.204799e-01
-2.123384e-01
-1.698464e-01
-2.968238e-01
-1.027884e-01
-1.361417e-01
-2.026217e-01
-1.987851e-01
