-1.857822e-09
1.081513e-01
-1.158165e-01
1.103210e-02
-5.413564e-02
3.140423e-03
-1.344685e-02
-4.085176e-02
-3.501985e-02
-1.250471e-02
2.178231e-02
-7.554641e-02
2.206988e-02
-1.667504e-02
-1.357413e-01
-3.983547e-02
-2.868504e-02
-4.668336e-02
2.653355e-02
1.634226e-02
3.084350e-02
-9.771872e-02
-6.126186e-03
2.128040e-02
-1.839004e-01
-8.771681e-02
-3.842277e-02
-7.205336e-02
-8.498431e-02
-1.243420e-02
-4.617844e-02
-2.198351e-02
-3.130030e-02
-4.394912e-02
-5.052633e-02
-2.489855e-02
-1.070235e-01
-1.500071e-01
-1.890104e-01
1.724805e-02
-1.088134e-02
6.946065e-03
-1.228469e-01
-1.528004e-02
-1.828307e-02
3.617335e-03
4.922366e-03
2.833005e-02
-1.383649e-01
-2.835074e-02
-3.581879e-03
-1.447191e-02
1.783061e-02
-1.687591e-01
1.814488e-02
-3.779147e-02
-8.681624e-02
-1.295591e-01
-2.944058e-02
1.109958e-02
-7.811324e-03
2.251948e-02
2.878919e-03
-4.897293e-02
