-1.272612e-02
-3.958201e-02
-3.028263e-02
-1.708665e-02
-3.445728e-02
-1.655802e-02
9.797376e-03
-1.338662e-02
-2.496449e-02
-1.058188e-02
-1.057544e-02
-4.754883e-02
1.236198e-02
-2.282790e-02
-1.948943e-02
-6.303468e-02
4.789218e-03
-7.156440e-03
-1.130573e-02
-5.555130e-03
-1.543097e-03
-2.318317e-02
-1.578246e-02
-2.008970e-03
-1.669368e-02
-1.084538e-02
-1.538925e-02
-3.479711e-03
-2.939250e-02
-1.159838e-02
-7.320005e-03
-1.062986e-02
-1.576361e-02
-2.274562e-02
-9.788451e-03
-1.859271e-03
-2.342101e-03
-1.542814e-02
-9.318482e-03
-2.132459e-02
-9.772295e-03
-2.167418e-02
-1.720083e-02
-3.857270e-02
-4.922506e-02
-3.030054e-02
-2.151909e-02
-2.956334e-02
-2.306402e-02
-3.375594e-03
-1.325489e-02
-1.271951e-03
4.507097e-03
-3.027518e-02
-9.029238e-03
-2.631267e-02
-2.893221e-02
-2.717627e-02
-5.662573e-03
-2.035334e-02
-5.161062e-03
-7.415596e-03
-1.136938e-02
-2.034336e-03
