7.860722e-10
7.924831e-10
5.894227e-10
5.355460e-11
4.935878e-10
3.913471e-10
7.360749e-10
2.262275e-10
9.020795e-11
4.591218e-10
1.633534e-10
7.312132e-11
3.531159e-10
-1.179161e-11
-2.050119e-10
4.653823e-10
1.390379e-10
3.999039e-12
1.259306e-09
6.289027e-10
1.074087e-09
7.353604e-10
6.107579e-10
2.349820e-10
6.147347e-10
8.381801e-10
1.413022e-10
1.360034e-09
8.461865e-10
6.843147e-10
1.103793e-09
2.079354e-10
4.634391e-10
8.317175e-10
3.467687e-10
-2.239613e-10
6.143124e-10
7.517197e-10
5.151678e-10
1.839452e-10
4.903395e-10
5.393425e-10
3.736784e-10
3.246858e-11
5.075228e-10
-6.595250e-10
-3.608707e-10
9.011496e-11
-2.411740e-10
2.026256e-10
-6.246872e-10
-4.183706e-10
5.463915e-10
-4.180377e-10
-9.066813e-10
-2.049931e-09
-1.568819e-09
-1.274871e-09
-1.276558e-09
-2.018036e-09
-7.059048e-10
-6.308516e-10
-1.410975e-09
-6.699915e-10
-3.000513e-10
-3.265283e-10
-1.214640e-09
-6.920522e-10
-4.579710e-10
-4.126044e-10
-5.133919e-10
-1.043313e-11
2.925979e-10
5.421736e-10
8.174106e-10
4.054226e-10
6.735597e-10
-1.604218e-11
5.544031e-10
3.053817e-10
3.015939e-10
-9.518734e-10
-7.644691e-11
-1.358577e-09
-1.225954e-09
-1.035110e-09
-9.403266e-10
-5.887580e-10
-7.952944e-10
-3.119075e-10
8.415880e-10
1.089869e-09
4.225745e-10
6.725990e-10
9.324211e-10
1.192266e-09
6.117810e-10
5.826486e-10
2.288179e-10
1.415611e-09
1.640703e-09
8.230697e-10
1.547463e-09
1.264190e-09
1.325642e-09
1.526243e-09
6.671125e-10
1.244916e-09
8.428081e-10
-4.278350e-10
9.733486e-10
2.392481e-10
3.140000e-10
4.444525e-10
4.017011e-10
3.404750e-10
5.751683e-10
2.123401e-10
1.923265e-11
-4.158965e-10
2.487695e-10
-2.617521e-10
-7.037092e-10
2.684624e-10
7.420775e-11
-7.243257e-10
8.791503e-10
5.320471e-10
-6.237195e-10
5.796912e-10
7.323573e-10
3.803477e-10
9.168525e-10
9.512957e-10
5.912391e-10
3.939373e-10
4.521758e-10
8.137238e-10
5.042087e-10
6.299432e-10
-1.616597e-10
5.898481e-10
4.429676e-11
3.201503e-10
-1.219946e-09
-3.742722e-10
-1.542071e-10
-6.504963e-10
-1.388479e-09
-7.441204e-10
-1.039666e-09
-2.267031e-10
-7.090916e-10
-1.036059e-10
3.075100e-10
-2.058217e-10
2.605763e-10
-1.081329e-10
-3.648761e-10
3.710430e-10
5.070467e-10
-3.613614e-10
2.238777e-09
1.603985e-09
1.281710e-09
-1.065773e-09
-1.629649e-09
-1.199301e-09
-2.634862e-09
-2.655218e-09
-2.357685e-09
3.067397e-09
1.943284e-09
1.936288e-09
7.307729e-10
3.066485e-10
-3.955618e-10
4.616955e-10
-9.271718e-10
-1.673396e-09
1.920618e-11
6.744609e-10
1.925251e-10
6.418882e-10
4.483500e-10
-3.264052e-10
4.048992e-10
1.616040e-10
4.863426e-10
1.099902e-09
7.220164e-10
4.461854e-10
5.290635e-10
9.194148e-10
-2.081811e-10
1.160166e-09
1.076652e-09
3.802019e-10
4.967513e-10
4.007045e-10
3.796993e-11
1.938129e-10
-5.500850e-10
4.794670e-10
3.987174e-10
-9.738155e-11
2.474131e-11
-4.517682e-10
-1.272474e-10
-3.345515e-10
-7.119819e-10
-5.995063e-10
-8.331286e-10
-1.806645e-10
-5.158657e-10
-2.309406e-10
8.619556e-10
5.188482e-10
7.932943e-10
-4.285250e-10
-4.853631e-10
4.018401e-10
-1.626366e-09
-1.362429e-09
-2.037533e-09
-2.116153e-10
-1.166014e-09
-8.817342e-10
-7.282508e-10
-8.127874e-10
-7.495234e-10
-1.281942e-09
-6.466745e-10
-1.720441e-09
-1.726850e-11
5.675429e-10
7.051248e-11
4.289040e-11
5.031774e-10
1.254408e-10
2.865904e-10
-9.090707e-11
1.006449e-10
3.154151e-10
-1.242977e-09
-1.021066e-09
-2.019899e-10
-2.192407e-09
-2.590560e-09
-9.552590e-10
-2.812332e-09
-2.994020e-09
-5.593921e-10
3.189907e-10
2.948438e-10
-3.683011e-10
-2.821978e-10
9.902620e-11
-2.949868e-10
6.389034e-11
-1.990793e-10
-1.168274e-09
-1.225788e-09
-1.107985e-09
-8.657099e-10
-1.294343e-09
-1.308069e-09
-9.828239e-10
-1.480851e-09
-1.439244e-09
4.854394e-10
4.168830e-10
8.538339e-10
-1.075080e-09
-1.843994e-09
-1.650755e-09
1.014972e-10
3.469628e-10
-2.560319e-10
-2.482882e-10
7.615341e-10
-3.241899e-10
9.305988e-10
-2.565390e-10
3.347406e-10
-1.210007e-10
-1.150952e-10
-5.294447e-10
-1.318947e-09
-8.460256e-10
-8.319175e-10
-9.119321e-10
-4.753605e-10
-7.871441e-10
-4.558552e-10
-6.746386e-10
-4.353405e-10
-3.679984e-10
-9.904211e-11
5.112000e-10
1.081322e-10
-2.344466e-10
-4.214862e-10
-5.968404e-10
-4.569149e-10
-3.500398e-10
6.260558e-09
7.079403e-09
9.382243e-09
-7.494612e-09
-5.851191e-09
-4.572778e-09
3.235901e-09
4.295130e-09
5.922457e-09
-3.954132e-05
-3.023620e-05
-4.803467e-05
-2.152062e-05
-1.658097e-05
-4.187859e-05
1.572323e-06
8.651824e-06
-2.172652e-05
1.203443e-11
-7.785748e-11
-6.603242e-10
-1.710202e-10
1.839966e-10
-6.218377e-10
-1.064605e-10
5.241317e-10
2.671175e-10
1.612566e-10
2.737669e-10
-6.955038e-11
3.435121e-10
7.385028e-10
-4.704003e-10
-1.992809e-10
4.122199e-11
-3.461504e-10
5.337712e-11
5.795625e-10
1.414946e-10
5.082316e-10
4.073258e-10
5.347579e-10
1.670146e-10
-5.184140e-10
6.967923e-10
3.181011e-10
4.846258e-10
3.816782e-10
3.672479e-10
2.060731e-10
-4.441531e-11
2.971924e-11
5.599662e-10
7.396848e-13
3.921264e-09
3.497885e-09
3.528896e-09
-5.426167e-09
-5.773380e-09
-4.882395e-09
-4.614443e-10
-8.292073e-10
6.160998e-10
-5.753006e-10
-1.433631e-10
-2.040296e-10
-2.591428e-10
-4.262046e-10
7.729772e-12
-2.369018e-10
-1.311462e-10
-2.267632e-10
2.559394e-10
-1.384523e-10
-3.181517e-10
-3.056410e-10
-1.086079e-09
-1.990072e-10
-5.591883e-10
-1.171965e-09
-6.127974e-10
-2.429385e-05
-1.758692e-04
-2.114197e-04
-2.118016e-05
-2.009491e-04
-2.106134e-04
9.278947e-05
-5.995171e-05
-1.206511e-04
-7.804032e-10
-7.359582e-12
-1.840044e-10
6.761067e-10
1.752328e-10
-3.364687e-10
-4.543622e-10
-2.999072e-10
2.933646e-10
-6.293597e-10
-4.528236e-10
-8.540137e-10
-4.644084e-10
-1.049419e-09
-2.582206e-11
-7.711841e-10
-8.618560e-10
-8.501117e-10
-2.716023e-10
1.625047e-10
8.931063e-10
5.052831e-11
8.573892e-11
8.928202e-10
5.426150e-10
1.238169e-09
1.622216e-09
-3.475888e-10
1.492869e-10
9.651227e-11
3.883650e-10
5.631340e-10
1.825503e-10
3.717650e-10
2.765331e-11
-4.111135e-10
4.568801e-10
-1.073945e-09
-2.392307e-09
1.259870e-09
6.382144e-10
-6.246746e-10
4.426569e-09
3.927447e-09
1.413950e-10
5.631543e-11
-7.529711e-10
-4.006895e-10
3.492517e-10
3.367892e-10
-1.958873e-10
-3.103730e-10
-4.820123e-11
-3.640924e-10
5.134998e-08
1.053394e-07
-3.477296e-08
3.877149e-08
7.834844e-08
-3.959669e-08
5.673442e-08
9.257359e-08
-2.795638e-08
-5.959722e-03
-1.952909e-02
-6.289877e-03
-6.315189e-03
-1.814749e-02
-4.380609e-03
-7.767789e-03
-1.811811e-02
-7.309479e-03
7.182283e-11
-2.071943e-11
-8.088599e-11
4.385701e-10
2.545257e-10
-2.433458e-10
8.088024e-11
4.976586e-10
5.713413e-11
1.224383e-09
4.423279e-10
-8.190251e-10
6.652680e-10
-1.209436e-10
6.423131e-11
-3.984449e-11
-7.776504e-10
-6.043184e-10
-5.575632e-10
-1.107549e-09
-1.699681e-09
-1.397131e-09
-4.416793e-10
-5.127954e-10
-1.497175e-09
-1.650035e-09
-5.975927e-10
1.385660e-10
-3.163085e-10
8.031174e-10
1.461338e-10
-3.839803e-10
-3.170013e-10
5.604558e-10
2.778402e-10
4.438356e-10
2.499088e-08
1.802470e-08
-9.174441e-09
1.195834e-08
6.704506e-09
-1.612380e-08
2.124591e-08
1.647030e-08
-4.282045e-09
-3.943952e-10
-9.611569e-11
-5.567984e-10
-7.869543e-11
-4.454474e-10
-3.354820e-10
1.384394e-10
9.035481e-11
4.275814e-11
-1.776146e-10
-4.675895e-10
-8.521640e-10
-7.954860e-10
2.746966e-10
-3.513433e-10
-2.972087e-10
1.415371e-10
4.583298e-11
-1.646397e-02
5.225505e-02
-1.142496e-02
-8.425399e-03
5.772222e-02
-2.972072e-03
-2.529672e-02
4.567740e-02
-1.587505e-02
2.162442e-10
1.016201e-09
7.069611e-10
1.260295e-10
6.930884e-10
3.230735e-10
-4.513877e-10
6.891025e-10
5.455743e-10
-1.172286e-09
-3.354505e-10
-1.778316e-09
-9.682315e-11
8.750353e-10
-8.816027e-10
-1.706379e-10
6.241526e-10
-9.019415e-10
-1.243398e-12
9.703061e-10
-3.679122e-09
4.583858e-09
3.665936e-09
2.364334e-10
1.204669e-09
2.935753e-09
-1.299031e-09
6.720853e-10
-6.629180e-11
4.879428e-10
2.569978e-10
-2.246013e-10
4.319293e-11
-1.024934e-10
8.367276e-10
-2.032164e-10
1.813974e-10
-3.049524e-10
-1.498524e-09
2.270235e-10
1.681827e-09
1.053868e-09
2.016873e-10
2.082903e-09
1.600270e-09
-4.030726e-10
3.547488e-11
-1.505493e-10
2.957082e-10
-4.872315e-10
-2.821127e-10
5.524162e-10
2.756534e-10
1.018414e-09
7.415279e-08
8.808512e-09
4.051803e-08
8.252522e-08
8.778223e-09
9.016192e-09
-1.956665e-08
-8.107930e-08
-5.732672e-08
-8.861668e-04
-3.728104e-03
-4.501963e-03
-7.630912e-03
-1.065572e-02
-1.038940e-02
1.582997e-02
1.245911e-02
1.175904e-02
-1.080164e-10
1.449891e-10
-2.187709e-10
-7.128965e-10
1.214130e-10
-2.397380e-10
-8.492208e-10
-2.114211e-10
1.574643e-10
-3.695287e-10
-1.407198e-09
3.266436e-10
8.745928e-10
-6.377606e-10
1.107196e-09
-7.958117e-10
-1.268353e-09
5.046253e-10
8.951157e-10
1.669189e-09
1.235712e-09
7.001490e-11
1.548105e-09
4.246718e-10
5.829758e-10
5.121647e-10
1.439962e-09
-3.760075e-10
3.310431e-10
-2.781418e-10
-3.358638e-10
-3.690053e-11
5.069698e-10
-1.248086e-10
3.285369e-10
4.820023e-10
-4.861379e-09
2.837408e-10
-2.038939e-08
-8.210376e-10
5.615994e-09
-1.283760e-08
-7.434424e-09
3.356904e-09
-1.380136e-08
2.166650e-10
8.126789e-10
3.430819e-10
1.378556e-10
1.278464e-09
2.281138e-10
2.681374e-10
1.005610e-10
2.757445e-10
1.413758e-09
1.688248e-09
1.611785e-09
7.686518e-10
6.725638e-10
1.128400e-09
5.725901e-10
7.395060e-11
-5.336915e-11
4.864518e-03
-7.987714e-03
2.106661e-02
-3.014833e-02
-4.299844e-02
-1.382337e-02
3.211906e-02
1.434276e-02
4.240882e-02
1.228044e-10
-3.614901e-10
-7.419440e-11
-8.251506e-11
1.482413e-10
-3.731563e-10
-1.045752e-09
-1.121730e-11
-1.126921e-09
1.141560e-10
-4.371615e-11
2.321104e-10
1.484160e-09
1.652614e-09
1.240580e-09
9.418536e-10
8.965136e-10
9.381496e-10
-1.146891e-09
-4.306383e-09
-4.499440e-09
-4.791477e-09
-5.562676e-09
-6.495734e-09
-1.510319e-10
-2.165847e-10
-2.773825e-10
-7.757279e-10
-6.450985e-10
4.405272e-10
-4.493409e-10
2.881461e-10
-1.947721e-10
-1.006700e-09
1.649447e-10
-6.701970e-10
7.825808e-10
6.868058e-10
-1.591293e-10
3.193185e-10
7.816708e-11
-6.482064e-10
-3.513129e-10
-1.607651e-10
-2.789553e-10
6.492323e-10
-1.642485e-10
2.035620e-10
-8.301277e-10
-3.385444e-10
-7.130571e-10
-1.816700e-10
-4.607995e-10
4.386178e-10
-1.411443e-08
3.836925e-09
-1.067370e-08
-4.144018e-09
1.193703e-08
-1.276043e-09
1.407333e-08
2.571298e-08
1.613799e-08
-1.175590e-03
-5.815396e-03
-8.355629e-03
4.817422e-03
-1.233408e-03
7.886952e-04
5.317268e-03
-1.654255e-03
-4.637441e-03
2.995488e-10
3.861246e-10
-1.007127e-11
-3.379857e-10
-4.705835e-10
3.914369e-10
-8.126256e-10
2.248576e-10
-2.985732e-10
-6.428957e-10
-2.604256e-10
-4.656310e-10
-1.621947e-10
4.850574e-11
-7.813895e-10
-5.021554e-10
-3.360139e-10
-1.980350e-10
-4.811136e-11
-4.794143e-10
3.300259e-10
-1.174185e-10
-7.289686e-10
-4.653949e-10
-6.130519e-10
3.430095e-10
3.175141e-11
-6.693454e-10
-6.200482e-10
-7.264095e-10
-6.290181e-10
-6.495494e-10
-6.632265e-11
-5.284529e-10
6.767470e-12
-7.174519e-10
1.844981e-09
2.857359e-09
4.274070e-09
4.284301e-10
1.412349e-10
1.994064e-09
2.303241e-09
-1.476591e-09
1.963731e-09
-4.710180e-10
-2.701132e-10
-5.719842e-10
-1.317908e-10
-6.764606e-10
-6.151009e-10
-4.401828e-10
-2.191019e-10
-6.628689e-10
-1.151065e-11
-4.246199e-10
-2.041124e-10
-7.069209e-10
-1.322748e-09
-8.206751e-10
-4.182995e-11
-3.654242e-10
-4.436854e-10
-4.643114e-03
1.773602e-02
-8.610453e-03
2.912802e-02
4.747271e-02
4.750094e-02
2.707003e-02
5.110718e-02
4.826035e-02
-5.229605e-10
-4.602941e-10
4.530130e-10
-1.147884e-10
-9.280828e-10
4.267908e-10
2.148241e-10
-3.994003e-10
-6.484051e-11
7.785194e-12
-1.061624e-09
-6.269076e-10
-3.827856e-10
-7.897056e-10
-9.503421e-10
2.215019e-10
-3.800372e-10
-7.786523e-10
7.183636e-10
8.164118e-10
1.132116e-09
-1.400961e-10
-3.356676e-10
-2.025544e-10
8.121191e-10
5.530951e-10
9.178527e-10
-4.666649e-10
-3.070325e-10
-4.828742e-10
1.687346e-10
-2.438324e-10
-2.834602e-10
-1.598785e-10
-2.134464e-10
1.859353e-10
-1.343269e-09
-4.681005e-10
-1.841995e-09
2.250282e-10
3.682856e-10
-3.330544e-10
2.564073e-10
1.744924e-10
7.954117e-10
6.990796e-10
5.578212e-10
6.265429e-10
1.029679e-09
4.814599e-10
6.436860e-10
8.051204e-11
3.941469e-10
1.155982e-09
-7.164091e-08
-6.932768e-08
-5.556068e-08
-5.484523e-08
-3.579824e-08
-1.529504e-08
-1.457645e-07
-1.134593e-07
-9.957367e-08
8.061049e-03
8.137871e-03
8.846653e-03
1.069248e-03
2.196673e-03
4.326256e-03
-1.187595e-02
-1.227605e-02
-1.132161e-02
7.650437e-10
-1.036667e-10
1.574466e-10
8.148286e-10
1.323903e-10
6.968366e-10
7.944213e-10
6.826960e-10
2.784063e-10
3.984375e-10
7.329331e-10
1.034148e-09
-5.883870e-11
7.195344e-11
1.155177e-09
8.520447e-10
8.135341e-10
1.083668e-09
5.601129e-10
6.814210e-10
5.240278e-10
-7.076216e-10
2.637368e-10
2.787553e-10
4.723016e-10
4.812683e-10
-2.766993e-10
8.531295e-10
4.757308e-10
5.872163e-10
2.631065e-10
1.429975e-10
2.687495e-10
2.730439e-11
3.073884e-10
2.622595e-10
8.487098e-09
-1.228064e-08
-8.616118e-09
1.453362e-08
-7.108011e-10
-2.676546e-09
-1.892693e-08
-3.422367e-08
-3.730439e-08
1.493620e-10
1.004062e-10
-3.100474e-10
-3.463519e-10
4.061202e-11
-2.676107e-11
-4.817960e-10
-5.901134e-10
-1.123868e-09
1.361928e-10
-3.299905e-10
6.269237e-10
-2.360826e-10
-5.462826e-10
-1.284119e-10
-2.314658e-10
-3.582387e-11
-2.594769e-10
4.440447e-02
2.949577e-02
1.680931e-02
1.264098e-02
6.168869e-04
-6.737059e-03
8.655675e-03
-5.666533e-03
-1.525748e-02
-5.031344e-10
-1.510451e-09
-1.257747e-09
-3.320857e-10
-2.521764e-10
-4.841371e-10
9.081980e-11
-5.332881e-10
-1.003487e-09
1.272688e-10
-5.803695e-10
-2.782879e-10
-9.013503e-11
-3.645304e-10
-3.396480e-10
-2.642101e-10
-7.126277e-10
-7.297164e-10
-5.215078e-09
-5.176421e-09
-7.055520e-09
-1.105785e-08
-9.676304e-09
-9.514991e-09
-9.830224e-09
-8.355960e-09
-8.956653e-09
-2.012711e-10
1.948461e-10
6.859596e-10
7.957906e-11
2.882213e-10
6.316760e-10
3.436047e-10
3.356672e-10
3.059295e-10
-1.135074e-09
-5.179223e-10
-9.066036e-10
-7.024473e-10
-5.874823e-10
-7.654979e-10
-1.159088e-09
-3.223478e-10
-1.202171e-09
4.057147e-12
1.745324e-10
1.891355e-10
-2.269005e-10
-7.439151e-10
-6.162869e-10
-3.482670e-10
1.328122e-11
7.615715e-11
-1.906078e-09
-2.815685e-09
-2.094075e-09
-1.828955e-09
-1.997578e-09
-8.102098e-10
-1.471000e-09
-2.104690e-09
-1.845008e-09
-1.355688e-09
-1.431416e-09
-1.502446e-09
6.488983e-10
-1.284905e-10
3.032080e-10
1.618142e-10
-1.559334e-09
-1.184512e-09
-1.903512e-10
4.177904e-10
1.194086e-10
-1.197848e-10
4.703450e-11
-4.356498e-10
3.006840e-10
3.449464e-11
-9.288964e-11
-3.124637e-10
3.902987e-10
3.500382e-10
-4.312032e-10
1.399838e-10
6.061641e-11
9.901376e-11
-2.857702e-10
1.768311e-10
-2.678023e-10
-4.390342e-11
-8.694529e-10
-4.477207e-10
-1.047546e-09
-2.535479e-10
-4.934076e-10
-2.559034e-10
-1.969332e-10
-4.494456e-10
-9.825746e-10
-2.927644e-10
-4.527469e-10
-3.092661e-10
-7.342529e-10
-1.112393e-09
-1.277646e-10
-8.137831e-10
1.227632e-10
-5.301005e-10
-6.013178e-10
-5.378040e-10
1.995092e-10
-6.579737e-10
-2.133670e-10
-2.198856e-10
-1.746855e-10
-1.570246e-09
-1.904885e-09
-1.041126e-09
-1.620552e-09
-1.671701e-09
-2.010590e-09
-1.592164e-09
-2.015573e-09
-1.607502e-09
-8.280875e-10
-1.373705e-09
-6.269821e-10
-6.880342e-10
-5.162208e-10
-8.571278e-10
-1.640743e-10
-3.533277e-10
-4.294834e-10
3.808929e-10
-5.871812e-10
-1.629643e-09
-6.045077e-10
-5.480735e-10
-9.859751e-10
-1.651250e-10
-1.122567e-09
-1.372737e-09
-1.905083e-10
3.438024e-11
-3.993516e-10
7.105305e-11
9.955937e-11
-1.992159e-10
5.611447e-10
-3.745314e-10
6.295140e-10
-1.761473e-09
-1.499271e-09
-1.064125e-09
-1.666235e-09
-1.376714e-09
-1.001655e-09
-1.626808e-09
-1.050122e-09
-1.243568e-09
-8.794437e-10
-6.178834e-11
-2.996859e-10
-4.820173e-10
-1.264839e-10
-8.848046e-10
-2.270160e-10
-5.001736e-10
-7.428247e-10
1.242834e-10
-6.087834e-10
-3.638189e-10
-6.631815e-10
-4.352457e-10
-5.293750e-10
-2.470131e-11
-1.229711e-10
1.150110e-10
-3.503678e-10
-1.592805e-09
-1.367956e-10
-2.226591e-09
-5.001441e-09
-2.349395e-09
-1.230215e-09
-3.899054e-09
-3.010796e-09
1.333751e-09
1.051975e-09
9.777623e-10
9.262899e-10
9.003612e-10
1.861442e-10
9.579169e-10
1.516072e-10
4.134292e-10
-1.737682e-07
-4.412582e-08
9.850547e-09
-8.974348e-08
-1.834581e-08
-3.448110e-08
-8.456016e-08
5.429253e-09
-2.702400e-09
-2.600529e-03
1.016915e-02
-1.156826e-02
4.334425e-02
3.394262e-02
2.848765e-02
-1.196426e-02
-1.778400e-02
-3.004592e-02
5.532460e-10
2.216021e-10
9.717669e-10
6.103516e-11
1.116767e-09
1.076297e-09
-7.660675e-10
6.764026e-12
2.538344e-10
-3.262313e-09
-1.233920e-09
-4.353031e-10
-5.839653e-10
2.283409e-09
2.181909e-09
4.132523e-10
1.663938e-09
1.028177e-10
1.723753e-10
2.854285e-10
-9.657176e-10
6.615212e-10
1.241600e-09
-2.145772e-10
-1.045404e-09
3.622992e-10
-1.231236e-09
5.727703e-10
9.609655e-11
1.605743e-10
4.780017e-10
4.370259e-10
2.979620e-10
2.499702e-10
2.331742e-10
-2.638610e-10
-2.043140e-08
1.069058e-08
-7.251737e-09
-1.235463e-10
1.786455e-08
-9.318208e-09
-1.756884e-08
-8.163637e-09
-2.827897e-08
-1.017072e-11
-3.451457e-10
-3.624803e-10
1.003138e-10
-1.373037e-10
1.701237e-10
-3.091939e-11
-6.051963e-10
-1.421561e-10
3.412516e-10
6.533752e-10
1.637120e-09
1.341677e-09
8.233762e-10
2.077801e-09
1.848740e-09
8.828143e-10
2.889839e-09
-1.715261e-01
4.213538e-02
-8.781043e-02
5.140050e-02
2.144421e-01
1.479191e-01
-8.847427e-02
5.346029e-02
-2.518353e-02
-6.035361e-10
-4.198744e-10
2.377458e-09
6.517099e-10
1.338974e-09
3.685741e-09
-1.277383e-09
1.387318e-09
2.073319e-09
-7.940797e-10
-6.263144e-10
-1.137746e-09
-3.340711e-10
-7.471789e-10
-1.768933e-09
-3.747062e-10
-8.336160e-10
-7.756298e-10
-3.558691e-09
-3.680896e-09
-7.379340e-09
-1.015854e-08
-7.613325e-09
-7.522781e-09
-5.551736e-09
-3.091147e-09
-3.555937e-09
-1.973396e-10
4.646615e-12
-7.212705e-10
-1.900824e-10
9.910225e-11
3.264391e-11
-5.793113e-11
-6.036499e-10
-1.252951e-09
4.434283e-10
6.136808e-10
2.912483e-10
6.418907e-10
-2.178498e-10
3.801141e-10
-1.852804e-11
2.782803e-10
4.355681e-10
-4.346152e-10
-6.053715e-10
1.453240e-11
-3.795706e-11
-6.443152e-10
-5.710902e-10
5.493673e-11
-1.931887e-10
-1.023139e-09
8.672090e-10
1.259022e-09
5.767207e-11
7.969748e-10
6.371502e-10
4.302086e-10
8.745928e-10
8.523453e-11
9.611566e-11
1.052230e-09
8.767082e-10
1.439872e-09
1.352822e-09
2.270943e-10
5.388087e-10
8.610039e-10
-2.097856e-10
3.271929e-10
-1.770041e-10
4.330525e-11
9.381056e-11
6.802481e-10
7.229166e-10
3.918558e-10
2.955982e-10
2.979852e-11
1.300928e-10
6.126836e-10
-4.893213e-11
3.274386e-11
-1.492436e-10
3.329081e-10
3.554240e-10
1.074353e-10
-1.889298e-10
8.218021e-11
-5.257151e-10
-3.360037e-10
-1.490327e-10
4.897587e-10
1.831860e-10
-1.726393e-10
-7.262347e-11
5.846054e-10
-2.341265e-10
-6.415384e-10
-5.335334e-10
-3.977571e-10
-1.189856e-10
2.272852e-10
-4.436014e-10
-3.752798e-10
3.026444e-10
-5.539674e-10
9.523096e-10
5.860276e-10
1.984445e-11
6.290325e-10
-1.292621e-10
6.736116e-10
2.621588e-10
1.666615e-10
6.396340e-10
5.776211e-10
-1.074878e-10
-4.183214e-11
4.217577e-10
2.149937e-10
1.572318e-10
8.332138e-10
-4.952464e-10
1.034936e-10
1.431178e-11
3.114637e-10
8.402856e-10
7.280637e-10
7.419410e-10
-4.238946e-11
1.054823e-11
1.638040e-10
3.233346e-10
-4.680724e-10
-4.012063e-10
1.871596e-10
-1.573040e-10
2.161534e-10
5.680917e-10
1.342565e-09
2.146757e-10
-3.495656e-10
-7.109903e-10
3.040207e-10
-1.778915e-10
-7.705352e-10
-8.285060e-10
-1.090075e-09
-3.476664e-10
-7.607008e-10
-7.097011e-10
8.585448e-10
3.878058e-10
1.249176e-09
6.543390e-10
8.614175e-10
3.314654e-10
4.974319e-10
7.036734e-10
3.043737e-10
-6.413317e-10
6.600165e-10
7.926311e-10
9.147514e-10
3.537116e-11
8.943239e-10
5.409951e-10
7.101744e-10
5.989659e-10
8.958606e-10
7.528937e-10
-8.710847e-11
4.707009e-10
1.389198e-10
2.530999e-10
2.464409e-10
1.618247e-11
-8.550662e-11
4.225289e-09
3.542082e-09
1.163120e-09
1.845807e-09
1.209174e-09
-1.241527e-09
-1.755175e-09
-2.654277e-09
-4.022332e-09
4.835198e-10
3.547709e-10
2.437876e-11
4.999416e-10
-3.751215e-10
-3.355019e-10
-2.780936e-10
2.954841e-10
4.539878e-10
1.179411e-07
9.710097e-08
2.514817e-08
7.878187e-08
7.664826e-08
1.016347e-08
3.602452e-08
3.638012e-09
-4.402238e-08
1.069241e-02
2.159490e-02
7.853285e-03
3.613316e-02
4.094577e-02
3.554047e-02
1.951382e-02
3.169984e-02
2.008797e-02
1.033584e-10
-8.900092e-10
1.633195e-10
4.295038e-12
-4.509877e-10
3.891727e-11
4.162818e-10
3.946545e-10
-3.257366e-10
-9.768044e-10
-9.173466e-10
-1.082379e-09
-8.020467e-10
-9.850102e-10
-1.362186e-09
-1.930226e-09
-1.465455e-09
-5.108476e-10
-3.495988e-10
-7.268868e-10
-4.051137e-10
-7.194553e-10
-5.104833e-10
-1.254495e-09
-7.782027e-10
-6.809558e-10
-4.549475e-10
5.441027e-10
-5.593640e-10
7.877157e-11
-3.389298e-10
4.955152e-11
5.572006e-10
3.391565e-10
-2.662248e-10
1.965488e-10
1.253484e-08
2.411890e-08
1.522375e-08
2.904808e-09
2.078513e-08
1.117214e-08
-9.919951e-09
1.384803e-08
-9.302153e-09
4.297977e-11
3.270655e-10
-8.874498e-10
-3.478482e-10
5.213633e-10
-2.498845e-10
-6.140974e-11
5.400543e-10
-5.212223e-10
-7.374125e-10
-4.776867e-10
-9.314233e-10
1.821632e-10
-7.635871e-11
-3.325459e-10
6.866828e-10
-1.061164e-10
-1.293827e-11
-6.660689e-03
1.149773e-02
-1.261949e-02
6.996730e-02
4.576097e-02
6.020170e-02
1.347954e-02
3.350748e-02
-7.702773e-04
-5.497381e-11
1.152473e-09
4.491134e-10
-2.103736e-09
-4.162849e-10
-4.050890e-10
-6.503739e-10
2.108108e-10
3.245569e-10
5.070501e-10
1.865308e-10
1.803086e-10
-9.512463e-11
5.170726e-10
5.651364e-10
-5.421180e-10
-3.316520e-10
-1.033715e-09
1.296881e-08
9.841058e-09
4.699306e-09
2.568636e-09
5.681156e-10
-4.559788e-09
9.453479e-09
6.835804e-09
1.617016e-09
-3.073823e-10
3.842533e-11
-2.165928e-10
2.702621e-10
-4.857280e-11
3.600638e-10
7.837248e-12
-2.994814e-10
-2.778169e-10
5.178811e-10
-9.013570e-10
-1.151769e-09
-5.742976e-10
-7.354284e-10
-1.652773e-09
-2.414620e-10
-2.687720e-10
4.229079e-10
-2.549065e-10
-5.073914e-10
-2.685935e-10
-8.864710e-10
3.580414e-10
-8.918972e-10
-9.522814e-11
-5.718965e-10
-6.179811e-10
-5.683704e-08
-1.052269e-08
-1.672780e-08
6.800710e-08
9.530697e-08
6.109875e-08
1.869886e-08
5.286974e-08
3.187765e-08
-4.624466e-03
6.237164e-04
-7.943468e-03
2.458864e-02
2.582918e-02
2.875447e-02
-7.826172e-03
-8.800261e-03
-6.370468e-03
-9.917424e-11
-2.377817e-10
-2.141566e-10
-9.589012e-11
-4.758213e-10
-3.181794e-10
5.072980e-12
-7.069056e-11
-3.732693e-10
-1.441565e-10
7.520655e-10
-1.562385e-10
1.245475e-10
6.146591e-10
2.900103e-10
3.482102e-10
9.413448e-10
5.707748e-10
-3.107599e-10
1.447537e-10
-8.462237e-10
3.459357e-10
-2.003111e-10
-7.345760e-10
-4.584676e-10
-5.840840e-11
-8.029588e-10
-9.959868e-11
2.165415e-10
3.454605e-10
-1.849871e-10
-6.034329e-10
-1.016380e-10
3.220230e-10
9.008181e-11
-6.103012e-10
-2.804147e-08
-1.640808e-08
-2.758249e-09
-2.080346e-08
-5.787601e-10
9.999694e-09
-1.051948e-08
5.215615e-09
1.101773e-08
-8.819005e-11
-7.247096e-10
-1.115458e-09
-2.117814e-10
-4.960128e-10
-2.554577e-10
-5.260770e-10
3.364674e-10
-4.580963e-10
-8.292889e-10
-2.742109e-10
-1.478030e-10
6.216371e-10
1.554730e-09
4.969222e-10
1.053533e-09
7.639274e-10
1.172777e-09
-8.651579e-02
1.987100e-02
-7.943588e-02
2.886475e-02
1.093890e-01
6.198933e-02
-1.540550e-02
3.602606e-02
-7.668429e-03
-8.281972e-10
-8.135433e-10
-1.369885e-09
1.420975e-10
-2.744963e-11
-4.243657e-10
-4.118293e-10
-8.554157e-10
-1.630260e-09
4.005595e-11
7.202118e-10
5.161421e-10
-5.642520e-11
4.466874e-11
-1.759612e-10
-4.495868e-10
-3.137128e-10
-5.020946e-10
-5.729144e-10
-7.608216e-10
-2.689414e-09
-3.613496e-09
-4.771901e-09
-6.382569e-09
2.605042e-09
1.568151e-09
2.923563e-10
3.619307e-10
4.312374e-10
-7.613497e-11
1.414347e-10
3.575264e-10
1.007043e-10
5.072820e-10
-2.192092e-10
-2.801826e-11
-2.095379e-09
-3.001457e-11
9.916460e-10
-1.392428e-09
1.023280e-09
1.867342e-09
4.579710e-10
6.497122e-10
4.387589e-10
6.919980e-10
5.666323e-10
1.104225e-09
5.378388e-10
-3.306421e-10
1.029233e-09
6.028156e-10
8.024633e-10
1.837386e-09
1.213928e-07
1.439165e-07
-7.710167e-08
-8.319818e-08
-5.872557e-08
-1.834708e-07
-6.002931e-08
5.260828e-08
-6.642205e-08
4.806349e-03
2.925143e-03
-2.452511e-03
-1.910270e-02
-1.415191e-02
-1.415513e-02
7.644096e-03
9.356978e-03
7.448282e-03
3.292146e-10
7.070478e-10
3.450166e-10
-3.334119e-10
-3.268419e-10
-8.513721e-10
2.120993e-10
-4.330886e-10
8.657723e-10
-1.641039e-09
2.689074e-09
7.864104e-10
1.322570e-09
1.127821e-09
-1.394830e-09
3.665976e-10
-3.782789e-09
-7.352301e-11
-2.295985e-10
-4.565964e-10
-6.188197e-10
-6.866536e-11
1.783829e-10
-5.301171e-10
3.593877e-10
-3.498194e-11
-1.012354e-10
1.276639e-10
2.736673e-10
2.638340e-10
-3.588805e-10
3.049336e-10
-4.957845e-10
7.074123e-10
2.988853e-10
-2.481426e-11
2.226894e-08
1.920887e-08
3.249659e-08
-7.858967e-09
-1.331796e-09
-1.870205e-09
-2.136732e-08
-1.038558e-08
1.647805e-08
-9.972378e-10
-1.147500e-09
-6.175924e-10
-3.458880e-10
-6.362306e-10
-4.023739e-10
5.564088e-10
-6.126145e-11
7.106513e-10
4.358156e-10
8.810997e-11
-6.608837e-10
-1.263782e-11
-3.641923e-10
-8.169156e-11
9.020070e-10
2.090857e-09
2.542770e-09
1.730194e-02
2.557290e-02
-1.223244e-02
-4.589736e-02
-2.943866e-02
-3.785025e-02
3.447248e-02
3.454750e-02
2.145585e-02
-6.239551e-11
1.516433e-10
4.857092e-09
-1.349481e-09
-3.482679e-10
6.262651e-10
-2.794882e-09
-2.630619e-11
-1.968216e-10
-1.007772e-09
-1.069954e-09
-1.118271e-09
-1.089132e-09
-1.027955e-09
-1.315578e-10
8.597800e-10
-2.151424e-10
3.989806e-10
3.891496e-09
-1.869395e-09
-9.557810e-10
-2.893295e-09
-6.165015e-09
-7.734702e-10
2.421965e-09
-2.639923e-09
4.160132e-09
-3.345494e-10
2.060885e-10
8.557737e-10
2.016984e-10
4.634794e-12
-5.411046e-10
7.930717e-10
6.434461e-10
-7.020633e-10
2.200745e-09
1.142898e-09
2.038658e-09
-1.391218e-09
-3.407390e-10
3.342019e-10
2.319083e-11
1.293838e-09
2.067826e-10
9.520728e-11
-6.159567e-10
5.384057e-10
-1.512624e-12
-2.790525e-10
9.263935e-11
4.069763e-10
-1.289493e-10
8.273869e-10
4.840850e-08
1.591775e-07
3.488356e-08
-1.654374e-08
7.083643e-08
-2.364635e-08
8.863093e-08
8.047349e-08
-4.128454e-08
-4.231242e-03
3.279372e-03
1.811907e-03
4.155226e-02
3.850163e-02
4.258800e-02
2.935070e-02
2.952048e-02
3.225342e-02
-7.772932e-10
3.660084e-10
-1.853824e-10
-3.704303e-10
1.283430e-10
9.861412e-11
-1.601914e-10
-1.338234e-10
-5.584004e-10
-2.754448e-09
-1.337101e-09
-2.901280e-09
-2.989745e-09
-1.727941e-09
-3.695069e-09
-2.184534e-09
-1.276470e-09
-2.852552e-09
-5.974122e-10
-1.333692e-09
-1.560877e-09
-1.244406e-09
-1.358028e-09
-2.037859e-09
-7.238596e-10
-7.819806e-10
-1.215402e-09
3.949733e-10
-8.084831e-11
6.548511e-11
2.169879e-10
-2.524303e-11
1.561427e-10
5.761594e-10
8.674066e-10
8.597312e-10
5.473168e-08
1.965920e-08
-1.662000e-11
2.381226e-08
-1.051411e-08
-2.709028e-08
1.224168e-08
-2.684843e-08
-1.946991e-08
5.658413e-10
-3.301409e-10
3.680098e-10
-5.599262e-10
3.229445e-10
-8.102072e-11
6.224329e-11
-5.779327e-10
5.894580e-10
5.716786e-10
3.620955e-10
3.275964e-10
9.734909e-11
-1.380027e-10
-4.116616e-10
-1.670653e-10
3.536017e-11
4.101906e-10
3.015488e-03
6.292664e-02
2.520542e-02
1.239367e-02
3.807911e-02
2.778254e-02
1.044631e-02
5.834713e-02
4.112142e-02
1.886006e-09
9.383238e-10
7.846734e-10
5.534941e-10
1.833151e-10
-1.057109e-09
-1.327493e-09
1.765952e-10
-2.941649e-09
-4.894496e-10
-9.236386e-10
-1.138565e-10
-3.250622e-10
-6.543078e-10
1.287588e-10
3.442676e-10
-8.083305e-10
-4.714046e-10
7.673811e-09
9.803870e-09
7.577695e-09
-1.562249e-09
-8.160705e-10
1.570220e-10
-2.954934e-10
9.563382e-10
1.635312e-09
8.365041e-10
4.349271e-11
-1.098609e-10
1.024814e-10
1.121839e-10
-2.503336e-10
9.949807e-11
3.841283e-10
-2.025211e-10
-1.883492e-10
-4.018453e-10
-5.396034e-10
-4.459236e-10
-4.140829e-10
-5.639809e-10
-6.963512e-10
-5.235625e-10
-2.641931e-10
4.261097e-10
5.927147e-10
2.824188e-10
1.263918e-10
2.158135e-10
-1.260038e-10
-9.452585e-11
-2.190959e-10
-1.259369e-10
7.001260e-09
3.911120e-09
2.247863e-08
8.638879e-09
1.577259e-09
2.219537e-08
1.661876e-09
-3.236875e-09
2.014497e-08
1.828768e-07
-1.882206e-07
1.599807e-07
2.077961e-07
-1.589105e-07
2.048352e-07
3.450424e-08
-3.287490e-07
4.845978e-08
2.068833e-10
7.810407e-10
3.157387e-10
4.373469e-10
3.764638e-10
-3.080301e-10
4.538546e-10
1.056056e-09
-4.145818e-11
1.928657e-10
-8.076181e-11
9.151021e-10
-1.331186e-10
1.544852e-10
-4.678410e-10
3.418841e-10
1.016722e-09
1.947118e-10
4.644261e-11
-2.115325e-10
-6.383996e-10
-3.555031e-10
7.487557e-10
7.717468e-10
3.379109e-10
-6.357357e-11
6.159256e-11
2.137849e-10
4.763461e-10
-5.464327e-10
1.758707e-10
7.061052e-10
-1.040445e-11
2.091703e-10
5.114904e-10
-4.820226e-10
7.391450e-10
-1.962431e-09
-4.061414e-11
1.323758e-09
-8.717775e-10
1.171082e-09
1.147528e-09
-2.394663e-09
4.283529e-10
-5.183741e-10
1.553912e-10
-2.762121e-10
-1.092842e-09
-6.548783e-10
-1.069344e-09
-2.759251e-10
-5.251386e-10
-2.485273e-10
5.749709e-11
9.201003e-11
5.322709e-10
3.951447e-10
3.476664e-10
-1.168706e-10
2.287584e-10
9.705809e-11
-5.818274e-10
2.552908e-07
-3.880494e-07
1.199957e-07
3.091666e-07
-3.957252e-07
2.224842e-07
3.148373e-08
-7.993282e-07
-1.298312e-07
-1.169528e-11
1.830113e-11
-4.017615e-10
3.104343e-10
8.410206e-10
-5.099648e-10
3.329022e-10
7.653267e-10
-2.445054e-10
-7.033309e-10
-1.688268e-10
-5.320898e-10
-8.085383e-10
-3.365614e-10
-5.237888e-10
-6.765492e-10
-7.187091e-10
-5.592087e-10
-1.092737e-09
-1.903026e-10
-2.022920e-09
-1.281323e-09
-2.364448e-10
-2.650129e-09
-9.703368e-10
-7.183893e-10
-2.663335e-09
-1.937918e-10
2.138357e-10
5.380615e-10
2.780846e-10
7.994500e-10
5.967279e-10
3.913414e-10
7.033587e-10
3.446428e-10
2.760081e-09
9.673095e-10
1.996410e-09
8.782712e-10
-7.291234e-10
2.298151e-09
-8.997918e-10
-2.128551e-09
8.719418e-11
7.291972e-10
-7.749339e-11
2.987372e-10
5.828577e-10
2.712913e-10
3.516887e-10
-2.161544e-10
-2.370925e-10
4.029479e-10
4.439972e-08
8.354688e-08
-1.330571e-08
-6.621476e-08
-4.165528e-08
-1.076532e-07
8.115961e-08
8.011740e-08
-1.294051e-08
-6.357006e-03
-4.813626e-03
-1.831530e-03
-7.180392e-03
-4.717686e-03
-3.827660e-03
1.531564e-02
1.597799e-02
1.698169e-02
6.044605e-10
4.636899e-10
7.543040e-10
1.080423e-09
4.035191e-10
6.096397e-10
1.089455e-09
7.715862e-10
-2.576460e-10
-1.566973e-09
2.332593e-09
-1.867143e-10
-3.870874e-09
2.217962e-09
8.831788e-10
-5.526282e-10
2.068067e-09
7.468752e-10
6.303926e-10
3.882625e-10
-4.340409e-10
8.885479e-10
4.125080e-10
-4.508384e-11
1.927808e-09
1.151891e-09
3.038308e-10
6.594850e-10
-4.392318e-10
2.346124e-10
5.804995e-11
-4.389746e-11
4.566136e-11
6.042500e-10
-1.146623e-10
-3.738731e-10
2.852602e-09
8.333287e-09
3.929888e-09
-5.034622e-09
1.009566e-08
2.156879e-09
3.412372e-09
1.286000e-08
1.108006e-08
-8.351583e-10
-4.832522e-10
3.849317e-10
-7.326031e-11
-1.273412e-10
-5.179429e-10
-5.710694e-11
8.232517e-11
1.467738e-10
-1.233421e-09
-1.763883e-09
-1.129261e-10
-4.464213e-10
-8.702749e-10
-2.112682e-10
-4.617091e-10
5.988925e-10
1.199696e-09
-1.476118e-02
-1.058588e-03
-8.029344e-03
-3.815356e-02
-3.024684e-02
-3.489007e-02
3.435765e-02
3.667990e-02
3.688903e-02
-2.029025e-09
5.494515e-10
1.613327e-10
-1.468631e-09
-3.478905e-09
-5.639840e-10
1.145956e-09
-6.846616e-10
-7.898173e-10
-3.505787e-10
4.920255e-10
4.135562e-10
2.209631e-10
1.461342e-10
4.134482e-10
-7.303571e-10
-1.055993e-09
-3.075412e-10
2.738941e-09
-1.693117e-09
-2.366060e-09
-5.311304e-09
-7.276826e-09
-7.319511e-09
6.217113e-09
1.988616e-09
1.707865e-09
1.124927e-10
-1.097652e-09
-2.999657e-10
1.292551e-09
-4.059943e-10
2.723594e-10
1.086973e-09
-7.047727e-10
9.335204e-10
