-3.431042e-01
-5.039131e-01
-1.517105e-01
-1.932083e-01
-3.235520e-01
-3.050796e-01
-3.787187e-01
-2.120973e-01
-1.561925e-01
-1.267556e-01
-2.814760e-01
-1.082390e-01
-2.069585e-01
-2.293086e-01
-1.488063e-01
-2.350240e-01
-2.138532e-01
-8.799312e-02
-1.426511e-01
-8.818822e-02
-3.414090e-01
-1.372321e-01
-3.009475e-01
-1.751039e-01
-6.423297e-02
-3.841148e-01
-2.067026e-01
-1.112275e-01
-3.875111e-01
-2.434300e-01
-2.056940e-01
-3.715727e-01
-1.710975e-01
-2.089562e-01
-3.783214e-01
-5.328307e-02
-2.638230e-01
-3.778828e-01
-3.564325e-01
-2.179836e-01
-2.105444e-01
-1.242351e-01
-2.708929e-01
-1.813672e-01
-4.819193e-02
-2.103746e-01
-2.683703e-01
-1.866483e-01
-2.049294e-01
-1.896756e-01
-4.368106e-02
-8.690864e-02
-2.520621e-01
-2.565741e-01
-1.963457e-01
-5.256796e-01
-1.094849e-01
-2.154530e-01
-3.803664e-01
-5.260495e-02
-1.381610e-01
-2.649622e-01
-8.803528e-02
-2.899309e-01
