-5.669523e-11
2.990367e-11
1.294611e-10
-7.079280e-10
2.421001e-10
1.156855e-11
-3.320987e-10
2.444724e-10
-1.166959e-11
5.394341e-10
3.505514e-10
-7.393859e-11
3.458965e-11
1.541102e-10
-2.996406e-10
-2.572968e-10
1.964640e-10
-1.067699e-11
7.461357e-11
6.210660e-10
2.612118e-10
6.256607e-10
4.635159e-10
4.521550e-10
2.304931e-10
5.717991e-10
7.957918e-10
7.496910e-10
3.317439e-10
-4.093652e-11
1.498485e-10
3.440680e-10
-3.320875e-10
-7.284195e-11
8.327751e-10
-8.196227e-10
-1.328181e-09
-2.540324e-09
-2.802169e-09
-1.473138e-09
-1.969268e-09
-1.433264e-09
-1.479007e-09
-1.827648e-09
-1.655974e-09
2.303584e-10
6.297068e-11
3.047868e-10
-4.058209e-10
-3.386099e-10
-4.919762e-10
-4.345349e-10
-9.448142e-10
-8.498233e-10
1.911049e-09
5.941638e-10
1.144295e-09
3.088055e-09
1.479319e-09
2.911325e-09
1.894162e-09
7.974957e-10
1.535262e-09
-2.950206e-10
-2.626779e-10
-2.984636e-10
8.635547e-10
1.863934e-10
1.177037e-10
-4.774273e-10
-4.548149e-10
1.408509e-10
5.024932e-09
1.014116e-08
2.979144e-09
5.688002e-09
1.419627e-08
7.378990e-09
9.286008e-09
1.474607e-08
5.761038e-09
1.748619e-10
1.628393e-10
-3.146929e-10
-4.089781e-10
2.235724e-10
-1.786307e-10
-3.769565e-10
-1.062810e-10
1.272625e-10
-8.804925e-10
3.817869e-10
-5.202361e-10
1.750913e-09
2.156803e-09
9.660700e-10
1.796171e-09
2.381931e-09
1.240740e-09
1.573290e-09
4.077578e-09
2.627441e-09
-5.024592e-10
3.641201e-09
3.404486e-09
-1.773241e-10
2.314051e-09
3.197805e-09
2.070397e-10
3.240215e-09
2.602524e-09
-4.577780e-09
-4.568606e-09
-3.302518e-10
-6.188265e-09
-6.131128e-09
-6.630785e-10
-3.186379e-09
-1.499170e-09
-3.464283e-09
-3.236355e-10
1.380877e-09
1.359619e-09
-2.161401e-09
2.653995e-10
-1.327753e-10
4.910025e-12
-1.347538e-10
-1.196706e-09
-3.014426e-10
5.775090e-11
-4.569760e-11
1.643781e-10
-1.306966e-10
2.417195e-10
-5.632988e-09
5.023382e-09
8.670733e-09
-6.005609e-10
5.915918e-09
6.955513e-09
-9.448891e-10
7.882211e-09
4.752779e-09
5.725587e-11
-3.810132e-10
5.566111e-10
-8.169563e-11
-3.885025e-10
1.625261e-10
-8.415215e-11
-8.243931e-10
1.181406e-10
-5.705600e-10
-1.775418e-10
-1.021204e-10
-9.459487e-11
-3.227730e-11
-3.125625e-10
-2.130533e-10
-2.274693e-10
-1.852998e-10
2.301364e-10
-4.786109e-10
-4.264823e-10
-3.994879e-10
-6.883921e-10
8.390097e-11
-2.780026e-10
-1.753507e-10
-1.146278e-11
-3.833207e-10
-3.614530e-10
5.084760e-10
-4.595516e-10
-8.252028e-11
6.607292e-11
-8.325830e-10
-5.933972e-10
1.239391e-11
2.250100e-10
1.518437e-10
-2.438791e-11
5.078605e-10
7.719932e-10
4.705592e-10
1.420542e-11
-7.490075e-10
1.567556e-10
-1.875675e-10
-3.090003e-10
-4.754041e-10
2.868372e-10
5.183449e-10
-1.179299e-12
7.240508e-11
2.152137e-10
4.030180e-12
-9.130809e-10
-7.647244e-10
-3.920304e-10
-1.809524e-09
-1.042894e-09
-6.084016e-10
-1.040702e-09
-9.138979e-10
-5.201161e-14
2.476797e-10
3.215094e-10
1.160586e-10
1.563429e-10
-2.378971e-10
-3.303913e-10
-5.248330e-10
-3.050715e-10
1.083430e-10
-2.848939e-09
-1.302806e-09
-9.566963e-10
-1.407168e-09
-1.078574e-09
-9.534048e-10
-1.218022e-09
-4.601644e-10
-1.074114e-09
1.392257e-10
-5.451533e-10
-5.696549e-10
-1.519619e-10
-3.450718e-10
-3.690363e-11
-4.874384e-11
7.651588e-10
3.521376e-10
-1.233876e-09
-1.023951e-09
-5.722220e-10
-2.062073e-10
1.284493e-10
9.152047e-10
-2.583406e-10
9.107797e-10
2.391883e-09
-1.510451e-09
6.616855e-10
1.487990e-09
-8.859632e-10
-2.306781e-09
-9.733887e-10
-2.390252e-09
-4.092852e-09
-3.368184e-09
1.493679e-09
1.322945e-09
1.861143e-09
1.525538e-09
2.032483e-09
-3.595329e-10
3.007786e-09
3.059916e-09
1.501955e-09
-2.891422e-10
2.016329e-09
1.625920e-10
1.091299e-09
2.889049e-09
8.428613e-10
1.485340e-09
2.448856e-09
1.411954e-09
-4.142731e-11
8.766617e-10
-4.509330e-10
6.672433e-10
5.185503e-10
1.126907e-10
8.361761e-10
3.527602e-10
2.063261e-10
-1.598858e-09
-4.160969e-09
-1.011460e-09
-1.664872e-09
-1.885217e-09
-9.252267e-10
-3.682201e-09
-2.671640e-10
-1.111427e-10
1.099742e-10
-3.675459e-11
7.159249e-10
1.387482e-10
4.822540e-10
-3.115940e-10
-5.774741e-10
-5.716230e-11
-5.754839e-10
5.150357e-10
-7.129513e-11
-1.451989e-10
-7.787884e-11
-1.912653e-10
1.461338e-10
-6.013386e-10
-2.553723e-10
-4.418506e-10
-8.755450e-11
-4.460260e-10
-1.623194e-10
-1.243852e-10
3.619609e-10
1.450798e-10
-5.647027e-10
-8.905848e-11
-2.210309e-10
-3.038554e-10
2.447295e-11
1.048782e-10
-9.623247e-10
1.867593e-10
1.614258e-10
-5.023324e-10
-2.939311e-10
-3.124524e-10
-6.288735e-10
-8.856593e-11
-2.438683e-10
-7.342122e-10
-1.058664e-09
-7.321367e-10
-8.794792e-10
-9.058094e-10
-7.429201e-10
-1.314652e-10
4.397170e-11
3.003587e-10
-3.795411e-10
1.592852e-10
-4.727160e-11
-1.580578e-09
-6.758502e-10
-7.604937e-10
-4.695115e-10
-3.252394e-10
-2.901625e-10
-3.169799e-10
-4.582660e-10
6.274267e-10
3.696922e-10
9.395921e-10
5.926126e-10
5.003727e-10
4.086907e-10
-6.055478e-11
5.343775e-10
-2.578533e-11
2.283295e-10
1.268981e-10
-3.793516e-10
2.847954e-10
-1.093158e-10
-4.651060e-10
2.871200e-09
2.959071e-10
2.055996e-09
4.323920e-09
1.966330e-09
2.899304e-09
4.531640e-09
-1.436840e-10
-2.754270e-10
2.449674e-10
-1.539567e-10
-4.235581e-10
-7.224819e-10
4.425099e-10
2.177909e-10
2.951752e-11
-1.005816e-09
4.443258e-10
4.036688e-10
-1.025297e-10
2.487954e-10
1.114537e-09
1.160835e-11
7.504731e-10
1.306093e-09
7.592323e-10
-1.773089e-09
-5.860886e-10
1.900138e-09
-2.443822e-10
4.554310e-10
1.494387e-09
9.979939e-10
1.801199e-09
1.030801e-09
-1.497299e-09
-2.419617e-09
-6.705967e-10
-2.144176e-09
-9.626945e-10
-1.945461e-09
-3.150348e-09
-1.441853e-10
-2.491565e-09
-1.518462e-09
1.799674e-10
-1.859509e-09
-2.660118e-10
5.183586e-10
-1.160190e-09
-8.142723e-10
1.084740e-09
3.827085e-10
9.456849e-10
4.808126e-10
7.639993e-10
8.043282e-10
5.237938e-10
1.377055e-10
2.633471e-10
2.575855e-10
1.350754e-09
-2.657293e-09
2.563188e-09
-7.132716e-10
-1.056461e-09
2.965185e-09
-3.622300e-09
-2.977800e-09
4.678240e-10
1.889554e-09
2.682242e-09
1.415256e-09
1.449416e-09
1.276000e-09
1.108670e-09
1.058062e-09
1.059914e-09
6.256782e-10
3.102490e-10
-2.473884e-10
6.009829e-11
4.967725e-10
-1.706144e-10
8.770062e-10
4.991542e-10
5.817788e-10
1.108213e-09
4.066017e-08
2.987457e-08
3.209147e-08
2.809240e-08
1.230909e-08
3.008855e-09
1.374814e-07
1.303954e-07
1.355250e-07
4.450347e-07
4.613116e-07
-1.603402e-06
1.067966e-06
5.742855e-07
-1.068882e-06
8.638616e-07
-2.932608e-07
-1.482513e-06
1.698164e-06
8.642017e-07
1.154570e-06
-1.055366e-06
-1.130763e-06
-1.090160e-06
-4.759297e-07
-3.380642e-07
-2.680355e-07
4.981363e-07
6.334879e-07
8.092045e-07
-7.857016e-07
-6.450380e-07
-7.750298e-07
-4.268476e-07
-2.322115e-07
-3.920008e-07
3.040761e-06
2.993517e-06
1.765411e-06
5.132782e-06
4.908540e-06
3.982844e-06
4.389422e-07
-1.111653e-08
-1.441360e-06
-2.611271e-10
-8.368706e-10
1.075131e-10
-2.980281e-11
-7.278987e-10
-1.662256e-10
4.004156e-10
3.969362e-10
5.069692e-10
8.422877e-07
1.160910e-06
-1.054869e-06
-2.326240e-06
-4.422180e-06
-4.597780e-06
6.976255e-06
6.986662e-06
6.058073e-06
-7.410433e-10
-4.106278e-10
-2.248928e-10
-8.082892e-10
-4.030350e-10
-8.207155e-10
-4.369039e-10
-4.147079e-10
-8.306252e-10
-4.118742e-07
3.178875e-06
1.261264e-06
-4.372959e-07
1.569956e-06
7.489925e-07
-2.633778e-06
-7.199486e-07
-2.286129e-06
1.259175e-06
1.715461e-06
5.924031e-07
4.856543e-07
-1.941125e-06
-1.403837e-06
1.591025e-06
1.050359e-06
1.544016e-06
-3.254164e-07
-2.512606e-06
-3.158986e-06
6.912021e-06
3.636991e-06
2.087176e-06
1.207785e-06
-2.176434e-06
-3.009752e-06
-5.252190e-07
3.620390e-07
9.720597e-08
1.188862e-06
1.239471e-06
1.337268e-06
-1.416027e-06
-4.368236e-07
-9.805210e-07
-1.123293e-08
1.107960e-07
-6.635059e-08
9.449367e-08
2.034930e-07
1.696605e-09
9.025592e-08
1.775745e-07
-2.962603e-08
7.799708e-08
-2.131486e-06
-1.462911e-06
4.932954e-07
6.539466e-07
3.051797e-07
-1.531060e-06
-1.101179e-06
-1.352079e-06
-1.990524e-10
5.828170e-10
1.274097e-11
-1.114458e-10
-9.488468e-11
4.829684e-11
-6.739891e-11
4.462839e-10
2.944321e-10
-1.716537e-10
1.979853e-10
1.053769e-10
-5.548033e-10
4.711400e-10
-1.303114e-11
-3.367913e-10
7.338501e-11
5.109755e-10
-6.023815e-11
9.167409e-10
5.661908e-10
1.891425e-10
5.920246e-10
3.282727e-10
-4.637874e-10
4.764316e-10
2.102719e-10
-2.523135e-10
-3.382566e-10
-5.294176e-10
2.522105e-11
2.646229e-10
-1.565880e-10
-1.557731e-10
-4.906892e-11
-2.405751e-10
2.102079e-10
1.110243e-10
-4.523641e-10
2.126376e-10
2.604691e-10
1.494763e-10
4.380634e-10
6.742867e-10
5.067082e-10
-7.658652e-11
-9.093383e-11
6.210895e-11
-5.404940e-11
1.343837e-10
-4.477125e-10
-4.256575e-10
-9.746558e-10
8.697256e-11
-5.756732e-10
-6.136395e-10
-6.791082e-10
7.909148e-11
-2.914879e-10
-3.641537e-10
-1.351321e-09
-3.453447e-10
-7.891066e-10
1.680152e-10
-1.827034e-11
5.353067e-10
9.806726e-11
-8.484582e-10
4.990219e-10
-4.785382e-10
-8.345413e-11
2.282915e-10
-9.086348e-10
1.931940e-10
2.274390e-10
-3.811012e-10
7.134765e-10
9.513611e-10
1.329774e-11
-1.950081e-10
9.897294e-10
2.070189e-10
-4.166044e-10
-9.588527e-11
1.310493e-11
-1.144753e-10
3.423387e-10
-1.169885e-11
1.288689e-10
-4.673554e-11
-6.189607e-10
1.254432e-09
1.464628e-10
-7.757726e-10
1.002040e-09
-1.578207e-10
-3.476484e-10
-1.965481e-10
-2.906373e-10
2.680622e-09
1.044731e-09
2.229496e-09
2.426232e-09
9.666651e-10
9.226662e-10
2.581096e-09
3.107191e-10
5.252256e-10
-9.257246e-10
-1.181510e-09
-2.409745e-09
-3.680419e-10
-1.754025e-09
-2.365735e-09
3.079098e-10
-8.206892e-10
-2.618864e-09
-1.530843e-10
1.289801e-09
3.352658e-11
4.562698e-10
7.483850e-10
1.015224e-09
4.079751e-10
-8.390527e-10
-3.060292e-10
-6.006601e-10
3.157142e-10
-2.154716e-10
2.190565e-10
-6.870652e-10
6.792038e-11
1.790059e-10
-4.313758e-10
4.408431e-10
7.145566e-10
-2.734639e-10
-7.177243e-10
-1.894690e-10
-1.805059e-10
-2.380968e-09
1.068434e-10
7.760143e-11
-1.617505e-09
1.982137e-10
-7.540504e-10
2.785872e-10
8.064826e-10
1.042995e-10
1.551419e-10
5.859466e-10
9.932334e-10
2.312869e-10
-2.667792e-10
5.888968e-10
2.078029e-10
-1.613243e-10
9.348819e-11
6.044743e-10
-1.957983e-10
1.107726e-10
6.346662e-10
-4.045083e-10
-3.953664e-10
-9.112299e-10
-3.286997e-10
-4.125013e-10
2.339302e-11
2.859291e-10
1.373475e-10
-3.399273e-10
-3.027043e-10
-5.538983e-10
-1.161934e-09
3.216271e-10
-9.576886e-10
-9.662416e-10
1.209733e-09
2.425585e-10
-5.509349e-10
4.155551e-09
4.490297e-09
4.012442e-09
3.895046e-09
3.969285e-09
2.559444e-09
9.108018e-10
7.950834e-10
2.449694e-10
8.429820e-10
1.330025e-09
5.334010e-10
9.026896e-10
1.608590e-09
9.384891e-10
1.345523e-09
4.247678e-10
8.650133e-10
-1.045038e-09
-1.413021e-09
-1.638117e-09
-8.577602e-10
-3.077627e-10
-6.664473e-10
7.862654e-10
6.315615e-11
-2.405670e-11
-5.768622e-11
8.168814e-11
-3.828997e-10
1.883663e-10
9.821793e-11
-2.249859e-10
4.725276e-10
1.610577e-10
1.771755e-10
2.745971e-09
2.274246e-09
5.530293e-09
5.484356e-09
5.854904e-09
6.404999e-09
8.426390e-09
6.930843e-09
5.904308e-09
-3.338500e-10
-6.305156e-11
-1.054362e-10
-2.911959e-10
-1.458963e-10
9.183287e-11
-1.900428e-10
-2.769886e-10
-8.386406e-11
1.073731e-09
1.778172e-09
1.014661e-09
1.005335e-09
9.052615e-10
1.480640e-09
3.773627e-09
3.131919e-09
2.557179e-09
-1.699201e-09
-3.559841e-09
-6.301864e-10
4.931799e-09
3.957136e-09
3.004767e-09
4.693372e-09
4.430534e-09
2.016392e-09
9.277259e-09
3.790808e-09
5.246509e-09
3.750997e-09
4.448587e-09
4.457284e-09
3.617465e-09
5.786082e-09
8.194325e-09
-1.557214e-09
-2.881726e-09
-1.592309e-09
-2.585086e-10
-1.670442e-09
1.092187e-09
8.632365e-11
-1.419863e-09
5.026635e-10
-4.536294e-10
-3.036535e-10
-1.504740e-10
-2.796117e-10
-2.634225e-10
3.482832e-10
1.207226e-10
-2.845726e-10
-2.561938e-10
-3.360526e-09
-4.633153e-09
-4.681279e-09
-4.458983e-09
-6.701086e-09
-3.785432e-09
-3.083574e-09
-4.348044e-09
2.379124e-09
-7.152370e-10
-1.032848e-09
-2.476705e-10
-6.723145e-10
-2.126439e-10
-7.354125e-10
-3.643451e-10
-1.095382e-09
-7.318531e-10
-2.664692e-11
2.056909e-10
7.615744e-10
3.395446e-10
-3.142017e-10
2.991342e-10
6.204514e-10
-1.259115e-10
-1.773819e-10
-3.820870e-10
2.971748e-10
-3.209895e-10
-7.971937e-11
-3.257874e-10
3.218721e-10
-4.148679e-10
-3.014072e-10
2.728758e-10
-6.946387e-10
6.202939e-11
-2.898511e-10
-2.458228e-10
1.004879e-10
-1.592094e-10
2.809819e-10
2.025594e-10
2.789565e-11
2.224541e-10
-6.490798e-10
8.876380e-12
4.917582e-10
4.392070e-13
-4.803802e-11
3.432305e-10
8.427021e-10
1.082077e-09
1.229339e-10
2.250432e-10
3.433234e-10
-1.922826e-10
4.721624e-10
-4.716753e-10
-3.731859e-10
-2.551862e-10
-2.833379e-10
-8.255028e-10
-6.921408e-10
-5.480698e-10
-4.308716e-10
-4.692778e-10
-5.040773e-10
-1.587841e-09
-1.561900e-09
-2.019679e-09
3.860429e-10
1.663684e-10
5.498708e-10
3.681894e-10
4.951769e-10
4.181420e-10
4.641129e-10
2.705174e-10
7.146999e-10
6.898895e-10
2.032388e-09
3.776909e-09
1.480180e-09
1.908488e-09
1.974929e-09
-3.787520e-10
-1.232799e-09
-5.787541e-10
-6.750354e-10
9.772148e-11
-1.535749e-10
-8.840009e-10
-5.225549e-10
-1.190438e-09
-8.263059e-10
-3.296869e-10
-5.666943e-10
-4.205103e-10
-4.078779e-11
-9.383134e-10
-1.743261e-09
-6.762186e-10
-1.134351e-09
-1.670809e-09
-1.878085e-09
-2.765111e-09
4.887489e-09
2.558318e-09
1.928034e-09
4.386234e-09
1.894676e-09
2.361994e-10
4.651770e-09
6.937075e-10
-1.581669e-09
-4.609890e-09
-4.646812e-09
-6.211688e-09
-4.943467e-09
-5.024028e-09
-5.332661e-09
-3.739737e-09
-3.678435e-09
-2.130794e-09
-1.670403e-09
-2.172422e-09
-4.329025e-09
-1.278881e-10
-1.722756e-09
-2.110108e-09
-1.351820e-09
-1.337630e-09
-1.626601e-09
-5.556065e-10
1.742472e-10
1.409223e-10
-6.268524e-10
-1.355980e-10
-6.019265e-10
-5.239055e-11
-4.813927e-10
-3.909231e-10
8.053331e-09
3.772607e-09
-2.016999e-09
5.290329e-09
2.465460e-09
-1.707377e-09
4.439528e-09
-1.977939e-09
-2.863505e-09
1.808630e-09
2.042797e-09
1.590830e-09
1.773723e-09
2.294990e-09
1.094481e-09
1.054938e-09
1.540664e-09
1.574802e-09
-3.499140e-10
-1.619531e-10
-1.427308e-10
-6.487837e-10
3.953339e-10
7.987756e-11
7.737616e-10
4.486476e-10
-1.113794e-10
3.517531e-09
3.903671e-09
3.041473e-09
1.459058e-09
2.169245e-09
1.531993e-09
3.390287e-09
3.428047e-09
2.698800e-09
7.357819e-09
1.281194e-08
-1.506199e-09
2.144694e-08
2.283624e-08
1.192167e-08
9.641188e-09
1.175603e-08
4.716916e-10
-4.354316e-09
-4.221519e-09
-5.515136e-09
3.039205e-10
-9.361395e-10
-5.679988e-09
2.507955e-09
4.036858e-09
-1.191312e-09
-2.532350e-09
-2.248969e-09
-1.375796e-09
1.054098e-09
3.876351e-10
1.196368e-09
1.292404e-11
1.869154e-09
1.795869e-09
2.243468e-08
1.688300e-08
1.271663e-08
3.943414e-08
3.442997e-08
3.194366e-08
1.250602e-08
7.502205e-09
4.740696e-09
-4.339100e-10
4.768581e-10
-2.699915e-11
-1.252391e-10
-3.224507e-10
2.734418e-10
-9.319078e-12
1.236598e-10
3.298258e-10
9.741646e-09
1.529636e-08
2.175486e-08
-8.427587e-09
-3.293106e-09
7.963242e-09
-1.009754e-08
-7.627844e-09
7.546986e-10
4.893100e-10
5.279274e-10
7.916459e-10
5.204936e-10
2.500285e-10
4.189963e-10
8.410407e-10
1.244161e-09
6.228685e-10
-1.840436e-08
-8.179081e-09
-1.638465e-08
4.591186e-09
1.057315e-08
4.645992e-09
1.658129e-08
2.358615e-08
1.674629e-08
-3.067667e-10
2.166411e-09
9.154893e-09
-1.490251e-08
-1.053610e-08
2.199922e-09
-1.178178e-08
-7.920412e-09
6.200350e-09
-1.905469e-08
-1.834292e-08
-1.729530e-08
1.299020e-08
8.491538e-09
1.092580e-08
6.761478e-09
-2.756947e-09
-4.572379e-09
-2.987308e-08
-1.651796e-08
-1.505864e-08
8.792145e-09
1.733008e-08
1.441138e-08
-8.788490e-09
-8.904850e-11
-4.214917e-09
1.075306e-09
2.583994e-09
-5.571775e-10
1.956010e-09
2.615315e-09
1.038321e-10
1.437465e-09
2.204205e-09
-9.857023e-11
-1.456942e-08
-2.707862e-08
-1.925171e-08
1.816787e-08
6.654591e-09
1.253642e-08
1.758663e-08
5.593816e-09
3.364988e-09
1.930426e-10
6.039049e-10
8.452132e-10
5.264724e-10
1.193104e-10
7.808703e-10
-2.105282e-10
3.116045e-10
5.700258e-10
3.713204e-10
2.552559e-10
-5.592249e-10
4.109857e-11
-2.370975e-10
-1.915604e-10
-1.666648e-10
-2.119029e-11
-5.671377e-10
4.766729e-11
3.724303e-10
4.723716e-10
5.917017e-10
7.729720e-10
-1.237724e-10
-1.644274e-10
2.608286e-10
2.357971e-10
-6.913519e-10
-1.496217e-10
1.167833e-12
-4.752045e-10
1.743684e-10
-6.710436e-10
-3.350889e-10
-4.058565e-10
-9.529043e-10
1.442057e-09
9.526850e-10
9.328464e-10
6.239330e-10
-2.934160e-10
-5.289018e-10
1.126994e-09
6.335524e-10
1.108277e-11
-4.284917e-10
3.275764e-10
4.294813e-10
5.033752e-10
3.170297e-10
-1.826886e-10
-9.926138e-11
8.660903e-11
-4.404729e-10
-7.308538e-10
-5.998573e-10
4.193830e-10
-2.351856e-10
-5.428321e-10
3.784033e-10
-3.851757e-10
-6.387535e-11
6.637972e-11
2.433365e-10
5.432343e-10
1.196394e-11
3.204128e-10
4.773762e-10
2.276772e-10
3.146854e-10
-1.218066e-10
4.709492e-10
1.384318e-09
8.755531e-10
-6.076108e-10
1.699258e-09
1.636853e-09
-2.281659e-10
1.127206e-09
1.046495e-09
-8.087789e-10
5.113619e-10
9.542272e-11
1.307425e-10
-2.550539e-10
1.015157e-09
9.798271e-11
3.349232e-10
-4.511533e-10
3.772243e-10
-8.614795e-10
-3.533270e-10
9.893919e-10
-1.367226e-09
-1.979577e-09
-1.768281e-10
-9.522438e-10
-3.066516e-09
-1.164613e-09
-6.856123e-10
-1.358142e-09
-3.365792e-09
-1.606524e-09
4.635047e-10
-8.347515e-10
-2.073442e-09
8.821587e-10
-6.048086e-11
2.528439e-09
4.264897e-09
8.815880e-10
1.307407e-09
3.284310e-09
1.757900e-09
-1.035352e-09
3.544684e-10
2.208941e-09
-7.255922e-11
-2.648858e-10
1.101444e-09
2.211282e-11
-2.762637e-09
-2.361461e-09
-2.280327e-09
-4.228200e-09
-4.429417e-09
2.400268e-10
1.237086e-10
1.320297e-10
1.509478e-10
-5.912391e-10
2.052695e-10
7.581264e-10
-6.162309e-11
-2.619430e-10
1.643805e-11
2.497361e-09
3.698576e-10
-1.479314e-09
1.438470e-09
1.731411e-09
-1.273534e-09
-5.919348e-10
6.279320e-10
6.552598e-10
4.328193e-10
2.739517e-10
6.519414e-10
7.462790e-10
9.419360e-10
6.621242e-10
1.249329e-09
1.083539e-09
5.963502e-11
8.335631e-10
2.954919e-10
3.857272e-10
1.903120e-12
5.427137e-10
-9.293296e-11
7.561072e-10
-2.754716e-10
6.701260e-10
3.331778e-10
3.587501e-10
7.753796e-10
6.385893e-11
4.100874e-10
2.761564e-10
-9.568440e-11
6.032462e-10
4.623329e-11
-1.260281e-10
4.764061e-10
-7.656542e-10
5.887246e-11
2.801491e-10
7.849647e-11
-7.921447e-10
1.491492e-10
-1.067603e-09
-8.650143e-10
-3.374586e-10
-2.331816e-10
-5.630966e-10
-3.889209e-10
-2.875140e-10
8.207876e-10
-5.089571e-10
6.968388e-10
4.577545e-10
-1.173018e-10
8.130542e-10
-1.366574e-10
-7.101927e-11
8.601131e-10
5.310534e-10
2.316211e-10
3.252976e-10
3.256927e-10
1.689869e-10
2.654227e-10
2.906637e-10
8.224924e-10
-4.441989e-10
4.144392e-10
3.983137e-10
1.551971e-10
7.465837e-10
6.037518e-10
5.165061e-10
2.456284e-10
7.924463e-10
4.163602e-10
3.597402e-10
3.915054e-10
-6.585049e-10
5.010978e-10
1.251270e-09
5.135870e-10
3.138986e-09
3.130392e-09
1.358199e-09
2.960388e-09
3.895890e-09
7.487817e-10
1.860530e-10
9.004966e-10
4.387485e-10
9.873053e-10
9.985810e-10
2.817331e-10
3.972916e-10
7.377770e-10
8.409184e-10
1.973377e-10
-3.508565e-11
-2.347762e-10
-3.701236e-11
-2.836197e-10
-1.712650e-10
-1.125007e-09
-7.208273e-10
-2.017203e-10
-6.792630e-10
-9.008759e-10
-8.755571e-10
-9.826078e-10
-1.202105e-09
-1.005051e-09
-8.434257e-10
-7.701562e-10
2.924811e-09
2.333749e-09
2.789797e-11
2.692133e-09
2.317711e-09
1.141237e-09
2.024126e-09
1.644444e-09
9.720367e-10
9.006101e-11
4.352805e-10
9.862779e-10
-7.806343e-10
-4.965918e-10
-6.219988e-10
5.128135e-11
-7.825510e-10
-5.582693e-10
2.418420e-11
-7.025153e-10
-1.639394e-10
1.856782e-10
-4.635601e-10
-1.166992e-10
8.323274e-11
-6.097718e-11
-5.390542e-10
-6.335394e-11
-9.257114e-10
-3.421181e-10
-1.448733e-09
-9.918443e-10
2.558303e-10
-1.392634e-09
-1.416746e-09
-7.298318e-10
2.060914e-10
1.363018e-10
-3.278566e-10
1.564656e-11
-8.387715e-10
-9.552976e-10
-5.225645e-10
-5.004528e-11
-2.887659e-10
-3.124189e-11
-4.344660e-10
-1.975671e-10
9.631709e-11
-3.860367e-10
-3.802019e-10
-2.539516e-11
-4.783475e-10
-8.394169e-10
-6.325337e-10
-2.864030e-10
-4.128080e-10
-2.971771e-10
3.041527e-10
5.166243e-11
-8.086998e-10
-5.789663e-10
2.545081e-10
-3.020911e-10
-5.760923e-10
-8.781399e-10
-3.791092e-10
-9.025600e-10
-1.100566e-09
6.109642e-10
2.041784e-10
-8.641458e-10
-4.763996e-10
-9.581116e-10
-9.636260e-10
-1.260695e-09
-1.508525e-09
-8.607798e-10
-2.122887e-09
-2.312813e-09
-2.662875e-09
-7.459776e-10
-4.471103e-10
-4.256482e-10
-6.595612e-10
-6.330352e-10
-1.170990e-09
-6.906309e-10
-1.537973e-09
-1.185201e-09
-1.684685e-09
-1.927861e-09
-2.678424e-10
3.586208e-11
-5.384185e-10
9.089443e-10
-1.342885e-09
-3.560936e-10
3.290861e-10
4.101348e-12
-5.192059e-10
-3.387182e-10
-1.285039e-10
3.841614e-11
-6.421095e-11
-4.343691e-10
-6.456275e-10
-1.159828e-10
3.709290e-09
4.910390e-09
2.467851e-09
4.383358e-09
4.013168e-09
-3.397158e-09
2.940012e-09
2.387378e-09
-5.007883e-09
-3.381089e-10
-2.330413e-10
-1.199461e-10
-7.774514e-11
-8.170029e-11
1.981583e-10
1.265630e-10
-7.598513e-11
1.248835e-10
-1.052925e-09
-5.448373e-10
-5.731292e-10
-1.127958e-09
-1.078660e-09
-9.479190e-10
3.471283e-11
-1.959569e-10
-9.194773e-10
-9.310541e-11
2.569515e-09
1.484526e-09
5.569524e-09
9.572712e-09
6.650350e-09
8.093305e-09
1.129784e-08
9.027042e-09
-6.042490e-09
-2.293667e-09
3.007415e-09
-7.118276e-09
-2.970716e-09
1.274583e-09
-4.051577e-09
-3.496144e-09
-4.706935e-10
-6.047113e-10
-2.887560e-09
-2.962687e-09
3.487707e-09
1.939812e-09
1.402605e-09
2.301385e-09
5.971394e-09
5.694869e-09
-8.026959e-10
-5.420797e-10
5.288275e-10
-8.196075e-10
-2.088673e-10
-8.780651e-11
1.008376e-10
-4.326985e-10
5.208835e-11
-4.175139e-09
9.002817e-10
-1.587216e-09
-3.020386e-09
2.549505e-09
-1.289597e-09
-2.528686e-09
-9.106473e-10
3.268771e-10
-4.352529e-10
-2.532773e-10
-9.054150e-10
-5.617994e-10
-8.245699e-10
-6.806396e-10
-9.311622e-10
-9.943968e-10
-6.946936e-10
-2.610015e-10
-3.706746e-10
1.851259e-10
-1.899465e-10
-8.390706e-10
1.094599e-10
-3.824561e-10
-2.025581e-10
-5.307609e-10
-4.128898e-10
-1.058680e-10
-2.268063e-10
-1.436468e-10
-4.549409e-10
5.079038e-11
-7.050956e-10
-3.951413e-10
-2.995871e-10
1.558945e-12
-1.981886e-10
-1.107284e-09
-4.102910e-12
7.363025e-11
-2.281888e-10
3.649510e-10
-5.181257e-10
1.983397e-10
6.581209e-11
-4.555239e-10
-9.108799e-10
-1.583094e-10
-3.538015e-10
-7.310265e-10
-8.002695e-10
-1.859773e-11
-2.420801e-11
1.539235e-10
-9.648509e-11
-4.548770e-10
-5.650622e-10
-1.049611e-10
4.612478e-10
5.069878e-10
9.619640e-10
1.644943e-10
5.670614e-11
-3.779384e-10
-9.869624e-10
-3.857226e-10
-7.434474e-10
-4.194285e-11
-1.243929e-10
-7.311351e-10
-6.561689e-10
-2.733878e-10
-7.974183e-11
-8.490709e-11
-1.601452e-10
-1.105804e-10
2.742196e-10
-6.682890e-10
-4.228693e-10
-1.867173e-10
-1.156070e-09
-9.727861e-10
-1.114856e-09
-3.881343e-10
-2.268328e-10
-1.000948e-09
-6.631528e-10
-5.878584e-10
-4.770647e-10
-2.749230e-10
-2.549003e-11
2.106795e-10
-3.165840e-10
-6.485767e-10
9.240350e-12
-5.093229e-10
-8.387913e-11
-8.023867e-10
-2.404547e-10
-6.906893e-10
-1.248246e-09
2.616524e-10
-1.013314e-09
-1.846767e-09
6.411579e-10
-1.349947e-11
-3.678278e-10
-3.416915e-10
2.641785e-10
1.616625e-10
-8.976038e-10
-3.058700e-10
9.198596e-10
-8.096553e-10
-3.446236e-10
-5.103373e-10
2.666695e-10
-3.607050e-10
1.048076e-09
-6.116836e-10
-1.047715e-09
-1.974236e-10
-3.606880e-10
-1.177163e-09
-1.939984e-09
3.141711e-10
-2.479936e-10
9.667472e-10
9.620782e-10
1.410347e-09
6.763211e-10
4.991343e-11
3.246302e-10
-7.208809e-10
9.761264e-11
7.673445e-11
9.886453e-11
6.266611e-10
-1.792063e-10
-8.408699e-11
2.649372e-10
1.045728e-09
-2.582597e-10
-1.090588e-09
-5.487261e-10
-3.705946e-10
7.285531e-11
-3.431195e-10
5.328692e-10
-1.021803e-10
4.174693e-10
-4.791993e-10
2.407343e-09
1.761573e-09
2.519018e-09
1.512523e-09
1.353183e-09
1.482688e-09
6.407454e-10
1.249786e-09
5.557408e-10
2.540850e-10
2.304774e-10
4.696452e-10
-4.285898e-10
-3.195912e-10
6.087912e-10
-3.718128e-11
1.333557e-10
4.256210e-10
1.779318e-09
4.738715e-10
-3.058677e-10
8.821694e-10
9.353992e-10
-2.671755e-10
1.560605e-09
1.620143e-09
3.747635e-10
3.350669e-09
1.553363e-09
-9.539264e-10
4.811600e-09
3.576326e-09
1.061470e-09
3.244575e-09
9.010212e-10
-1.380168e-09
5.480392e-10
1.314092e-09
1.271787e-09
4.036964e-10
1.331301e-09
8.933858e-11
-1.897225e-09
-1.106475e-09
-8.793684e-10
-1.051484e-10
-3.313256e-10
-2.392690e-10
-1.857411e-10
-4.754191e-11
4.621313e-10
5.650841e-10
-5.236896e-10
2.993341e-10
9.210191e-09
8.156846e-09
5.380226e-09
9.496286e-09
7.985079e-09
6.014925e-09
8.420199e-09
6.864798e-09
4.171246e-09
3.639244e-10
-2.391828e-10
2.851324e-10
7.906324e-10
-4.835876e-11
-3.422873e-10
-6.801871e-10
-3.047825e-10
-5.554519e-10
-8.257908e-10
-3.397768e-10
9.914578e-10
2.621307e-09
2.296507e-09
1.806885e-09
6.085813e-09
7.388631e-09
5.843682e-09
-1.448444e-10
-5.784782e-10
1.494579e-10
-3.575888e-10
-2.477750e-10
-4.647725e-10
-2.471814e-10
-5.097910e-10
-3.915414e-10
-1.343848e-09
-1.434347e-09
-3.545327e-09
2.711856e-09
9.480918e-10
-1.434093e-09
7.853553e-09
5.403750e-09
2.911351e-09
3.666499e-09
6.017088e-09
7.041531e-09
2.860075e-09
5.444873e-09
6.687098e-09
1.401658e-10
2.715585e-09
5.886258e-09
-9.094612e-10
4.344713e-12
1.550875e-09
4.623123e-09
5.259893e-09
8.569251e-09
5.998868e-09
4.891174e-09
6.821569e-09
-6.163645e-09
-6.863839e-09
-5.578463e-09
-2.105576e-09
-2.999671e-09
-2.859363e-09
-1.322828e-09
-1.911371e-09
-2.767270e-09
1.324293e-09
5.588245e-10
5.107192e-10
5.770593e-10
5.496468e-10
8.864025e-10
3.892819e-10
3.376317e-11
3.417809e-12
-9.629545e-09
-7.699104e-09
-7.324402e-09
-3.558691e-09
-2.318525e-10
6.363583e-10
3.698064e-10
5.909185e-09
4.110841e-09
1.793111e-09
9.005255e-10
1.678162e-09
1.153782e-09
1.710570e-09
1.590472e-09
1.723846e-09
1.463726e-09
1.378572e-09
5.814459e-10
5.829260e-10
5.549713e-10
7.861785e-11
3.154857e-10
4.480414e-10
1.166800e-09
5.632667e-10
4.776275e-10
5.329824e-10
1.040330e-09
4.671054e-10
1.101735e-09
6.403030e-10
3.338294e-10
8.864188e-10
3.385159e-10
9.014839e-10
-1.494804e-10
-3.585982e-10
-4.906235e-10
2.352835e-10
1.690240e-10
7.979741e-10
2.083807e-10
4.290305e-10
5.449436e-10
-5.693029e-10
-2.203933e-10
-2.664163e-10
1.157951e-10
1.401949e-11
-3.065259e-10
-1.409804e-09
-8.507016e-10
-1.160288e-09
6.618364e-10
9.927555e-10
1.168810e-09
4.278065e-10
1.119062e-11
7.930442e-10
7.722776e-10
4.266950e-10
6.024536e-10
3.443876e-09
2.651531e-09
2.506858e-09
3.384463e-09
3.270453e-09
3.052844e-09
2.857824e-09
2.660999e-09
2.805648e-09
6.141866e-11
-1.436159e-10
-4.132436e-10
4.885731e-11
-1.974418e-10
-3.496402e-10
-7.499460e-11
-3.006096e-10
-2.396738e-10
4.166169e-09
4.796469e-09
8.587965e-09
2.087184e-09
4.177097e-09
7.738164e-09
-2.545809e-09
-1.382601e-10
3.487972e-09
2.323456e-10
3.071489e-10
2.437000e-12
5.385830e-10
-4.261120e-11
-4.607874e-10
3.674622e-10
2.368729e-10
4.379437e-10
-2.156989e-09
-4.373614e-10
-4.806393e-10
-7.360261e-10
2.291076e-10
9.697961e-10
1.022867e-09
2.209224e-09
2.281175e-09
1.878603e-09
1.405505e-09
4.575324e-09
3.448738e-09
4.668181e-09
8.721654e-09
4.476377e-09
5.029241e-09
7.483417e-09
-1.772413e-09
8.553162e-10
1.287060e-09
-3.713858e-09
-5.127936e-09
-1.226351e-09
-4.003754e-09
-7.311264e-09
-1.020507e-09
-1.968595e-09
-4.113958e-10
-3.560548e-10
1.192479e-09
2.117890e-09
2.726960e-09
7.743194e-11
7.627858e-10
2.240422e-09
7.038747e-11
1.237633e-10
3.366889e-11
3.878985e-10
7.420566e-10
7.881241e-11
-5.639148e-11
-1.401870e-10
2.397985e-10
4.218721e-09
-1.623130e-09
4.590496e-09
2.159006e-09
-1.004363e-09
3.781423e-09
4.053451e-10
1.134362e-09
2.836867e-09
-1.928149e-10
-9.335953e-11
9.527116e-11
8.367478e-11
-4.715252e-10
2.509531e-10
-6.053847e-10
-4.195889e-11
4.899136e-10
1.728231e-10
-6.755532e-10
-4.394138e-11
-5.201307e-11
-2.869293e-10
-2.275402e-10
-7.142870e-11
7.986974e-11
-3.564757e-10
-6.279829e-10
-8.774471e-11
4.402521e-10
-1.069032e-09
-1.304973e-11
8.505260e-11
-3.253047e-10
-5.503517e-11
8.239219e-10
1.322611e-10
2.716050e-10
1.670227e-09
-7.936540e-10
5.370255e-11
1.850732e-09
-6.336938e-10
6.889658e-10
2.210525e-09
1.354878e-09
1.363389e-09
7.215082e-10
7.305454e-10
-2.910628e-10
-4.219102e-11
7.904246e-10
-7.915122e-10
2.950633e-10
-4.665933e-10
-4.431727e-10
-1.784839e-10
-1.273823e-10
-3.443278e-10
-3.801338e-10
-6.319701e-10
2.095349e-10
-5.115932e-10
1.082150e-09
6.007161e-10
1.648956e-09
1.423078e-09
2.392941e-10
1.846024e-09
4.013044e-10
1.878712e-09
3.197646e-09
-3.646218e-10
3.865664e-10
-6.266066e-11
-2.955324e-10
1.860340e-10
-2.929969e-10
1.989120e-10
-3.623734e-10
-3.222415e-10
4.581202e-09
5.179771e-10
-4.574954e-09
4.713981e-10
-4.822654e-09
-4.902269e-09
-1.030586e-09
-4.006523e-09
-2.314728e-09
-1.116083e-10
-1.016644e-10
4.198486e-10
-1.398688e-10
-4.860108e-10
-8.923182e-10
2.079553e-10
1.429405e-10
-4.822950e-10
2.141874e-09
4.520332e-09
1.875187e-09
4.280618e-09
2.053273e-09
1.972006e-09
1.512208e-09
-2.043527e-09
4.184360e-09
-1.013878e-08
-1.717362e-09
5.321933e-09
-7.443639e-09
3.082099e-09
5.834802e-09
-2.773949e-09
3.530762e-09
3.390931e-09
6.562080e-09
1.443682e-09
-3.834247e-10
8.801949e-09
4.352663e-10
4.852560e-09
2.104946e-09
1.261504e-08
-6.970918e-10
4.687729e-09
2.696580e-09
-1.926632e-09
-2.469035e-10
-3.185756e-09
4.821804e-10
-8.971687e-09
-5.855706e-09
-3.456339e-10
1.912728e-10
-1.648621e-10
6.772404e-10
-3.524978e-10
2.589487e-10
2.814171e-10
1.440832e-10
6.812215e-10
1.084696e-09
-2.386560e-09
-7.365313e-09
-5.853182e-09
-6.776394e-09
-1.546070e-09
-1.734900e-08
-2.489250e-09
-6.430114e-09
1.804450e-09
-4.076774e-10
1.112975e-09
5.217859e-10
-1.816697e-10
2.661090e-10
1.285032e-10
8.234637e-11
-2.462671e-10
-1.118097e-12
-7.630960e-11
-1.304475e-10
4.339849e-11
-6.917991e-10
-5.820561e-10
-5.367056e-10
-1.160179e-09
1.174385e-11
1.049244e-10
-2.038558e-10
-2.626611e-10
-2.285627e-11
-3.305717e-10
1.500406e-10
8.671178e-11
4.785679e-10
3.412915e-10
1.512445e-10
-6.672493e-10
2.293349e-10
5.244743e-10
6.746020e-10
5.242847e-10
-5.049767e-10
-4.143464e-10
1.651924e-10
1.255104e-10
-1.116684e-09
-4.990826e-10
-3.865238e-10
-1.087266e-09
-1.419004e-09
-1.854895e-09
-1.022671e-09
-4.790918e-10
-8.009922e-10
-2.688277e-11
1.803269e-10
6.347724e-10
3.559763e-10
3.045979e-10
5.287701e-10
1.679893e-10
-4.414975e-11
5.244918e-10
-9.523053e-10
-8.984197e-11
-3.806038e-10
-1.516793e-10
-4.859073e-10
1.376902e-10
-6.911336e-10
-9.452693e-10
-7.498354e-10
2.471115e-10
2.977384e-10
2.244091e-10
-1.112503e-10
-5.491901e-10
1.383077e-10
-2.912218e-10
-1.496559e-10
-3.058091e-10
2.117805e-10
-5.440673e-10
-3.374534e-10
-2.302295e-10
3.125082e-10
4.078016e-10
-1.572593e-09
-1.152979e-09
5.654418e-10
-2.170503e-10
9.074672e-11
-7.157442e-10
2.340283e-10
-8.897589e-11
-2.830172e-10
3.462105e-10
3.886314e-10
5.061634e-10
-3.893858e-10
9.032465e-11
1.237717e-09
-1.027681e-09
-2.058030e-09
-9.333415e-10
-5.398767e-10
-2.889839e-09
-2.175143e-09
8.235876e-10
-1.709035e-10
8.408610e-11
-6.309904e-10
-8.911893e-10
-1.133806e-09
-1.041953e-09
-5.619366e-10
-9.411848e-11
2.236196e-09
-3.312129e-10
-1.853584e-09
3.278431e-09
1.447899e-09
4.597592e-10
5.062090e-10
-9.088592e-10
6.638071e-10
8.499940e-10
1.549827e-09
1.038934e-10
1.059084e-09
-1.439312e-10
-1.199181e-09
1.149266e-09
-2.205184e-09
-2.263280e-09
2.411589e-11
-2.392125e-12
9.117754e-11
-1.419339e-10
4.972871e-10
3.155932e-10
-5.340803e-10
-6.809374e-11
8.726662e-11
-1.481522e-09
-2.144269e-09
-2.981048e-09
-3.188874e-09
-4.842137e-10
-9.640124e-10
-3.024101e-09
-3.169653e-09
-1.994856e-09
