-1.905934e-01
-3.055632e-03
2.566119e-02
2.381585e-02
4.662919e-03
3.497240e-02
-1.004485e-02
6.321012e-03
-5.007079e-04
2.622274e-03
-1.403262e-02
1.805654e-02
-3.980882e-03
3.344353e-02
2.507472e-02
-1.391740e-02
1.377061e-02
-1.938651e-02
-1.191190e-04
1.855554e-02
3.993073e-02
1.468581e-02
9.674075e-03
9.140964e-03
2.208063e-02
2.933152e-02
2.002742e-02
-1.404245e-02
-2.022813e-02
4.844748e-02
6.820070e-03
3.794492e-02
-1.185179e-03
9.727351e-03
-3.322773e-02
6.314259e-02
9.453611e-03
-9.968754e-03
1.519558e-02
-2.412193e-02
8.441052e-03
-2.637931e-03
1.401114e-02
-1.026900e-02
-2.916162e-04
1.687361e-02
1.777930e-02
3.242578e-02
3.672991e-02
2.204887e-02
2.505757e-03
4.037570e-02
7.526273e-03
-1.745932e-03
2.850278e-04
4.167740e-02
-1.505363e-02
-3.558284e-02
-2.968056e-02
9.471736e-03
1.405566e-02
4.779475e-02
1.981465e-02
1.476897e-01
