8.895279e-02
2.748356e-02
9.836278e-02
1.413348e-01
1.866084e-02
1.492161e-02
-9.599504e-03
8.862235e-02
7.193954e-02
2.908073e-02
1.033111e-02
-3.499135e-02
9.728979e-02
3.792183e-02
3.622122e-02
7.710111e-02
-1.216868e-02
-2.070369e-02
3.338612e-02
7.736222e-02
2.940628e-02
7.879101e-02
2.858300e-02
2.995176e-02
1.872526e-02
3.333373e-02
5.271767e-02
-8.683397e-03
1.004767e-01
4.808701e-02
7.710069e-02
1.025363e-01
1.221883e-01
-1.082179e-02
1.214816e-01
6.095704e-02
-8.649373e-03
4.096816e-02
1.109733e-01
-5.478011e-03
1.340203e-02
8.190995e-02
8.429991e-02
4.741272e-02
-1.689485e-03
4.070963e-02
1.458244e-01
1.185185e-01
3.997871e-02
7.039589e-02
9.823720e-02
8.139007e-02
2.707213e-02
2.701399e-02
-2.684637e-02
3.113789e-02
2.993421e-02
5.382545e-02
1.133961e-01
-3.946938e-02
9.617373e-02
1.207756e-01
4.716921e-02
9.818824e-03
