-5.638989e-02
-1.282403e-01
1.613250e-01
-3.683320e-02
-2.241251e-01
-2.941124e-01
-2.484261e-02
-7.879113e-02
-1.431258e-01
-1.139164e-01
-1.064786e-01
-4.013793e-02
-1.049199e-01
-2.287010e-02
6.270471e-02
-2.114963e-01
-1.129237e-01
-1.374261e-01
-2.295536e-01
-1.499206e-01
-7.246354e-01
-1.743775e-01
5.469026e-01
5.449809e-03
-1.193924e-01
-1.174615e-01
-7.389426e-02
-2.087433e-01
-8.158414e-02
-2.412853e-01
-1.940966e-01
-2.643317e-01
-2.093234e-01
-9.713650e-02
-1.159108e-01
-7.478476e-02
6.350256e-02
-9.066127e-04
-1.882865e-01
-3.629512e-02
-2.492951e-01
-1.515498e-01
-3.856401e-02
-1.471091e-01
-8.353705e-02
-1.865546e-01
2.820537e-01
-1.274425e-01
-2.806964e-01
-1.352113e-01
-2.111330e-01
-9.358400e-02
9.564762e-02
-1.986013e-02
-1.168707e-01
2.637754e-02
-1.984377e-01
-4.553567e-02
-6.920520e-01
-2.230799e-01
-1.008848e-01
-9.205668e-02
2.659566e-02
-2.231409e-01
