1.891487e+00
1.564157e+00
2.447165e+00
1.528973e+00
2.071920e+00
1.471610e+00
1.537221e+00
2.192642e+00
1.481682e+00
6.696498e-01
1.676914e+00
1.245112e+00
2.225908e+00
2.366785e+00
1.868381e+00
2.147395e+00
2.646296e+00
1.515643e+00
2.545495e+00
2.070780e+00
1.136931e+00
2.018082e+00
1.645558e+00
1.537321e+00
1.356600e+00
1.343680e+00
1.725088e+00
2.237087e+00
1.998089e+00
1.490795e+00
1.686513e+00
1.994494e+00
2.593279e+00
2.380132e+00
1.781300e+00
2.308312e+00
1.146617e+00
1.522195e+00
2.069364e+00
1.905528e+00
1.948535e+00
2.667195e+00
1.565686e+00
1.020086e+00
1.437986e+00
1.378785e+00
1.073504e+00
1.186291e+00
1.413147e+00
2.333880e+00
2.082678e+00
2.094172e+00
1.823093e+00
1.677971e+00
1.337819e+00
2.757822e+00
1.153051e+00
1.134988e+00
1.146685e+00
9.888037e-01
2.426343e+00
1.921848e+00
1.696021e+00
2.443999e+00
