2.469795e+00
2.914869e+00
2.811175e+00
2.748714e+00
2.755974e+00
3.002237e+00
2.892642e+00
2.926562e+00
2.718703e+00
2.359204e+00
2.746945e+00
3.054632e+00
2.809508e+00
3.099144e+00
2.332153e+00
2.595194e+00
2.796038e+00
2.733615e+00
2.674243e+00
2.787283e+00
2.904382e+00
2.871261e+00
2.177880e+00
2.137808e+00
2.973132e+00
2.270334e+00
2.891714e+00
2.611815e+00
2.684269e+00
2.682798e+00
2.893717e+00
2.630811e+00
2.885409e+00
2.746480e+00
2.677853e+00
2.681906e+00
2.847040e+00
2.636164e+00
2.680987e+00
2.539368e+00
2.975820e+00
2.660076e+00
2.931601e+00
2.493970e+00
3.051940e+00
2.821169e+00
2.556341e+00
2.791547e+00
2.995262e+00
2.917158e+00
2.822423e+00
3.015458e+00
2.775113e+00
2.391695e+00
2.360426e+00
2.875987e+00
2.734730e+00
2.691906e+00
2.999369e+00
2.228506e+00
3.074809e+00
2.718394e+00
2.593038e+00
2.812145e+00
