2.969589e+00
4.830120e+00
1.916378e+00
1.944725e+00
6.141262e+00
5.529735e+00
5.369600e+00
1.846421e+00
2.354657e+00
3.503849e+00
3.984476e+00
5.404310e+00
2.479697e+00
2.170497e+00
2.520501e+00
2.374399e+00
5.978786e+00
5.138952e+00
2.896712e+00
2.260924e+00
4.360846e+00
2.441266e+00
6.543271e+00
4.296197e+00
5.606400e+00
6.624360e+00
5.757686e+00
5.704861e+00
2.547287e+00
3.810283e+00
2.058905e+00
2.297801e+00
1.747175e+00
5.651153e+00
1.979063e+00
3.064470e+00
5.352852e+00
6.152320e+00
2.006424e+00
4.394798e+00
5.837127e+00
2.956020e+00
1.858294e+00
7.945259e+00
5.469877e+00
6.477508e+00
1.716929e+00
2.245018e+00
4.030907e+00
2.735803e+00
2.601150e+00
1.809712e+00
3.170588e+00
4.263608e+00
4.775498e+00
5.100258e+00
4.233846e+00
3.894984e+00
2.092725e+00
4.748268e+00
7.175789e+00
1.814245e+00
3.812706e+00
3.815162e+00
