1.083101e+01
1.136787e+01
1.186762e+01
1.051008e+01
9.819876e+00
1.270250e+01
1.162519e+01
1.212199e+01
1.135880e+01
1.060605e+01
1.122198e+01
1.089922e+01
1.032196e+01
1.272166e+01
6.340138e+00
1.183956e+01
9.314092e+00
9.683453e+00
1.147586e+01
1.004744e+01
1.072127e+01
1.193890e+01
1.012108e+01
1.092542e+01
9.534179e+00
1.073772e+01
1.187028e+01
1.196220e+01
1.109198e+01
1.150917e+01
1.124535e+01
9.846756e+00
1.192094e+01
9.943518e+00
1.111290e+01
1.036166e+01
1.048826e+01
1.079148e+01
1.010160e+01
1.191745e+01
9.865163e+00
1.088739e+01
1.010343e+01
1.184153e+01
1.072167e+01
1.214689e+01
1.087759e+01
1.171874e+01
9.528828e+00
1.086449e+01
1.177358e+01
9.786756e+00
1.008030e+01
1.142784e+01
1.113656e+01
1.123540e+01
9.052260e+00
1.098032e+01
1.078908e+01
1.088656e+01
1.050117e+01
1.119200e+01
1.143476e+01
1.178576e+01
