6.496677e-01
6.082779e-01
7.923063e-01
7.239755e-01
8.172832e-01
7.124446e-01
7.180670e-01
7.300993e-01
6.987914e-01
5.516579e-01
7.226879e-01
7.900940e-01
6.496407e-01
7.714043e-01
8.139629e-01
6.542621e-01
6.269554e-01
5.803568e-01
6.457896e-01
1.054490e+00
5.884950e-01
8.411504e-01
5.772370e-01
7.607574e-01
7.807084e-01
5.632076e-01
5.913754e-01
7.138507e-01
4.191932e-01
8.598145e-01
7.799445e-01
7.044283e-01
6.608191e-01
7.803879e-01
7.686152e-01
5.692466e-01
6.385713e-01
6.626943e-01
5.889854e-01
6.846911e-01
7.487356e-01
7.066376e-01
7.732021e-01
7.745704e-01
7.632806e-01
8.127288e-01
6.092956e-01
7.372738e-01
7.262225e-01
8.830466e-01
8.788802e-01
6.513819e-01
7.363923e-01
5.581135e-01
7.033568e-01
7.680281e-01
8.359871e-01
5.189891e-01
7.707159e-01
7.019621e-01
7.743392e-01
8.057406e-01
8.225508e-01
7.652699e-01
