3.660119e-01
3.423105e-01
4.092384e-01
3.537280e-01
4.286936e-01
4.955153e-01
4.534874e-01
3.818384e-01
4.236986e-01
3.500170e-01
3.564532e-01
3.350600e-01
3.793060e-01
4.186938e-01
4.218721e-01
3.974011e-01
3.479916e-01
3.244067e-01
3.957020e-01
6.829215e-01
3.627914e-01
4.208414e-01
3.052672e-01
3.950580e-01
4.125566e-01
3.042924e-01
3.352853e-01
3.969804e-01
6.594310e-01
4.892886e-01
4.664033e-01
3.902280e-01
3.662540e-01
4.191965e-01
3.734734e-01
3.386986e-01
3.399120e-01
3.703453e-01
3.461474e-01
3.721126e-01
4.027523e-01
3.970544e-01
4.300410e-01
3.958143e-01
3.814810e-01
4.231909e-01
3.521637e-01
3.993102e-01
4.227112e-01
4.592131e-01
4.232168e-01
3.610389e-01
4.034314e-01
3.212041e-01
4.047724e-01
3.786965e-01
3.911502e-01
3.283669e-01
4.139235e-01
4.057620e-01
4.059340e-01
4.006829e-01
4.341706e-01
4.741340e-01
