3.524519e+00
3.662800e+00
3.644000e+00
3.643793e+00
4.029669e+00
3.561360e+00
3.694618e+00
3.407507e+00
3.621219e+00
3.672060e+00
3.533907e+00
3.676127e+00
3.996637e+00
3.549593e+00
3.535130e+00
4.077279e+00
3.994727e+00
3.895048e+00
3.947917e+00
3.377152e+00
3.592048e+00
4.159990e+00
3.423111e+00
3.697893e+00
3.582188e+00
3.853040e+00
3.999697e+00
3.950405e+00
3.630919e+00
3.468888e+00
3.819135e+00
3.647260e+00
3.973144e+00
3.809509e+00
3.890423e+00
3.900203e+00
4.016566e+00
3.677713e+00
3.629139e+00
3.832770e+00
3.564444e+00
3.513027e+00
3.577764e+00
3.551612e+00
3.957811e+00
3.880535e+00
3.514489e+00
3.640531e+00
3.638411e+00
4.024223e+00
3.908412e+00
3.693346e+00
3.216945e+00
3.626568e+00
3.584274e+00
3.876083e+00
3.428046e+00
3.671409e+00
3.574752e+00
3.976312e+00
3.825191e+00
4.020520e+00
3.706591e+00
3.856312e+00
