2.365331e+00
2.415267e+00
2.472687e+00
2.241621e+00
2.053848e+00
2.645615e+00
2.485225e+00
3.243855e+00
2.386920e+00
2.269898e+00
2.373466e+00
2.319778e+00
2.278426e+00
2.617327e+00
2.606572e+00
2.568024e+00
2.073204e+00
2.134269e+00
2.392073e+00
2.076536e+00
2.254461e+00
2.456651e+00
2.147680e+00
2.378161e+00
2.036412e+00
2.174140e+00
2.649920e+00
2.425711e+00
2.362193e+00
2.477046e+00
2.295348e+00
2.103091e+00
2.595596e+00
2.060860e+00
2.447543e+00
2.232110e+00
2.289542e+00
2.376660e+00
2.175354e+00
2.453877e+00
2.052380e+00
2.462308e+00
2.245018e+00
2.385891e+00
2.326418e+00
2.521225e+00
2.336179e+00
2.390501e+00
2.049599e+00
2.407793e+00
2.535612e+00
2.185819e+00
2.148392e+00
2.410912e+00
2.361777e+00
2.425084e+00
1.978901e+00
2.261976e+00
2.294232e+00
2.341054e+00
2.154848e+00
2.356933e+00
2.453252e+00
2.451360e+00
