-3.840756e-02
-1.791681e-02
-2.807580e-02
4.600009e-02
1.005994e-01
5.531683e-02
-4.872342e-03
3.382190e-02
3.763779e-02
5.330425e-02
2.656333e-02
-2.578385e-02
-2.224185e-03
4.851733e-02
-1.144354e-02
3.098765e-02
-2.408238e-02
1.851400e-03
-3.461163e-03
4.774529e-02
3.617220e-02
-5.653749e-02
3.687043e-02
4.519545e-02
2.111679e-02
4.698340e-02
2.589635e-02
5.147091e-02
7.170082e-02
-6.087065e-03
-6.887056e-03
8.244625e-02
-4.139008e-02
1.023862e-01
3.656151e-02
1.556651e-01
2.860820e-02
-6.486885e-02
-1.365396e-02
-1.543146e-02
-1.711307e-01
-6.159107e-02
1.160885e-01
-3.390842e-02
-1.972577e-02
1.949656e-02
3.324129e-02
7.896354e-02
2.133798e-02
-8.623023e-05
3.269402e-02
1.350446e-01
8.348379e-02
9.543470e-02
7.381005e-02
7.206625e-02
6.333928e-02
1.466271e-02
-7.024817e-02
-1.905558e-02
8.083847e-02
2.096060e-03
-1.109229e-01
-1.734022e-02
