5.841390e-01
5.957087e-01
7.529115e-01
6.824687e-01
6.530644e-01
5.201628e-01
6.251655e-01
7.366711e-01
6.784981e-01
4.860349e-01
5.120426e-01
6.237630e-01
6.302983e-01
6.934286e-01
5.546206e-01
6.424083e-01
6.905171e-01
5.334753e-01
6.743938e-01
6.985461e-01
5.498194e-01
5.977305e-01
6.434506e-01
6.105562e-01
4.682233e-01
5.771584e-01
6.093956e-01
6.644234e-01
6.759571e-01
4.798051e-01
5.641879e-01
6.315890e-01
7.656723e-01
7.293549e-01
5.452001e-01
7.692806e-01
6.517631e-01
5.588236e-01
7.109963e-01
5.704547e-01
6.809176e-01
7.635884e-01
5.020518e-01
6.822692e-01
5.804629e-01
5.930137e-01
5.460811e-01
6.755376e-01
6.046426e-01
6.939506e-01
6.340341e-01
5.782875e-01
5.811570e-01
7.607193e-01
5.991167e-01
7.636452e-01
5.526190e-01
6.190955e-01
6.073414e-01
5.215446e-01
7.769415e-01
6.127000e-01
6.207073e-01
6.665972e-01
