-2.997605e-03
1.781117e-04
-3.130378e-03
-3.281383e-05
2.890219e-03
1.030465e-03
4.493648e-03
9.117750e-03
1.258264e-02
1.091207e-02
1.207462e-02
-1.238492e-02
8.578292e-03
-9.604577e-03
-1.908708e-02
-1.163259e-02
-3.228168e-02
-2.141357e-02
2.293013e-03
-8.648221e-04
-1.455308e-02
-2.652361e-03
-2.314040e-02
3.307723e-02
4.232883e-03
3.554469e-02
3.388167e-02
-1.978300e-03
2.753947e-02
-4.017195e-03
2.477586e-02
1.073546e-02
-7.118905e-03
-1.221936e-02
-2.430390e-02
-2.679969e-02
-9.657027e-03
-8.627037e-03
-2.067954e-02
8.500362e-03
-1.236714e-02
3.299337e-02
5.242259e-03
-2.223883e-02
-1.920500e-02
1.845203e-02
1.870640e-02
1.663155e-02
-4.297278e-03
-5.575700e-02
-4.485693e-02
9.468040e-03
1.860309e-02
5.733379e-02
-2.310303e-02
-2.067334e-02
1.206206e-03
2.500062e-02
1.259204e-01
1.428089e-02
1.032015e-02
-4.203198e-02
-1.402923e-01
-7.698480e-05
-2.617904e-02
1.655852e-02
-1.547468e-02
3.084127e-02
-1.403640e-02
-9.995623e-03
-2.909076e-02
-7.080726e-03
-9.524068e-03
-3.385110e-02
-2.013734e-03
-4.045089e-03
-1.516964e-02
3.829316e-02
-7.385831e-03
2.649819e-02
1.845511e-02
5.153361e-03
1.137291e-02
-2.986856e-04
5.718590e-03
5.950601e-03
-1.594900e-02
8.088490e-03
2.209706e-03
2.822458e-02
7.515646e-03
1.466086e-02
9.826989e-03
7.592048e-03
1.533189e-02
-1.037000e-02
-4.691358e-05
1.023939e-04
-1.680118e-02
1.544785e-03
6.186333e-03
-6.779310e-03
3.047393e-03
1.452571e-02
1.751417e-02
-1.667175e-02
-7.065018e-03
-2.696919e-02
1.268075e-03
5.534753e-03
-5.284855e-03
9.554339e-03
4.135578e-03
2.361761e-03
8.988873e-04
2.673779e-03
-2.462724e-03
-1.253373e-02
-1.080509e-02
7.972154e-03
-8.851901e-03
1.246390e-02
8.442276e-03
-3.587031e-03
5.150620e-02
8.166984e-02
-7.825538e-03
-6.992786e-03
-9.615224e-03
2.346091e-02
1.338100e-02
3.825917e-02
-1.145747e-03
-1.154499e-01
4.111972e-02
2.521459e-03
1.400938e-03
1.270888e-03
6.125043e-03
-3.939020e-03
-1.181594e-03
1.296954e-02
6.725956e-04
5.112328e-03
-9.084539e-04
3.823323e-03
2.924442e-03
-2.142543e-04
3.759876e-03
1.070420e-03
1.764141e-03
3.545959e-03
1.320343e-03
7.979684e-04
2.061762e-03
2.685720e-04
-1.035848e-02
-1.019900e-02
-8.886802e-03
-2.220681e-03
-9.550576e-03
-4.899256e-03
-6.814134e-04
6.562144e-03
6.394133e-03
7.301602e-03
8.297780e-03
8.347708e-03
-6.521211e-03
-8.249480e-03
-4.137643e-03
-1.484933e-02
-1.364545e-02
-1.402190e-02
9.318092e-04
3.406549e-03
-2.605288e-03
1.227685e-02
2.421091e-02
1.129685e-02
1.978370e-03
1.200461e-02
5.335487e-03
4.363018e-03
7.510627e-03
4.316850e-03
1.092926e-02
1.791823e-02
1.192836e-02
-9.682567e-03
-1.802725e-02
5.351021e-03
-6.917311e-03
-1.095306e-02
1.358951e-02
-1.119387e-02
-3.363177e-02
-1.069698e-02
-1.304917e-02
-7.392986e-03
-1.757897e-03
-7.382877e-03
-1.171824e-02
-2.630024e-03
9.486786e-04
1.677257e-02
1.577925e-02
7.895610e-03
3.080346e-02
1.848666e-02
-5.086536e-03
2.224063e-02
1.671415e-02
2.094909e-03
2.924156e-02
1.962700e-02
1.827829e-02
1.542734e-02
1.119879e-02
7.789399e-03
7.100337e-03
9.980588e-03
-8.412322e-03
-1.548761e-02
-7.960119e-03
5.990888e-04
1.056014e-02
1.792465e-03
9.334407e-04
1.373692e-02
6.199860e-03
2.801592e-03
7.510846e-03
-2.605105e-03
1.566246e-03
4.010766e-03
1.721410e-03
8.500938e-04
2.398231e-04
1.771751e-05
8.733775e-03
1.396104e-02
7.686589e-03
1.229772e-06
4.252444e-03
1.424812e-02
1.754460e-03
-6.087531e-04
7.668793e-03
-1.371109e-02
1.632612e-03
1.237524e-02
1.407274e-02
1.902789e-02
7.759876e-03
8.223658e-03
1.503266e-02
4.920472e-03
1.260756e-02
2.283119e-02
1.026013e-02
-1.029460e-02
-4.960261e-03
-7.451130e-03
-1.372524e-02
-3.409022e-03
1.229095e-03
-1.802415e-02
-1.471485e-02
-9.425672e-03
9.714507e-03
7.727605e-03
1.111327e-02
4.824563e-03
1.768434e-02
1.156402e-03
1.790026e-02
6.050658e-03
-5.917035e-04
-2.347448e-03
1.203955e-03
1.746187e-03
-9.844749e-04
2.610965e-03
2.860365e-03
7.006679e-04
5.107427e-03
4.708651e-03
-1.163118e-03
1.389551e-03
3.598551e-04
-1.441701e-03
1.083510e-03
-1.283198e-04
9.837039e-04
1.550791e-03
9.331646e-04
1.536043e-03
2.804000e-03
6.711969e-04
-6.374647e-03
-4.358733e-03
-7.081388e-03
2.793336e-03
2.164279e-04
4.089425e-04
7.926269e-04
7.669757e-03
6.580968e-03
3.238875e-03
2.012397e-03
3.203537e-03
3.437291e-03
2.106333e-03
5.751527e-03
-7.877868e-03
5.719265e-04
-1.636231e-03
-2.097577e-03
1.065929e-02
4.573115e-03
6.506818e-04
1.413650e-02
5.486510e-03
4.440147e-04
4.171384e-03
-1.401855e-03
-2.303737e-04
4.190771e-03
2.867238e-03
6.657145e-03
7.864748e-03
3.253059e-03
5.454337e-03
6.193237e-03
1.253312e-02
2.799131e-03
-4.126720e-03
4.338340e-03
-2.334476e-04
-5.071561e-03
4.941540e-03
-5.352226e-03
-9.648440e-03
-8.903352e-03
-6.165808e-03
-3.543729e-03
2.967584e-03
-6.052952e-03
-2.957206e-03
-3.744127e-03
2.239032e-03
1.660138e-02
1.047134e-02
-1.554950e-03
1.620162e-02
1.498895e-02
2.815600e-03
1.906562e-02
1.333787e-02
1.734120e-02
1.286147e-02
9.281836e-03
6.922210e-03
9.145017e-04
2.808014e-03
-4.890424e-03
-1.114243e-02
-5.738502e-03
6.376658e-03
1.628321e-02
6.263713e-03
4.453585e-03
1.303012e-02
2.852478e-03
6.054303e-03
9.909619e-03
-9.243332e-05
-3.121092e-03
1.984338e-03
3.930124e-03
-2.121395e-03
4.151547e-03
5.387126e-03
-9.423009e-04
8.813212e-03
7.812388e-03
3.386565e-03
-2.557693e-04
5.787754e-04
9.773199e-03
3.138464e-03
4.847377e-04
3.957731e-03
6.356784e-03
6.255035e-03
8.553362e-03
1.489893e-02
4.069235e-03
6.199586e-03
1.235682e-02
3.985894e-03
9.127961e-03
1.609300e-02
6.044108e-03
-1.221071e-03
-1.282601e-03
-5.043542e-04
-3.079543e-03
-5.069508e-03
-8.369687e-04
-9.582947e-03
-8.336989e-03
-2.352022e-03
5.052517e-03
1.541874e-03
4.381518e-03
-1.732582e-03
1.104156e-02
5.858773e-03
5.221676e-03
1.045483e-03
-4.125566e-03
-2.938256e-03
9.731019e-04
1.492762e-03
-2.961477e-03
1.019579e-03
1.592681e-03
-2.407353e-03
2.385132e-03
2.225981e-03
3.308711e-03
2.924091e-03
3.630730e-05
7.947017e-03
3.470676e-03
-4.715097e-05
6.132193e-03
6.543152e-04
-2.581613e-03
-5.794205e-03
-2.429239e-03
-1.595929e-02
-5.758310e-03
-1.279407e-02
-9.005183e-04
-2.130264e-02
-1.313012e-02
-2.819371e-02
3.161309e-03
2.248265e-02
1.068700e-02
1.267965e-02
3.819440e-03
-8.532480e-03
1.884213e-02
3.358511e-04
-1.016985e-03
-1.707961e-02
-9.075546e-03
1.078673e-02
-1.689453e-02
-1.699193e-02
4.130460e-03
7.945497e-03
2.381075e-02
7.916320e-03
-8.143046e-03
-2.118294e-03
-2.178155e-02
-1.901598e-02
-2.651079e-02
-1.129195e-02
3.902136e-03
-2.965347e-03
-1.316767e-02
-2.067919e-02
-2.879601e-03
-3.358844e-02
-2.298935e-03
-2.626077e-02
-5.787867e-02
7.986622e-03
-3.158030e-02
-1.895757e-02
8.313313e-04
-1.459576e-02
1.751352e-02
-1.048754e-02
1.077178e-03
5.573668e-02
3.505074e-03
5.458158e-02
3.909987e-02
1.258518e-02
-7.942753e-04
-1.472291e-02
-2.544741e-02
4.598981e-03
-1.115060e-02
-5.228338e-03
-1.302327e-02
-1.585870e-03
-1.643108e-03
1.459705e-02
-2.889529e-02
9.831767e-03
2.327437e-02
-2.047929e-02
3.597799e-03
-5.717184e-03
-6.414276e-03
-9.230292e-03
3.061016e-03
-1.267251e-02
-5.699615e-03
-7.778117e-04
-1.176817e-02
2.798545e-03
-1.058873e-03
-8.229369e-03
-2.682613e-03
-1.180177e-02
1.686529e-02
-2.667837e-03
-1.190026e-02
1.314596e-02
4.782951e-04
1.378339e-03
1.092445e-02
-6.130276e-03
-5.508955e-03
2.748374e-03
8.112043e-03
-9.201261e-03
4.916257e-03
-5.807825e-03
1.212987e-02
-1.192817e-02
6.203340e-04
9.051171e-03
6.095531e-03
1.349080e-03
6.453127e-03
1.334360e-02
2.542011e-03
3.328132e-03
6.763507e-03
1.011511e-02
1.436003e-02
-6.474283e-03
2.159637e-02
1.853796e-02
-1.576712e-02
2.214919e-02
-2.139168e-02
4.684299e-03
-1.663760e-02
-3.345143e-02
-4.077550e-02
-4.958098e-02
-6.937043e-02
-5.796126e-02
-9.041023e-03
-4.785896e-02
-4.976624e-02
-7.082039e-04
-1.812982e-03
6.535206e-03
6.899463e-04
2.467149e-04
5.959484e-03
3.887961e-03
5.790072e-03
4.135160e-03
-6.157871e-03
-4.474217e-03
-5.867681e-03
-3.096690e-03
-2.934249e-05
-1.337731e-03
-6.345187e-04
1.664021e-03
-1.243212e-03
4.611344e-03
-1.927690e-03
8.246409e-03
1.063361e-02
1.879003e-03
-1.146040e-02
-1.336652e-03
-1.129740e-02
-1.600858e-02
3.881044e-03
7.207560e-03
1.209032e-02
-9.998363e-03
-8.556553e-03
3.865105e-03
-2.621031e-03
1.221593e-02
2.574775e-03
3.478000e-03
5.265940e-03
-7.818853e-03
8.354804e-04
1.467444e-02
1.265068e-02
-9.559283e-03
7.640083e-03
1.263011e-02
-1.227409e-02
-2.510857e-02
-1.553452e-02
-1.482160e-02
-7.746390e-03
-1.432756e-02
-9.445687e-03
-2.591387e-02
-2.308414e-02
-9.098800e-03
2.185919e-02
1.327901e-02
-2.508034e-02
6.047294e-03
1.375228e-02
3.449066e-02
8.395267e-02
3.016643e-02
-1.415408e-02
-3.004647e-02
-1.668985e-02
6.152675e-03
1.786888e-02
2.654682e-03
-1.016218e-02
-5.696318e-02
-1.692830e-02
-7.746889e-03
-5.699726e-03
6.454338e-04
1.665886e-02
-1.433535e-02
2.169982e-03
-6.301185e-03
-2.548162e-02
-2.242256e-03
-1.538009e-02
-1.657941e-02
8.163365e-03
-1.273390e-02
-2.112077e-02
-3.847646e-03
1.797724e-02
4.875568e-03
6.094207e-04
-2.366233e-03
-8.302693e-04
-3.175978e-03
-3.168900e-03
-6.497601e-03
-6.210649e-03
-7.654201e-04
1.751069e-02
1.269808e-02
2.264449e-03
1.500809e-02
8.140096e-03
9.830276e-03
1.224209e-02
4.172833e-04
-3.452700e-03
-8.380199e-03
-1.000259e-02
2.212600e-03
-2.446266e-02
-1.858964e-02
8.129389e-04
4.860622e-03
-6.518525e-03
8.044798e-03
-1.343934e-02
-1.206831e-02
2.261610e-03
-1.827544e-03
-6.072857e-04
4.071307e-03
1.561802e-03
1.100863e-03
-2.135628e-03
-6.936422e-03
-1.373219e-04
-1.420871e-02
3.826570e-03
1.005198e-02
7.863095e-03
4.455630e-03
8.977340e-03
1.771009e-02
3.706412e-02
1.273946e-02
-1.351901e-02
4.234428e-04
-1.599255e-02
4.935327e-03
-1.827728e-02
6.659219e-03
-3.102476e-02
-1.970986e-02
-4.995664e-03
-1.609721e-03
1.057116e-03
-3.465102e-03
-3.369356e-03
-4.700858e-04
-4.509461e-03
-2.508859e-03
1.769564e-03
-3.500234e-03
3.064506e-03
5.308585e-03
4.548613e-03
1.562739e-03
3.754186e-03
3.259839e-03
2.371979e-03
3.246256e-03
4.643850e-03
-4.911222e-03
2.530294e-03
-7.079205e-03
-1.401984e-02
-1.551917e-02
-4.052697e-03
-7.890518e-03
-1.176380e-02
-6.175683e-03
-4.261346e-03
5.924673e-05
-1.329596e-05
1.647171e-02
9.828047e-03
1.609608e-02
-2.568791e-03
2.755151e-04
6.811475e-03
-4.003924e-03
-1.437058e-03
8.925851e-04
6.622926e-03
-6.457249e-04
-6.109826e-03
1.669963e-02
1.886077e-02
4.940279e-03
6.846591e-03
1.510833e-02
7.188807e-03
4.555863e-03
1.072730e-03
1.015966e-02
9.721453e-03
1.645712e-02
9.866770e-03
-9.587946e-03
-2.768986e-02
-5.361198e-03
1.943867e-02
-2.426585e-03
2.273040e-02
-1.763064e-02
-4.820895e-02
8.140159e-03
2.282201e-03
1.266314e-02
1.536029e-02
-1.216414e-02
-1.585884e-02
2.223912e-04
1.006155e-02
2.997153e-02
1.074299e-02
4.972865e-03
2.455038e-02
1.679347e-02
-1.921595e-02
2.048681e-02
3.190527e-03
5.509852e-03
2.021248e-02
1.460518e-02
1.085848e-02
3.379491e-03
3.043960e-03
2.860940e-03
6.240822e-03
1.468672e-02
-1.432299e-02
-1.478632e-02
-1.975467e-03
2.956320e-03
1.260695e-02
1.706002e-03
5.858113e-03
1.433879e-02
5.964700e-03
6.594853e-03
1.058949e-03
-6.077719e-04
1.347234e-03
-4.269596e-04
3.427577e-03
-1.053773e-03
-2.839410e-03
-1.932728e-03
9.580979e-03
9.673851e-03
2.422561e-03
-6.003348e-04
6.249223e-03
1.748538e-02
-4.177672e-03
-5.874470e-03
5.830036e-03
-1.561639e-02
1.552889e-02
1.255598e-02
1.564428e-02
2.238717e-02
7.845665e-03
7.292044e-03
1.539746e-02
3.168297e-03
1.507244e-02
2.650328e-02
7.865830e-03
-5.022142e-03
-4.427082e-03
-2.837820e-03
-1.150200e-02
6.774622e-03
3.072956e-03
-1.472579e-02
-1.205424e-02
5.715264e-03
1.312226e-02
2.438514e-03
1.220401e-02
-7.799989e-03
1.221801e-02
-5.453616e-03
2.664153e-02
-1.695650e-02
6.777134e-03
-9.233248e-04
2.388194e-03
3.308675e-03
2.636001e-03
5.130043e-03
4.702782e-03
3.841622e-03
5.439319e-03
6.447524e-03
-1.466929e-03
-4.236494e-04
-7.801203e-04
-1.376934e-03
-3.263050e-05
-3.948464e-04
5.160629e-04
5.820738e-04
4.936451e-04
3.877848e-03
2.359913e-03
2.345979e-03
-1.044858e-03
1.901808e-04
-4.522660e-03
3.686091e-03
2.363196e-03
7.862562e-04
1.553063e-03
5.896865e-03
2.727129e-03
-4.479493e-04
-8.912098e-04
-2.744792e-03
3.758061e-03
3.112169e-03
2.465016e-03
-5.816386e-03
2.757226e-03
2.565416e-03
-5.064664e-03
9.480400e-03
9.686749e-03
-5.760666e-03
6.856382e-03
7.176950e-03
-1.773318e-03
-1.829282e-03
-3.360498e-03
-3.036765e-03
1.842478e-03
7.054716e-04
2.326402e-03
1.391178e-04
-6.777729e-04
8.347777e-03
1.319933e-02
1.171614e-02
7.864335e-04
-3.071188e-03
3.351768e-03
5.128748e-03
1.161849e-02
7.757833e-03
-9.766899e-04
-6.791637e-03
-5.030235e-03
-2.531475e-03
1.315168e-03
6.768937e-03
-7.288634e-03
-9.350794e-03
-2.777296e-03
-5.718946e-04
6.806153e-03
4.681910e-03
2.344715e-03
8.623950e-03
9.584984e-03
1.077996e-03
1.046063e-02
8.295039e-03
9.119897e-03
6.416392e-03
5.993286e-03
4.202703e-03
-1.183219e-03
-5.859102e-04
-3.160731e-04
-3.981093e-03
-1.466389e-03
3.754850e-03
1.120826e-02
5.533751e-03
1.389008e-03
7.667394e-03
9.764464e-04
3.721061e-03
9.644617e-03
1.900698e-03
-2.314279e-03
1.462403e-03
2.861237e-03
-9.601479e-04
4.826803e-03
3.151499e-03
-5.362629e-03
2.221322e-03
2.059163e-03
2.061300e-03
-2.463231e-03
-2.953871e-03
7.989180e-03
4.337587e-03
2.714314e-05
7.636109e-03
1.985749e-03
2.095893e-03
4.715209e-03
8.102199e-03
1.246634e-03
4.499358e-03
7.685924e-03
1.798764e-03
5.615349e-03
8.355178e-03
2.713177e-03
1.808988e-03
1.145893e-03
2.573143e-03
1.880475e-03
-4.482544e-03
-3.256846e-04
-1.462138e-03
-1.733101e-04
8.517255e-04
4.669745e-04
-2.044152e-03
-7.852686e-04
-3.329373e-03
2.067280e-03
3.741330e-03
-3.269660e-03
-1.619202e-03
-2.834355e-03
-2.926144e-03
-5.751749e-05
7.180566e-04
-3.881391e-03
-5.934179e-04
4.395558e-04
-3.729878e-03
2.834832e-04
3.648624e-04
-1.858676e-03
-5.958410e-04
-1.129632e-03
-9.832768e-04
5.797595e-04
-1.504680e-03
4.603471e-04
2.681215e-03
4.665915e-04
-1.643458e-03
-5.422280e-03
2.282143e-03
-1.755730e-03
1.846735e-03
-3.980248e-03
-4.612732e-03
-4.303816e-03
-3.754932e-03
1.802099e-03
2.374081e-03
3.540300e-03
-2.383401e-03
2.246485e-03
-1.323445e-03
2.854562e-03
1.000863e-02
6.254058e-03
4.903200e-03
8.427236e-03
-6.947617e-04
6.268723e-04
8.338813e-03
4.612939e-03
-8.306899e-03
-1.704205e-03
3.690767e-03
-1.468705e-03
-3.722295e-03
-1.666585e-03
-6.697061e-04
3.059445e-03
-2.060739e-03
2.427805e-03
-8.841164e-04
1.028952e-03
-4.223139e-03
2.111951e-04
2.715820e-03
-1.666203e-02
-4.196987e-03
-9.034595e-03
2.234925e-04
1.818221e-02
1.586259e-03
1.604487e-03
-2.108306e-03
-1.553027e-03
3.288709e-03
1.242732e-03
2.521810e-03
-1.250612e-03
-1.778056e-02
-3.127512e-04
-2.190583e-03
4.378044e-03
3.765708e-03
8.960984e-03
1.509233e-03
1.322513e-02
-1.231245e-04
7.773602e-03
7.160454e-03
-7.161266e-04
-2.655136e-03
-1.235754e-03
5.725508e-03
2.625450e-03
-4.097578e-03
1.092247e-02
1.117556e-02
2.059556e-03
2.549186e-03
1.342146e-03
1.636635e-03
-9.877740e-04
2.851460e-04
-2.139765e-04
-1.060589e-03
9.100640e-03
3.880403e-03
-1.094637e-03
6.321073e-03
4.999094e-03
-1.103188e-03
6.002322e-04
5.234079e-03
-1.849341e-03
-1.500154e-03
4.891368e-03
1.930282e-03
6.240612e-03
4.370001e-03
2.050248e-03
3.740891e-03
3.148182e-03
1.523411e-03
-1.366512e-02
-4.039724e-03
3.028420e-03
3.015922e-03
2.759994e-03
5.315932e-03
5.040492e-03
4.048923e-03
3.464395e-03
3.149013e-03
4.690721e-03
-9.441856e-03
-5.790542e-03
-7.147331e-03
3.893245e-04
-2.734861e-04
3.781266e-04
1.852362e-03
8.051317e-03
-5.758605e-03
-1.592213e-03
5.793423e-04
-8.706678e-03
1.281678e-03
-7.670146e-03
3.370173e-03
-1.430063e-02
2.240490e-04
-3.974412e-03
-1.874439e-04
1.321266e-03
1.980272e-03
-9.003964e-04
2.718019e-04
1.997724e-03
-2.387475e-04
1.895532e-03
2.254162e-03
1.925519e-03
2.051615e-03
-1.447062e-03
4.801769e-03
9.626564e-04
2.649432e-03
-1.119535e-03
-6.558456e-03
-4.621114e-04
-3.492535e-03
1.593719e-02
-2.071291e-02
1.483362e-02
-7.720418e-03
1.611207e-02
1.125126e-02
-1.289779e-02
-8.472225e-03
-1.041928e-02
2.900325e-02
9.700392e-03
5.979406e-02
-1.360110e-02
-4.853897e-03
-2.013750e-02
-3.360583e-02
3.034049e-02
-2.876167e-02
-1.772243e-02
2.200951e-02
1.249721e-02
-1.527299e-02
9.691284e-03
1.760020e-02
1.323278e-02
-5.259480e-04
6.490654e-03
3.110529e-02
-1.039184e-02
-2.698422e-02
-4.398939e-02
1.093413e-02
6.412350e-03
1.460671e-02
-3.875111e-03
-2.758843e-02
-5.003688e-03
-1.194543e-02
7.291365e-02
3.329905e-02
-1.821278e-02
-1.492112e-02
-1.444145e-01
8.537281e-03
3.702873e-02
-5.513920e-04
-5.184638e-03
-7.877354e-02
-3.533071e-02
1.543701e-02
5.108882e-02
1.158124e-01
-2.861925e-02
2.245604e-02
-1.516920e-03
1.059220e-02
-5.430638e-02
2.239114e-02
-1.716591e-02
2.941821e-02
-2.285415e-02
1.846634e-02
2.532438e-02
1.889193e-02
-9.480672e-03
-9.350600e-03
-1.255406e-02
1.061246e-02
-2.030742e-02
-2.882982e-02
4.311007e-03
-7.993219e-03
3.004992e-04
1.494928e-04
1.371424e-02
9.465511e-03
-2.185680e-03
1.111882e-02
-2.778389e-02
3.801388e-03
-8.877382e-03
-2.700504e-03
1.128779e-02
-1.740817e-02
-1.741965e-02
-3.051504e-03
1.503837e-02
2.995567e-02
-1.130705e-03
1.723087e-02
4.979944e-03
6.640641e-03
4.062280e-03
-3.584745e-02
-7.716754e-03
-3.828809e-02
6.111801e-02
-4.602285e-04
1.041158e-02
-3.990136e-03
1.186362e-03
-7.094735e-03
-8.428937e-03
1.425013e-02
2.496466e-03
4.589227e-03
-2.736371e-03
2.367322e-02
3.831784e-04
-9.111802e-03
1.845673e-02
4.660421e-02
5.146078e-04
-4.595435e-02
-7.687005e-02
2.873294e-02
2.498342e-02
1.584747e-02
2.785048e-03
-2.338468e-02
1.570787e-03
2.422244e-03
9.007289e-02
-4.873924e-02
2.459069e-02
-3.434371e-03
2.892395e-03
-2.195303e-03
5.076909e-04
2.939856e-03
-5.392758e-03
-4.040297e-04
8.125836e-04
-2.914640e-04
-1.902446e-03
8.052942e-05
-1.390799e-03
-1.280803e-03
9.340948e-04
-2.483623e-03
1.222954e-03
4.294431e-03
1.423290e-03
-9.626457e-04
-3.948051e-03
2.071844e-03
-1.185953e-03
2.889345e-03
-3.398921e-03
-4.656594e-03
-2.824043e-03
-4.613345e-03
2.875061e-03
4.423020e-03
7.910880e-03
3.159674e-03
7.443770e-03
6.617283e-03
2.332214e-03
1.363648e-02
1.476744e-02
1.074985e-02
1.535251e-02
-2.519930e-03
9.120237e-03
1.307959e-02
-4.088583e-03
-5.871920e-03
-1.756148e-03
-5.796291e-03
1.249588e-03
8.402793e-04
1.099499e-04
3.897872e-03
5.235707e-03
1.672192e-04
6.325257e-03
7.423426e-03
5.630440e-03
-1.055799e-02
-1.248424e-02
-7.627174e-03
-1.478924e-02
-3.377549e-03
-2.049520e-02
-3.781660e-03
2.712531e-03
2.324047e-03
3.099709e-03
6.967327e-04
-1.620296e-03
-2.289265e-04
-6.804744e-03
-8.186179e-03
3.977299e-03
-1.106548e-02
-7.225196e-03
-3.789156e-03
1.104160e-02
5.401224e-03
5.739738e-03
5.120273e-03
1.812681e-02
4.828253e-03
1.546119e-02
8.411678e-03
3.786529e-04
-3.499364e-03
-2.075449e-03
8.448285e-03
5.147773e-03
2.976640e-03
1.561438e-02
1.780905e-02
1.089458e-02
3.539194e-03
3.376733e-03
-2.545150e-03
2.010122e-04
2.339250e-03
-2.117185e-03
-2.160302e-04
8.880047e-03
3.053859e-03
4.122865e-04
1.187220e-02
1.085814e-02
-4.490842e-03
-9.309548e-05
7.671731e-03
8.500399e-04
3.310227e-04
7.525566e-03
5.001156e-03
8.549870e-03
3.559050e-03
3.194977e-03
6.528178e-04
-8.450215e-06
3.420320e-05
-1.218731e-02
-5.106102e-03
3.881044e-03
6.209204e-03
2.926187e-03
6.458024e-03
7.162738e-03
4.115153e-03
5.531520e-03
7.580109e-03
4.934443e-03
-1.867442e-02
-1.694115e-02
-1.705582e-02
-3.393930e-03
1.324485e-03
2.551369e-03
-2.231540e-03
3.057005e-03
-6.908096e-03
7.233864e-03
1.569389e-02
-6.346186e-03
1.329562e-02
2.925342e-03
1.162639e-02
-1.016806e-02
5.884253e-03
-1.925681e-03
4.222837e-04
2.589300e-03
2.115554e-03
1.222094e-03
2.015424e-03
2.530340e-03
2.878281e-03
4.803805e-03
3.743786e-03
-3.666945e-03
-7.028745e-05
5.028716e-04
-1.613232e-03
4.579283e-04
-8.297736e-04
1.916875e-03
9.645393e-06
-1.150065e-03
-3.830248e-03
3.748265e-03
-2.277073e-03
-7.552103e-03
-6.221582e-03
-1.774969e-02
5.239319e-03
3.134827e-03
-7.360809e-03
-4.689883e-03
-2.588472e-03
4.055075e-03
4.416973e-03
-1.956518e-03
1.583118e-02
-6.359558e-03
-3.009319e-03
6.726039e-03
-1.711188e-02
-3.636043e-03
-7.641322e-03
-3.214835e-03
8.912513e-03
-4.910503e-03
1.073945e-02
3.136676e-02
1.219245e-02
4.328571e-03
1.139959e-02
3.807779e-03
3.227018e-03
1.845218e-03
2.162754e-03
8.158462e-03
1.569505e-02
6.550790e-03
-2.312571e-03
-2.209865e-02
-5.648021e-03
8.340757e-03
-5.068770e-03
1.505454e-02
1.113327e-02
-7.558969e-03
-6.951351e-03
3.340701e-03
-5.962008e-03
-2.729528e-02
-3.157178e-04
-1.272681e-02
-3.782318e-02
1.755326e-02
9.347991e-03
-1.562409e-02
-6.419166e-04
1.954510e-02
7.963846e-03
-1.475403e-02
8.210528e-03
7.437716e-03
2.444285e-03
1.261278e-02
8.266827e-03
1.549449e-02
2.029427e-02
3.265109e-02
-4.552504e-03
-3.946963e-04
2.007369e-02
-2.183229e-02
-2.576495e-02
-1.787473e-02
7.279508e-03
1.509005e-02
-2.455646e-03
7.810508e-03
1.504899e-02
4.230602e-03
9.867945e-03
6.872253e-03
-6.635859e-03
7.694070e-03
9.809552e-03
5.294174e-03
5.043552e-03
3.417772e-03
1.950226e-03
-2.110747e-04
1.077775e-02
1.569248e-02
3.910762e-03
-1.307547e-02
-1.646336e-02
3.928123e-02
4.806249e-03
-2.519110e-02
2.203952e-02
1.976463e-02
8.016495e-04
1.202443e-02
1.670290e-02
1.702061e-03
3.264733e-03
9.815462e-03
1.468384e-04
4.546802e-03
1.629752e-02
4.094381e-03
-1.287776e-03
-6.658517e-03
-3.431127e-03
-1.918699e-04
6.219530e-03
1.173971e-02
-1.048221e-02
-7.054062e-03
-3.859301e-03
1.607158e-02
2.892913e-02
1.619750e-02
3.852866e-03
4.538809e-02
2.291348e-02
1.164020e-02
2.064450e-02
-1.855858e-03
-1.512926e-03
9.277810e-04
-1.177000e-03
4.509083e-05
2.351078e-03
6.829256e-04
-1.696789e-04
3.970033e-03
3.990890e-03
-6.151327e-03
-9.948460e-04
1.411520e-04
-7.810822e-03
-3.502476e-03
-1.092657e-03
-3.379712e-03
1.023544e-03
8.295180e-04
4.076221e-04
1.466568e-02
2.586911e-02
-6.761833e-03
1.776684e-02
2.007676e-02
-8.198791e-03
-2.382789e-04
1.384837e-02
-1.155513e-02
-4.763415e-03
3.003149e-03
-2.353865e-02
3.748707e-03
9.388958e-04
-2.792040e-03
-5.725569e-04
2.025992e-03
1.902805e-02
-1.977387e-02
-1.747737e-02
2.753230e-02
-1.550835e-02
-2.652519e-02
2.890228e-02
-2.744986e-03
-2.393479e-02
-1.864175e-03
3.562264e-03
7.147938e-03
7.557850e-03
1.429799e-02
4.431242e-04
-1.570884e-03
9.075834e-03
-1.021543e-03
6.835519e-03
2.323981e-02
2.889887e-02
-2.639110e-02
-9.092942e-03
-6.968017e-03
-3.188537e-02
-4.936005e-02
-5.217949e-02
-5.947753e-03
6.446466e-03
2.036375e-02
-2.582659e-05
3.003500e-02
2.895242e-02
-3.191826e-02
-2.456990e-02
-8.490446e-03
3.246075e-03
2.643774e-02
1.233104e-02
1.596356e-02
1.532698e-02
3.245703e-02
-1.613166e-02
1.642336e-02
7.658747e-03
4.043045e-02
3.302350e-02
-2.472451e-03
3.310934e-02
2.636403e-02
7.777379e-03
1.435676e-02
-9.228541e-03
-2.222326e-02
3.199111e-03
5.789355e-03
-8.792005e-03
3.259385e-03
-3.923336e-03
-1.481501e-02
1.585585e-03
3.163132e-03
-2.354859e-02
-1.972888e-02
6.426326e-03
7.427520e-03
-1.725561e-02
4.754794e-03
2.231938e-02
1.542692e-03
1.740373e-02
2.005020e-02
-2.513713e-03
1.139607e-02
2.043042e-02
-1.189420e-02
5.790642e-03
1.076015e-02
-1.697144e-02
2.536280e-04
1.771904e-02
-2.206085e-03
6.689293e-03
1.259440e-03
-8.748091e-03
1.104328e-04
-3.092535e-04
-1.034912e-02
-1.874703e-03
-3.309216e-03
-4.172500e-03
9.545076e-03
-1.053293e-02
-5.939373e-03
-1.677829e-02
-1.640455e-03
-2.596164e-02
-3.709426e-02
-2.831885e-02
-3.647448e-03
8.253141e-03
5.005815e-04
2.022612e-02
2.350761e-02
1.134811e-02
2.168376e-02
5.736363e-02
7.678643e-04
-3.414650e-03
2.017446e-03
2.045041e-03
-6.528710e-03
-2.640680e-03
-1.336874e-03
-6.247770e-03
-1.276823e-03
-2.327635e-03
2.002334e-04
2.535466e-03
1.315364e-03
-1.197708e-03
1.775926e-03
-2.281840e-04
1.416931e-03
3.413696e-03
2.363408e-03
3.632772e-03
1.888162e-03
5.015099e-03
-3.451210e-03
-8.663421e-04
-2.664762e-03
2.697675e-03
-1.587772e-03
3.057111e-03
3.104683e-03
5.748586e-03
5.812480e-03
9.474005e-03
7.859435e-03
1.263266e-02
6.249123e-03
1.109163e-02
1.311695e-02
2.837984e-03
8.796675e-03
-3.971305e-03
3.823408e-03
1.216315e-02
-1.276319e-03
-2.665015e-03
4.942672e-03
2.125178e-04
9.025283e-04
3.428761e-03
2.936274e-03
3.592994e-03
6.434923e-03
3.365790e-03
4.920999e-03
6.983728e-03
5.394243e-03
-1.115455e-03
-1.084684e-02
2.536034e-04
-4.389513e-03
-5.484434e-03
5.380715e-03
-3.161057e-03
-4.986847e-03
9.572163e-03
-7.377291e-03
1.709679e-03
3.571265e-04
-9.843214e-03
-6.489395e-03
-8.561500e-03
-9.270944e-03
-7.780820e-03
-7.354903e-03
-1.259630e-03
1.899029e-02
1.320393e-02
7.492941e-04
1.442402e-02
1.233027e-02
3.285794e-03
2.050415e-02
1.324982e-02
8.950989e-03
1.511022e-03
8.607520e-03
6.121046e-03
6.679787e-04
1.164482e-02
2.660217e-03
7.846348e-04
5.439596e-03
5.285246e-03
1.115792e-02
3.136278e-03
2.688020e-03
9.848143e-03
2.370691e-03
4.932366e-03
1.004822e-02
3.899855e-03
8.404691e-04
8.091443e-03
3.914652e-03
-5.939019e-04
3.208015e-03
2.760495e-04
4.247924e-03
6.590844e-03
3.763035e-03
3.091492e-03
2.586479e-03
3.580060e-04
3.176648e-03
2.411264e-03
-1.370575e-03
-1.241093e-05
-1.859907e-03
5.032627e-04
7.862488e-03
1.235351e-02
4.390873e-03
6.755172e-03
1.025968e-02
3.087954e-03
8.245946e-03
1.348926e-02
7.130549e-03
-1.163906e-02
-1.173195e-02
-3.333638e-03
-8.211955e-03
-4.407884e-03
6.360447e-03
-9.163467e-03
-2.742998e-03
7.109940e-04
1.311787e-02
6.093504e-03
8.383347e-03
1.337758e-02
1.247768e-02
5.449456e-03
2.371386e-03
-2.201797e-03
3.085172e-03
-1.492743e-03
1.634789e-03
7.181550e-04
-5.897359e-04
2.034015e-03
1.535348e-03
6.898698e-04
3.378302e-03
2.722234e-03
6.826073e-03
9.010255e-03
9.947327e-03
7.630808e-04
5.594131e-03
8.727240e-03
1.016062e-03
8.523737e-03
1.249647e-02
-1.953908e-03
-1.697272e-03
5.323644e-03
-1.689793e-02
-1.616298e-02
2.831046e-03
-2.499237e-02
-2.485081e-02
3.661709e-03
-2.568252e-03
1.211215e-02
1.794551e-02
-2.146289e-03
1.703527e-02
4.085762e-02
-3.542266e-03
1.876516e-02
2.505880e-02
1.724855e-02
1.017708e-02
3.002874e-03
2.484893e-02
1.272915e-02
-5.803098e-03
2.026248e-02
1.087656e-02
1.802156e-03
1.769390e-03
-1.485875e-02
4.697591e-03
5.439618e-03
-6.672983e-04
-1.147888e-03
4.996987e-03
-5.385533e-03
2.547916e-03
1.120927e-02
1.096528e-02
2.362365e-02
-1.530938e-02
8.014536e-03
5.889031e-02
-3.270092e-02
-5.705893e-03
8.646740e-03
-1.377118e-02
9.764894e-03
4.200382e-02
-2.545881e-02
-3.607464e-03
7.452806e-03
-3.115344e-02
-1.693939e-02
1.814606e-03
-7.223514e-03
3.429071e-03
6.394751e-03
-1.260153e-04
-8.525972e-03
-1.000157e-02
-4.059091e-03
6.907340e-03
1.350842e-02
1.641277e-03
-1.961298e-02
-7.358512e-03
7.585915e-03
-1.733389e-03
1.442308e-02
1.215492e-02
9.084780e-03
8.360772e-03
-6.969669e-03
-5.714357e-03
5.846879e-04
-1.274922e-02
-1.379031e-02
-5.089432e-03
7.520816e-05
1.980665e-03
4.872559e-03
-3.429529e-05
9.358919e-03
1.630024e-02
-9.846572e-03
-4.985954e-04
7.712931e-04
1.079766e-02
3.619588e-03
1.211185e-03
3.783880e-03
1.861155e-02
5.010147e-02
-4.171054e-02
1.174505e-02
3.500680e-02
-5.170700e-02
-2.579654e-02
7.022889e-04
8.833390e-03
1.565121e-03
5.879484e-03
5.638238e-03
3.683519e-04
-9.216040e-04
7.792436e-03
6.205415e-03
5.786013e-03
-4.237876e-03
2.485744e-02
2.092266e-02
-1.948188e-02
8.804227e-03
2.206762e-02
-7.759107e-03
2.464289e-02
1.930255e-02
-3.386955e-02
-3.487533e-02
-1.899618e-02
-2.437766e-02
-2.806977e-02
-2.454019e-02
-3.210138e-04
-5.283316e-02
7.909372e-03
9.245017e-04
1.010706e-03
2.646506e-03
1.810411e-03
2.570367e-03
3.586320e-03
4.142179e-03
4.576247e-04
3.068790e-03
1.105326e-02
1.363145e-02
7.732820e-03
7.102541e-03
7.401313e-03
1.398820e-03
-2.909495e-03
-7.379983e-03
-8.321835e-03
-1.472984e-02
-1.693424e-02
7.484516e-03
-7.305531e-03
-6.103030e-03
1.428682e-02
2.011775e-02
2.477386e-02
2.319027e-02
1.133304e-02
1.246203e-02
-3.224796e-02
8.070672e-03
6.125242e-03
-6.847989e-03
-1.911229e-02
-5.790900e-04
-1.115937e-03
-2.111400e-02
2.075751e-03
2.300702e-02
-1.817567e-02
1.703764e-02
2.556841e-02
-9.035640e-03
-7.240342e-04
-4.023576e-03
-7.632356e-03
-6.767781e-03
-1.157799e-02
-1.709216e-02
-1.726673e-02
-6.295340e-03
1.058672e-02
3.531926e-03
-6.834916e-03
-6.049249e-02
-5.237839e-03
-9.289005e-03
-2.353113e-02
-2.112808e-02
1.690888e-02
-1.102707e-02
2.614365e-02
4.024460e-02
-5.150483e-02
-8.293153e-02
5.462157e-03
-5.637171e-02
1.193067e-02
2.124831e-02
1.288042e-02
1.446385e-02
1.416354e-02
-9.626334e-03
2.399013e-03
-2.874212e-03
-7.068212e-03
-6.270555e-03
-8.051415e-03
6.539908e-03
-8.563850e-03
6.113980e-03
3.616823e-02
2.036630e-02
1.664237e-03
-3.610890e-03
-2.190912e-02
-1.323563e-02
-1.068632e-02
-2.707180e-02
-1.922249e-02
-1.279614e-02
1.517268e-02
1.531927e-03
2.489568e-03
1.840501e-02
5.706773e-03
-8.637844e-03
-3.436067e-03
-1.404321e-02
-8.457030e-04
-4.353604e-03
-1.635360e-02
-8.231175e-03
1.077262e-02
-1.142177e-03
-2.623276e-03
1.219890e-02
1.502687e-02
-5.818263e-03
-1.928100e-02
-1.585058e-02
-2.592196e-02
7.743668e-03
-4.317134e-03
-1.173107e-03
1.375073e-02
5.187126e-03
8.023022e-03
-4.881597e-03
-4.932278e-03
2.891944e-03
-2.971212e-03
-2.209217e-03
1.328532e-05
-2.667289e-03
-1.505590e-03
-2.536423e-02
8.264337e-03
1.013079e-02
2.649359e-04
2.394259e-02
2.949635e-03
1.619813e-02
2.809215e-02
3.070050e-02
-1.394417e-03
2.048854e-02
5.060007e-03
4.235921e-02
-6.685802e-03
-3.316749e-03
-6.323452e-03
-3.087530e-02
1.517054e-02
-6.823337e-03
-6.986569e-03
-6.849119e-03
-3.195015e-03
-3.390991e-03
-4.052373e-03
1.184774e-04
-1.511009e-04
-2.310854e-03
-5.601572e-03
-1.343632e-04
-6.609378e-04
-5.186242e-03
-8.482803e-04
8.024914e-04
-3.447758e-03
-2.965993e-03
-1.976921e-03
1.926242e-02
1.238443e-02
-4.477114e-03
2.270250e-02
1.725986e-02
-4.343412e-03
2.264695e-02
8.268793e-03
2.236192e-02
-1.937609e-02
-2.058237e-02
-4.364234e-02
4.816015e-03
-5.473817e-03
-2.901197e-02
1.665220e-02
9.131054e-03
-1.872667e-02
-5.200918e-02
1.240378e-02
3.708419e-02
-5.882095e-02
1.346274e-02
5.707038e-02
-2.388519e-02
1.395545e-02
3.087054e-02
-7.211567e-04
1.286972e-03
8.656556e-03
-8.684054e-03
1.584253e-04
5.947968e-03
-1.511801e-02
-1.048320e-02
1.813339e-03
3.430210e-02
2.455485e-02
-8.598809e-03
2.427172e-02
-1.259535e-03
1.420090e-03
-2.256416e-04
-1.704630e-02
-2.597647e-02
2.792389e-02
8.806691e-03
4.783597e-03
7.544582e-03
1.947777e-02
-2.026212e-03
-2.574624e-02
-1.190669e-02
-1.599139e-02
-1.330030e-03
1.078187e-03
3.115653e-04
9.058838e-03
-3.399416e-03
-1.339477e-03
-1.267249e-03
3.345093e-03
2.806343e-03
6.849456e-03
7.482866e-03
1.787889e-02
1.545133e-02
2.756007e-02
2.808400e-02
-2.659708e-02
-5.937194e-03
1.011457e-04
1.009877e-02
1.075055e-02
8.777806e-03
-1.370310e-02
-1.047044e-02
-7.755878e-03
-1.843354e-02
-1.854176e-02
-1.560627e-02
-5.090409e-03
-1.457656e-02
-2.717965e-02
1.676869e-02
3.218045e-03
-1.788513e-02
5.133105e-03
2.475310e-02
1.513300e-02
7.853570e-02
4.525003e-02
2.536676e-03
4.867137e-02
1.330459e-02
-7.120410e-02
-1.639096e-02
-8.147722e-02
-1.162450e-01
1.669005e-03
-2.161233e-03
1.279421e-03
2.827614e-03
4.887669e-03
5.559053e-03
-4.259856e-03
4.360680e-04
3.965535e-03
4.257434e-02
1.410614e-02
-7.730558e-03
4.484729e-02
1.886093e-02
-1.862311e-02
7.334265e-03
-4.932718e-03
-2.388974e-02
3.646155e-04
-9.649231e-03
-1.958783e-03
-8.117826e-03
-4.368053e-03
1.790887e-03
-1.885188e-02
7.687471e-03
4.686007e-03
-4.927892e-04
-1.992775e-03
-1.167302e-03
-2.356522e-03
-4.416871e-03
-2.685965e-03
-3.797819e-03
-5.584437e-03
-5.870491e-03
-2.332757e-03
1.410864e-03
-1.158055e-03
3.189196e-04
2.867177e-03
-2.047117e-03
3.415642e-03
5.625236e-03
1.293671e-03
-6.139506e-03
-4.536243e-03
-3.627343e-03
-1.061265e-02
-6.816401e-03
-1.005907e-02
-1.202949e-02
-1.049518e-02
-1.377005e-02
1.002343e-03
1.038291e-02
9.006282e-03
3.875661e-03
6.773334e-03
2.274677e-03
-7.681869e-03
-2.672117e-03
7.589893e-04
-5.747402e-03
-3.413321e-05
-9.219744e-03
4.286519e-03
9.418078e-03
-1.303936e-03
5.612383e-03
1.800074e-02
6.904173e-03
2.732709e-03
8.792000e-03
-1.870125e-03
3.534744e-03
5.027103e-03
6.509862e-04
1.024325e-02
1.688170e-02
9.481225e-03
-1.724465e-02
-1.467825e-02
-6.532680e-03
-7.328900e-03
-8.046553e-03
-2.467546e-02
-2.972315e-03
-1.379774e-02
-9.710431e-03
3.461957e-03
-1.010083e-02
-4.960430e-03
-6.173140e-03
-1.509613e-02
-6.312510e-03
7.333428e-03
5.759334e-03
6.687752e-03
2.421965e-03
2.078378e-02
1.235542e-02
-4.895434e-03
1.604983e-02
2.010208e-02
3.955223e-03
2.520004e-02
1.517375e-02
8.335367e-03
2.672795e-03
-1.173420e-02
1.671532e-02
7.165868e-03
-1.271736e-02
1.354942e-02
7.866197e-03
-4.742525e-03
4.687555e-03
6.829881e-03
-4.334248e-03
3.372403e-03
9.850184e-03
-1.543958e-03
6.179603e-03
1.347686e-02
1.945618e-04
2.440909e-04
1.355759e-02
2.081638e-02
-1.194738e-02
-2.060190e-03
1.461294e-02
-8.488790e-03
3.030654e-03
1.607627e-02
1.033912e-02
9.356717e-03
3.093975e-03
1.529754e-02
-2.736025e-03
-5.120010e-04
-1.397618e-03
-5.881824e-03
-2.247162e-03
9.214921e-03
1.260088e-02
6.560562e-03
7.806032e-03
1.236953e-02
6.981031e-03
1.010440e-02
1.804011e-02
9.252665e-03
-1.523267e-02
-1.548440e-02
-2.348176e-02
-3.460598e-04
5.476954e-03
-5.061912e-03
-2.730991e-03
-5.455607e-03
-1.469562e-02
9.077829e-03
2.044555e-02
-4.396728e-03
7.443414e-03
1.179625e-02
1.178946e-02
3.121426e-04
1.320668e-02
-1.526113e-03
-2.171573e-03
1.484307e-03
3.134984e-03
-1.050492e-03
1.784988e-03
3.941817e-03
1.687051e-03
6.360135e-03
6.266030e-03
-8.088903e-04
-9.293322e-05
2.907588e-04
-1.517916e-03
-1.716418e-04
3.488388e-04
-7.400341e-04
-3.347255e-04
2.920277e-04
3.998681e-03
3.212741e-03
3.551454e-03
7.121128e-04
1.279132e-03
-1.114233e-03
4.295061e-03
2.562620e-03
3.657116e-03
-1.494454e-03
5.965541e-04
1.400835e-03
-2.871612e-03
-5.659558e-04
-2.523104e-04
1.459600e-03
2.498921e-03
2.578937e-03
-2.045768e-03
9.777049e-04
4.098432e-05
-8.449936e-04
5.109893e-03
1.844067e-03
-1.549416e-03
3.568769e-03
8.851060e-04
-6.446757e-04
-9.348526e-04
1.745222e-04
-1.120589e-03
2.333516e-03
1.579904e-03
2.248828e-03
2.250261e-04
1.261518e-04
5.559131e-03
7.498541e-03
1.018423e-02
-3.881717e-03
-6.510422e-04
8.299327e-03
-3.526045e-03
2.663028e-03
4.804948e-03
-3.079435e-03
-1.757238e-03
-2.920191e-03
-2.340889e-04
3.219789e-03
6.042506e-03
-5.494102e-03
-6.800443e-03
-4.148601e-03
4.624622e-04
6.696520e-03
2.524005e-03
3.938660e-03
6.004354e-03
7.900520e-03
7.299479e-04
7.204623e-03
4.461976e-03
6.156528e-03
5.435649e-03
9.141162e-03
-1.262005e-03
-1.895551e-04
7.688771e-03
-4.720786e-03
-5.502803e-03
8.988923e-04
1.631076e-03
6.819322e-03
4.038631e-03
3.949326e-04
3.616440e-03
1.487907e-03
2.530565e-04
3.229080e-03
-1.119182e-04
-1.290618e-03
-4.049422e-04
-2.996742e-03
2.582131e-03
3.254599e-03
-1.317736e-03
2.474003e-03
3.486388e-03
-1.226097e-03
-9.026520e-04
-1.325369e-03
2.967445e-03
-1.875965e-04
4.030438e-03
1.928928e-03
2.349528e-03
1.593925e-03
3.610796e-03
3.647874e-03
4.906503e-03
9.723608e-04
3.187417e-03
4.136209e-03
1.242034e-03
3.730585e-03
3.849748e-03
1.296967e-03
-4.811804e-04
2.735762e-03
4.652052e-03
-4.058214e-03
-5.280213e-03
2.379774e-03
-7.468401e-03
-2.460013e-03
1.382269e-03
-4.675027e-04
-2.624077e-03
-3.462999e-04
-2.344545e-03
2.844520e-03
8.872987e-04
-1.146924e-06
-2.580769e-03
-5.030295e-03
-1.230245e-03
6.275274e-04
1.625306e-04
-1.918781e-03
2.274726e-04
-2.342826e-04
-2.341733e-03
6.546392e-06
-5.048961e-04
3.080423e-03
2.064206e-03
-3.798576e-05
-5.577717e-03
-5.532268e-03
-2.233067e-03
1.832800e-03
5.712669e-04
4.143765e-03
-5.499269e-04
6.117848e-03
-1.022265e-02
4.797132e-03
-5.793772e-03
6.490213e-03
6.314590e-03
3.047829e-02
1.629629e-02
6.259699e-03
1.432715e-02
3.821867e-03
1.694678e-02
5.825539e-03
5.167448e-03
2.155575e-02
2.326664e-02
1.540442e-02
1.959663e-02
1.843307e-02
8.820979e-03
1.311241e-02
1.042970e-02
-7.105632e-03
7.887622e-04
3.869767e-03
-2.234401e-02
-3.559328e-03
-5.233281e-03
-1.179879e-02
-5.180295e-03
-5.281646e-03
2.174256e-02
-3.926067e-03
8.680720e-03
-8.635802e-03
1.531276e-02
3.990714e-02
8.830791e-03
1.565549e-02
3.503589e-02
-1.331312e-02
-2.904096e-02
-4.489229e-02
4.349592e-02
1.821891e-02
-2.114773e-02
-2.050314e-02
-8.085384e-03
9.952039e-03
1.083842e-02
4.616258e-03
-1.163018e-02
-7.312110e-02
-1.628231e-02
-3.131990e-02
-1.093797e-02
-2.568849e-02
-8.965802e-04
2.125804e-03
1.306483e-02
-1.947173e-02
7.832549e-03
1.685572e-03
1.464581e-03
7.074547e-03
-1.172740e-02
-4.280228e-03
2.548105e-02
1.368220e-03
2.465246e-03
1.585851e-02
1.955242e-03
1.724832e-03
8.690413e-03
4.240646e-03
-1.128490e-02
-3.694546e-03
8.196776e-03
-1.852440e-02
7.971979e-03
4.966413e-03
-7.500384e-03
-8.528719e-03
3.500639e-03
1.625224e-03
-1.200539e-02
1.377170e-02
3.453384e-03
-1.462885e-02
-1.044971e-02
-7.600052e-03
-4.389725e-03
-2.321720e-02
-8.533457e-03
1.898405e-02
-9.920503e-03
3.450001e-02
1.467024e-02
-2.030676e-03
-9.753045e-03
-7.035323e-03
-3.252632e-03
-7.495678e-03
7.834591e-04
8.153548e-03
-3.485611e-03
-6.248291e-03
1.537175e-03
8.264398e-03
2.010752e-03
-4.485880e-03
6.517676e-03
-1.386705e-02
-1.650193e-02
-2.321247e-02
2.615099e-02
-1.036077e-02
-1.552891e-02
-1.946122e-02
1.408610e-02
1.649785e-02
-2.176994e-04
3.542216e-02
4.553581e-03
1.208448e-02
-7.800538e-05
-7.007792e-04
-3.535585e-03
2.035685e-03
-1.258692e-03
-5.557046e-03
3.145610e-03
-1.164177e-04
-3.045131e-03
-1.458866e-03
1.049286e-03
-6.531024e-04
-1.883479e-03
1.072894e-03
-9.540984e-04
2.309389e-03
3.879454e-03
2.811771e-03
4.406190e-03
3.733793e-03
3.819573e-03
-6.126186e-03
-5.677806e-04
-6.737072e-03
2.444415e-03
1.446958e-04
9.348069e-04
3.253330e-03
1.007755e-02
1.022736e-02
7.115014e-03
4.162450e-03
8.945910e-03
1.065189e-02
1.217671e-02
1.592333e-02
-1.658657e-04
1.042656e-02
-1.597743e-03
1.604000e-03
1.792611e-02
4.730246e-03
-4.561048e-03
9.562372e-03
3.197114e-03
9.188628e-04
2.530877e-03
-2.330959e-03
1.441558e-03
6.834059e-03
2.672069e-03
5.903341e-03
6.870797e-03
2.760672e-03
1.180294e-02
6.608990e-03
8.769732e-03
6.747167e-03
-4.149753e-03
-1.525485e-03
6.633175e-03
6.322653e-03
1.047003e-02
-2.002442e-03
-3.238433e-03
-4.595326e-03
-7.731623e-03
-4.025151e-03
-1.909835e-03
-1.258136e-02
-1.419534e-02
-1.109460e-02
-1.193741e-03
1.727631e-02
1.333307e-02
8.383247e-04
1.729854e-02
1.695962e-02
3.365995e-03
2.315049e-02
1.644084e-02
1.946978e-02
7.300267e-03
6.085007e-03
1.524121e-02
-5.367792e-04
1.107688e-04
7.281749e-03
-1.818390e-03
-1.188858e-03
9.754551e-03
1.841273e-02
5.706817e-03
5.884448e-03
1.426814e-02
4.251566e-04
9.663686e-03
1.612633e-02
3.448590e-03
-5.243030e-03
8.308960e-03
1.219992e-02
-8.208338e-03
5.772223e-03
1.030761e-02
-7.434099e-03
6.157856e-03
1.067535e-02
3.641226e-03
9.927016e-04
-3.929510e-03
1.167147e-02
4.142813e-03
-7.492552e-04
8.109543e-03
3.326693e-03
4.224887e-03
7.666842e-03
1.591591e-02
4.960864e-03
6.869029e-03
1.365392e-02
4.720456e-03
9.724289e-03
1.746398e-02
8.420628e-03
-3.634813e-03
-9.575523e-03
-4.248504e-03
-1.687191e-04
-8.401888e-03
-5.608578e-04
-4.721473e-03
-4.583453e-03
-1.873523e-03
1.162455e-02
5.162865e-03
5.171729e-03
5.761130e-03
1.259751e-02
9.651837e-03
-1.685325e-03
2.233477e-03
-5.493348e-05
-3.461958e-03
1.161709e-03
1.543993e-03
-3.360111e-03
1.005850e-03
2.035159e-03
-2.253937e-03
3.071693e-03
2.929537e-03
5.066845e-03
8.834422e-03
8.376175e-03
5.009028e-03
8.723446e-03
5.030802e-03
2.589131e-03
5.752775e-03
2.259113e-03
2.441349e-02
1.763308e-02
5.476839e-03
3.191378e-02
3.545205e-02
9.176821e-03
3.128124e-02
2.404540e-02
2.057338e-02
1.029893e-03
-1.216727e-02
-3.618219e-02
4.013001e-02
1.951950e-02
-1.952685e-02
4.827413e-02
3.508735e-02
7.750886e-03
5.812182e-03
3.743627e-02
3.395176e-02
-3.280579e-02
1.790785e-02
4.104276e-02
-4.469162e-02
-1.445186e-02
2.006762e-02
-5.429337e-04
1.514541e-02
5.332376e-03
-4.140170e-03
7.784317e-03
-2.542319e-04
1.145864e-04
-8.035992e-04
-3.408975e-03
-2.792502e-02
-1.856016e-03
1.165271e-02
-2.431877e-02
1.049420e-02
1.366309e-02
-2.140475e-02
9.190794e-03
2.572289e-02
-2.632527e-02
5.808267e-03
1.048089e-02
-2.166277e-02
5.632503e-04
1.559168e-02
-2.589401e-02
-3.626257e-03
1.428678e-02
4.213339e-03
-3.249739e-04
-1.665122e-03
1.996922e-03
-1.267007e-03
9.034325e-04
4.994895e-03
7.262600e-03
1.034984e-03
8.060786e-03
1.345376e-02
1.514428e-02
8.970623e-03
1.639268e-02
5.269852e-03
-1.632823e-02
-7.057596e-03
-1.064951e-02
-5.270543e-03
2.071800e-03
1.705105e-02
-1.431715e-02
1.446675e-03
8.474997e-03
-1.358171e-02
-1.057845e-02
-1.398396e-03
2.936340e-02
-2.911968e-02
-6.335595e-02
6.704218e-02
-9.699393e-04
-4.003581e-02
6.239751e-02
2.258083e-02
-5.424923e-03
-3.051828e-02
9.261427e-03
3.702081e-02
-6.459200e-02
-1.446112e-02
3.602731e-02
-6.872048e-02
-3.430424e-02
1.830540e-02
3.855749e-03
-4.355157e-04
-1.413763e-03
2.944036e-03
-6.371684e-04
-6.912664e-03
7.419563e-03
4.100125e-03
-4.797589e-04
-1.618148e-02
-1.686339e-02
-1.090438e-02
-3.129143e-03
7.423428e-03
-3.066227e-03
-3.784504e-03
-7.745805e-04
-1.674874e-02
4.682483e-03
2.793840e-04
-4.922990e-03
3.003610e-03
7.450891e-03
2.308849e-03
1.087238e-02
5.162138e-03
7.340819e-03
-4.380765e-03
-8.292256e-03
-6.770073e-03
-1.223771e-03
-7.077834e-03
-4.621883e-03
3.212959e-03
-4.602768e-03
-4.603466e-03
1.613184e-03
4.278176e-03
8.915819e-04
1.549647e-03
3.705556e-03
-2.400047e-03
-3.066752e-03
1.477951e-03
-3.446997e-03
-2.966774e-03
3.538772e-02
3.856637e-02
8.875118e-03
2.182417e-02
3.389248e-02
-1.353054e-02
9.764524e-03
1.317015e-02
-9.172568e-03
1.271965e-03
-1.363354e-02
-1.437448e-02
-1.083462e-02
-1.032856e-02
-3.011986e-02
-2.415525e-02
-2.604643e-02
-2.611721e-02
-3.269846e-02
-3.026265e-02
4.190663e-03
2.067975e-04
-1.178387e-03
1.078486e-02
2.547356e-02
1.922446e-02
-1.124342e-02
-2.495783e-03
-1.226466e-03
1.204924e-02
1.640388e-03
-3.423152e-03
-5.556771e-04
1.720004e-02
5.613073e-03
-3.743172e-02
-1.503487e-02
1.775954e-02
-7.031851e-02
-2.302326e-02
3.960793e-03
-2.776645e-02
-2.963068e-02
6.377291e-04
-2.181707e-02
-8.228329e-03
1.716465e-02
-2.859082e-02
-7.662370e-03
1.386146e-02
-2.745777e-02
-6.188207e-04
1.753830e-02
9.177194e-04
5.545337e-03
1.925929e-02
-7.205190e-03
3.409566e-03
1.682307e-02
2.636755e-03
-2.478118e-03
7.171770e-03
-3.406201e-03
-4.589871e-03
-2.374401e-02
9.701560e-03
6.418812e-03
-9.528715e-03
2.262241e-02
9.859070e-03
-1.717353e-02
6.968396e-03
-1.104495e-02
-1.296748e-02
7.636290e-03
-2.094661e-03
-1.506642e-02
1.304143e-02
2.742517e-03
-1.167115e-02
4.250270e-03
1.186078e-02
-6.060878e-03
-1.755319e-02
-1.097394e-02
-1.105945e-02
-7.450887e-03
-3.823960e-03
1.754341e-03
5.468869e-02
3.806653e-02
4.564211e-03
2.879101e-02
1.441361e-02
-2.171292e-02
-2.591181e-02
-5.417180e-02
-6.154535e-02
-7.485876e-03
-5.482274e-03
-5.856872e-03
-3.593417e-03
-2.713915e-03
-1.887736e-03
-1.340077e-02
-3.158784e-03
-2.483943e-03
-2.389116e-02
-6.901010e-03
1.504284e-02
-2.612079e-02
1.397815e-02
1.539567e-02
-1.608496e-03
-9.991060e-03
-9.347931e-03
1.994709e-02
1.529622e-02
9.012804e-03
5.639740e-02
2.621244e-02
-6.838220e-03
4.657479e-03
1.961047e-03
-2.118852e-02
-1.455747e-03
-3.816776e-03
-3.721958e-03
-3.795352e-03
-5.018321e-03
-2.002049e-03
9.385803e-04
-7.060420e-04
2.142095e-03
1.976509e-03
6.354416e-03
7.099651e-03
3.434989e-05
5.756744e-03
5.937522e-03
5.089579e-03
8.948872e-03
7.864819e-03
4.129955e-02
9.891574e-03
1.997657e-02
2.836587e-02
-5.944605e-04
-1.134229e-02
-2.680604e-03
-1.100599e-02
-2.575882e-02
4.790293e-02
2.811553e-02
1.892971e-02
3.805988e-02
7.287760e-03
-2.453363e-02
1.003105e-02
-3.651830e-02
-6.003099e-02
-2.247513e-02
-1.546140e-02
-1.507004e-02
-2.336324e-02
1.642343e-02
2.384549e-02
-9.564387e-05
3.977530e-02
4.641623e-02
-1.671955e-02
-1.968697e-02
-5.369235e-03
-1.685606e-02
-5.973655e-03
-1.975281e-04
-2.097485e-02
-6.933831e-03
6.466830e-04
-4.376410e-03
-1.861977e-02
-5.170708e-04
-3.524123e-02
-7.019508e-03
-1.261814e-02
-3.928888e-02
-2.699418e-02
-6.252836e-03
1.033093e-02
1.405328e-02
-5.051938e-03
-3.599175e-03
1.964005e-02
-2.056553e-03
-9.761694e-03
-1.789438e-02
-4.847462e-04
5.362856e-03
1.402296e-02
4.692838e-03
1.384457e-02
4.720126e-03
1.490771e-02
1.278719e-03
-1.047260e-03
-8.577459e-03
-3.015223e-02
-1.673504e-02
-3.612790e-03
-2.104190e-02
1.588008e-02
2.317050e-02
-2.047569e-02
2.124985e-02
1.624742e-02
-2.901791e-02
-2.878758e-02
-1.815498e-02
-1.683179e-02
-1.928220e-02
4.417299e-04
7.926137e-03
1.621666e-02
2.599732e-02
3.701594e-02
1.070112e-02
-5.172414e-03
5.551501e-02
-1.721714e-02
-5.689631e-02
4.081815e-02
-4.978373e-02
-8.050153e-02
-2.274231e-02
-4.329273e-02
-3.388845e-02
2.181052e-02
1.271496e-02
6.222910e-03
5.317365e-02
4.271378e-02
1.700455e-02
4.214628e-04
7.545009e-03
9.685814e-03
-1.124740e-03
2.296656e-03
5.579598e-03
-2.091016e-03
-7.575573e-03
-6.997157e-03
2.696690e-04
5.793073e-03
-2.141921e-02
9.500026e-04
2.147388e-02
3.301603e-03
-3.126857e-02
6.280955e-04
-9.312593e-03
-6.742832e-03
-6.906618e-03
-1.195601e-02
4.121833e-03
-8.505555e-04
5.755929e-03
-2.581304e-02
1.411004e-02
1.295372e-02
6.738774e-03
3.014065e-04
1.435389e-03
5.927215e-03
-1.448157e-03
-4.008093e-03
4.763070e-03
-4.560257e-05
1.040259e-03
-4.446895e-05
5.873161e-04
3.414095e-05
-1.196958e-03
4.772757e-04
-6.193811e-04
1.103937e-03
2.765234e-03
2.699533e-03
3.613469e-03
-8.062621e-04
4.086360e-03
-1.903235e-04
3.337900e-03
-6.687414e-04
2.975325e-03
1.729541e-03
3.653130e-03
3.681716e-03
4.913119e-03
9.402077e-04
8.127396e-03
4.933875e-03
4.119384e-03
1.304407e-02
1.849638e-02
1.501297e-02
8.980704e-03
1.828117e-02
5.645839e-03
6.364207e-04
1.516965e-02
8.570910e-03
-1.388748e-02
-4.285353e-03
2.569437e-03
-1.865030e-03
-3.714031e-03
-1.207403e-03
-1.885705e-03
2.492137e-03
1.267381e-03
2.642958e-04
-2.654530e-03
-1.222031e-03
5.379474e-03
2.832371e-03
1.608283e-03
2.933655e-04
-1.189264e-03
2.127435e-03
3.646111e-03
1.613997e-02
1.782723e-02
-3.180939e-04
4.983104e-03
5.757683e-03
-7.370845e-03
-1.691856e-03
1.720890e-03
-1.048026e-02
-1.668735e-02
-6.418040e-03
-6.460091e-03
6.672825e-03
5.384009e-03
2.501699e-03
6.359516e-03
7.030594e-03
1.297810e-03
1.093860e-02
7.631436e-03
5.299939e-03
-2.614704e-03
4.821344e-03
5.879758e-03
-2.337069e-03
4.261109e-03
8.096527e-03
6.211095e-03
8.113003e-03
5.253498e-03
1.042243e-02
4.472447e-03
1.565093e-03
6.570998e-03
-7.173832e-04
3.469310e-03
1.023868e-02
4.668762e-03
-1.402409e-03
6.310660e-03
5.185735e-03
-1.774376e-03
5.021542e-03
2.034584e-03
-2.257574e-03
7.754796e-04
3.606317e-04
5.757394e-04
1.550445e-03
-3.107521e-03
-8.584280e-05
3.772350e-03
9.736228e-04
5.443422e-03
-1.756116e-03
1.303051e-03
4.726672e-03
8.781757e-03
1.505215e-03
6.110969e-03
7.574340e-03
6.996775e-04
6.745392e-03
7.934266e-03
3.372622e-03
-6.830646e-03
-8.981586e-03
8.368659e-04
-1.047805e-04
-3.634245e-03
5.110318e-03
2.935023e-03
7.625442e-03
6.718105e-03
6.957628e-03
5.173668e-04
2.899464e-04
6.266306e-03
-1.433061e-03
2.191357e-03
-5.212039e-03
-5.942672e-03
3.109984e-03
-2.850246e-03
8.451755e-04
2.627990e-04
-2.883704e-03
3.688792e-04
5.391694e-04
-2.161377e-03
1.073226e-03
4.490970e-04
-2.931126e-03
-2.211207e-03
-2.044309e-03
2.134751e-04
1.006382e-03
2.080187e-04
5.151983e-04
2.730001e-03
1.201995e-03
-4.879346e-03
-5.345359e-03
-3.428027e-03
-8.517682e-03
-6.813856e-03
-1.913182e-02
-1.509775e-02
-2.096538e-02
-2.213809e-02
-2.067589e-03
3.644426e-04
1.298717e-02
-3.222346e-03
-2.478740e-03
1.546986e-02
9.983202e-03
1.772172e-02
1.181483e-02
3.254302e-03
6.195483e-03
-2.544519e-03
9.594494e-04
5.889915e-03
7.231695e-03
4.314749e-03
1.108440e-02
1.573613e-02
4.144031e-04
-8.674952e-03
-6.607157e-03
-3.767125e-03
-1.503876e-03
-8.114140e-03
-5.503935e-03
-1.463075e-02
-8.553796e-03
7.413283e-03
-6.109072e-04
2.599453e-03
5.132130e-03
-1.941825e-03
5.704390e-03
2.635705e-02
5.427564e-02
4.113458e-03
1.153920e-02
-2.928721e-03
-9.698864e-03
2.029089e-02
7.021297e-03
-7.315202e-03
5.619961e-03
-3.594197e-02
-8.886699e-03
-2.514020e-03
-8.625855e-03
3.513957e-03
1.619996e-03
-1.257364e-02
-8.675121e-03
-9.707857e-03
-1.622437e-02
2.332947e-03
1.204673e-03
-4.248256e-03
-3.125822e-03
9.253386e-03
-7.764833e-04
-1.694892e-02
4.535678e-03
1.658555e-03
-1.313711e-02
9.245105e-03
-2.009915e-04
2.314335e-03
1.780265e-03
-4.641475e-03
-2.630104e-03
3.981191e-03
9.676876e-03
8.315901e-03
-9.147110e-03
3.260345e-03
1.060509e-02
-1.010427e-02
-3.764725e-03
1.173050e-02
-1.356071e-02
-9.435458e-03
6.203896e-03
2.544479e-03
9.902627e-03
1.666925e-03
1.911005e-02
1.025037e-02
3.617264e-03
9.488150e-03
-9.125513e-03
-1.053257e-02
6.298872e-03
-2.819175e-03
2.560223e-03
4.364384e-03
-3.684951e-03
1.416627e-03
2.345599e-03
-3.815884e-03
3.564082e-03
2.767900e-03
1.233826e-04
-3.829011e-03
1.218393e-02
8.934199e-03
-3.788750e-03
1.335857e-02
2.837192e-02
-4.025788e-03
-1.621102e-03
-1.186940e-02
9.210555e-03
-1.830870e-02
-1.057309e-02
3.538528e-03
-3.344626e-02
-2.293979e-02
4.635528e-03
1.031638e-03
1.970619e-03
1.934326e-03
8.934318e-05
2.012100e-03
2.737081e-03
-3.169473e-04
3.455923e-03
3.769933e-03
1.461055e-03
3.374124e-03
3.413021e-03
4.866379e-03
7.532102e-03
2.570577e-03
-1.103630e-03
3.906249e-03
-1.110981e-03
-3.353511e-03
-1.745669e-02
4.089991e-03
-1.352308e-02
-5.335362e-03
-6.362042e-04
-1.462459e-02
-2.488784e-02
-4.299224e-03
9.614004e-03
4.819856e-03
-2.601373e-03
-3.287000e-03
9.514877e-03
-1.983752e-02
5.882562e-03
2.106930e-02
-7.625991e-04
-3.611330e-03
-1.912030e-05
6.738932e-03
-1.886400e-02
5.298406e-03
1.917297e-02
-1.808076e-02
-1.635726e-02
4.253136e-03
-1.981337e-03
-8.866051e-03
-3.357313e-03
-1.401176e-02
1.587981e-03
-2.814768e-02
-7.762929e-03
-4.072058e-03
-2.219112e-03
-1.976212e-02
-9.920920e-03
-1.479995e-02
-3.121976e-02
-2.903156e-02
-2.197089e-02
-2.903592e-02
1.857982e-02
-4.151636e-02
-1.816686e-02
9.198175e-03
2.334369e-02
-3.191179e-03
2.900678e-02
5.247742e-02
5.892829e-03
-1.362639e-02
5.790802e-02
-2.894916e-03
5.263594e-03
1.200342e-02
2.709640e-02
-9.240006e-03
4.900709e-03
-8.270579e-03
1.210014e-02
-3.386705e-03
1.675226e-02
6.149730e-03
-6.881797e-03
2.978059e-02
1.305378e-02
-1.520317e-02
1.784511e-02
1.503046e-02
-2.499193e-02
-1.535124e-02
-8.046031e-03
-5.150617e-03
-1.403835e-02
-7.847320e-03
-1.167281e-02
-1.590752e-02
7.419314e-03
-1.428150e-02
-3.238621e-03
7.532576e-03
5.310711e-03
1.046765e-02
-3.426226e-03
5.094661e-03
1.613539e-02
-2.571281e-03
2.371497e-03
-1.786070e-04
7.180840e-03
1.589027e-02
-1.071621e-02
7.382796e-03
1.523967e-02
8.144455e-03
-2.434968e-02
-4.159266e-04
-3.770517e-03
3.133620e-03
4.129033e-03
3.633686e-03
7.551326e-03
-2.326916e-03
3.941444e-04
-3.945774e-04
6.236556e-04
-5.275019e-03
-2.660973e-03
-2.807689e-03
1.693498e-02
-1.395266e-03
-1.689289e-03
6.754943e-03
1.789569e-02
-2.497013e-02
-2.529194e-02
-4.046516e-02
-2.337664e-02
-1.821310e-02
-4.306358e-02
-1.181334e-01
-8.590592e-02
5.027578e-03
-5.292981e-02
1.733692e-03
2.705859e-03
7.904755e-03
-1.523516e-03
1.195994e-03
6.628499e-03
-1.978986e-04
2.800768e-03
4.499811e-03
-3.264835e-03
4.469338e-03
2.163992e-03
-1.654321e-03
3.163973e-03
-1.105494e-04
4.384954e-03
8.999163e-03
3.481607e-03
-2.029939e-02
-2.004598e-02
1.181361e-02
-3.234157e-02
1.428136e-03
-1.090392e-02
-1.563560e-02
-1.640406e-02
-2.046589e-03
5.971187e-03
-1.565276e-02
-3.677263e-03
-1.543755e-03
3.852072e-03
2.026164e-02
2.002650e-02
2.696268e-02
3.785014e-02
1.952320e-02
3.775657e-02
2.443693e-02
-8.739919e-03
7.306052e-03
-9.159467e-05
-1.382883e-02
-2.824286e-02
-2.570968e-02
-7.869852e-03
-9.333833e-03
4.067554e-03
-1.281249e-02
6.807319e-03
-9.043125e-03
-1.035121e-02
-1.760805e-02
-6.842500e-03
-1.800053e-02
-3.120126e-02
-1.213689e-02
-2.908771e-02
-3.004696e-02
-6.236896e-05
-1.635212e-02
3.814464e-03
-4.336024e-02
-1.250363e-02
8.231155e-03
2.469202e-02
-1.634194e-02
3.584276e-02
-2.240259e-02
-7.893831e-03
-4.939839e-02
1.653761e-02
-1.793383e-02
5.048766e-03
-3.257631e-03
2.574063e-02
-8.760035e-03
1.383654e-02
-2.357315e-02
3.002820e-03
1.182155e-02
3.537639e-02
2.081104e-02
1.806727e-02
3.116593e-02
1.659622e-02
-1.103546e-03
-6.680735e-03
-1.119680e-02
-2.234443e-02
1.146106e-03
-6.864842e-03
-1.075121e-02
8.740622e-03
-8.494374e-03
-4.131804e-03
1.077856e-02
1.810810e-02
-4.734511e-03
-3.119601e-02
1.640576e-03
-1.622235e-02
-2.717616e-02
3.807636e-03
2.141652e-02
-2.145387e-02
1.870242e-02
5.131050e-02
-1.200969e-02
-1.945900e-02
-3.373814e-02
3.511322e-02
9.967874e-03
-2.774507e-02
6.182458e-02
3.959427e-02
2.071366e-02
2.357819e-03
-5.636653e-03
-6.131181e-04
7.154311e-03
-2.976888e-03
3.476992e-03
-8.819329e-04
-8.359261e-03
7.648497e-03
-2.336722e-03
6.170550e-03
-1.594265e-02
1.860097e-02
1.738660e-02
1.917753e-02
-1.089307e-02
2.104359e-02
-8.429672e-03
1.809082e-02
2.776992e-02
4.597238e-03
1.733259e-02
2.034183e-02
3.186062e-02
-2.809336e-02
2.905012e-02
3.390351e-02
-3.026854e-03
-2.908512e-03
-2.109104e-03
-2.631696e-03
-3.345339e-03
-1.248085e-04
-2.009072e-04
3.115108e-05
3.188187e-03
1.039678e-02
9.674940e-03
7.140933e-03
3.168084e-03
3.391862e-03
3.857282e-03
2.987637e-03
1.663575e-03
2.696519e-03
-1.674091e-02
3.832183e-03
1.521776e-02
-2.127735e-02
-1.669622e-02
9.153740e-03
-2.934693e-02
-1.595319e-02
3.197802e-03
-1.886273e-02
-1.697546e-03
1.633516e-02
-2.677265e-02
1.197289e-02
3.649307e-02
-1.216961e-02
2.062591e-02
4.205925e-02
1.513815e-02
2.426929e-02
-3.936622e-03
5.567501e-03
4.035250e-04
-3.604238e-02
4.700861e-03
-7.330338e-03
-3.955693e-02
-4.028732e-03
-3.009604e-03
7.641987e-04
-8.044628e-04
-9.254462e-03
3.124116e-03
4.610142e-03
-9.484346e-04
9.757129e-03
-1.382820e-02
-2.073254e-02
9.672334e-03
-3.569302e-02
-1.316602e-02
-1.100813e-02
-2.982747e-02
-4.360018e-02
-1.537992e-03
-9.358860e-03
1.350784e-02
-6.827725e-03
7.330022e-03
1.609208e-02
6.914278e-03
1.216494e-02
1.616151e-02
2.047643e-04
-4.983878e-03
-5.594778e-04
-3.328260e-04
-1.701650e-02
-1.234411e-02
3.957849e-04
-4.781774e-03
-1.515131e-03
-4.144582e-03
-4.672373e-03
6.998063e-03
1.140655e-02
-2.268435e-02
6.325872e-03
1.793416e-02
-3.876752e-02
-7.151315e-03
4.831676e-03
4.976107e-03
-4.177906e-04
-1.137513e-02
6.923871e-03
-7.759415e-03
-6.330886e-03
1.504955e-02
-2.724803e-03
-2.876198e-03
-3.559552e-02
-1.785109e-02
1.344113e-02
-2.847610e-02
-1.584716e-02
2.342655e-02
-1.156236e-02
-1.838981e-03
1.905810e-02
1.081143e-02
-1.322156e-02
-5.003207e-02
5.146237e-02
1.519115e-02
-5.593162e-02
5.456890e-02
3.043093e-02
-4.040985e-02
3.441282e-03
9.781607e-03
2.316941e-03
5.050052e-04
6.056920e-03
2.552669e-03
3.926437e-03
8.394246e-03
7.079340e-04
-8.442776e-04
1.184531e-02
5.574773e-03
-1.666955e-02
3.383572e-02
2.507471e-02
-3.540559e-02
1.462657e-02
2.645538e-02
-1.043686e-02
-1.751901e-02
-5.175446e-03
-2.337881e-02
-6.964142e-03
-1.779774e-02
-1.600223e-02
-3.096525e-02
-2.100841e-03
6.836640e-03
5.422228e-03
6.347060e-03
1.048275e-02
6.992633e-03
9.696685e-03
1.420894e-02
8.270110e-03
1.326130e-02
-1.588902e-03
-2.776414e-04
-1.077539e-03
-5.713213e-04
5.115735e-04
-1.383440e-03
6.944935e-04
1.934314e-03
1.154650e-04
-2.967348e-04
-1.381063e-03
6.900996e-05
-9.897135e-04
4.961942e-04
-3.126174e-03
-3.105486e-03
-1.986998e-03
-4.380859e-03
4.424689e-04
2.921567e-03
4.880315e-03
-1.472087e-03
2.219731e-03
5.363009e-04
-3.336041e-03
7.049410e-04
2.605184e-03
1.089750e-03
2.370275e-03
-3.918318e-03
4.255348e-03
5.094111e-03
-2.800121e-03
6.639010e-04
3.432114e-03
-1.713448e-03
6.917992e-04
1.551123e-03
-4.634355e-04
1.819517e-03
2.690420e-03
-1.264406e-04
4.312958e-03
5.902207e-03
3.831304e-03
-6.701838e-03
-4.063791e-03
-2.874990e-03
-8.865878e-03
-2.632054e-03
-1.431300e-02
-1.846692e-03
-1.489799e-03
-3.588625e-03
8.122813e-04
-4.632290e-03
-3.764363e-03
1.075850e-03
-3.718687e-03
-2.756002e-03
4.043263e-03
-1.837755e-03
-4.518189e-04
8.641350e-04
8.137032e-03
3.410511e-03
3.650930e-03
5.171084e-03
1.191979e-02
3.201899e-03
1.022376e-02
5.719542e-03
1.856540e-03
8.724416e-04
-2.698334e-03
4.807495e-03
3.291299e-03
-1.737819e-03
7.595830e-03
7.224987e-03
3.027609e-03
1.182092e-03
1.644925e-03
-1.995546e-03
2.189029e-04
1.745229e-03
-9.252366e-04
3.421199e-04
4.932063e-03
5.138376e-04
9.217583e-05
5.758476e-03
6.971318e-03
-3.616256e-03
-7.911247e-04
5.413531e-03
-1.425430e-03
3.071720e-04
5.374403e-03
2.607796e-03
3.484042e-03
2.770503e-03
3.046321e-03
-1.559463e-04
1.687111e-03
-8.290030e-04
-5.418037e-03
-8.376574e-04
2.488292e-03
3.510637e-03
2.367329e-03
3.534500e-03
4.639403e-03
3.441153e-03
3.386968e-03
5.203079e-03
3.270820e-03
-9.015811e-03
-7.109940e-03
-1.107378e-02
-1.741789e-03
1.811430e-04
-1.471003e-03
-1.925027e-03
-1.069587e-03
-6.534661e-03
7.434456e-04
9.319391e-03
-5.653082e-03
4.779813e-03
2.058004e-03
5.891672e-03
-4.797722e-03
5.615603e-03
-3.827446e-03
1.985112e-04
1.260291e-03
1.471861e-03
4.929943e-04
1.035014e-03
1.599309e-03
1.448313e-03
2.885118e-03
2.385132e-03
-1.361511e-03
1.780520e-03
2.476563e-03
-1.204594e-03
2.441358e-03
-1.527872e-04
-1.089161e-03
3.072009e-03
6.214294e-05
-4.592271e-03
-1.226569e-02
1.676115e-03
-5.715577e-03
1.845465e-03
-6.941078e-03
-2.352607e-03
-7.090343e-03
3.059554e-03
1.494252e-03
-2.288242e-03
-1.169113e-03
4.281198e-03
9.494406e-03
2.103055e-03
1.427619e-02
2.169687e-02
1.420794e-02
1.381802e-02
1.615303e-02
5.297819e-04
-1.643823e-03
9.901757e-03
7.715719e-03
-1.563955e-02
-7.362041e-03
7.819124e-03
-4.936037e-03
-4.156979e-03
6.501832e-03
-2.764933e-03
6.910880e-03
-3.154627e-04
2.417877e-03
-1.941105e-03
7.791128e-03
-6.963544e-03
-1.689583e-02
4.110898e-03
-2.959140e-02
-1.194481e-02
8.028015e-03
-8.689314e-03
7.154319e-03
1.596840e-03
-7.382663e-03
6.210316e-03
-2.133097e-03
4.093091e-03
1.651176e-03
-2.122033e-03
-4.309762e-03
-1.980510e-02
5.762209e-03
-1.061057e-02
7.622557e-03
2.347831e-03
1.029396e-02
-2.135693e-05
1.696495e-02
-7.377372e-03
1.527711e-02
8.776173e-03
3.006270e-03
4.743907e-03
1.780057e-02
8.543707e-04
7.528798e-03
1.444130e-02
-2.384444e-03
5.765662e-03
4.374877e-03
2.165657e-03
3.420152e-03
9.487955e-03
-5.443757e-03
9.688241e-04
7.823630e-03
-1.103842e-02
4.914228e-03
3.548990e-03
-2.090900e-03
5.015529e-03
-6.883467e-03
1.170414e-02
3.066988e-03
-2.812532e-03
1.675490e-02
6.663392e-03
2.058359e-03
-3.662114e-03
1.448570e-02
2.329190e-02
-1.338080e-02
4.192292e-03
1.335052e-02
-7.062457e-03
-1.937720e-02
6.796014e-03
5.776142e-03
5.314182e-03
5.924179e-03
7.761233e-03
4.826921e-03
5.198535e-03
5.731871e-03
2.283520e-03
9.512435e-03
-1.770571e-02
-5.957189e-03
-4.415911e-03
-9.524988e-03
-3.287353e-03
9.096147e-03
-8.204629e-03
1.179684e-02
-7.567542e-03
4.733637e-03
2.543912e-03
2.267491e-03
7.529382e-03
-2.731700e-03
4.313737e-03
-9.524316e-03
5.677491e-03
-5.008450e-03
-3.747236e-04
2.528261e-03
8.141872e-04
-1.017770e-03
9.022640e-04
1.300570e-03
-1.235509e-03
1.800478e-03
1.261159e-03
-1.352485e-03
1.997644e-04
8.178491e-05
-1.566144e-03
1.260128e-04
1.130548e-04
-4.333737e-05
-1.212624e-04
8.911702e-05
4.347562e-03
4.455375e-03
2.359795e-03
-1.524563e-03
-6.991987e-04
-3.678272e-03
5.559464e-03
3.234608e-03
2.909181e-03
-6.320643e-04
4.188879e-03
2.657318e-03
-1.034399e-03
-1.099752e-03
-1.460471e-03
2.027928e-03
-6.599586e-04
7.324980e-04
-7.886378e-03
-2.100576e-03
-6.003435e-04
-3.720552e-03
6.686961e-03
5.006210e-03
-6.609773e-04
9.761956e-03
4.514296e-03
-6.742236e-04
1.486386e-03
-1.508573e-03
-1.710862e-03
3.043185e-03
1.996186e-03
3.808423e-03
3.623533e-03
8.380194e-04
7.924587e-03
1.073914e-02
1.265218e-02
1.345881e-03
-2.692340e-03
7.513838e-03
2.946946e-04
-6.659471e-05
3.392223e-03
-4.255139e-03
-8.143642e-03
-6.771560e-03
-2.185916e-03
1.257718e-03
6.735876e-03
-6.004669e-03
-3.480337e-03
-2.346268e-03
1.573402e-03
1.003520e-02
5.457452e-03
5.020619e-04
1.057472e-02
9.837105e-03
7.831159e-04
1.149404e-02
8.152939e-03
1.338586e-02
1.141743e-02
1.007006e-02
3.193217e-03
1.101826e-04
4.036155e-03
-5.825757e-03
-1.084861e-02
-4.209334e-03
3.048178e-03
1.182807e-02
5.511709e-03
1.658235e-03
8.364260e-03
1.816773e-03
2.665430e-03
5.748108e-03
-1.480149e-03
-2.700996e-03
-5.952718e-04
-3.462921e-04
4.487347e-04
4.617655e-03
1.831560e-03
-4.922485e-04
6.709340e-03
2.959220e-03
4.856404e-04
-1.796563e-03
1.531233e-03
5.257984e-03
4.195857e-03
1.861448e-03
3.176361e-03
5.356906e-03
5.888066e-03
5.332768e-03
9.249914e-03
1.397285e-03
3.676316e-03
7.571200e-03
1.478811e-03
5.605989e-03
9.239658e-03
2.320139e-03
2.383669e-03
3.077103e-03
3.804004e-03
-1.970772e-03
-6.301841e-03
-6.936800e-04
-7.407655e-03
-6.485418e-03
-6.205249e-04
1.044483e-03
-1.369919e-03
2.385720e-03
-3.200388e-03
7.537893e-03
2.772659e-03
3.333199e-03
1.491221e-03
-4.530668e-03
-2.866602e-03
8.041435e-05
3.911078e-04
-3.535606e-03
-1.860030e-04
2.521444e-05
-3.656894e-03
3.242663e-04
-1.331170e-05
-9.378660e-03
-7.455303e-03
-3.808687e-03
3.761756e-04
-1.328650e-03
-1.689838e-03
-1.088449e-03
-2.163968e-03
-8.543802e-03
2.450617e-02
-1.312717e-03
1.709773e-03
1.294366e-02
2.107767e-02
-3.419283e-03
1.385198e-02
1.043901e-02
6.727266e-03
5.639941e-03
-3.204473e-03
2.058116e-02
-1.088998e-02
-1.023140e-02
4.593184e-03
-1.111029e-02
-2.007162e-02
-1.978173e-02
9.093530e-03
-1.744684e-02
-2.400277e-02
2.273069e-02
4.638441e-04
-1.496083e-02
2.562220e-04
-5.790501e-03
-5.725157e-03
-9.660914e-03
-9.188222e-03
6.343096e-03
1.805737e-03
7.932894e-03
-6.441539e-03
4.166949e-03
9.881998e-03
2.408965e-02
1.036466e-02
-1.543023e-02
-3.612026e-02
-8.552519e-03
-6.100773e-03
-9.010472e-03
8.341917e-03
1.187311e-02
-2.340029e-02
-8.719820e-05
-3.954409e-02
-5.054147e-02
5.747518e-02
2.418439e-02
-5.014532e-02
3.478828e-02
9.461276e-03
1.625125e-02
-4.283876e-03
1.283602e-02
-7.391273e-03
2.667540e-02
-7.166999e-03
1.746491e-02
-2.263870e-03
2.035180e-02
1.885036e-02
1.272423e-02
1.993280e-02
1.590140e-02
-7.764983e-03
-1.390518e-03
8.192718e-03
-3.115932e-03
2.316201e-04
-2.235335e-03
-6.593958e-03
-5.038142e-03
-4.939392e-03
-6.119849e-03
-1.086321e-02
5.151327e-03
-2.029565e-02
-1.117756e-02
-9.614917e-03
-2.360394e-02
-5.810596e-03
8.343440e-03
9.586563e-04
-2.174860e-03
6.503363e-03
1.493375e-02
-1.117592e-03
3.411568e-03
-1.933237e-02
1.501350e-02
4.168784e-02
-3.088568e-02
2.118414e-03
2.184573e-02
-1.943494e-02
-3.620052e-02
3.553391e-03
-6.608248e-03
-1.151122e-02
2.317146e-03
-5.028737e-04
-7.738900e-03
3.816346e-03
-3.737183e-03
-1.300240e-02
4.543397e-03
-8.443842e-03
-7.590244e-03
-3.823370e-02
-1.168804e-02
-3.340653e-02
-1.137534e-02
-1.396677e-02
3.191126e-03
-2.003453e-02
-6.480115e-03
5.571756e-02
2.008931e-02
4.108531e-02
1.857924e-02
3.832336e-02
-7.336603e-03
2.402762e-02
-1.111522e-02
6.740367e-03
-1.375113e-04
-5.700600e-03
6.917895e-03
-1.940771e-03
-5.480647e-03
3.236837e-03
3.684291e-03
-8.459011e-04
