1.305195e+00
1.211423e+00
1.271821e+00
1.429187e+00
1.393082e+00
1.436961e+00
1.422084e+00
1.346774e+00
1.163894e+00
1.435771e+00
1.354870e+00
1.712958e+00
1.511389e+00
1.469011e+00
1.586218e+00
1.572943e+00
1.741725e+00
1.161786e+00
1.400818e+00
1.730219e+00
1.542185e+00
1.288219e+00
1.451609e+00
1.332044e+00
1.422318e+00
1.319850e+00
1.270049e+00
1.571297e+00
4.834971e-01
1.590940e+00
1.423970e+00
1.423063e+00
1.342931e+00
1.372887e+00
1.841844e+00
1.588126e+00
1.575779e+00
1.849709e+00
1.507440e+00
1.171449e+00
1.321441e+00
1.248871e+00
1.495393e+00
1.488138e+00
1.358570e+00
2.034870e+00
1.328904e+00
1.514044e+00
1.764185e+00
1.438270e+00
1.761971e+00
1.518118e+00
1.453467e+00
1.629255e+00
1.036362e+00
1.285355e+00
1.280031e+00
1.436691e+00
1.219442e+00
1.284434e+00
2.192155e+00
1.480626e+00
1.813280e+00
1.340105e+00
