-5.418465e-02
7.445622e-03
-1.199765e-02
-3.330956e-02
-5.644357e-02
-1.778496e-02
3.192285e-03
-1.964046e-01
6.470423e-02
-1.235918e-02
-1.477036e-02
3.142914e-02
-5.029151e-03
-1.824646e-02
-4.487672e-01
-1.712115e-02
-7.241896e-02
-2.159076e-04
3.502147e-02
-5.113513e-02
-5.202049e-02
-4.054591e-02
-5.479374e-02
-5.712525e-02
4.863854e-02
-4.270560e-02
2.596677e-02
5.234528e-02
-2.265154e-02
-1.559117e-02
-3.058414e-02
-6.539781e-02
2.323773e-02
1.254362e-02
-2.438565e-02
-1.749909e-02
-4.094619e-02
-3.670223e-02
-1.636377e-02
-6.801832e-02
-2.334119e-02
1.020960e-02
-2.689515e-02
-3.923180e-02
-6.484555e-03
-6.714986e-02
-3.955123e-02
1.923243e-02
-1.558848e-02
1.367236e-02
1.348890e-02
-6.468165e-02
2.643435e-02
5.572037e-02
-1.439929e-02
-4.554267e-02
-7.216860e-02
-8.711842e-03
-7.534738e-02
1.824754e-02
-2.037510e-02
-3.370337e-02
-6.732679e-03
-3.620068e-02
