-1.651745e-01
-2.227193e-03
-2.169648e-01
-2.335108e-01
-3.365208e-02
-7.200366e-02
2.308493e-02
-1.687884e-01
-1.661961e-01
-1.468866e-02
-3.353434e-02
1.995314e-02
-1.510300e-01
-1.461093e-01
-1.306624e-01
-1.596403e-01
-8.445933e-03
-1.496082e-02
-8.719447e-02
-1.002259e-01
1.426863e-02
-1.265382e-01
-1.823549e-02
-4.080740e-02
-5.085145e-03
3.791969e-02
2.714602e-03
2.274480e-02
-2.471422e-01
-7.340473e-02
-1.815601e-01
-1.775197e-01
-1.579975e-01
-2.083699e-03
-2.142989e-01
-1.431745e-01
2.117489e-03
9.145357e-03
-1.804972e-01
-2.683757e-02
-3.141814e-02
-1.382556e-01
-2.648967e-01
7.042554e-02
-1.150096e-02
2.986848e-02
-1.787701e-01
-1.189942e-01
-2.191995e-02
-1.164641e-01
-1.678253e-01
-2.103460e-01
-7.776950e-02
1.445407e-02
2.907787e-02
3.028431e-02
-6.039437e-03
-4.871133e-02
-1.873570e-01
2.773723e-02
-2.955939e-02
-2.351946e-01
-7.426246e-02
-1.183767e-01
