4.754646e+00
5.032912e+00
4.437258e+00
4.716749e+00
4.460116e+00
5.215222e+00
5.105140e+00
5.273316e+00
2.582386e+00
4.981567e+00
5.295180e+00
5.617388e+00
6.077900e+00
5.256295e+00
4.955810e+00
4.786584e+00
5.324809e+00
5.681467e+00
4.884320e+00
6.204694e+00
4.937937e+00
5.391788e+00
6.361776e+00
5.114741e+00
4.818595e+00
7.707156e+00
5.576086e+00
3.657357e+00
3.696626e+00
5.141144e+00
4.943241e+00
5.074682e+00
4.638367e+00
4.286972e+00
4.232894e+00
4.293607e+00
5.200482e+00
4.601587e+00
5.537199e+00
3.892259e+00
4.184038e+00
5.705735e+00
4.769719e+00
4.542816e+00
2.837289e+00
4.516972e+00
5.876625e+00
5.162888e+00
4.620133e+00
5.906338e+00
5.352084e+00
5.805283e+00
5.726202e+00
4.946568e+00
5.639097e+00
5.474005e+00
4.403901e+00
4.876583e+00
4.826210e+00
5.384910e+00
4.917299e+00
5.616135e+00
5.365189e+00
3.122337e+00
