-5.005085e-04
-3.145532e-04
-1.390891e-03
3.319525e-04
9.058795e-04
2.658845e-04
1.472746e-03
2.389631e-03
1.815407e-03
-3.597799e-03
-4.551705e-03
-6.255223e-05
-5.214734e-03
-5.396137e-03
-1.772942e-03
-4.247506e-03
-2.084476e-03
5.669419e-04
-2.005901e-03
-1.719669e-03
-5.152639e-03
-1.417206e-04
-1.140965e-03
-3.819998e-03
-6.475343e-05
1.063288e-03
-4.263780e-04
1.454224e-03
-3.646846e-03
2.087232e-03
4.556803e-05
-3.805426e-03
2.092605e-03
-3.577552e-03
-6.474360e-03
1.564612e-03
-9.562754e-04
-2.249286e-03
-3.221932e-03
-3.345693e-03
-3.879284e-03
-3.955325e-03
-2.236135e-03
-2.739899e-03
-4.620989e-03
-4.697843e-04
-1.525510e-03
2.588593e-03
-1.557735e-03
-2.910846e-03
8.319010e-04
-2.981239e-04
-1.047250e-03
-1.343609e-03
3.874178e-03
8.575160e-04
5.184845e-03
-1.713302e-06
-6.012911e-04
4.968975e-03
3.119751e-03
1.676783e-03
6.183905e-03
-8.553384e-04
-5.331231e-03
-3.156763e-03
-3.109317e-03
-6.027538e-03
-3.994460e-03
-3.582647e-04
-4.967722e-03
-3.027400e-03
-8.646285e-04
-5.415937e-03
-6.018332e-03
-3.558439e-03
-5.869912e-03
-4.526665e-03
2.647805e-03
1.327467e-03
2.858072e-04
-1.095576e-03
-1.007457e-03
1.224573e-04
-1.989929e-03
-9.022831e-04
-4.135768e-04
-2.582571e-03
-5.677872e-04
1.102873e-03
-1.107456e-03
-3.571381e-03
-1.780092e-03
2.965947e-03
-8.059574e-04
-2.301621e-03
8.939048e-04
-2.113899e-03
-3.369355e-03
-1.208645e-03
-1.373021e-03
1.451898e-03
-1.483700e-03
-1.130145e-03
6.438683e-04
-7.084213e-04
-3.357774e-03
-1.312390e-03
-2.795536e-03
-2.675195e-03
-2.639303e-03
-2.164078e-03
-1.553941e-03
-1.833703e-03
-3.372912e-03
-2.510641e-03
-2.750622e-03
1.434962e-03
7.644480e-04
-1.665062e-03
3.032143e-03
2.185415e-03
7.829895e-04
5.436686e-03
3.242563e-03
3.035379e-03
-6.156980e-03
-4.862627e-03
-4.284906e-03
-9.797952e-03
-9.312567e-03
-8.552636e-03
-7.725589e-03
-9.650015e-03
-9.272767e-03
-3.461324e-04
-4.919954e-04
-2.443716e-05
-3.138937e-04
-3.387214e-04
3.058966e-04
-6.600883e-04
-4.754940e-04
3.204468e-04
1.526834e-04
-2.310510e-04
3.532595e-05
1.741313e-04
-2.923052e-06
7.225635e-04
2.323475e-04
2.895560e-04
8.347455e-04
-4.598896e-03
-3.676730e-03
-3.346696e-04
-2.559916e-03
-2.509157e-03
1.665820e-04
-4.065207e-04
-7.198605e-04
8.321269e-04
-2.173068e-03
-3.184360e-03
-3.837024e-03
-1.197264e-03
-1.750134e-03
-2.528132e-03
-3.190606e-03
-2.310124e-03
-2.970616e-03
-1.419080e-04
-2.323412e-03
-6.775112e-04
-1.481013e-03
-2.348436e-03
-1.591618e-03
2.337173e-03
1.311472e-03
1.225736e-03
1.579312e-03
5.941947e-04
1.416862e-03
6.770632e-04
-6.165561e-04
1.272202e-04
-2.712156e-04
-1.083177e-03
-9.880359e-04
1.775293e-03
2.432703e-04
-5.494907e-04
9.135885e-04
-2.951748e-03
-4.272625e-03
9.794680e-04
-2.047906e-03
-2.714281e-03
-2.442866e-03
-2.164208e-03
-3.724006e-03
-1.982636e-03
-9.422578e-04
-2.652900e-03
-3.088833e-04
1.734312e-03
-5.157765e-04
8.282229e-04
-8.840479e-04
-1.804662e-03
8.963021e-04
-1.370514e-03
-3.058363e-03
1.704967e-04
-2.601791e-03
-4.121242e-03
-1.447846e-03
-3.847981e-03
-1.339575e-03
-3.017635e-03
-4.843323e-03
-1.366992e-03
-2.127103e-03
-3.593571e-03
1.084904e-03
4.103650e-04
-6.600022e-04
-3.108988e-04
9.098100e-04
-5.467957e-04
-3.737836e-04
1.431798e-03
-8.529961e-04
-4.409914e-04
9.706616e-05
4.709170e-04
-3.031638e-03
-8.846089e-04
3.058778e-04
-2.519907e-03
-1.354317e-03
1.289407e-03
-2.088153e-03
-2.079186e-03
-1.263741e-03
-5.450289e-03
9.272295e-04
-9.844713e-04
-4.996620e-03
-6.081117e-04
-1.805694e-04
-4.130407e-03
1.310518e-03
-4.118369e-04
-1.886297e-03
1.813370e-03
3.441288e-04
-1.123259e-03
-5.080994e-04
-1.854973e-03
-3.294701e-03
1.694904e-03
1.952852e-03
1.227637e-03
1.892332e-03
3.589830e-03
1.835663e-03
3.106126e-04
6.929884e-04
9.796876e-04
4.472744e-03
4.262046e-03
6.812051e-03
2.356421e-03
1.762727e-03
4.169434e-03
1.116293e-03
-2.809742e-04
1.587014e-03
-4.855562e-04
-4.283719e-04
-4.595178e-04
-3.105435e-04
-1.126791e-04
-1.729968e-04
2.335764e-05
1.734945e-04
4.514051e-05
1.895037e-04
9.184493e-05
-4.441691e-05
3.238585e-04
2.338809e-04
1.171958e-04
2.213390e-04
2.507087e-04
2.701041e-04
-1.216389e-03
-6.991589e-04
-2.281450e-04
-1.075985e-03
-5.420553e-04
-6.727065e-04
-4.818792e-04
-1.048055e-04
-3.290366e-04
-9.489855e-04
-1.674380e-03
-1.317988e-03
-1.495411e-03
-1.330964e-03
-1.447189e-03
-1.276902e-03
-1.033937e-03
-1.557912e-03
-7.879845e-04
-7.798970e-04
9.047738e-05
-7.085617e-04
-1.017922e-03
-2.222110e-04
-7.576051e-04
-8.606861e-04
1.166159e-04
7.082536e-05
4.188394e-04
7.761840e-04
1.486768e-04
4.315923e-04
5.104323e-04
1.404502e-04
1.924478e-04
1.682592e-04
-8.285679e-04
3.578453e-04
-1.331206e-04
-7.690836e-04
-1.237898e-03
-2.120466e-03
-3.340388e-04
-1.477420e-03
-3.340154e-04
-1.783510e-03
-9.308610e-04
-1.254231e-03
-1.095990e-03
-1.074730e-03
-1.584807e-03
-7.023856e-04
-6.365212e-04
-4.044218e-04
2.466671e-04
2.077686e-03
1.413210e-03
3.857620e-04
1.210400e-03
1.118045e-03
-4.551155e-04
7.790937e-04
-1.940885e-04
-1.279778e-03
-6.982172e-04
-1.730973e-04
-1.643024e-03
-1.131088e-03
-7.068101e-04
-1.296938e-03
-1.723139e-03
-1.449868e-03
7.169654e-04
1.165292e-03
1.096923e-03
6.850845e-04
1.107642e-03
1.667602e-03
3.205629e-04
8.350072e-04
6.062086e-04
-6.218902e-04
-1.065572e-03
-1.077446e-03
-7.688257e-04
-1.484091e-03
-1.667942e-03
-5.709835e-04
-4.510019e-04
-9.579127e-04
-1.113628e-03
-1.213834e-03
-1.636427e-03
-4.118033e-04
-6.357467e-04
-1.941971e-03
-1.059887e-03
-1.411089e-03
-1.457672e-03
7.715530e-04
1.198458e-03
3.982491e-04
5.954689e-04
7.009320e-04
-2.705171e-06
-4.159080e-04
1.570022e-05
-7.305942e-04
-2.822453e-04
-2.398754e-04
-3.693721e-04
-2.795695e-04
-1.677919e-04
-2.258843e-04
-3.981697e-04
-5.539111e-04
-1.025558e-03
2.562518e-04
5.286291e-04
1.520225e-03
-3.431726e-04
-1.341319e-03
5.944757e-04
-4.422462e-04
6.601557e-04
-3.602320e-04
-1.568105e-04
1.231078e-04
1.050127e-04
3.409088e-05
3.346361e-04
2.767105e-04
3.459045e-05
2.888202e-04
1.094080e-04
-1.026883e-03
2.316535e-03
6.509600e-04
3.706340e-03
8.272476e-03
8.946276e-03
2.944610e-03
9.486182e-03
1.218760e-02
-2.909187e-02
-1.036340e-02
6.782830e-03
-2.627704e-02
-8.115702e-03
2.304927e-03
-1.684806e-02
-5.646777e-03
6.944803e-04
-1.907562e-02
-3.264001e-02
-2.299643e-02
-2.802035e-02
-3.100713e-02
-2.579429e-02
-2.808713e-02
-2.335659e-02
-1.923478e-02
-5.115023e-03
-3.342512e-02
-3.853590e-03
-3.045034e-02
-5.687046e-02
-1.851891e-02
-3.146210e-02
-4.284791e-02
-1.458909e-02
-3.806080e-03
-4.319205e-04
-3.876306e-03
-5.269877e-03
-1.929951e-03
-1.198936e-02
-8.207476e-03
-2.060152e-03
-9.938141e-03
-3.057629e-02
-1.324977e-02
-1.029175e-02
-3.577814e-02
-3.149311e-02
-2.586295e-02
-4.048333e-02
-2.315075e-02
1.728883e-03
-7.781502e-03
2.118536e-03
1.296266e-02
-8.756729e-03
-1.235364e-02
8.256347e-03
3.572446e-03
3.732897e-03
2.521003e-02
1.075555e-03
1.182195e-02
-7.357092e-03
-4.088406e-03
-1.259673e-02
-4.593463e-04
-1.122059e-02
3.096770e-03
-2.933457e-03
-4.761828e-02
-3.606646e-02
-4.355083e-03
-5.519088e-02
-4.250513e-02
-2.020125e-03
-3.297958e-02
-2.906253e-02
2.417510e-03
5.579063e-03
4.373610e-03
1.949900e-03
-2.185200e-03
1.531845e-03
3.123913e-03
-7.918005e-03
-6.726371e-03
-1.343847e-02
-8.918274e-03
-8.737225e-03
-1.629600e-02
-2.350014e-02
-3.151197e-02
-2.818613e-02
-2.185605e-02
-2.049632e-02
-2.204707e-02
-1.729690e-02
-1.721775e-02
-2.852745e-03
-2.217446e-02
-2.296912e-02
-1.976193e-02
-2.449627e-02
-2.597228e-02
-5.743058e-03
1.266123e-02
1.560764e-02
-9.083941e-03
5.192874e-04
7.218174e-03
-1.002292e-02
-4.383779e-03
9.301906e-03
-8.696523e-03
-1.706090e-03
2.008578e-06
6.111959e-03
-8.743223e-03
-1.012599e-02
1.395157e-02
8.667942e-03
-1.602098e-03
8.785909e-03
-2.617143e-02
-1.027364e-02
5.822374e-03
-1.248526e-02
-5.774349e-02
1.903738e-02
-1.926783e-02
-7.697615e-03
-1.110868e-02
4.123426e-03
4.832737e-03
3.668510e-04
-2.420070e-03
8.722933e-04
-7.460315e-04
-5.889311e-03
-4.893468e-04
-2.115231e-03
1.863117e-04
6.098644e-05
-2.428111e-05
3.094310e-04
2.416305e-04
1.907133e-04
2.383561e-04
2.504149e-04
2.523766e-04
-1.234241e-03
-7.064005e-04
-3.649539e-04
-1.130179e-03
-7.271799e-04
-6.302292e-04
-6.388951e-04
-2.529356e-04
-3.230512e-04
-9.580110e-04
-1.402001e-03
-1.501982e-03
-1.198912e-03
-1.416067e-03
-1.703595e-03
-1.167735e-03
-1.105303e-03
-1.375030e-03
-1.049966e-03
-7.628252e-04
1.602735e-04
-6.900214e-04
-7.319720e-04
7.282996e-05
-8.112920e-04
-1.101462e-03
-2.230576e-04
1.671245e-04
4.477691e-04
5.452537e-04
1.350703e-04
3.940871e-04
5.170568e-04
1.343951e-04
7.756871e-05
7.113675e-05
-3.081063e-04
4.926587e-05
-1.025997e-04
-8.022417e-04
-1.045698e-03
-9.750300e-04
-2.824847e-04
-1.072984e-03
-7.736220e-04
-1.381537e-03
-9.446527e-04
-1.208522e-03
-1.153221e-03
-8.058831e-04
-8.858447e-04
-8.362716e-04
-5.189720e-04
-8.139837e-04
4.946242e-04
1.537739e-03
1.104329e-03
1.725003e-04
1.180413e-03
5.909761e-04
-3.223399e-04
2.562445e-04
-3.456122e-04
-8.150039e-04
-6.668391e-04
-4.914032e-04
-1.484141e-03
-1.243724e-03
-1.007425e-03
-1.157812e-03
-1.457302e-03
-1.244054e-03
5.400768e-04
9.427260e-04
8.268013e-04
3.798752e-04
9.429544e-04
9.656485e-04
2.788107e-05
3.847604e-04
3.942711e-04
-4.291866e-04
-1.047619e-03
-1.004091e-03
-7.029725e-04
-1.249365e-03
-1.451789e-03
-7.756174e-04
-5.458574e-04
-8.869395e-04
-1.130057e-03
-1.180731e-03
-1.623629e-03
-4.436635e-04
-9.168218e-04
-1.571758e-03
-1.015672e-03
-1.011662e-03
-1.472133e-03
5.640570e-04
8.134783e-04
1.479983e-04
2.535032e-04
5.006155e-04
-1.622574e-04
-4.237960e-04
-1.168410e-04
-6.770311e-04
-1.252239e-04
-2.867235e-04
-3.470049e-04
-2.007393e-04
-1.375788e-04
-4.073229e-04
-3.370655e-04
-4.443785e-04
-6.973527e-04
2.399436e-04
5.241103e-05
4.434710e-04
-7.035155e-04
-5.352146e-04
1.503784e-05
-3.380697e-04
-5.542361e-04
-3.718612e-04
-1.023505e-04
1.023046e-04
1.014702e-04
2.141980e-05
2.236284e-04
1.694151e-04
-3.469464e-05
1.230833e-04
7.692253e-06
-1.685873e-03
6.308302e-04
-2.348552e-03
1.203099e-03
2.937705e-03
8.428384e-04
2.923931e-03
5.434643e-03
3.926864e-03
-8.905407e-04
-3.866377e-03
8.457711e-04
-4.167870e-03
-5.356594e-03
-4.012825e-03
-6.706247e-03
-4.227902e-03
-1.933589e-03
-1.288207e-03
-4.633065e-03
-4.910963e-03
3.162884e-03
6.343003e-04
-1.635050e-03
2.410156e-03
2.191057e-03
3.966254e-03
5.724147e-03
-1.392706e-03
8.154480e-03
-3.983022e-03
-1.068456e-02
1.026629e-03
-5.218419e-03
-1.009480e-02
5.874476e-03
-6.715057e-03
-3.665058e-03
-5.653566e-03
-8.165133e-03
-7.621170e-03
-8.465951e-03
-5.150293e-03
-1.434173e-03
-5.448957e-03
-5.197623e-03
2.463062e-03
1.885373e-03
-3.037726e-03
-1.713063e-03
3.070702e-03
-1.580882e-03
5.941447e-03
4.119039e-03
7.068902e-03
7.147286e-03
1.334383e-02
1.147808e-03
-6.143773e-03
9.724597e-03
9.918878e-03
4.587438e-03
1.620738e-02
-4.702737e-03
-4.134653e-03
-5.108905e-03
-8.299418e-03
-7.153753e-03
-4.006471e-03
-1.036569e-03
-2.754640e-04
5.358153e-04
9.080003e-04
-6.241513e-03
-8.392339e-03
1.509294e-03
-4.219460e-03
-4.221387e-03
9.552377e-03
1.237753e-03
-4.853632e-03
5.149869e-04
3.917722e-04
1.269390e-03
1.653579e-03
4.749461e-03
3.319342e-03
-1.101752e-03
1.549310e-03
2.260498e-03
-3.515289e-04
-5.664028e-03
1.278698e-03
4.757752e-03
-4.428836e-03
-1.702125e-03
4.022536e-03
-5.344077e-03
-8.776459e-04
-4.897428e-06
-3.448767e-03
9.546531e-03
-4.161379e-03
-2.033141e-03
2.581234e-03
9.252680e-04
-6.041432e-03
6.334695e-03
-4.006443e-03
7.843813e-04
-2.290646e-04
-3.694797e-03
1.141813e-03
4.155567e-04
-4.041642e-03
2.213016e-03
1.447780e-03
3.191561e-03
-3.554912e-03
-4.791681e-03
2.501711e-03
-1.953486e-03
3.641704e-03
1.109933e-02
-3.031194e-03
1.183145e-03
-1.912636e-02
-1.709422e-02
-1.671025e-02
-2.473859e-02
-2.855437e-02
-1.704990e-02
-1.413154e-02
-1.349444e-02
-1.744831e-02
1.106350e-03
1.745028e-04
8.104642e-04
8.517111e-04
2.114759e-04
6.802529e-04
-2.056686e-04
-4.297954e-04
4.917713e-04
8.336717e-05
9.381220e-05
-2.241621e-03
2.679982e-03
5.121302e-03
6.638840e-03
3.811975e-03
8.482673e-03
7.724583e-03
-1.057275e-02
-8.366576e-03
-3.988241e-04
-9.885965e-03
-1.129895e-02
-2.670126e-03
-4.018830e-03
-4.951552e-03
-3.591603e-05
-7.610498e-03
-8.451733e-03
-1.894419e-02
2.617779e-03
-1.050837e-02
-1.997896e-02
-5.888580e-03
-8.434094e-03
-7.970539e-03
-8.769206e-03
-1.445442e-02
7.594259e-03
-1.178483e-02
-1.664957e-02
2.577604e-03
-3.573067e-03
-1.530375e-02
-2.323422e-03
-2.359115e-03
1.362416e-03
-4.612403e-03
-1.076672e-02
-9.039628e-03
-1.869848e-03
-4.967391e-03
-5.928575e-03
-8.946011e-03
1.497546e-02
3.194361e-03
5.197427e-03
-5.493049e-03
-1.376857e-02
1.496672e-02
5.923914e-04
7.286108e-03
2.635705e-03
1.087909e-02
3.430638e-03
6.025701e-03
-7.406216e-03
-3.532154e-03
2.040105e-02
6.289868e-03
1.036733e-02
3.825928e-03
3.791496e-03
-1.298583e-02
-8.946766e-03
-1.308450e-02
-9.314608e-03
-1.256712e-02
-5.134170e-03
-1.485281e-02
-9.505535e-03
2.578097e-04
-9.343637e-03
-5.263365e-03
-1.171545e-02
-1.812433e-02
-7.759220e-03
-2.919730e-03
-1.095963e-02
-3.997623e-03
-6.232298e-03
-5.159380e-03
-4.555533e-03
-4.928965e-03
9.465055e-04
-7.079669e-03
-8.389734e-03
-7.941797e-03
-5.700760e-03
3.610386e-03
-9.869673e-03
-1.134371e-02
5.253866e-03
-6.260667e-03
-1.158052e-02
-1.844980e-03
-1.075724e-03
-9.638453e-03
-3.164510e-03
-6.085019e-03
-1.041222e-02
1.969398e-03
-1.186796e-02
-1.309085e-02
4.080603e-04
3.600208e-03
-9.107391e-03
-4.362537e-03
-2.744925e-04
-5.521812e-03
-7.643208e-03
6.071505e-04
-2.430517e-03
-9.432964e-03
-1.384713e-03
-5.476440e-03
6.172423e-03
3.091788e-03
4.244892e-04
8.367712e-03
7.004641e-03
-2.639169e-03
8.450693e-03
-2.309070e-03
1.035550e-02
-8.115595e-03
-1.339900e-02
-1.071335e-02
-2.430119e-02
1.112228e-03
-1.558737e-02
6.635322e-03
-2.562586e-02
-3.885387e-03
-1.492859e-03
1.168725e-04
4.912599e-04
-2.495367e-03
-8.936150e-04
-3.733335e-04
-3.740438e-03
-1.911754e-03
7.895485e-05
1.714893e-04
6.410539e-05
-3.756886e-05
2.983969e-04
2.235198e-04
1.365803e-04
2.168924e-04
2.279440e-04
2.322427e-04
-1.201359e-03
-6.846415e-04
-2.895248e-04
-1.114340e-03
-6.486920e-04
-6.308845e-04
-5.708453e-04
-1.679658e-04
-3.104751e-04
-9.496154e-04
-1.496767e-03
-1.393950e-03
-1.369186e-03
-1.398081e-03
-1.541545e-03
-1.220627e-03
-1.024882e-03
-1.414058e-03
-9.200522e-04
-6.949602e-04
1.019979e-04
-7.059449e-04
-8.142683e-04
-1.134014e-04
-8.676194e-04
-1.027475e-03
-1.459265e-04
1.390624e-04
4.416980e-04
6.552908e-04
1.638941e-04
4.471860e-04
5.280674e-04
1.540645e-04
1.605532e-04
1.353229e-04
-6.451497e-04
1.267755e-04
-8.549450e-05
-8.063358e-04
-9.646412e-04
-1.470039e-03
-3.728248e-04
-1.281145e-03
-5.870454e-04
-1.588377e-03
-9.388216e-04
-1.169469e-03
-1.107732e-03
-8.279185e-04
-1.150292e-03
-8.013336e-04
-6.282280e-04
-6.551220e-04
3.651403e-04
1.831926e-03
1.341780e-03
2.598175e-04
1.262109e-03
8.598978e-04
-4.270403e-04
5.220294e-04
-1.995403e-04
-1.045646e-03
-7.395067e-04
-3.592570e-04
-1.614601e-03
-1.241382e-03
-8.782231e-04
-1.195695e-03
-1.502185e-03
-1.264062e-03
6.807545e-04
1.098604e-03
9.658024e-04
5.713222e-04
1.007101e-03
1.236823e-03
2.067744e-04
6.217984e-04
5.180908e-04
-5.876894e-04
-1.043923e-03
-1.023027e-03
-7.372036e-04
-1.327431e-03
-1.561316e-03
-6.859053e-04
-5.208772e-04
-9.737678e-04
-1.146585e-03
-1.182494e-03
-1.595972e-03
-5.014411e-04
-7.343869e-04
-1.657105e-03
-1.099409e-03
-1.244157e-03
-1.544077e-03
7.034749e-04
1.058866e-03
3.434660e-04
4.954499e-04
6.809407e-04
-5.181671e-05
-3.125262e-04
3.258212e-05
-6.444633e-04
-2.217706e-04
-2.711903e-04
-3.197296e-04
-2.491577e-04
-1.826186e-04
-3.101604e-04
-3.502626e-04
-4.560867e-04
-7.990436e-04
2.312137e-04
2.550992e-04
9.944255e-04
-3.984551e-04
-7.986884e-04
2.678403e-04
-3.906573e-04
1.733646e-05
-2.897269e-04
-1.170536e-04
1.400725e-04
1.265633e-04
4.266798e-05
2.969472e-04
2.283397e-04
1.979167e-05
2.246981e-04
6.235366e-05
-9.353518e-03
-4.539208e-03
-2.512047e-03
-7.229443e-03
-5.962808e-03
-3.376681e-03
-5.188897e-03
-3.604377e-03
7.653642e-05
4.689955e-03
7.848932e-03
-2.880177e-03
1.540024e-02
1.802676e-02
2.062562e-03
1.157439e-02
7.732496e-03
-3.010670e-03
7.861840e-03
5.893552e-03
1.748194e-02
1.647148e-03
1.189324e-02
1.923770e-02
7.326106e-03
1.256036e-02
1.874877e-02
-7.632927e-03
3.171387e-03
3.416769e-03
-1.630205e-02
5.693237e-03
1.267435e-02
-1.243240e-03
2.043772e-02
2.737169e-02
-6.370744e-03
2.509936e-03
-1.669274e-04
6.511736e-03
1.196256e-02
-9.042986e-04
2.442777e-03
8.746557e-03
6.115590e-04
4.607948e-03
1.489445e-02
-1.101136e-03
9.899003e-03
2.130009e-02
8.253502e-04
1.790598e-02
2.132418e-02
2.479644e-02
-9.442151e-03
6.784447e-03
-1.655684e-03
4.463238e-03
3.531869e-03
-4.437202e-03
4.846255e-04
-3.994925e-06
-3.033229e-03
-4.746408e-03
2.567439e-02
-1.279416e-02
1.170393e-02
3.939528e-02
-4.287873e-03
3.499316e-03
3.156062e-02
-1.254141e-02
-5.118811e-03
1.724149e-02
1.266836e-02
1.555923e-02
3.523852e-02
2.239690e-02
8.159378e-04
8.696571e-03
2.898888e-04
-6.101388e-03
-1.960147e-03
-9.609660e-03
1.034726e-02
2.016026e-02
-6.524727e-05
6.620049e-03
1.081613e-02
-1.485238e-02
1.621099e-03
1.038010e-02
1.141624e-02
-7.585160e-03
-1.362639e-03
2.103077e-03
1.096099e-02
1.416290e-02
1.768784e-02
-8.014738e-03
6.709997e-03
1.383138e-02
-3.305736e-03
9.989889e-03
1.230108e-02
-2.334437e-03
1.251103e-02
1.906438e-02
5.080042e-03
1.475463e-02
-9.278757e-03
7.965363e-03
1.879923e-02
-9.792181e-03
6.523962e-03
1.633145e-02
-1.129432e-02
-8.676257e-03
-4.475017e-03
7.532376e-03
-1.380747e-02
-1.248848e-02
7.837326e-03
-5.237551e-03
-1.450644e-02
-1.187992e-02
-3.162112e-03
2.857762e-03
1.639879e-03
1.351019e-02
1.628705e-02
1.128536e-02
1.813410e-02
4.004323e-02
6.057296e-03
1.836551e-03
3.833342e-03
6.335414e-04
1.347176e-03
4.511829e-03
1.231480e-04
1.069183e-03
4.226193e-03
-1.859673e-03
-1.720246e-03
1.168674e-04
-7.133544e-03
-6.345068e-03
1.343736e-03
9.661559e-03
-2.610569e-03
7.456501e-03
1.418460e-03
-1.289780e-02
-1.300619e-02
-4.583226e-03
-2.111225e-02
-1.794630e-02
-2.153301e-03
-1.912618e-02
-1.339683e-02
4.616238e-03
-2.127855e-02
-5.515376e-03
-6.644148e-03
1.164919e-02
-1.625229e-02
-1.186832e-03
-8.177441e-03
-1.659415e-02
2.044388e-02
-4.330946e-03
-9.960014e-03
1.530884e-02
-6.041280e-03
-2.097889e-02
-1.158946e-02
1.258641e-02
-1.346869e-02
-1.895777e-02
3.958901e-03
-3.184031e-03
-2.011574e-02
-2.405100e-02
-2.851912e-02
-3.015982e-03
1.442116e-03
-5.920300e-03
-2.436094e-02
9.429725e-03
-3.716668e-03
-2.636516e-03
-2.418884e-02
-3.755487e-02
-2.406819e-03
-7.564054e-03
1.817081e-03
-3.685489e-02
3.880633e-02
-1.159898e-03
3.373748e-03
-3.058032e-02
-1.666943e-02
3.193794e-02
2.294301e-02
3.742979e-02
-1.464730e-02
-2.807073e-03
-3.228253e-02
-2.143155e-02
-4.484097e-02
-1.933486e-02
-2.848729e-02
-7.042602e-03
-2.775962e-02
-9.809978e-03
-8.751773e-03
-3.508675e-02
-7.991654e-03
-3.045033e-02
-3.940791e-02
-3.991776e-03
4.024237e-03
-1.156123e-02
8.308886e-03
-9.603434e-03
-5.870576e-03
4.630146e-03
-5.125489e-03
9.983957e-03
-3.192994e-03
-1.194263e-02
-1.067507e-02
1.112418e-02
1.634028e-02
-5.276151e-03
-2.725893e-02
6.262081e-03
-3.689593e-04
-6.156367e-03
-1.702322e-02
-1.128322e-02
-1.452751e-02
1.698373e-04
-3.489916e-03
1.158107e-02
-1.527308e-02
-2.913744e-02
-1.253788e-02
-9.696485e-03
-1.035066e-03
-3.051263e-03
-8.312098e-03
1.128041e-03
-2.045748e-03
-1.442774e-02
4.139729e-03
6.508756e-03
-1.276027e-02
-3.779289e-06
-5.458798e-03
2.294901e-03
-6.568248e-03
2.879854e-03
2.873112e-02
1.505009e-02
-7.702536e-03
1.580025e-02
-1.531778e-02
5.036243e-02
2.352810e-03
-1.226410e-02
-1.377586e-02
-2.117431e-02
1.906440e-02
-8.782228e-03
3.458164e-02
-5.294916e-02
3.261551e-02
-3.467738e-03
1.680191e-03
2.962878e-03
-2.163056e-03
6.928365e-04
3.546396e-04
-1.471076e-03
1.134009e-03
4.705972e-03
-2.446930e-03
-2.517905e-03
-5.253486e-03
-3.571609e-03
-2.825981e-03
-1.847799e-03
-2.826093e-03
3.647769e-03
1.143584e-04
3.990825e-03
-4.706182e-03
-1.107788e-02
3.037529e-02
4.665154e-03
-8.441862e-04
2.755504e-02
-5.258584e-03
-8.547177e-03
-7.989611e-03
-7.556451e-03
-2.000241e-02
1.724059e-02
1.365769e-02
-1.085484e-02
8.014583e-03
-3.445788e-03
-1.855684e-02
-9.761036e-03
-4.470621e-03
-1.684492e-02
-6.298197e-05
9.546857e-03
-3.594168e-02
4.334998e-02
4.814209e-02
-2.227961e-02
2.181170e-03
6.280462e-04
-4.111318e-03
1.380820e-02
-7.882168e-03
-1.051097e-02
6.276635e-03
-3.688164e-03
-8.482051e-03
1.545680e-02
1.034851e-02
-9.260569e-03
4.204997e-02
4.670469e-03
-5.355502e-03
3.591684e-02
5.559660e-02
1.078312e-02
-1.527472e-03
1.277635e-03
-6.348336e-03
6.713638e-03
-8.263101e-03
-2.414715e-03
6.324435e-03
1.247831e-02
-2.680306e-04
9.264906e-03
-9.767037e-03
2.720195e-03
2.776307e-02
7.230335e-03
2.528695e-03
2.216545e-02
-3.330971e-03
-8.165140e-03
2.375071e-02
7.348510e-03
-1.143340e-02
4.645550e-02
1.998699e-02
7.027040e-04
1.515768e-02
-1.113262e-02
-1.814868e-02
-8.917722e-03
-1.278830e-02
-6.897649e-03
2.234001e-02
8.911819e-03
-6.505917e-03
1.860805e-02
-5.560790e-03
-1.662137e-02
4.875460e-03
8.976093e-03
-4.582109e-03
-1.493835e-03
1.217890e-02
-8.656004e-04
1.948608e-02
2.675580e-02
-5.477190e-03
3.427286e-03
-2.831754e-03
-1.197390e-02
1.949406e-02
1.948191e-04
-1.663215e-02
1.494663e-02
2.031215e-02
-9.516231e-04
1.304459e-02
7.032022e-03
1.827833e-02
2.767721e-02
1.288010e-02
2.238517e-02
1.796502e-02
4.236113e-03
8.582056e-03
7.754601e-03
9.295939e-03
-2.529203e-03
1.574887e-03
2.527071e-02
5.885203e-03
-1.580966e-02
-1.176523e-02
5.019263e-03
6.061037e-03
1.375507e-02
-3.506965e-03
1.322107e-02
2.398204e-02
-1.437052e-02
5.626261e-02
1.293761e-02
-2.646731e-03
-2.775325e-03
7.952717e-04
3.686406e-03
-5.542561e-04
4.031920e-03
1.458540e-03
2.816839e-04
2.342524e-03
2.275177e-03
-2.458754e-09
-4.074564e-08
-3.088833e-08
-4.565143e-09
-3.661668e-08
-3.395635e-08
3.573318e-09
-1.881598e-08
-1.310279e-08
-5.017604e-08
-7.759376e-09
2.708254e-08
-7.200121e-08
2.846222e-08
5.788132e-08
-5.478036e-08
8.604684e-08
1.091763e-07
3.275565e-08
-1.972136e-08
4.931511e-09
1.012913e-08
-4.603623e-09
-1.800611e-08
-4.487589e-09
1.987416e-08
1.930661e-09
-3.157490e-08
-7.568917e-09
7.069040e-08
-6.775026e-08
-4.516574e-08
5.798815e-08
-3.616781e-08
-2.279134e-08
8.792796e-08
-1.152922e-07
-2.163450e-08
1.180126e-09
-1.163353e-07
3.068973e-09
3.956479e-08
-9.609596e-08
2.228830e-08
5.588427e-08
2.381536e-08
1.909828e-08
1.353769e-08
6.329828e-08
2.010557e-08
3.778332e-08
4.252680e-08
-1.915657e-08
2.838456e-08
-2.081976e-08
2.070253e-08
1.294682e-08
-2.651519e-08
-1.405187e-08
2.196509e-08
-2.347836e-09
-4.120543e-08
2.512269e-08
-3.663597e-08
-4.257319e-08
-2.294126e-08
-1.230970e-08
-7.440621e-09
-2.765476e-08
-1.301686e-08
1.341669e-08
6.022512e-10
2.789165e-08
-1.321504e-08
1.348229e-08
2.388015e-08
5.389577e-08
3.014560e-08
-1.754156e-09
2.012418e-08
2.268317e-08
-8.639709e-08
-4.243400e-08
4.134598e-08
-8.631496e-08
-2.303777e-08
3.903242e-08
-8.605102e-08
7.563017e-09
6.851008e-08
-2.791769e-09
-1.171129e-08
-1.518767e-08
1.012260e-09
-1.279822e-08
-2.628959e-08
-5.775004e-09
1.498457e-08
7.310570e-09
5.153752e-08
2.073124e-08
3.680441e-08
4.836399e-08
-1.320300e-08
1.925047e-08
5.381368e-08
2.017827e-09
1.158467e-08
-5.808701e-08
-2.539897e-10
5.663564e-08
-7.867285e-08
-6.559772e-09
5.282691e-08
-6.537068e-08
6.691039e-09
4.772581e-08
-4.454195e-08
-5.299839e-08
-1.465790e-08
-4.197788e-08
-1.978445e-08
1.640256e-08
-4.821580e-08
2.115713e-09
3.375158e-08
-6.968030e-08
-4.589633e-08
-2.358043e-08
-6.900628e-08
-1.549638e-08
5.225471e-09
-5.449045e-08
1.311817e-08
2.815592e-08
-2.187230e-08
-4.002643e-08
-2.408534e-08
-2.173880e-08
-2.999675e-08
-1.635717e-08
-1.335633e-08
-1.299232e-08
-3.281597e-10
-3.460895e-04
-9.437896e-05
-1.171497e-03
4.506326e-04
3.818508e-04
-3.805115e-04
8.135568e-04
8.414692e-04
4.483637e-04
-2.658927e-03
-2.129697e-03
1.176569e-03
-5.070099e-03
-3.746912e-03
-2.275845e-03
-4.488060e-03
-1.535489e-03
-1.021157e-03
-2.863254e-03
-1.300533e-03
-4.115933e-03
-1.126466e-03
-8.495700e-04
-4.018926e-03
6.368081e-04
3.611577e-03
-1.284788e-03
5.426303e-03
-4.065115e-03
-1.361158e-03
1.670881e-03
-4.145299e-03
2.729523e-03
-4.647908e-03
-6.630712e-03
4.170085e-03
-1.475449e-03
-3.247749e-03
-2.881220e-03
-4.226516e-03
-3.429495e-03
-3.180617e-03
-2.433949e-03
-2.494918e-03
-3.455067e-03
-2.710499e-03
-3.391623e-03
1.497998e-03
-3.156051e-03
-4.681352e-03
-1.318814e-03
3.883006e-04
-6.150320e-03
-3.382181e-03
2.621398e-03
7.406721e-04
4.586205e-03
6.846181e-04
-9.990144e-04
1.694146e-03
4.189256e-03
-2.377167e-04
4.178972e-03
-4.009368e-03
-4.727707e-03
-2.529789e-03
-5.276580e-03
-5.952757e-03
-3.218970e-03
-7.637532e-04
-3.412554e-03
-2.173854e-03
-4.025405e-03
-6.899447e-03
-5.437257e-03
-6.510840e-03
-5.367846e-03
-3.110555e-03
3.289094e-04
2.528702e-03
2.222498e-03
-7.456926e-04
-1.253830e-03
8.854292e-04
-2.499504e-03
-1.805271e-03
1.472463e-03
-2.617886e-03
-9.297540e-05
3.588062e-03
-3.989778e-03
-2.623999e-03
-1.861781e-03
3.507910e-03
-6.258595e-04
-5.201388e-03
2.435263e-03
-2.255265e-03
-6.327401e-03
-1.780618e-03
2.877403e-04
3.252713e-03
-2.952852e-03
-1.123582e-03
1.583675e-03
-3.261977e-03
-4.661290e-03
-1.940213e-03
-2.687440e-03
-2.378375e-03
-2.051019e-03
-1.427011e-03
-9.435883e-04
-9.511749e-04
-1.698813e-03
-1.179665e-03
-7.881756e-04
1.476855e-03
7.184461e-05
-9.055058e-04
4.125098e-03
1.992001e-03
1.059613e-04
6.061635e-03
5.603637e-03
1.014341e-03
-2.369107e-03
-3.152254e-03
4.686627e-04
-5.319463e-03
-6.458174e-03
-3.043780e-03
-4.930742e-03
-4.815197e-03
-6.234818e-03
2.520054e-04
3.910870e-05
2.042257e-05
4.128781e-04
-1.308300e-05
3.825486e-04
4.784613e-05
-9.293257e-05
2.623631e-04
6.772940e-05
1.909098e-03
-5.954586e-04
4.130957e-04
2.133864e-03
1.723689e-03
1.992859e-03
3.367516e-03
2.748440e-03
-4.324021e-03
-3.623668e-03
2.034356e-03
-9.773600e-03
-7.853398e-03
-2.367606e-03
-8.697825e-03
-5.448089e-03
-4.690192e-04
-4.648587e-03
-6.217513e-03
-5.208678e-03
-2.356561e-03
-6.057343e-03
-3.852603e-03
-2.782533e-03
2.753850e-05
3.476989e-03
7.212574e-04
-2.521287e-03
2.638404e-03
3.312396e-04
-4.750962e-03
1.916520e-04
-4.606877e-03
-1.089171e-02
-2.238517e-03
-2.404411e-03
-5.000120e-03
-5.643894e-03
-7.575538e-03
-6.230521e-03
-5.206475e-03
-1.755100e-03
-3.822997e-03
-6.171622e-03
-2.334537e-05
7.277313e-04
-1.813781e-03
-6.831992e-03
-5.344944e-03
-3.175813e-03
1.503529e-03
-2.814375e-03
-4.088677e-03
5.125044e-03
3.117315e-03
5.768324e-03
-2.015758e-03
-5.692617e-04
7.750805e-03
4.642260e-03
-1.907550e-03
2.241260e-03
-5.107976e-03
-1.020150e-02
-1.075519e-02
-9.050157e-03
-8.506123e-03
-1.021917e-02
-1.207978e-03
-5.967721e-03
-4.773905e-03
-2.155393e-03
-1.088334e-02
-3.763479e-03
-9.678086e-03
-1.257359e-02
-5.150374e-03
2.386369e-03
-2.312505e-03
2.401990e-03
-1.790758e-03
-4.176438e-03
-2.380626e-03
-3.213022e-04
-1.536416e-03
-1.928125e-03
-1.472852e-03
-2.461407e-03
2.682122e-04
1.909946e-03
-1.100119e-03
-7.450921e-03
4.836821e-03
-4.680220e-04
-5.091782e-03
-4.188003e-03
-5.227276e-03
-5.309550e-03
-4.135608e-03
-2.608240e-03
4.315984e-04
-2.961176e-03
-4.858786e-03
-2.804773e-03
-6.861217e-04
-3.064561e-03
-3.692409e-03
-2.774836e-03
-3.948911e-03
-5.199343e-03
-1.048645e-03
-1.450707e-03
-2.976193e-03
-4.999807e-04
-1.442520e-03
-2.024891e-03
3.167783e-03
-3.586521e-03
2.789086e-03
6.868953e-03
-1.527328e-03
4.343385e-03
1.083054e-02
4.065238e-03
7.981886e-03
-1.079822e-03
-9.723433e-03
3.001276e-03
-5.827472e-03
-4.361600e-03
9.653224e-05
-1.309938e-03
-4.809705e-03
2.623841e-05
-4.940241e-04
-7.902453e-04
1.731178e-05
1.120470e-05
-5.309248e-04
5.982432e-04
-5.173016e-04
-5.406762e-04
5.952074e-04
-1.951048e-03
2.436656e-04
-2.250756e-03
1.599547e-03
3.469996e-03
1.378278e-03
4.170491e-03
7.366674e-03
6.757594e-03
-1.404019e-03
-5.813764e-03
2.954267e-03
-4.832942e-03
-7.541518e-03
-2.614035e-03
-4.582106e-03
-4.613182e-03
2.874443e-04
1.351262e-03
-2.378927e-03
-6.932096e-03
2.124762e-03
3.083394e-03
-5.610658e-03
3.780610e-03
5.385286e-03
2.505044e-03
2.312578e-03
-3.363811e-03
1.546190e-02
-6.316246e-03
-1.178898e-02
8.180781e-03
-7.024556e-03
-1.410226e-02
8.387359e-03
-9.269359e-03
-3.074448e-03
-5.519302e-03
-8.327517e-03
-6.195674e-03
-7.865630e-03
-6.084719e-03
-3.692502e-03
-6.140476e-03
-9.654382e-04
7.060776e-03
7.526278e-03
-7.816713e-04
6.580544e-03
1.693554e-02
-2.899501e-03
1.216553e-02
1.765873e-02
6.607610e-03
7.184378e-03
1.498527e-02
1.991461e-03
-4.726907e-03
1.484539e-02
6.633914e-03
1.034810e-03
1.916575e-02
-1.039874e-03
-2.272750e-03
-2.659562e-03
-2.315343e-03
-3.934975e-03
-1.907807e-03
-1.577704e-03
7.870669e-04
9.407625e-04
5.788475e-03
3.040938e-03
-7.659784e-03
5.671376e-03
1.554122e-03
-6.059454e-03
1.034620e-02
3.392945e-03
-8.624598e-03
7.450609e-04
1.575514e-03
-1.255998e-03
3.378697e-03
7.251916e-03
1.372805e-04
-7.396052e-04
4.191192e-03
-2.442617e-03
1.035245e-03
-9.611839e-03
7.016486e-03
4.552470e-03
-7.623000e-03
5.159690e-03
4.506662e-03
-4.117862e-03
5.581257e-03
-1.158028e-03
-5.842040e-03
3.244093e-04
2.179025e-03
-6.908352e-04
-1.311511e-04
7.418852e-03
-2.322254e-03
3.044563e-03
-5.449302e-03
7.283389e-04
-1.994509e-03
-4.789276e-03
1.740775e-03
-1.136283e-03
-5.683256e-03
2.427455e-03
8.974924e-04
5.158728e-03
6.613082e-04
-6.244807e-03
9.560410e-04
-8.690137e-04
3.153431e-04
9.838534e-03
-2.527754e-04
-1.259283e-03
-2.412738e-02
-2.300554e-02
-1.749147e-02
-3.004800e-02
-3.152265e-02
-2.691362e-02
-1.964852e-02
-2.016290e-02
-2.538273e-02
8.693280e-04
-2.198548e-04
9.393470e-04
-2.452898e-05
-8.743145e-05
9.371461e-04
-1.485589e-03
-1.077061e-03
3.795463e-04
-1.224216e-04
6.552715e-04
-3.118592e-03
-2.048991e-03
6.913792e-04
4.348301e-03
-7.387959e-04
3.673770e-03
4.080855e-04
-4.306427e-03
-5.207621e-03
-1.904966e-03
-7.882916e-03
-7.218849e-03
-5.478293e-04
-1.059957e-02
-6.875337e-03
2.399091e-03
-1.260125e-02
-3.428430e-03
-3.881503e-03
5.732772e-03
-3.593127e-03
-4.054703e-05
-5.259268e-03
-7.705371e-03
8.614364e-03
-2.790223e-04
-4.160427e-03
8.785701e-03
-3.945061e-03
-1.118580e-02
-6.568036e-03
7.886884e-03
-5.069917e-03
-6.734788e-03
2.616608e-03
7.731387e-04
-7.664879e-03
-9.971252e-03
-1.336309e-02
-2.760393e-03
5.493098e-04
-1.190450e-03
-1.007458e-02
4.255244e-03
-2.095067e-03
-1.465174e-03
-4.920535e-03
-1.854615e-02
-9.414283e-04
-1.056779e-03
1.445140e-03
-1.984659e-02
1.848578e-02
7.151505e-04
1.422614e-03
-1.280152e-02
-1.179589e-02
1.487078e-02
1.177144e-02
2.007318e-02
-2.081256e-03
-1.289775e-03
-1.306842e-02
-6.947430e-03
-2.057110e-02
-9.812711e-03
-1.049676e-02
-2.670155e-03
-1.302427e-02
-4.223085e-03
-5.995375e-03
-1.392887e-02
-6.155579e-03
-1.209408e-02
-1.263019e-02
-9.980624e-04
1.334588e-03
-4.741753e-03
5.453805e-04
-4.394842e-03
-1.959807e-03
3.110997e-03
-2.211011e-03
6.876916e-03
1.295520e-03
-6.700167e-03
-4.937808e-03
7.480997e-03
8.317475e-03
-4.323127e-03
-1.312570e-02
4.067712e-03
-9.332261e-04
-3.473506e-03
-6.157980e-03
-6.757812e-03
-7.791319e-03
6.265395e-04
1.172779e-04
1.217229e-02
-1.079792e-02
-1.297618e-02
-4.068770e-03
-7.072435e-03
-3.456662e-03
2.373426e-03
-3.407402e-03
1.234968e-04
-3.563105e-04
-6.519849e-03
9.314386e-04
3.367172e-03
-7.087083e-03
-1.665047e-03
-3.578445e-03
-2.703384e-04
-3.544083e-03
-2.333733e-03
1.182298e-02
1.053548e-02
-6.081975e-03
6.767835e-03
-9.419132e-03
1.590601e-02
1.128500e-03
-2.636690e-03
-9.368824e-03
-1.219398e-02
8.183841e-03
-8.421076e-03
1.469893e-02
-1.773930e-02
8.965034e-03
-1.653818e-03
2.001524e-04
1.169262e-03
-6.653460e-04
3.835610e-04
-4.216827e-05
-3.621896e-04
2.956305e-04
2.035065e-03
