-1.193705e-03
-4.143414e-04
1.572682e-03
2.304296e-03
2.447997e-03
4.520501e-03
3.054927e-03
2.992462e-03
5.150089e-03
3.503993e-03
5.102959e-03
4.231574e-03
3.657474e-03
5.148864e-03
4.718005e-03
3.503621e-03
4.476613e-03
4.405044e-03
-2.241339e-03
-1.648124e-03
-2.588606e-03
3.493714e-03
4.529375e-03
2.461970e-03
-4.583425e-03
-4.186565e-03
-2.744500e-03
-2.968184e-03
-5.515707e-03
-2.404120e-03
-2.214247e-04
1.229690e-03
4.222183e-03
2.516732e-03
4.247632e-03
5.255571e-03
-1.475362e-02
-1.648562e-02
-1.755509e-02
-1.046022e-02
-1.082106e-02
-1.013992e-02
-1.179216e-02
-1.059139e-02
-7.621768e-03
3.281718e-03
1.107752e-02
1.132841e-02
-1.671249e-03
4.352025e-03
2.823313e-03
-7.444805e-03
-9.224502e-03
-7.756065e-03
-7.844164e-04
1.738748e-03
-8.386401e-04
-1.090621e-03
-5.256740e-04
-2.133645e-03
-6.352580e-03
-6.649157e-03
-6.830721e-03
6.811836e-03
5.262396e-03
4.373019e-03
6.230356e-03
4.055843e-03
2.698307e-03
3.608751e-03
5.452334e-04
-1.190395e-03
3.464170e-03
2.516406e-03
-1.771701e-03
3.663886e-03
4.662958e-03
1.751090e-03
3.642131e-03
3.828157e-03
2.491708e-03
3.773273e-03
4.536870e-03
1.071148e-03
2.101913e-03
3.692424e-03
8.084425e-04
1.242778e-03
2.153680e-03
-6.253257e-04
-3.418016e-03
-3.297624e-03
-1.133704e-03
2.812309e-03
-1.051515e-03
1.093276e-03
2.667843e-03
-7.429658e-04
3.645257e-03
1.222496e-03
3.677142e-03
5.859032e-03
-5.521041e-04
1.532288e-03
3.989574e-03
-6.937703e-03
-5.191687e-03
-1.106467e-03
2.886249e-03
2.553994e-03
1.777429e-03
3.731851e-03
3.767351e-03
2.916409e-03
3.766918e-03
3.825760e-03
2.598019e-03
-8.754159e-05
5.214837e-06
-5.000954e-05
-9.961625e-05
-1.735461e-05
-6.868236e-06
9.296699e-06
5.066450e-05
5.819551e-05
3.890919e-03
4.115116e-03
5.860389e-03
4.295014e-03
4.594881e-03
6.189008e-03
5.290222e-03
5.622834e-03
6.418650e-03
-9.004006e-04
-1.114485e-03
-1.137236e-03
-1.386918e-03
-1.660456e-03
-1.552782e-03
-1.670681e-03
-1.956091e-03
-1.657466e-03
2.117245e-03
2.717150e-03
-1.332342e-02
5.194999e-03
9.107275e-03
1.697917e-03
-9.866663e-03
1.839015e-02
2.009436e-02
1.512934e-03
-3.020078e-03
-3.599010e-03
-1.039863e-02
-1.312352e-02
-1.112209e-02
5.268466e-03
3.822776e-03
2.004217e-03
2.491488e-02
-3.592754e-02
2.413015e-02
2.540821e-03
-2.779548e-02
3.513646e-02
-9.795154e-03
2.386605e-02
-1.150620e-02
1.973616e-02
3.973352e-02
-3.145108e-02
1.730614e-02
6.044097e-02
-2.700302e-02
-2.378450e-02
-1.288884e-02
-4.102195e-02
2.173420e-03
1.235017e-03
6.526690e-03
4.115784e-03
4.101262e-03
8.492026e-03
6.285355e-04
1.068815e-03
7.219943e-03
7.012213e-02
3.520333e-02
5.196804e-02
2.969953e-02
-3.194425e-01
4.392922e-02
2.763050e-02
6.200088e-02
6.984698e-03
-4.411954e-02
5.172557e-02
-4.778562e-02
3.955482e-02
2.220347e-01
3.114005e-02
-2.037665e-02
4.413167e-02
-1.409670e-03
1.340962e-02
3.850058e-02
1.487590e-02
3.018858e-02
9.449150e-02
5.676931e-02
2.707617e-02
2.349753e-02
3.255192e-02
-3.834172e-02
-2.659399e-02
4.145952e-02
-4.554532e-02
-6.761429e-02
3.998382e-02
2.869431e-02
1.535298e-02
1.624628e-02
6.758021e-03
-2.988237e-03
2.315517e-02
1.304634e-02
-2.972433e-02
-6.627337e-03
-2.416613e-02
-1.175588e-02
4.781951e-03
-1.513844e-02
-3.823479e-03
1.625645e-02
-2.029602e-02
-4.532001e-04
-1.897503e-02
-5.389438e-03
-1.177275e-02
-2.972821e-02
-2.023118e-02
1.566093e-02
-3.014331e-02
-1.073401e-01
5.296098e-02
1.724200e-02
2.435668e-02
1.079610e-02
-1.378824e-02
1.110186e-03
-2.109401e-02
-9.545267e-04
9.779354e-03
-9.031900e-03
1.772786e-02
5.404662e-03
-1.173216e-02
1.291424e-02
8.414381e-03
9.916393e-04
2.246107e-03
9.273120e-03
5.556998e-04
1.318814e-03
8.102573e-03
1.250008e-03
2.013622e-03
2.427125e-02
2.188828e-02
1.432671e-02
4.787584e-02
3.100633e-02
1.660960e-02
4.110598e-02
3.596405e-02
1.917534e-02
-3.131664e-03
-2.317746e-03
-3.172921e-03
-2.699619e-03
-2.177009e-04
1.897818e-03
-1.678862e-03
9.613087e-04
3.471854e-03
-5.114525e-03
-9.342425e-04
4.393881e-03
-1.622988e-03
-4.727946e-04
3.668517e-03
2.528374e-03
3.943624e-03
6.169021e-03
5.454805e-03
4.824370e-03
3.325159e-03
4.747299e-03
3.954746e-03
2.894466e-03
3.384613e-03
2.336501e-03
1.438189e-03
-2.145126e-03
6.050721e-03
-2.255619e-04
6.322469e-03
1.473051e-02
1.066549e-02
-9.995244e-03
-3.405215e-03
-3.621572e-03
8.609916e-03
9.853167e-03
1.042040e-02
8.942262e-03
8.056909e-03
5.403352e-03
8.071969e-03
3.522475e-03
5.518873e-05
-9.920468e-04
-3.035861e-03
-4.323459e-03
-2.519054e-04
-1.678933e-03
-3.102252e-03
1.845123e-04
-5.995758e-04
-1.592588e-03
1.874501e-03
1.332734e-02
-3.501734e-03
2.271049e-03
4.295856e-04
-6.748606e-03
-1.228460e-02
-1.294278e-02
-9.242163e-03
-6.104209e-03
5.284185e-03
-1.018990e-03
-7.934799e-03
-2.350603e-03
-4.187759e-03
-1.292867e-02
-8.851192e-03
-1.036272e-02
-5.738013e-03
1.137716e-03
-7.741627e-04
-4.124153e-03
-1.799850e-03
-1.530683e-03
-1.020059e-02
-8.221738e-03
-6.376723e-03
1.163354e-02
1.045916e-02
3.686153e-03
1.012937e-02
1.126626e-02
4.654414e-03
9.517234e-03
6.171920e-03
2.095689e-04
6.163707e-03
1.229073e-02
1.005432e-02
5.070292e-03
1.082396e-02
6.760831e-03
4.702718e-03
6.768143e-03
1.782024e-03
9.239181e-03
6.852332e-04
3.527153e-03
1.135245e-02
2.726190e-03
5.258595e-03
6.842279e-03
2.714870e-03
3.388610e-03
1.938764e-02
1.034484e-02
2.733802e-03
7.634508e-03
2.038647e-03
3.168608e-04
-6.857487e-03
-4.833329e-03
-5.528180e-03
1.833213e-03
1.765672e-04
3.468689e-04
3.524149e-03
7.355767e-04
1.908988e-03
3.917182e-03
1.228460e-03
1.656756e-03
-4.982122e-04
-3.236873e-04
-3.259442e-04
-4.759920e-04
-3.074433e-04
-2.160604e-04
-4.914174e-04
-3.022879e-04
-1.621938e-04
-3.561653e-03
3.816983e-04
3.503127e-03
-1.989616e-03
1.264940e-04
2.697171e-03
-8.993656e-06
1.765938e-03
2.770695e-03
4.462841e-04
5.413204e-04
4.291574e-04
3.788356e-04
4.185745e-04
3.483638e-04
3.304664e-04
4.275504e-04
2.603605e-04
-2.128693e-03
5.074925e-04
5.512274e-03
-3.675597e-03
-2.160481e-03
9.797876e-04
-1.812031e-03
2.599011e-04
1.742194e-03
5.191095e-03
5.195586e-03
4.884719e-03
5.024809e-03
5.571958e-03
6.251565e-03
4.089190e-03
5.245958e-03
5.539201e-03
3.240254e-03
9.473900e-03
7.423800e-03
-2.938908e-03
2.485042e-03
1.330969e-03
-5.584401e-03
1.316432e-03
-1.354397e-03
3.492390e-03
9.466270e-03
6.290411e-03
7.792803e-03
6.425872e-03
-1.164383e-03
6.568986e-03
8.408086e-04
-4.007483e-03
-2.950836e-03
-3.600588e-03
-4.074946e-03
-7.379079e-04
-1.384933e-03
-2.531003e-03
2.138814e-04
-4.071938e-04
-1.054788e-03
-1.760212e-03
1.906251e-03
-2.453351e-03
-5.089846e-03
-9.067698e-03
-1.309353e-02
-1.214295e-02
-8.895278e-03
-9.674023e-03
2.998694e-03
7.392066e-03
8.671274e-03
-2.208362e-03
-4.337878e-04
4.293466e-03
-2.213347e-03
-4.534393e-03
4.149489e-04
-1.404068e-02
-5.771347e-03
-4.225606e-03
-1.386534e-02
-1.005440e-02
-8.185355e-03
-1.601735e-02
-1.489281e-02
-1.020769e-02
1.075409e-02
1.147719e-02
8.208887e-03
9.137484e-03
1.090826e-02
5.412412e-03
6.471152e-03
6.800897e-03
2.457828e-04
5.870249e-03
5.266420e-03
6.216588e-03
1.972904e-03
2.992025e-03
8.305912e-04
5.087681e-04
1.028608e-03
-6.682378e-04
5.855326e-03
-5.849156e-04
9.479809e-04
2.618931e-03
2.027333e-05
5.084077e-03
-1.306863e-03
1.480007e-03
2.309117e-03
1.267365e-02
9.205938e-03
-6.733564e-03
6.536509e-03
-6.394378e-04
-8.954278e-03
7.065583e-03
3.048097e-03
-7.169905e-03
1.573420e-03
4.637011e-03
1.071679e-03
2.553295e-03
4.185257e-03
8.251559e-04
1.826530e-03
4.234959e-03
1.390051e-03
-1.570689e-04
-2.430495e-04
-3.395477e-04
-1.628220e-04
-2.408813e-04
-3.394583e-04
-4.624838e-04
-4.547841e-04
-4.387004e-04
-3.583738e-03
-1.680883e-03
-3.155928e-04
-2.898891e-03
-1.553203e-03
-1.758530e-03
-4.368110e-03
-3.144785e-03
-3.166305e-03
6.861896e-04
3.387045e-04
8.894673e-04
3.799903e-04
4.433867e-07
6.768629e-04
1.842283e-04
-1.391081e-04
4.334879e-04
-2.346760e-03
6.422209e-03
1.816508e-02
1.488836e-03
3.052340e-05
1.448678e-02
1.887402e-02
1.137923e-02
1.485041e-02
3.381353e-02
1.537568e-02
-1.471942e-02
3.948183e-02
2.459119e-02
-1.064488e-02
4.600355e-02
3.898406e-02
7.863577e-03
-5.452673e-02
-3.182290e-02
-9.948090e-02
9.480038e-03
2.094139e-02
-8.814457e-02
3.725952e-02
6.973939e-02
-3.137591e-02
-3.215811e-02
3.556598e-02
5.862472e-02
-8.526611e-02
-6.467247e-03
6.840374e-02
-1.193340e-01
-8.574323e-02
-2.092358e-02
2.260241e-03
3.412122e-03
4.134254e-03
-2.541259e-03
1.742764e-03
7.743828e-03
-4.630010e-04
2.461008e-03
1.214421e-02
-1.078864e-02
-6.480177e-03
-6.613125e-03
2.808906e-02
6.923024e-02
2.413115e-02
5.488385e-03
5.993422e-02
2.757651e-03
3.414558e-02
2.843801e-02
-3.227438e-02
1.684220e-02
4.718531e-02
-4.065534e-04
-4.604808e-03
3.507352e-02
1.502691e-02
-2.336442e-02
-2.297497e-02
-7.696313e-02
1.638382e-02
2.721253e-02
-2.211404e-02
9.137305e-03
2.375052e-02
-2.041577e-02
2.747875e-03
6.631008e-03
2.749098e-03
1.612592e-02
6.279491e-03
2.065225e-04
7.119422e-03
-5.730829e-04
-6.073640e-03
-1.540702e-02
8.989711e-04
5.478487e-03
-6.020297e-03
1.194698e-02
1.350559e-02
1.112600e-03
1.467870e-02
3.597925e-03
3.150513e-02
-2.301177e-02
-7.454159e-02
6.520831e-02
1.644472e-02
-8.624097e-02
6.562644e-02
7.452131e-02
-8.155295e-03
1.095354e-03
-2.052003e-02
-4.584641e-02
6.768926e-03
-2.081052e-02
-1.345644e-02
3.980910e-02
1.016712e-02
4.055498e-02
-3.062827e-03
-2.338484e-03
-1.084755e-02
5.229727e-03
1.116766e-02
1.573807e-03
1.821932e-03
8.680789e-03
5.991082e-04
2.217870e-03
4.046203e-03
2.158523e-03
1.747571e-03
3.238956e-03
1.773111e-03
4.058232e-04
1.542703e-03
1.458222e-04
9.878476e-03
1.755197e-02
3.731883e-03
2.033327e-02
3.270716e-02
1.330404e-02
1.112200e-02
2.466261e-02
5.078676e-03
-3.732271e-03
8.590909e-04
-3.208463e-05
-2.804222e-03
3.895201e-04
-7.544924e-04
-2.753834e-03
1.147755e-03
-2.262246e-04
-6.701970e-03
8.298634e-03
1.293250e-02
1.252400e-04
1.398117e-02
-2.937492e-05
1.817183e-02
1.560303e-02
2.952445e-02
1.138672e-02
-3.358365e-03
-8.725625e-03
-2.005634e-02
-4.458900e-02
-3.260767e-02
-1.789150e-02
-3.953850e-02
-2.831465e-02
-1.317030e-02
4.338253e-02
-7.631481e-03
3.809135e-02
1.582115e-01
-1.280650e-03
-3.113564e-02
-2.623965e-02
5.218476e-03
5.497747e-03
-1.742497e-02
6.243435e-03
-7.407629e-03
-2.757026e-02
1.951905e-02
4.824726e-02
3.963398e-02
2.161855e-02
-1.560542e-02
-1.983812e-02
-2.353982e-02
-3.853448e-03
-8.700420e-03
-1.032459e-02
-3.055824e-03
-6.349110e-03
-1.001816e-02
-3.787830e-02
-9.062131e-02
2.115135e-02
-2.574253e-02
3.515194e-01
-3.365508e-02
-3.767279e-02
-4.084412e-02
3.148971e-02
1.777043e-02
1.101282e-02
2.488190e-02
-1.526494e-02
-1.374583e-01
-8.077181e-03
1.421211e-02
-1.898719e-02
6.234864e-03
-1.797813e-02
-4.995564e-03
2.099446e-03
3.005539e-03
-2.657446e-03
2.025465e-02
-2.732459e-02
-2.033824e-02
-1.043941e-02
5.198859e-02
1.360599e-02
-6.905087e-02
5.294605e-02
6.991567e-02
-5.607191e-02
-6.292576e-02
-3.362987e-02
1.979900e-03
-5.292096e-02
-3.647105e-02
-2.141858e-02
-3.505357e-02
4.248886e-02
1.340881e-02
8.713219e-03
-5.003693e-03
-1.246535e-02
-3.127314e-02
-1.229245e-02
-8.327263e-03
-1.776513e-02
-6.577616e-03
2.068890e-02
-1.761171e-02
3.147862e-03
-2.307729e-03
-1.039551e-02
1.292901e-02
8.825234e-03
6.109668e-02
-9.082083e-02
-5.132061e-02
-2.587723e-02
9.767523e-03
4.206521e-02
1.605158e-03
-2.888476e-03
-7.697412e-04
1.232047e-02
1.372753e-02
9.407072e-03
8.715005e-03
9.552150e-03
-1.112919e-03
1.575951e-03
1.975476e-03
1.850746e-03
7.478223e-04
1.529920e-03
1.552085e-03
5.050027e-04
5.497453e-04
1.246898e-03
6.735680e-03
2.857425e-02
2.792978e-02
4.229225e-03
3.412434e-02
3.975104e-02
1.465745e-02
1.776322e-02
1.135492e-02
3.354148e-03
-5.245395e-03
-3.680472e-03
3.572349e-03
-4.088026e-03
-2.585858e-03
1.986475e-03
-3.773870e-03
-3.204234e-04
6.080323e-03
7.264450e-03
4.656414e-03
3.180169e-03
5.186224e-03
2.259481e-03
3.389695e-03
5.476598e-03
3.150455e-03
1.004986e-03
-1.232064e-03
-6.800078e-04
-6.362335e-04
-3.061774e-03
-2.276780e-03
7.322108e-06
-2.161419e-03
-1.330739e-03
-1.548042e-03
-4.504362e-03
-5.189479e-03
-1.336046e-03
-3.661702e-03
-4.910920e-03
3.339743e-03
1.150947e-03
-1.498827e-03
-7.353092e-03
-3.371625e-03
-1.618747e-03
-5.819982e-03
-2.121412e-03
1.096974e-03
-3.860056e-03
-7.978982e-04
3.016053e-03
-3.487067e-03
-2.654278e-03
-2.145259e-03
-3.013519e-03
-2.515258e-03
-2.174034e-03
-2.615435e-03
-2.235023e-03
-1.735789e-03
8.260293e-04
-4.990281e-03
-9.724245e-03
3.501245e-03
-9.480599e-04
-6.405327e-03
-2.537350e-04
-2.043647e-03
-1.028441e-02
3.393377e-03
2.752705e-03
8.174312e-03
2.551418e-03
2.648038e-03
6.775551e-03
3.986148e-03
2.790193e-03
7.737972e-03
8.010645e-03
1.009058e-02
1.003600e-02
1.200081e-02
1.341995e-02
1.314727e-02
1.118724e-02
1.193357e-02
1.312278e-02
-3.164113e-03
-4.215240e-03
-3.715949e-03
-2.407992e-03
-3.898327e-03
-5.339060e-03
-5.587799e-03
-7.172397e-03
-9.664082e-03
-2.330127e-03
-3.175559e-03
-1.652749e-03
-6.600263e-04
5.103191e-04
1.607856e-03
-1.075904e-03
1.398057e-04
9.229627e-04
-8.058612e-03
-6.027348e-03
-3.249265e-03
-7.499316e-03
-7.240458e-03
-3.251062e-03
-3.935850e-03
-3.392540e-03
8.049495e-04
-5.926596e-03
-1.149602e-03
-4.190757e-03
2.297203e-03
6.499652e-03
3.024534e-03
-1.428901e-03
1.674977e-03
1.466385e-04
4.047455e-03
8.689440e-03
6.218423e-03
3.798820e-03
8.656861e-03
6.243201e-03
4.697481e-03
9.767192e-03
7.789448e-03
8.392500e-04
6.723491e-04
6.468309e-04
5.520505e-04
4.021551e-04
3.736344e-04
5.068294e-04
3.760916e-04
3.386101e-04
7.036129e-03
7.069536e-03
5.723325e-03
6.368101e-03
6.546152e-03
4.950128e-03
5.909695e-03
5.841754e-03
4.578457e-03
-9.087736e-05
-4.628745e-04
-2.108933e-04
-8.951118e-05
-4.855621e-04
-2.399809e-04
-1.319693e-04
-5.767488e-04
-2.473338e-04
-4.875891e-03
8.143135e-04
8.174320e-03
-9.233280e-03
-9.672081e-03
3.053652e-03
-8.181369e-03
-4.460156e-03
7.745862e-03
1.626232e-03
6.557918e-03
1.071868e-02
1.383247e-02
1.871778e-02
1.780234e-02
2.635838e-02
2.973790e-02
2.074935e-02
-5.380353e-02
-3.723235e-02
-1.655569e-02
-2.928627e-02
-3.158774e-03
2.109318e-02
-1.547318e-02
1.850983e-02
3.293138e-02
4.660645e-02
2.358033e-02
-2.563314e-02
3.475357e-02
-7.286252e-03
-4.630809e-02
-2.086895e-02
-5.540646e-02
-6.881216e-02
5.277807e-03
3.369248e-03
-5.402297e-04
1.014585e-02
7.937648e-03
8.834160e-04
1.160274e-02
7.285320e-03
1.173419e-03
7.261164e-03
2.414741e-03
-9.406764e-03
-9.993099e-03
2.884202e-02
3.716490e-02
-2.546615e-02
3.375871e-02
1.952124e-02
-3.270800e-02
-3.783468e-02
-2.091747e-02
-1.985636e-02
-1.281414e-02
8.143093e-03
-9.018247e-04
1.549569e-02
1.812731e-02
-4.095656e-02
-4.215353e-02
-1.391694e-02
-2.054618e-02
-1.285018e-02
1.688754e-02
-8.279026e-03
9.948203e-03
2.590005e-02
3.012304e-02
4.710745e-02
1.474715e-02
1.797843e-02
1.462736e-02
-1.895175e-02
-3.250448e-02
-4.660026e-02
-5.518345e-02
1.377237e-02
2.552820e-02
1.812057e-02
2.526391e-02
2.550631e-02
1.583852e-02
2.685922e-03
-6.270963e-03
-1.710173e-02
-5.046103e-02
-7.368537e-02
-2.272786e-02
-3.673932e-02
-1.229532e-02
1.681989e-02
6.264152e-02
1.144573e-01
9.072286e-02
-6.585303e-03
-1.275790e-03
2.646268e-02
-2.558154e-02
-1.367586e-02
-5.550599e-03
-1.308873e-02
3.481018e-03
-5.335359e-03
-5.822973e-03
-1.000435e-02
-5.465580e-04
-1.245480e-03
-3.887091e-03
4.861639e-03
2.883115e-03
2.292435e-03
1.003824e-02
1.023023e-03
1.178617e-03
1.622023e-03
1.222012e-03
1.426304e-03
1.645158e-03
7.631137e-04
9.237797e-04
1.150511e-03
-1.471160e-03
4.270154e-05
7.778050e-03
7.005381e-05
5.352583e-03
1.648653e-02
6.286516e-03
1.290575e-02
2.169611e-02
-2.354150e-04
4.675575e-04
1.219442e-03
5.400372e-04
1.794975e-03
1.844264e-03
2.091749e-03
2.662304e-03
1.665559e-03
-1.562509e-03
-5.974380e-04
7.312060e-04
1.564003e-04
5.256026e-04
2.129267e-03
1.294747e-03
1.845252e-03
2.787457e-03
2.496913e-03
3.190810e-03
2.362040e-03
2.308236e-03
2.749481e-03
1.658115e-03
1.956352e-03
1.764904e-03
6.530961e-04
-2.262898e-03
3.227429e-04
1.188743e-03
3.210119e-03
6.402230e-03
7.365281e-03
-3.516806e-03
-2.448344e-03
1.294346e-03
4.178481e-03
8.668922e-05
1.693857e-04
3.489161e-03
1.142163e-03
7.936591e-04
3.288019e-03
3.102483e-03
2.185856e-03
-2.784659e-03
-3.891728e-03
-5.115084e-03
-1.990917e-03
-2.695474e-03
-3.430567e-03
-2.861846e-03
-2.676847e-03
-2.628342e-03
1.017242e-03
4.353859e-03
4.845445e-04
1.044315e-03
1.872496e-03
-5.394323e-04
-1.654477e-03
-3.111721e-03
-3.494181e-03
-5.751415e-03
-5.100084e-03
-6.194877e-03
-3.957770e-03
-6.187705e-03
-7.513178e-03
-5.070559e-03
-6.774466e-03
-8.965151e-03
3.351723e-03
4.211183e-03
3.177718e-03
4.341327e-03
3.673214e-03
2.400609e-03
3.681329e-03
3.454656e-03
2.107966e-03
2.541933e-03
9.022380e-04
-2.328883e-03
2.708511e-03
3.398719e-03
2.473683e-03
1.351342e-03
1.857939e-03
2.097046e-03
1.446709e-03
3.793359e-03
2.160755e-03
6.340580e-04
3.206517e-03
2.423812e-03
-2.095575e-04
5.104941e-04
-6.149090e-04
1.825728e-04
3.495723e-04
5.142523e-04
5.215159e-03
1.421988e-03
-1.311916e-03
7.185125e-03
1.278948e-03
2.238574e-04
7.807621e-03
7.444322e-03
9.869007e-03
1.270966e-03
3.863619e-04
3.574689e-03
-6.340996e-03
-5.342038e-03
-6.131874e-04
2.469367e-03
2.084882e-03
8.565568e-04
2.660971e-03
2.232432e-03
1.151358e-03
3.141976e-03
2.770923e-03
1.243537e-03
-6.169010e-04
-6.103361e-04
-6.798974e-04
-3.766623e-04
-3.108381e-04
-3.668738e-04
-1.560482e-04
-6.595468e-05
-1.091091e-04
1.033543e-03
1.819365e-03
3.801131e-03
1.264247e-03
1.711456e-03
3.857249e-03
2.563870e-03
2.658366e-03
4.333029e-03
4.914252e-04
5.307965e-04
2.991390e-04
5.216159e-04
5.294173e-04
1.321036e-04
8.110435e-04
1.056682e-03
6.407503e-04
5.916925e-03
7.972388e-03
2.331628e-03
4.304500e-03
5.474168e-03
4.011440e-03
4.691849e-03
1.023716e-02
1.202891e-02
1.296241e-02
1.702751e-02
1.153194e-02
9.556465e-03
1.412592e-02
1.099771e-02
1.166878e-02
1.427618e-02
1.277531e-02
-3.395691e-03
7.380814e-03
-4.831478e-03
8.894507e-03
1.977998e-02
5.853380e-03
-9.638827e-04
5.477506e-03
5.856477e-03
-1.314422e-02
-2.497444e-02
-2.048135e-02
-1.533163e-02
-3.329640e-02
-3.231323e-02
-1.148302e-02
-8.847729e-03
-1.530314e-02
-4.462325e-03
-1.750482e-03
-5.262160e-04
-1.525179e-03
-2.200119e-03
-2.284979e-03
-1.627368e-03
-4.718371e-03
-6.479055e-03
-3.750879e-02
-1.457261e-02
-2.860500e-03
-4.153472e-02
-2.812433e-02
-2.600585e-02
-3.495663e-03
-1.307783e-02
-1.574511e-02
-2.028509e-02
-5.461126e-03
2.692869e-03
-8.981046e-03
-7.147796e-03
5.614594e-03
-1.850290e-02
-1.538143e-02
-5.614635e-03
3.862396e-03
2.169124e-02
2.562249e-02
1.014896e-02
1.366701e-02
1.887344e-02
2.657372e-03
9.343639e-03
1.338706e-02
8.421954e-03
2.560884e-04
-4.262770e-03
7.059833e-03
-3.156997e-03
-8.896634e-03
2.272825e-03
-4.249049e-03
-4.979624e-03
6.332790e-03
1.048194e-02
1.314774e-02
5.062578e-03
8.649203e-03
8.220608e-03
-1.838445e-03
-3.016450e-03
-1.896785e-03
2.460137e-02
4.433644e-02
3.363404e-02
2.819067e-02
4.956777e-02
4.462583e-02
1.655645e-02
2.406503e-02
2.340657e-02
8.972277e-03
-4.008882e-03
-1.031967e-02
1.195588e-02
-1.551901e-02
-1.444969e-02
8.119386e-03
-4.768324e-03
4.045490e-03
1.370693e-02
1.574011e-02
7.126449e-03
1.160927e-02
9.971352e-03
5.367102e-03
1.071520e-02
1.147418e-02
4.536553e-03
-3.991463e-04
-4.346452e-04
3.873337e-04
-1.500126e-04
-2.365145e-04
6.016767e-04
3.459479e-04
2.983038e-04
9.928929e-04
5.218316e-03
9.574824e-03
1.420000e-02
7.383424e-03
1.216958e-02
1.697726e-02
4.710261e-03
8.622926e-03
1.385650e-02
1.418078e-03
4.494360e-04
1.029880e-03
1.292913e-03
6.893036e-04
1.104438e-03
5.511132e-04
1.665673e-04
9.343675e-04
1.294778e-02
1.611107e-02
-1.530941e-03
1.600032e-02
1.984269e-02
1.344889e-02
1.796065e-02
1.953579e-02
2.267323e-02
1.637409e-03
4.170417e-03
3.761292e-03
-2.430188e-03
-9.969517e-04
-8.029208e-06
4.038445e-03
5.123245e-03
2.999991e-03
3.595516e-03
4.890978e-03
3.168124e-03
1.833188e-02
2.520805e-02
1.956019e-02
-1.618928e-02
8.472073e-04
9.772982e-03
-2.103889e-02
-1.591297e-02
-1.565676e-02
7.383071e-03
6.205047e-03
1.264540e-03
2.432806e-02
2.864241e-02
3.972586e-03
-1.811625e-03
-2.287003e-03
-1.903205e-03
-4.708471e-03
-6.819705e-03
-4.716326e-03
-4.291337e-03
-8.003550e-03
-7.420407e-03
-3.906790e-02
-2.010042e-02
1.082217e-02
-4.480466e-02
-2.224425e-02
2.077329e-03
-3.102738e-02
-3.319008e-02
-1.768486e-02
-1.869230e-02
-9.955502e-03
-3.086231e-02
-9.316932e-03
-8.421598e-03
-2.364054e-02
-9.907932e-03
-5.769651e-03
-2.271087e-02
2.597590e-02
2.425402e-02
-2.341353e-03
3.068624e-02
2.726692e-02
7.830897e-03
1.421379e-02
2.019292e-02
-8.363076e-03
8.940497e-03
1.510040e-03
1.217146e-02
8.540206e-03
-1.571688e-03
7.749243e-03
9.569244e-03
-2.077237e-03
1.253912e-02
4.219025e-03
2.464059e-03
2.081651e-02
8.384382e-04
-3.298696e-03
1.607619e-02
1.598434e-02
9.831759e-03
2.341943e-02
2.675006e-02
3.290598e-02
-1.343161e-03
7.622555e-03
2.528248e-02
1.892814e-03
-3.528617e-02
-1.444726e-02
-2.730802e-02
-4.954129e-02
-5.384199e-02
-1.842108e-02
-4.910689e-02
-6.551711e-02
-1.955041e-02
-4.227573e-02
-5.047263e-02
-9.500074e-03
2.936226e-02
3.208876e-02
-2.873367e-03
1.865511e-02
2.186023e-02
-4.822622e-04
2.712821e-02
3.156347e-02
-1.858381e-03
-1.952350e-03
-6.111517e-04
-4.543999e-04
-2.223466e-03
-1.086518e-03
-9.479005e-04
-1.765885e-03
-9.491599e-04
-7.854482e-04
1.880949e-03
7.289519e-03
1.166901e-03
2.098369e-03
9.308360e-03
4.936113e-03
-3.546207e-03
4.552251e-03
-1.039757e-04
6.588238e-04
-2.469592e-03
-4.362119e-04
-7.146725e-05
8.498348e-04
7.908361e-05
-4.656732e-04
4.251141e-03
8.000139e-04
3.104934e-03
2.010474e-03
-8.976039e-03
1.401743e-03
6.066348e-03
-1.910259e-04
5.094244e-03
8.437768e-03
1.298763e-02
-3.326760e-03
-1.973885e-03
-4.327334e-03
-9.531737e-03
-8.804267e-03
-1.160188e-02
-1.215484e-02
-1.333309e-02
-1.856667e-02
4.403656e-02
3.507767e-02
2.145435e-02
2.307882e-02
1.022443e-02
7.118349e-03
-6.074723e-03
-1.767143e-02
-1.010662e-02
5.011659e-02
5.736018e-02
4.282168e-02
7.595766e-02
7.447138e-02
5.603120e-02
2.225513e-02
1.392456e-02
2.590524e-03
-6.770737e-03
-6.756656e-03
-5.425481e-03
-7.616059e-03
-8.166344e-03
-8.038077e-03
-7.854183e-03
-7.660537e-03
-8.080299e-03
-2.377127e-03
-2.551770e-02
7.961848e-03
-2.300152e-02
-3.096397e-02
-9.191592e-03
-1.650244e-02
-1.470448e-02
-5.819446e-03
4.504822e-03
9.658925e-03
-9.622093e-03
-4.845433e-03
-1.246221e-02
-2.127301e-02
-1.200632e-02
-1.349756e-02
-2.645259e-02
3.137797e-02
2.742006e-02
1.780669e-02
2.835100e-02
9.622660e-03
1.155975e-02
1.972266e-02
8.151884e-03
8.279095e-03
1.072141e-02
1.344470e-03
-7.587289e-03
-7.778096e-03
-7.857151e-03
-1.549238e-02
-1.083444e-02
-1.319622e-02
-1.196478e-02
2.815738e-02
2.207020e-02
2.217238e-02
5.896741e-03
3.570043e-03
-2.258051e-03
3.871501e-03
-5.201614e-04
-6.947666e-03
7.966949e-03
5.231173e-03
-6.194889e-03
-3.184687e-02
-4.601567e-02
-4.469912e-02
-2.748594e-02
-3.649352e-02
-5.342758e-02
-3.872269e-03
1.686385e-02
-7.588473e-04
2.906865e-02
3.211015e-02
7.845992e-03
-2.874036e-03
1.470837e-02
1.142354e-02
1.038835e-02
1.630017e-02
1.016917e-02
5.963492e-03
8.308965e-03
5.856952e-03
1.053592e-02
1.014798e-02
6.043480e-03
1.558981e-03
1.832721e-03
2.307704e-03
1.258584e-03
1.533864e-03
1.857934e-03
1.636393e-03
1.870328e-03
2.090601e-03
2.427739e-02
2.742423e-02
2.677325e-02
1.794684e-02
1.765257e-02
1.835715e-02
2.144387e-02
1.878537e-02
1.792855e-02
-1.851080e-03
-1.206378e-03
-7.468248e-04
-2.007880e-03
-1.062919e-03
-9.031885e-04
-2.475767e-03
-1.048169e-03
-1.356497e-03
-1.314633e-02
-8.405170e-03
3.507104e-03
-8.001637e-03
-6.821128e-03
1.252305e-03
-9.071775e-03
-3.753786e-03
5.480602e-03
6.740715e-03
1.235390e-02
1.407940e-02
6.302319e-03
1.363855e-02
1.410503e-02
2.047458e-03
1.006369e-02
1.084782e-02
-3.106724e-02
-2.069126e-02
-6.575495e-04
-1.707093e-02
-3.065479e-02
-1.822707e-02
-1.556351e-02
-1.796074e-02
-1.081172e-02
1.510783e-02
1.248066e-02
4.932314e-03
6.554045e-03
-6.708544e-03
-2.512794e-02
1.575235e-02
3.080471e-03
-1.603564e-02
3.456517e-03
1.037935e-03
-6.705120e-05
2.822325e-03
1.715189e-03
1.359361e-03
3.393614e-03
6.851947e-04
-5.766752e-04
-4.334123e-02
-1.830927e-02
-6.791878e-03
-9.436446e-03
-4.023329e-02
-4.057426e-02
-3.711322e-02
-5.429982e-02
-4.474935e-02
-1.379212e-02
-2.001578e-03
-9.830013e-03
-2.475231e-02
-2.167425e-02
-1.619221e-02
-8.697944e-03
-1.201120e-02
-6.170420e-03
-2.576231e-02
-1.373389e-02
-1.293776e-02
-2.719386e-02
-2.549507e-02
-2.054873e-02
-1.272027e-02
-1.718245e-02
-1.461525e-02
-1.698097e-02
-8.147093e-03
1.848829e-02
-1.273916e-02
-1.440587e-02
1.678860e-02
5.735481e-05
-4.682889e-03
7.777167e-03
-1.273285e-02
-1.459324e-02
-1.156634e-02
-1.363071e-02
-2.129782e-02
-1.966485e-02
-1.216243e-02
-1.851624e-02
-1.563493e-02
4.527613e-03
-1.818826e-03
-1.307993e-02
-6.317252e-04
8.007878e-03
2.187239e-03
-9.022494e-04
9.835042e-03
4.252658e-03
3.221541e-03
-1.364849e-02
6.887516e-03
-2.965682e-02
-4.532651e-02
2.163041e-03
6.989116e-03
-5.550623e-03
2.364621e-02
-7.688581e-03
-5.313667e-03
-6.811799e-03
-6.430791e-03
-6.174418e-03
-6.856879e-03
-5.535522e-03
-4.550699e-03
-4.741977e-03
5.706882e-04
8.057834e-04
8.068050e-04
8.406520e-04
1.120375e-03
1.148214e-03
7.200948e-04
1.074525e-03
1.266012e-03
-4.934457e-03
-5.433173e-03
-6.084403e-04
-1.000602e-04
-2.413910e-03
-2.132332e-03
1.586065e-03
2.819092e-03
4.189136e-03
1.251844e-03
1.827722e-03
2.128679e-03
7.474509e-04
1.460246e-03
1.914619e-03
2.127207e-04
1.074036e-03
1.266983e-03
3.628263e-03
3.406571e-03
8.857059e-03
4.161939e-03
-2.508396e-03
-4.497120e-03
-8.903260e-03
-1.106045e-02
-1.602058e-02
-7.093225e-03
-1.214829e-02
-8.585298e-03
-4.069678e-03
-8.673462e-03
-2.693590e-03
-1.116929e-03
-2.144846e-03
6.113600e-03
1.662276e-02
4.073923e-03
-9.951938e-03
-9.980584e-03
-2.448167e-02
-3.503929e-02
-1.045125e-02
-2.513921e-02
-3.147450e-02
-2.331340e-02
-3.957089e-03
1.340695e-02
-2.977604e-02
-8.150502e-03
3.438226e-03
-1.319258e-02
-1.166704e-02
8.638175e-04
-3.059696e-03
-5.590194e-03
-6.270189e-03
-5.029662e-03
-5.139452e-03
-3.779482e-03
-3.039812e-03
-2.040562e-03
6.796922e-04
3.382034e-02
3.210950e-02
2.361318e-02
3.206797e-02
-7.640855e-02
-8.442598e-02
-1.391941e-03
-7.427103e-02
-5.268472e-02
2.397884e-03
4.149532e-02
2.005610e-02
5.170524e-03
5.229234e-02
4.696716e-02
6.903967e-03
2.689525e-02
3.303976e-02
-6.103197e-03
-1.184732e-03
-2.004994e-02
-3.452799e-02
-2.989304e-02
-3.706639e-02
-2.142052e-02
-3.422869e-02
-3.400637e-02
-4.283005e-02
-5.600182e-02
-1.164366e-02
-5.241088e-02
-7.823618e-02
-2.667715e-02
-2.201962e-02
-4.125498e-02
-3.690311e-03
8.654774e-03
-1.581362e-02
-1.534724e-02
7.115895e-03
-2.327834e-02
-3.043424e-02
-9.055614e-03
-2.577444e-02
-2.782106e-02
-7.245958e-03
1.136374e-02
-1.385179e-02
1.231376e-03
3.882693e-02
2.253218e-02
-3.307656e-02
-7.482549e-03
-3.785673e-03
2.942892e-02
4.311309e-02
7.263509e-03
1.372882e-03
3.886790e-02
1.279303e-02
-6.585693e-03
4.911724e-03
-4.708242e-02
1.143271e-02
1.001242e-02
2.029090e-03
6.922029e-03
7.852105e-03
3.517690e-05
5.462484e-03
6.452436e-03
2.397332e-03
2.021478e-03
2.261850e-03
1.377788e-03
2.119329e-03
2.147613e-03
1.241359e-03
1.108745e-03
1.315188e-03
7.777510e-04
-1.425378e-03
-4.493258e-03
-1.113383e-02
7.619265e-03
-9.951968e-04
-1.267260e-02
7.864569e-05
-3.401407e-03
-1.043786e-02
3.145423e-03
1.722455e-03
1.375588e-03
2.123531e-03
6.850951e-04
1.231780e-03
1.101821e-03
4.649203e-04
1.359445e-03
5.502673e-03
1.077748e-03
8.022805e-03
5.184826e-03
-2.662709e-04
3.179778e-03
8.466661e-03
6.541840e-03
8.688735e-03
-5.381861e-03
2.066287e-04
1.388593e-03
-6.673400e-03
-6.825985e-04
5.762365e-04
-7.655199e-03
-3.293861e-03
-3.881702e-03
-1.759858e-02
3.388203e-03
2.552545e-02
-5.799231e-03
1.631410e-02
4.647877e-02
-9.211140e-03
1.081203e-02
4.172992e-02
-3.746231e-03
-7.572063e-03
-7.361470e-03
1.004408e-03
-6.399794e-05
2.006254e-03
-4.134879e-03
-2.770178e-03
7.504772e-03
-8.859262e-03
-1.094636e-02
-1.247897e-02
-7.993874e-03
-8.767297e-03
-9.845112e-03
-8.543692e-03
-8.227656e-03
-7.918152e-03
-1.217262e-02
1.026740e-02
-3.126045e-03
-7.406970e-03
1.204219e-02
-1.077287e-02
-8.890893e-03
-1.754450e-03
-3.121527e-02
-1.028585e-02
-1.129489e-02
-1.492140e-03
-9.621880e-03
-1.010615e-02
1.907024e-03
-1.332506e-02
-1.161528e-02
-2.052359e-03
1.180214e-03
4.731610e-03
5.788717e-03
-7.374407e-04
3.841889e-03
2.853145e-03
6.913557e-03
1.169892e-02
8.856812e-03
3.797256e-02
3.601694e-02
2.194143e-02
3.027693e-02
3.173610e-02
2.390579e-02
1.672303e-02
1.506269e-02
1.445058e-02
2.162058e-02
2.191023e-02
1.488572e-02
2.499799e-02
2.502607e-02
2.182630e-02
2.044930e-02
1.681666e-02
1.408175e-02
-2.071988e-02
-1.166975e-02
1.206118e-02
-3.069225e-02
-1.852730e-02
2.745828e-03
-3.457130e-02
-2.316840e-02
-7.351547e-03
-7.059250e-03
-1.424214e-02
2.546947e-03
-7.609552e-03
-1.183266e-02
9.503441e-03
-1.883469e-02
-1.559678e-02
6.381798e-04
7.094161e-03
1.098169e-02
9.272652e-03
8.441499e-03
1.242215e-02
8.958726e-03
1.563180e-02
2.155682e-02
1.490838e-02
6.850509e-04
9.281125e-04
1.075063e-03
5.764639e-04
7.817896e-04
8.997234e-04
6.364713e-04
7.678427e-04
1.054761e-03
1.174919e-02
1.205944e-02
1.585761e-02
1.118050e-02
1.185569e-02
1.619473e-02
1.552747e-02
1.564204e-02
2.021195e-02
2.883539e-03
1.247345e-03
-2.261323e-03
2.247957e-03
2.044937e-03
-1.880829e-03
2.304110e-03
3.178614e-03
-1.282569e-03
-4.539849e-03
-1.145022e-02
-1.445573e-02
-3.626691e-03
-9.524086e-03
-1.138191e-02
-1.262234e-03
-4.343485e-03
-5.486294e-03
-5.159111e-03
-5.778931e-03
-6.923147e-03
-4.898924e-03
-5.123912e-03
-7.231747e-03
-5.909538e-03
-6.885693e-03
-8.393723e-03
2.799592e-02
2.893170e-02
3.176019e-02
2.738783e-02
2.720302e-02
2.747840e-02
2.387196e-02
2.526921e-02
2.809093e-02
-1.174379e-02
-2.440638e-02
-2.655542e-02
-1.946663e-02
-2.778218e-02
-2.607001e-02
-1.798353e-02
-2.141644e-02
-1.522835e-02
5.512282e-03
3.870670e-03
2.968737e-03
4.598334e-03
3.271111e-03
2.105016e-03
3.120737e-03
1.916209e-03
8.408770e-04
9.007154e-03
9.599065e-03
8.405377e-03
2.212892e-02
2.153713e-02
1.886613e-02
1.435545e-02
2.099968e-02
1.093095e-02
-6.266672e-03
-2.515836e-03
-8.747468e-03
-8.483398e-03
-6.893172e-03
-1.207473e-02
-1.454247e-02
-1.327970e-02
-1.567288e-02
1.364646e-02
1.269574e-02
1.060827e-02
9.797020e-03
8.275554e-03
4.159214e-03
1.488478e-02
1.265832e-02
6.375774e-03
-1.682934e-02
-1.946667e-02
-1.644764e-02
-2.086932e-02
-2.331467e-02
-2.070693e-02
-1.965002e-02
-1.986593e-02
-2.118965e-02
-2.973719e-03
-2.589884e-03
-5.925489e-03
-3.824132e-03
-3.248164e-03
-5.702682e-03
-3.717548e-03
6.741986e-04
-2.775755e-03
-1.081968e-02
-9.503187e-03
-8.933893e-03
-4.572911e-04
-4.323394e-03
-7.856003e-03
7.301200e-03
-3.781261e-03
-3.265532e-03
-1.531975e-02
-1.425458e-02
-1.591341e-02
-9.810950e-04
6.261573e-03
4.733824e-03
3.157777e-03
6.667444e-03
8.105156e-03
4.927219e-03
1.682014e-03
2.653735e-03
4.687140e-03
6.325378e-04
8.452086e-04
8.811317e-03
3.114080e-03
1.785620e-03
-2.105671e-04
8.601978e-05
3.244464e-04
-1.399535e-04
5.777801e-05
2.542370e-04
2.528034e-04
4.056934e-04
6.175916e-04
3.152670e-03
2.170352e-03
4.506846e-03
1.190144e-03
2.093213e-04
3.359412e-03
3.631399e-03
4.013144e-03
7.392786e-03
1.444962e-03
1.769704e-03
-7.954501e-04
1.578606e-03
2.315192e-03
-7.847903e-04
2.175160e-03
3.362201e-03
-5.573993e-04
