1.184619e+00
1.268387e+00
1.012217e+00
1.245510e+00
1.277897e+00
1.161357e+00
1.199038e+00
9.210647e-01
1.175152e+00
1.023642e+00
1.069523e+00
1.260831e+00
1.071604e+00
9.589906e-01
8.886237e-01
1.051098e+00
1.217829e+00
1.171600e+00
8.593234e-01
8.277091e-01
9.374034e-01
1.025718e+00
1.391903e+00
1.103778e+00
1.392153e+00
1.437538e+00
1.342795e+00
1.335281e+00
1.390729e+00
9.384568e-01
1.043619e+00
1.130932e+00
9.537490e-01
1.271730e+00
1.170013e+00
1.040596e+00
1.097588e+00
1.390384e+00
1.040722e+00
1.109107e+00
1.322893e+00
9.345874e-01
1.228482e+00
1.530403e+00
1.258454e+00
1.412801e+00
1.079169e+00
1.135178e+00
1.084940e+00
1.031559e+00
1.144757e+00
9.976630e-01
8.797138e-01
8.669092e-01
1.110185e+00
1.289383e+00
1.206360e+00
1.007718e+00
1.209482e+00
1.187895e+00
1.571846e+00
1.041827e+00
1.049070e+00
9.908282e-01
