3.381320e-02
-3.677577e-02
1.928789e-02
-6.974138e-02
-2.093018e-01
1.602713e-01
-2.196459e-02
2.013422e-02
3.025845e-02
9.125326e-05
-7.488640e-03
4.877950e-02
-6.367786e-02
-1.820409e-01
2.086316e-01
2.418593e-02
3.127246e-02
3.724680e-02
-3.080490e-02
-2.044636e-02
2.595370e-02
-6.708505e-02
-1.581164e-01
1.379936e-01
2.771299e-02
-1.906006e-02
6.200075e-02
-1.769698e-02
-4.751858e-03
2.776450e-03
-1.268299e-02
8.878697e-03
1.428708e-02
-7.463049e-03
8.052029e-03
1.633851e-02
-1.883841e-02
-3.114028e-03
4.510424e-03
-1.513479e-02
1.024263e-02
1.493841e-02
-1.004261e-02
9.121651e-03
1.703724e-02
-2.037504e-02
-4.353394e-03
5.184806e-03
-1.714369e-02
7.111749e-03
1.521447e-02
-1.192572e-02
6.484773e-03
1.773108e-02
4.010748e-02
1.747614e-02
3.464918e-02
1.042856e-02
-1.415831e-01
-2.407930e-02
6.691604e-03
-3.222162e-02
5.425763e-03
3.101366e-02
-3.904407e-02
1.896535e-02
-1.075609e-02
-2.059584e-01
-5.080698e-02
4.895944e-02
-4.243884e-02
8.131325e-03
2.911627e-02
-9.297074e-03
1.603664e-02
-4.822816e-03
-1.494282e-01
-5.359218e-02
5.949491e-02
-5.686839e-02
-1.644234e-02
2.963305e-02
-3.803906e-02
5.913777e-04
-6.961182e-02
-1.885709e-01
-1.245606e-01
-5.161254e-02
-2.219451e-01
-1.043187e-01
-1.790507e-02
8.149063e-02
1.217564e-03
-9.752203e-03
1.053851e-01
1.381390e-02
7.995154e-03
-9.096421e-03
2.207606e-03
-5.933801e-02
5.401010e-02
-3.458558e-02
3.914565e-02
2.635505e-01
1.175886e-01
3.877295e-02
1.495597e-01
7.733837e-02
-2.267401e-03
-1.230523e-03
-3.779193e-03
1.111785e-03
2.791592e-03
6.858275e-04
2.711651e-03
3.311125e-03
1.684494e-03
-2.401743e-03
-4.290799e-03
-8.617491e-03
6.269176e-03
4.263831e-03
-3.610276e-03
1.058729e-02
9.700944e-03
2.333881e-03
4.250935e-04
-1.981305e-03
-4.262674e-03
8.762148e-03
5.182514e-03
-2.818406e-03
1.337767e-02
1.190855e-02
3.562634e-03
-1.765189e-02
-3.801434e-02
-8.144894e-03
-1.025943e-01
1.081789e-01
-7.599385e-02
-4.148147e-02
-1.922569e-01
-7.435250e-02
6.354170e-02
1.181204e-01
7.054363e-02
6.484023e-02
4.574336e-01
1.524815e-01
8.012467e-02
1.146282e-01
1.226180e-01
-1.635892e-03
-1.592164e-01
-6.422991e-02
-1.414282e-01
-1.263725e-01
-1.725615e-01
1.265334e-02
-8.782241e-02
-3.220475e-02
7.689812e-03
1.659285e-02
1.025812e-02
4.725884e-03
1.416590e-02
4.654360e-03
7.434214e-03
1.974930e-02
1.119950e-02
-4.553395e-03
3.530508e-03
-4.572295e-03
-8.141629e-03
-1.268000e-03
-1.328107e-02
-5.888064e-03
2.387987e-03
-8.965852e-03
9.249737e-03
1.650258e-02
8.415456e-03
5.862783e-03
1.236455e-02
1.819953e-03
5.521766e-03
1.352543e-02
4.139829e-03
1.743422e-04
-8.210932e-03
-1.950250e-02
3.859396e-03
-1.287622e-03
-1.159752e-02
7.055126e-03
2.322786e-03
-1.005366e-02
4.690597e-04
-7.312353e-03
-1.822359e-02
5.637294e-03
2.253481e-04
-1.008297e-02
8.400734e-03
4.519752e-03
-7.658503e-03
-1.583011e-03
-8.554386e-03
-1.574267e-02
4.022171e-03
-9.851479e-05
-7.979638e-03
6.091043e-03
2.602116e-03
-5.895529e-03
7.067272e-11
6.870800e-11
4.131153e-12
1.191718e-11
-5.419875e-11
8.674331e-11
-9.333512e-11
-1.841618e-11
-1.063485e-10
4.882713e-12
5.211923e-11
9.813322e-11
1.676349e-10
4.721413e-11
9.851161e-11
2.662757e-11
1.006555e-10
-4.931940e-11
2.272611e-10
3.067885e-10
3.182227e-10
2.671107e-10
3.042150e-10
6.767722e-11
1.653098e-10
1.570324e-10
2.555369e-10
2.967496e-10
2.398894e-10
2.644871e-10
-4.336803e-11
1.252370e-10
2.049002e-10
-7.647220e-11
2.071613e-11
1.140931e-10
2.975589e-10
2.277299e-10
4.270332e-10
6.756967e-11
1.491716e-10
1.790696e-10
-1.075501e-10
-1.014631e-10
3.204689e-11
2.346828e-10
2.865971e-10
4.470753e-10
7.854514e-11
1.647896e-10
1.788798e-10
5.093044e-11
-4.052816e-11
-8.230703e-12
6.406352e-03
1.402566e-03
2.602061e-03
5.058031e-03
3.310674e-03
3.198168e-03
5.852225e-03
5.843550e-03
2.198723e-03
1.874464e-03
-2.432141e-03
-1.774293e-03
2.671110e-03
1.005430e-05
-9.494561e-04
4.097379e-03
3.036895e-03
-4.681899e-04
1.128854e-03
-1.283015e-03
-5.768443e-04
3.044470e-03
4.739004e-04
-4.281550e-04
4.696888e-03
2.500176e-03
-1.688270e-04
-7.697717e-02
3.977287e-01
9.145256e-02
3.373440e-02
1.998152e-01
1.878728e-01
-1.409808e-01
-7.795684e-02
-1.615654e-01
-7.292087e-02
-5.958052e-02
-1.269853e-01
-2.436806e-02
-2.544729e-01
-2.206383e-02
6.878203e-02
7.581998e-03
2.299002e-02
3.550888e-02
-4.130786e-02
-7.016110e-02
2.527387e-02
-1.690381e-01
-4.350980e-02
5.009943e-02
1.181578e-01
1.008746e-01
5.145304e-02
2.089696e-01
6.413256e-02
-6.766852e-03
-1.445305e-01
-1.271094e-01
2.585595e-03
-3.403200e-02
-4.735065e-03
1.593184e-02
2.065679e-01
7.118460e-02
-6.751016e-02
-1.501243e-01
-1.047092e-01
-1.485408e-02
-5.959960e-02
-9.135886e-03
3.955989e-03
1.895070e-01
9.476180e-02
-7.674216e-02
-3.234709e-02
-3.223916e-02
-2.236981e-02
-9.823118e-03
-3.120624e-02
1.258011e-10
3.596275e-10
3.014640e-10
2.835647e-10
3.525074e-10
2.706086e-10
2.300107e-10
2.489158e-10
3.923093e-10
3.976930e-11
3.236398e-10
2.361345e-10
1.752560e-10
3.359421e-10
2.538667e-10
1.807059e-10
3.656764e-10
2.083278e-10
4.941936e-11
1.461612e-10
5.191151e-11
1.193031e-10
1.693770e-10
7.880038e-11
-5.559875e-11
6.204351e-11
1.366869e-11
-4.639981e-03
7.301599e-03
-8.092497e-03
1.611516e-02
1.172138e-01
3.055528e-02
1.458514e-02
8.920013e-02
3.320289e-02
-3.949466e-02
-5.149845e-02
-6.218043e-02
-2.930526e-03
8.351734e-02
-1.132018e-02
-3.248763e-02
3.206659e-02
-1.464009e-02
7.622878e-04
1.224207e-02
1.120019e-02
2.922210e-02
1.287940e-01
7.288758e-02
-5.181733e-02
3.687277e-02
1.383206e-02
1.198898e-10
1.906394e-10
8.749730e-11
1.570167e-10
1.105150e-10
1.481313e-10
1.309056e-10
1.187345e-10
-6.066490e-12
2.194384e-10
1.613607e-10
-2.547988e-11
1.257331e-10
1.181238e-10
-2.158011e-11
2.097870e-10
-2.130881e-11
-3.065726e-11
3.154258e-10
3.421767e-10
8.385222e-11
2.197314e-10
3.035398e-10
1.640271e-10
3.305766e-10
1.081376e-10
3.770100e-11
