3.635621e+00
3.104856e+00
3.910951e+00
4.782106e+00
4.427121e+00
3.178610e+00
3.748438e+00
3.674861e+00
3.729674e+00
3.751544e+00
3.587050e+00
2.757038e+00
3.898366e+00
3.177528e+00
3.145702e+00
4.192123e+00
2.969130e+00
3.752021e+00
2.957921e+00
4.072594e+00
3.996720e+00
3.548218e+00
3.444466e+00
4.161137e+00
3.689517e+00
3.979409e+00
2.559851e+00
3.824151e+00
2.958472e+00
3.554729e+00
3.390774e+00
4.075596e+00
4.224790e+00
3.373232e+00
3.535798e+00
3.735493e+00
4.013235e+00
3.267099e+00
3.523721e+00
3.793323e+00
4.203848e+00
3.291225e+00
3.721488e+00
3.945040e+00
3.899356e+00
3.859179e+00
3.008423e+00
2.732525e+00
4.225263e+00
3.117192e+00
3.239217e+00
3.591480e+00
3.700400e+00
3.310282e+00
3.434067e+00
3.371788e+00
3.732726e+00
2.965007e+00
3.757142e+00
2.906013e+00
3.419755e+00
3.462826e+00
3.706109e+00
2.928837e+00
