9.926252e-03
-1.002523e-02
-1.394993e-02
-1.950455e-02
-3.333288e-02
4.765713e-03
-1.932184e-03
-7.391559e-03
-5.276288e-04
7.509964e-10
8.694762e-10
1.023641e-10
-1.202615e-11
-1.532634e-10
-2.180086e-10
-4.690528e-10
6.453123e-11
2.945506e-10
-8.259989e-11
-1.260910e-10
-8.085449e-11
-4.299731e-12
-1.960413e-11
7.201745e-11
2.782250e-11
5.468358e-11
1.163228e-10
4.362217e-02
1.726647e-02
4.690305e-03
-2.017048e-02
-6.004954e-02
6.982553e-02
4.063765e-02
3.380315e-02
-2.653394e-02
7.244769e-03
-3.364257e-03
1.948241e-02
-3.279313e-02
-2.457573e-02
2.325920e-02
-3.592731e-03
-1.968867e-02
-4.677382e-03
4.783324e-03
1.036301e-02
-2.805191e-02
-7.146579e-03
-5.566406e-02
-7.496446e-02
-1.162101e-02
-9.224881e-03
-1.201920e-02
1.148736e-02
-8.500159e-03
-8.513145e-03
2.861875e-03
-3.290553e-03
-1.537513e-02
-8.586086e-03
-1.726973e-02
-2.151654e-02
4.991279e-11
1.078295e-11
6.534252e-11
1.298876e-10
1.238215e-11
-7.049458e-11
2.995557e-11
2.724605e-11
7.597982e-11
-1.465355e-02
1.086302e-02
2.053818e-02
-1.659529e-02
8.590999e-02
-1.004381e-01
-9.657188e-03
8.817454e-03
-4.812635e-02
-1.093736e-02
-1.222748e-02
-7.002250e-03
1.271950e-02
-1.263687e-02
-1.579576e-02
-1.628117e-02
1.054755e-02
1.470502e-02
-4.516905e-11
-3.505397e-11
-1.166515e-10
-3.224576e-11
-5.945801e-11
-5.166218e-11
5.657396e-11
2.267176e-11
-1.675430e-11
8.446745e-03
1.089768e-02
8.582187e-03
-5.060550e-03
-5.419472e-04
8.391620e-03
-5.859789e-03
-6.343652e-03
-1.021940e-03
1.318482e-10
1.213245e-10
3.440305e-11
4.148429e-11
5.737025e-11
1.069266e-11
1.096142e-10
1.106887e-10
8.088068e-11
-5.615282e-03
9.072642e-03
1.376517e-02
-1.426808e-02
-2.287357e-03
-1.766487e-03
-2.044185e-02
-1.230979e-02
-6.024258e-03
-3.355054e-04
8.426764e-04
-1.021296e-03
-3.730556e-03
-3.352744e-03
6.283483e-03
1.712269e-03
1.204136e-02
1.434998e-02
6.089106e-11
-5.986685e-12
8.365300e-12
-2.763361e-12
-5.242133e-11
2.928786e-11
2.113936e-11
-8.295183e-11
2.698814e-11
1.197487e-04
-1.724665e-02
4.645983e-02
2.789772e-02
-5.648743e-02
4.776295e-02
1.694752e-02
-6.089327e-02
3.818871e-02
-3.867798e-10
6.785823e-10
-9.091908e-11
-7.320903e-10
-5.058479e-12
-2.444170e-10
-3.860340e-10
-4.314233e-10
-3.417621e-10
-1.043089e-11
5.960038e-12
-6.177543e-11
-7.354807e-11
-1.029331e-10
-7.141763e-11
6.515656e-12
8.044027e-11
4.809860e-11
4.732645e-02
-3.698067e-02
1.271936e-02
4.298134e-02
-7.460513e-02
4.663020e-02
-3.077940e-02
5.720129e-03
-2.462295e-03
7.040446e-03
-2.905683e-04
-1.343610e-02
4.628529e-02
-4.928667e-02
8.197768e-03
3.825634e-02
-7.396128e-03
-6.117472e-03
8.664728e-03
1.077961e-02
-7.128446e-02
6.688379e-02
4.322217e-02
-1.120294e-01
3.284234e-02
2.010987e-02
-4.715748e-02
3.342291e-03
7.231653e-03
-4.920106e-03
-1.689621e-02
1.113535e-02
1.440309e-02
-2.731100e-02
8.354804e-04
2.384348e-02
-1.015836e-11
-3.938939e-12
-1.036477e-10
5.377069e-11
6.026177e-11
4.633990e-11
-3.681445e-11
1.096709e-11
-4.753018e-11
-1.082346e-03
-2.345453e-02
2.030379e-02
-9.826987e-02
1.618139e-01
-6.742504e-02
-6.890199e-02
7.463606e-02
-2.147009e-02
2.769653e-02
-2.094675e-02
-1.975747e-02
3.589020e-02
9.631884e-03
-3.506215e-02
2.139775e-02
1.373338e-02
-2.142812e-02
9.179000e-12
9.168696e-11
-8.568465e-11
-5.441634e-12
3.658951e-11
-1.748835e-10
5.755665e-11
1.301621e-11
-8.050929e-11
-9.532253e-03
-6.618254e-03
3.159079e-03
-8.148691e-03
-1.324938e-02
-1.069460e-02
1.274790e-02
1.843033e-03
-4.232475e-03
3.284497e-11
-2.163267e-11
-4.025405e-11
3.833427e-11
-9.388459e-12
2.978031e-11
9.639860e-11
3.820371e-11
-1.583463e-12
9.751382e-03
1.497903e-02
8.760847e-03
1.142881e-02
1.743213e-02
1.057459e-02
-1.856684e-02
-2.944379e-02
-1.823110e-02
-9.719954e-03
-8.199338e-03
2.820959e-03
-5.705536e-03
-7.285095e-03
-4.085300e-03
-1.410729e-03
-5.720389e-03
3.584725e-03
1.289627e-10
-1.651170e-11
-7.291569e-11
1.489901e-11
1.540908e-11
-1.051723e-10
4.874556e-11
-5.436055e-11
-3.960861e-11
8.182460e-04
3.800836e-03
-1.456497e-03
-2.977613e-03
-5.391903e-03
-1.513882e-03
-1.755581e-02
-1.454283e-02
-1.841011e-02
1.030822e-10
4.553368e-10
2.440569e-10
-5.714866e-10
-2.022100e-10
-3.098642e-10
-8.291108e-10
-5.547756e-10
-6.527943e-10
5.635865e-11
-1.076272e-10
1.489959e-11
2.451188e-11
-1.140609e-10
-7.465389e-11
-6.401893e-11
-8.120361e-11
-9.830309e-12
7.743173e-04
-8.373218e-03
-9.644333e-03
-9.687594e-03
-1.965205e-02
-1.977090e-03
-6.475672e-03
7.521814e-03
-3.338417e-03
-6.671641e-03
5.174749e-03
-1.233757e-02
1.653247e-02
1.261359e-02
-1.774270e-02
-4.736379e-03
1.220588e-02
-2.682775e-02
2.946686e-03
-2.058451e-02
-4.629831e-02
3.312295e-02
3.857491e-03
-4.590190e-02
2.664336e-02
6.307255e-03
-2.848906e-02
4.290181e-03
6.085686e-03
2.942142e-03
-5.152852e-03
1.465949e-03
1.287454e-03
-8.824480e-03
-3.302103e-03
-2.409450e-03
9.878631e-11
4.763097e-11
1.179928e-12
8.074007e-12
-3.581849e-11
3.819680e-11
8.949454e-11
8.582157e-11
2.781895e-11
1.809675e-03
2.349177e-03
-1.651422e-02
1.268354e-02
4.801417e-02
-1.730241e-02
5.764813e-03
7.416622e-03
-1.710789e-02
-7.513423e-03
-8.203628e-03
-1.448284e-02
1.287236e-02
-3.485589e-03
-1.748157e-02
-9.274959e-03
-1.597785e-02
-2.817060e-02
1.327475e-10
7.488945e-11
1.087081e-10
1.152702e-10
4.281746e-12
2.069575e-11
9.717604e-11
7.749570e-11
6.353940e-11
2.921840e-04
1.239788e-03
6.061172e-03
-7.069945e-03
-5.939417e-03
1.971607e-04
-5.038058e-04
-1.079666e-03
6.158536e-03
3.882271e-11
-5.528059e-11
5.443770e-11
-1.517368e-10
-6.379557e-11
4.516163e-11
1.284918e-10
3.399845e-11
5.965139e-11
1.124295e-02
1.485153e-02
1.866444e-02
7.452889e-03
1.120336e-02
1.182439e-02
2.124459e-03
6.597133e-03
8.737547e-03
2.585687e-03
4.341061e-03
2.601462e-03
9.625939e-03
1.054863e-02
7.982842e-03
3.711531e-03
5.833008e-03
6.698627e-03
1.794825e-11
7.389701e-11
5.498646e-11
6.305717e-11
-4.693168e-11
2.587888e-11
-5.656670e-11
5.462762e-11
6.585693e-11
-4.826571e-02
-4.991827e-02
-6.892695e-02
5.830600e-03
2.083637e-02
-1.370277e-02
3.236940e-02
4.393825e-02
2.067139e-02
1.262148e-09
4.357589e-10
3.662857e-10
1.843170e-10
-6.065136e-10
-6.091412e-10
5.617172e-10
-2.127934e-11
2.615006e-11
-9.869913e-11
-1.335101e-10
-1.741597e-10
-5.331328e-11
-3.548773e-11
-1.609238e-10
4.612269e-11
-6.472510e-11
-1.962291e-10
1.743658e-02
2.039048e-03
-1.394282e-02
-3.641767e-02
2.723995e-02
4.670050e-02
7.687823e-05
-1.400663e-02
-6.169120e-03
-6.038742e-02
1.003128e-02
2.921422e-02
-1.249953e-01
-8.809702e-03
1.023192e-01
-4.972595e-02
-4.541255e-03
5.971454e-02
-1.053313e-03
-1.599630e-02
2.178564e-03
-1.677561e-03
1.477775e-02
3.462964e-02
2.419800e-02
2.910297e-02
-1.199754e-02
-2.692632e-03
-8.748439e-03
-1.025182e-02
6.710527e-04
5.118657e-03
6.529998e-03
-2.109152e-02
-1.585177e-02
-6.309465e-03
5.619186e-11
1.223252e-10
2.463398e-11
1.161735e-10
5.572789e-11
9.871804e-11
1.840432e-10
1.226503e-10
1.154178e-10
3.012012e-03
-8.142161e-03
3.499670e-04
-1.941047e-02
2.867927e-02
3.043107e-02
-3.025511e-02
3.370038e-02
4.404204e-03
1.850442e-02
1.645072e-02
-1.563332e-02
8.983777e-02
-3.157946e-02
-1.363109e-01
5.791757e-02
-1.496702e-02
-1.148962e-01
-1.190637e-11
8.873696e-11
-2.188150e-11
-2.853388e-11
6.119028e-11
-1.493151e-10
1.929433e-11
-7.234008e-11
-7.602916e-11
-2.767632e-02
-2.727687e-02
-1.315582e-02
-5.374265e-02
-4.990062e-02
-4.181458e-02
-3.589027e-02
-3.647535e-02
-2.983211e-02
1.115115e-10
3.673470e-11
-8.438530e-12
9.420358e-11
2.785953e-11
9.688138e-11
1.774438e-10
3.888762e-11
-5.957806e-11
3.300287e-02
3.811470e-02
3.273889e-02
1.161915e-02
2.433673e-02
2.593485e-02
1.633044e-02
1.989581e-02
3.506367e-02
-3.111359e-03
4.969118e-03
-2.583212e-03
1.253409e-02
1.905793e-02
-8.850525e-04
-5.308230e-03
1.228390e-03
-9.349043e-03
-6.449719e-11
3.721112e-11
-1.059817e-10
-4.183991e-11
-1.744867e-10
-1.445069e-11
-2.709985e-11
-6.950733e-11
-4.912152e-11
2.806837e-02
4.348936e-03
-1.099575e-02
4.016910e-03
1.961215e-02
1.956332e-02
-2.406898e-02
-6.398544e-03
1.261278e-02
-7.580651e-11
2.205928e-10
2.524354e-11
-3.825998e-10
1.465495e-11
-2.445941e-10
-1.756996e-10
1.260559e-10
-7.487299e-11
6.877215e-11
1.534334e-10
-6.858870e-11
1.979709e-11
2.031523e-11
-1.001013e-10
-3.049116e-11
9.369422e-11
-6.517595e-11
-1.125325e-03
-9.722672e-03
2.357268e-02
-2.180728e-02
-1.166893e-03
4.811720e-02
5.018056e-03
-4.355893e-02
-4.686214e-02
-2.075441e-02
-2.170224e-02
5.429797e-02
-3.352219e-02
-8.277195e-02
-2.411756e-03
6.147218e-02
-6.409782e-02
-4.815130e-02
4.645304e-03
-1.303261e-02
1.311141e-02
-8.117423e-03
-4.520153e-02
3.796198e-02
8.288355e-03
-4.522471e-02
-2.334301e-02
-1.291166e-02
-1.225294e-02
3.302050e-03
-1.182168e-02
-1.254115e-02
-6.353555e-03
6.093247e-03
4.035193e-03
2.227644e-03
3.397336e-11
8.195224e-11
-1.818254e-12
-2.770529e-11
5.508531e-11
-5.748728e-11
-2.349038e-11
7.524219e-11
1.436308e-10
9.222060e-03
1.589374e-02
1.947578e-02
6.923959e-03
-2.465985e-03
-7.786445e-03
-2.258540e-03
-7.871843e-03
-2.337067e-03
7.380845e-03
-2.585605e-02
-3.053257e-02
4.775107e-02
4.011130e-02
-3.120151e-02
1.155707e-02
8.415349e-02
5.387297e-03
-7.227834e-11
1.524376e-10
3.858600e-11
-4.845043e-11
4.235496e-11
6.912732e-11
3.995251e-11
6.323399e-11
-1.090668e-10
8.386217e-03
-3.249302e-03
-1.399564e-02
4.640670e-03
-9.636279e-04
-5.958798e-03
-4.070900e-03
-1.371533e-02
-1.907137e-02
-5.601556e-11
1.067636e-11
2.119861e-11
6.669664e-11
1.668034e-12
-5.305761e-12
6.790752e-11
1.371883e-10
3.285616e-11
7.385641e-03
5.268378e-03
1.633181e-03
-1.770437e-02
-1.893036e-02
-1.110092e-02
1.654814e-02
-1.150027e-02
-1.557631e-02
1.277112e-02
1.711633e-02
2.390900e-02
7.990922e-03
8.123964e-03
4.673069e-03
-1.304874e-02
-3.407913e-03
3.157778e-04
5.887213e-11
1.558935e-11
3.069613e-12
1.957266e-11
4.268192e-11
-4.238945e-11
-4.515465e-11
3.170851e-11
5.194636e-11
-3.729170e-03
-4.468945e-03
-4.770798e-04
-4.913205e-03
-4.447142e-03
1.657078e-03
-3.207251e-03
-1.120698e-02
2.103632e-03
-8.313492e-11
-1.233602e-10
-6.167573e-11
1.242832e-10
-6.473710e-11
9.459312e-11
1.526385e-10
-6.675771e-11
-3.166115e-13
6.649897e-11
-4.880860e-11
3.922911e-11
2.318238e-11
6.592783e-12
2.547289e-11
-1.979670e-11
1.550337e-11
2.899947e-11
3.821163e-03
1.711487e-03
-5.774998e-03
8.642453e-03
3.884653e-03
4.723588e-03
5.177759e-03
-1.395777e-02
-2.742998e-03
-4.944295e-03
3.226373e-03
3.117361e-03
1.025167e-04
6.859122e-03
-2.847258e-03
-7.665102e-03
-4.395644e-03
-5.811025e-03
-1.189210e-02
7.379609e-04
6.553677e-03
-9.105213e-03
-1.185546e-03
9.042441e-03
-4.478182e-04
2.831041e-03
7.020513e-04
4.202863e-04
4.789151e-03
4.707831e-03
1.258451e-03
1.555999e-03
-2.332627e-03
-6.519785e-04
3.999942e-03
-2.396642e-03
9.057202e-11
5.646864e-11
4.180014e-11
1.888512e-11
9.481015e-11
5.166123e-11
8.383043e-11
8.114835e-11
2.317578e-11
-1.493592e-02
2.949986e-02
-1.245259e-03
-1.895284e-02
2.432110e-02
-1.021786e-02
-1.765470e-02
3.458254e-02
-1.970962e-02
-1.074526e-02
5.810106e-03
2.995835e-03
-1.161599e-02
9.288987e-03
-1.233601e-03
-3.133573e-04
3.547931e-03
-1.258943e-02
1.240164e-10
1.712106e-10
1.005984e-10
1.104020e-10
2.480986e-10
9.909379e-11
1.218892e-10
1.385923e-10
7.491735e-11
-3.392918e-03
-3.498449e-03
-2.692264e-03
-1.538004e-03
-1.329244e-03
-1.228569e-03
-8.569857e-04
-2.601431e-04
7.085514e-04
1.820170e-11
-2.494314e-11
-4.480558e-11
6.759387e-11
-8.470682e-11
-2.807250e-11
3.963691e-11
-8.209189e-11
1.564775e-11
8.106540e-04
3.329222e-04
2.519000e-03
-1.596943e-03
-2.048533e-03
-7.413168e-04
-2.443352e-03
-2.496362e-03
-8.917529e-04
-4.886557e-03
-3.929316e-03
-2.302982e-03
1.365349e-03
3.178708e-03
2.498984e-03
-5.401901e-03
-3.477532e-03
-5.183576e-03
8.951664e-11
9.757926e-11
1.140810e-10
1.894279e-11
1.856744e-10
6.587810e-11
1.211049e-10
4.918062e-11
4.252302e-11
-3.885548e-03
1.347447e-02
-1.662858e-02
-1.480235e-02
9.342494e-04
-2.079561e-02
-6.150410e-03
9.084524e-03
-1.307284e-02
-1.527624e-10
-5.286981e-11
-9.308579e-11
-6.618248e-11
8.046029e-11
5.639974e-11
-2.188720e-10
-1.298807e-10
-2.423387e-10
4.777345e-11
1.591544e-10
1.956777e-10
6.949874e-11
5.581749e-11
1.453592e-10
5.081241e-11
7.591285e-11
2.007932e-10
6.904627e-03
-2.896980e-03
1.516612e-02
-2.437488e-02
-1.995478e-02
-2.963841e-02
3.497481e-02
4.712623e-02
2.108517e-02
5.210049e-03
-2.764368e-03
1.363783e-02
1.375079e-03
-2.182290e-02
-1.623975e-02
3.147050e-02
2.709602e-04
1.269415e-02
1.117055e-02
-7.064233e-03
5.774267e-03
4.999384e-03
-1.802549e-02
7.239726e-04
8.360798e-04
-2.232507e-02
-4.953437e-04
-5.221908e-03
-9.186237e-03
9.207905e-03
-8.383523e-03
-1.311512e-02
8.749304e-03
-1.421158e-02
-2.073342e-02
4.389342e-03
1.537161e-10
1.114191e-10
3.817514e-11
1.146076e-10
1.930381e-10
9.524709e-11
9.198905e-11
1.876548e-10
-4.384441e-11
1.648408e-02
-4.156505e-02
1.672246e-02
6.452936e-03
-4.085036e-02
2.189823e-03
1.747824e-02
-3.043393e-02
2.051275e-02
1.928607e-02
-2.646577e-02
-2.147002e-03
1.992425e-02
-2.459212e-02
-3.539626e-03
1.356546e-02
-1.616338e-02
1.045534e-02
1.807603e-10
2.207422e-10
3.226690e-10
1.368642e-10
9.945990e-11
2.266351e-10
1.431278e-12
8.644997e-11
1.893311e-10
-1.066569e-02
-9.803578e-03
-9.412744e-03
-9.634916e-03
-9.374551e-03
-9.697874e-03
-1.398657e-02
-1.557041e-02
-1.794865e-02
9.478139e-11
1.848648e-11
4.284526e-11
1.090116e-10
1.236351e-10
-2.074224e-11
-8.415780e-12
-5.208751e-12
-1.776024e-11
2.662088e-03
2.968358e-04
-1.172937e-03
4.835091e-03
5.647915e-03
3.824158e-03
-6.930003e-03
-7.019446e-03
-8.181347e-03
-1.210772e-02
-1.198585e-02
-1.068734e-02
-1.448706e-02
-1.536109e-02
-1.096381e-02
9.156145e-03
5.678639e-03
7.590816e-03
-2.606924e-11
5.495446e-11
1.725596e-10
-8.530448e-12
2.891258e-12
6.281425e-11
8.035134e-11
8.916236e-11
4.905158e-11
1.228554e-03
-1.196222e-02
2.517416e-02
7.349505e-03
-5.698093e-02
-1.112541e-02
-2.157878e-02
9.570868e-03
9.012757e-03
4.067574e-11
1.317786e-10
-2.593569e-10
-1.266430e-10
-1.081419e-10
-4.111942e-10
4.540548e-12
-1.431759e-10
-6.635497e-10
-1.910766e-11
3.335882e-12
-4.576500e-11
-9.694447e-11
-1.353361e-10
4.608985e-11
-3.580796e-11
-7.092608e-13
-2.819165e-11
-4.812154e-03
4.122190e-03
4.019063e-03
2.246953e-02
-8.117103e-02
-6.846401e-02
-7.514691e-02
1.164085e-01
4.652925e-02
2.488306e-02
3.990215e-02
6.990089e-03
-1.091122e-03
-5.784133e-02
-1.007113e-02
-8.698496e-03
2.834645e-02
1.831778e-02
-1.016037e-02
7.717098e-03
-4.418777e-02
5.935352e-02
7.420664e-02
-6.485916e-02
-1.427103e-02
-2.767039e-03
3.693441e-02
-7.591183e-03
2.012511e-02
2.040666e-02
-3.313594e-02
1.818719e-02
1.780042e-02
-2.383168e-02
-1.670291e-03
1.000272e-02
7.316871e-11
3.202600e-11
-1.525493e-10
-7.444866e-11
-1.251896e-11
-1.033227e-10
-2.719334e-11
-1.133483e-10
-1.106432e-10
-4.803426e-03
-1.306167e-02
-1.508310e-02
-8.190018e-02
1.888562e-01
-3.550846e-02
5.553988e-03
-1.060157e-01
5.038802e-03
3.285844e-02
5.997288e-03
-1.943778e-03
4.698911e-02
-1.051274e-02
-4.979553e-02
-7.526617e-03
-2.835481e-02
3.574188e-02
-1.019951e-10
-9.934077e-11
-1.756700e-10
-7.497447e-11
2.086730e-11
1.146024e-11
-2.132965e-11
-1.965384e-11
-1.178191e-11
-1.144700e-02
-1.285329e-03
4.180219e-03
1.928732e-04
4.761973e-03
8.596472e-03
1.166783e-02
4.018358e-03
-1.067215e-02
-1.162195e-10
1.651231e-11
-1.209491e-10
2.782166e-14
-5.110499e-11
-4.371068e-11
4.131602e-12
4.371135e-11
-2.924607e-12
1.507133e-02
3.302098e-03
-3.965661e-03
-1.008084e-02
9.181203e-03
1.440022e-02
-2.608242e-02
-1.489583e-02
-3.024615e-03
-1.576105e-02
-3.476799e-03
-8.885195e-03
-4.974688e-03
-1.906654e-02
-2.881311e-02
2.158025e-02
1.424703e-02
1.208125e-02
1.040970e-11
3.609527e-11
-1.710511e-10
-1.213074e-12
-2.735847e-12
-1.876261e-10
-7.928635e-11
-1.320896e-11
-6.034056e-11
8.392493e-11
8.982871e-11
-1.145691e-10
6.804114e-11
-4.713346e-11
5.989748e-11
3.948958e-12
1.669512e-11
8.252109e-11
-5.072861e-11
1.037475e-11
5.358832e-11
3.895317e-11
1.798943e-11
8.562363e-11
-6.676294e-11
4.912850e-11
5.015310e-11
-5.865116e-12
-6.616301e-12
-3.729966e-11
1.375842e-10
5.799626e-11
-6.652533e-11
1.520537e-10
5.640765e-11
-4.821403e-11
-1.236776e-11
-4.267047e-11
-2.344582e-11
1.093391e-11
4.568742e-11
7.357410e-12
-4.358668e-11
-4.687811e-12
3.176566e-11
1.199210e-10
-8.872553e-11
6.282457e-11
1.374369e-10
-8.000029e-12
-6.505690e-11
1.083691e-10
1.025196e-10
3.246162e-11
-1.186731e-10
-2.001145e-11
6.051830e-11
-1.016915e-10
-4.956375e-11
-3.123482e-12
-6.849791e-11
4.750465e-11
-1.920982e-11
-1.006248e-10
-2.513369e-11
-7.665397e-11
3.211561e-11
-7.396388e-11
2.703285e-12
-1.056089e-10
-8.013990e-11
-5.398415e-11
1.703447e-11
7.689129e-11
-3.902073e-11
-3.604114e-11
1.203253e-10
-7.155586e-11
-3.076801e-11
-1.170033e-10
-7.147440e-11
1.347251e-11
2.937695e-10
-3.195908e-10
-2.061478e-10
2.434405e-10
-2.267704e-10
-1.499705e-10
1.956626e-10
-2.640067e-10
-1.511171e-11
5.426221e-11
-3.507326e-11
-5.619974e-11
9.676849e-11
-1.614834e-11
-5.715875e-11
-2.813372e-11
-4.340050e-11
8.199833e-11
1.364706e-10
1.532593e-10
1.948086e-10
1.695428e-10
7.848941e-11
3.515235e-11
1.066271e-10
8.339871e-11
1.116132e-10
5.039205e-11
-5.377326e-11
1.594588e-10
5.485626e-11
6.000573e-11
2.549310e-10
1.943662e-10
1.619970e-10
-7.945081e-11
-8.712492e-11
-1.894560e-10
-8.147489e-11
-1.362668e-10
-5.015031e-11
-3.393351e-11
-9.830807e-12
6.087188e-11
-5.541135e-11
-4.886361e-11
9.985028e-12
3.447685e-11
-1.966830e-11
-4.468586e-11
5.121885e-11
5.752680e-11
-6.356683e-11
1.643776e-11
-5.360296e-12
-1.009344e-10
-1.400724e-12
-4.148811e-11
-3.848272e-11
4.702518e-11
1.086747e-10
-5.663665e-11
-7.432970e-11
-6.204864e-12
4.271427e-11
-7.575546e-11
-1.840814e-11
2.066464e-12
-1.693175e-11
-9.370357e-11
4.027418e-11
-4.901028e-11
-6.033177e-11
-2.731120e-11
-1.416416e-10
1.941128e-11
5.913227e-11
-1.302478e-10
-5.898596e-11
-5.813216e-11
7.270524e-11
1.238281e-10
5.015336e-11
6.293081e-11
1.954269e-11
-1.244129e-11
1.860173e-11
2.793153e-11
-8.421247e-11
-3.129342e-11
-3.501260e-11
-6.881581e-12
6.101699e-11
6.713648e-12
-3.611763e-12
-4.815212e-11
-9.060689e-11
-3.428987e-11
2.108744e-10
1.589777e-10
2.975595e-11
1.408692e-10
1.275469e-10
9.715660e-11
1.630877e-10
2.970114e-11
4.003442e-11
4.345108e-11
-7.652668e-11
-6.364559e-11
1.589606e-10
-3.603499e-11
-2.866180e-11
-3.504647e-11
-4.783775e-11
9.690731e-13
1.513383e-10
1.638729e-10
1.398666e-10
1.459992e-10
1.470681e-10
1.374506e-10
7.153091e-11
2.264990e-10
2.526565e-10
-7.554601e-11
1.884436e-11
-1.371986e-11
-7.769888e-11
3.625368e-11
2.686633e-11
-1.816414e-10
-3.290654e-11
-2.992847e-11
7.371599e-12
3.549852e-11
3.013887e-11
3.666682e-11
9.559843e-11
1.086858e-10
1.206265e-10
1.311113e-10
2.935114e-10
5.698926e-11
-2.234087e-11
-1.086356e-10
5.187045e-11
-6.753371e-11
-3.968318e-11
-2.652997e-11
-3.471800e-11
-3.361606e-11
2.421822e-10
1.580113e-10
5.556431e-11
1.196697e-10
1.844022e-10
8.465913e-11
1.452762e-10
1.145747e-10
1.191846e-10
7.180989e-11
1.986332e-10
1.961557e-10
2.329275e-10
3.707067e-10
3.679374e-10
2.354623e-10
2.604240e-10
3.242317e-10
4.995563e-12
7.563438e-11
5.529585e-11
1.973674e-10
1.854504e-10
2.263089e-10
2.110406e-10
1.308571e-10
6.026883e-11
-7.946862e-12
-3.512287e-11
-6.721428e-11
-8.620570e-11
5.518923e-11
-4.037846e-11
1.716953e-11
5.356891e-11
-7.564527e-11
-1.229419e-10
-5.586600e-11
-7.863689e-11
-6.762613e-11
-4.050488e-11
-1.670173e-10
-6.029491e-11
-9.509066e-11
-5.249809e-11
1.261257e-10
-2.338427e-11
-2.286924e-10
1.428296e-10
4.996865e-11
-4.679995e-11
9.125298e-11
-5.456972e-12
-1.164041e-10
-6.558862e-11
1.047413e-10
9.740606e-11
-4.117047e-11
1.492607e-10
1.239868e-10
-5.137215e-11
-2.395320e-11
2.368005e-11
1.465184e-03
4.980141e-03
5.558277e-03
4.012583e-04
1.095611e-03
9.865582e-04
-4.228207e-03
-4.186064e-03
1.563838e-03
-1.765779e-11
-1.913345e-10
1.855358e-10
2.001963e-10
-1.534577e-10
1.072113e-10
1.341462e-10
-3.204050e-11
1.186700e-10
-1.670237e-10
-5.825777e-11
1.638203e-11
-9.792671e-11
-2.259975e-11
1.671322e-11
-7.868732e-11
2.604381e-11
-2.679427e-11
-7.047873e-03
-1.792458e-03
-8.284627e-03
2.002599e-03
-6.933650e-03
-1.162047e-02
-5.495691e-03
-1.052896e-02
-1.449326e-03
4.336162e-03
-2.388588e-03
-8.798136e-03
-5.453235e-04
-7.376793e-03
-3.437868e-03
-4.027116e-03
-3.630523e-03
6.889576e-04
-3.383446e-03
-9.242972e-03
-4.446352e-03
-4.179210e-03
-9.329366e-03
-1.154102e-02
8.170736e-04
-7.555932e-03
-1.504994e-02
-4.417207e-03
-4.451608e-03
-7.474680e-03
-5.427999e-03
-3.210678e-03
-4.970062e-03
-3.749559e-03
-1.973624e-03
-3.471424e-03
-1.076842e-11
-1.269274e-10
-6.225728e-11
-1.665426e-10
-6.261482e-11
2.113775e-11
8.475703e-11
3.741683e-11
-1.605070e-12
1.145198e-02
-1.313415e-02
-7.959609e-03
-2.689569e-03
-9.538002e-03
-3.166359e-04
-6.470861e-03
5.247524e-03
-6.838453e-03
-1.510124e-02
-1.110592e-03
6.865344e-03
-7.585207e-03
3.343110e-03
2.104621e-03
2.003774e-03
1.483814e-03
-5.163632e-03
-7.104684e-11
-3.735372e-11
-2.657457e-10
-6.812406e-11
-5.731300e-11
-6.889204e-11
-9.142343e-11
-8.110537e-11
-1.922301e-10
-2.934256e-03
-2.713153e-03
1.088383e-03
-2.239595e-03
-2.053077e-03
6.857285e-04
-1.504609e-03
-9.700287e-04
2.053665e-03
-4.785338e-11
7.893727e-11
3.867015e-11
7.735049e-11
-6.914971e-11
9.726749e-11
3.909007e-11
-7.179460e-11
1.053323e-11
-3.017997e-03
-2.228369e-03
-3.161191e-03
-4.715161e-03
-3.572179e-03
-4.345413e-03
-4.224697e-03
-3.633975e-03
-3.891544e-03
4.077731e-04
1.405515e-03
2.555380e-03
2.842066e-04
-1.093859e-03
-2.042813e-03
8.590548e-05
-1.191176e-03
-1.059517e-03
8.291699e-11
6.267234e-11
-4.547169e-11
-3.645256e-11
2.908049e-12
-8.990347e-11
-8.813570e-11
2.792028e-11
-2.515548e-11
6.550609e-03
1.727122e-02
2.147216e-02
2.951567e-02
6.676762e-03
4.627100e-02
5.057421e-02
7.499964e-03
5.145364e-02
5.460891e-10
1.324453e-09
6.371392e-10
4.699138e-10
6.711348e-10
1.583652e-10
4.066593e-12
-2.564623e-11
1.741742e-10
1.303764e-10
2.162907e-10
2.090500e-10
6.093381e-11
2.002274e-10
7.433796e-11
3.274929e-11
7.540409e-11
7.904509e-11
-1.380108e-02
6.465487e-03
-5.731659e-03
1.961845e-02
-1.039188e-01
5.405697e-02
-1.505039e-02
1.698964e-02
-1.645630e-02
2.349809e-02
-8.968444e-03
-6.699280e-02
7.328968e-02
-7.545330e-03
-1.041989e-02
-4.648111e-03
-3.105727e-02
-8.660023e-03
1.337251e-02
2.746159e-02
4.161587e-02
3.915640e-02
-5.158768e-03
-3.771935e-02
5.054974e-03
2.241739e-02
8.315376e-03
-8.648200e-03
-2.559307e-02
-4.855973e-02
-2.133724e-02
3.441732e-03
-1.209031e-02
-1.280491e-02
1.975622e-02
2.402008e-02
6.033501e-11
2.412819e-11
1.033011e-10
5.807339e-11
1.396018e-10
1.642575e-10
6.911875e-11
2.297139e-10
1.074568e-10
3.302149e-02
-2.781999e-02
2.851118e-02
-3.169347e-02
3.268468e-02
-8.930320e-02
-1.424966e-02
6.390037e-03
-2.746906e-02
-7.484267e-02
-1.942183e-02
1.089348e-02
-7.277318e-02
3.702434e-03
4.265874e-02
3.757448e-03
2.724419e-02
-2.400175e-03
1.104580e-10
2.873980e-12
-3.817463e-11
1.961202e-11
1.637953e-10
2.196202e-11
5.521835e-11
1.008760e-10
4.902471e-11
1.766899e-02
3.720745e-02
3.730394e-02
-3.221144e-03
2.093690e-02
3.158149e-02
-2.374305e-02
4.513594e-03
1.220264e-02
-4.920606e-11
-3.067048e-11
-9.560060e-11
1.959480e-11
-6.304818e-11
-5.757899e-11
3.850360e-11
3.872868e-11
-8.131946e-11
-1.018326e-02
-2.645637e-02
-2.816614e-02
-1.216247e-02
-1.011416e-02
-3.875642e-02
-1.223586e-02
-1.096510e-02
-2.239357e-02
-1.305933e-02
-1.980624e-02
-2.179984e-02
-6.083097e-03
-9.420456e-03
-1.114278e-02
1.178764e-03
2.965183e-03
2.379852e-03
1.342220e-11
-2.468053e-12
3.484913e-11
2.120107e-11
-1.359495e-10
-7.882967e-11
-4.358443e-11
1.829646e-11
1.683820e-11
1.489423e-02
5.761041e-02
1.906956e-02
1.162279e-02
-6.716429e-04
-1.388695e-02
-4.780487e-05
-3.509380e-02
-2.535450e-03
2.343174e-10
-3.636764e-11
-1.518740e-10
1.366554e-10
-8.132633e-10
-7.843102e-10
7.103785e-10
-1.798167e-10
-3.352149e-10
-6.559767e-11
-9.638768e-11
-1.319019e-10
7.137340e-11
-7.601837e-11
-4.030416e-11
4.286730e-11
-3.924851e-11
-7.901261e-11
4.758038e-04
6.614172e-02
2.781479e-02
-5.576391e-03
-1.113293e-01
-2.940979e-02
-2.572198e-02
3.342779e-02
4.361171e-02
1.955046e-02
4.878744e-02
2.244603e-02
-2.003865e-02
-1.849274e-02
1.056715e-02
2.449010e-02
2.352917e-02
-2.081755e-02
-2.693744e-02
-6.497584e-03
2.368272e-02
-8.305814e-03
2.684515e-02
-1.809360e-02
2.982040e-03
3.729292e-02
9.419971e-03
2.142787e-02
1.528872e-02
7.969039e-03
-1.638780e-03
1.807738e-02
1.957291e-02
-7.022821e-03
-4.305358e-03
-5.085764e-03
-8.741775e-11
-3.553869e-11
-8.092974e-11
1.406558e-10
1.275589e-10
1.537037e-10
5.844022e-11
1.896635e-11
1.024243e-11
3.729392e-02
-5.454101e-02
3.552254e-02
-1.968960e-02
3.613072e-02
1.303370e-02
-1.224687e-02
4.494933e-02
1.856204e-03
-1.059601e-02
1.769604e-02
3.170849e-02
-7.289318e-03
1.393451e-02
-3.289257e-02
-1.700352e-02
1.143287e-02
1.651227e-02
-5.036330e-11
-1.046596e-10
1.282407e-10
1.202489e-10
-1.205572e-11
1.710572e-10
-4.953482e-11
-1.592845e-10
5.181408e-11
-4.814065e-03
-1.211376e-02
-1.891300e-02
3.952331e-03
9.129661e-04
3.151504e-04
-1.125135e-02
-6.397232e-03
-9.562250e-03
3.054086e-11
-8.042485e-11
-8.299793e-11
1.953164e-12
1.127984e-10
-5.928332e-11
8.075542e-11
1.240989e-10
-1.211853e-10
-1.800623e-02
-8.960241e-03
-4.712741e-03
1.467541e-02
2.401045e-02
1.922390e-02
1.431623e-02
8.155160e-03
9.742972e-03
-3.306657e-03
7.426274e-03
7.605111e-03
-7.189701e-02
-7.021290e-02
-7.373226e-02
1.545075e-02
4.517131e-03
1.162210e-02
-1.909742e-10
-1.625605e-10
-1.258637e-10
1.480495e-11
-6.315828e-11
5.182640e-13
-3.839863e-11
-1.810987e-10
-1.083473e-10
-1.405296e-06
-1.148427e-06
-1.120934e-06
-1.827020e-06
-1.582213e-06
-1.723633e-06
-1.898632e-06
-1.613733e-06
-2.231102e-06
-9.074393e-11
5.050060e-11
-5.731539e-11
-6.640561e-11
-1.243177e-10
-1.628574e-11
-7.816137e-12
-1.631673e-11
-3.914654e-11
9.686161e-11
-4.152749e-11
-3.949986e-11
1.663633e-11
1.213205e-11
-1.644303e-10
7.319483e-11
-1.123379e-10
-9.452781e-11
1.452221e-06
3.405881e-06
3.314363e-06
1.095405e-06
1.301530e-06
1.170755e-06
9.381959e-07
8.517085e-07
6.415989e-07
-1.092028e-06
-1.524920e-06
-1.415783e-06
-7.638333e-07
-1.119696e-06
-9.056416e-07
-3.247331e-08
-1.264858e-06
-1.038919e-06
7.038708e-07
-5.965143e-07
-1.497033e-06
8.338832e-07
-5.777732e-07
-1.847683e-06
1.200378e-06
3.449921e-07
-1.746200e-06
-3.814023e-07
-9.955911e-08
-4.803771e-07
-6.251080e-07
-3.688709e-07
-6.409593e-07
-1.100771e-06
-7.579894e-07
-1.035575e-06
1.227454e-10
1.400574e-10
1.552403e-10
2.557634e-10
1.830103e-10
1.591061e-10
1.216805e-10
2.213651e-10
2.828289e-11
5.111473e-06
1.862206e-06
1.621240e-06
3.828200e-06
1.833018e-06
5.034405e-07
3.703745e-06
3.131585e-06
2.484697e-06
4.333908e-07
-9.854211e-07
-1.719896e-06
-7.571815e-07
-2.517430e-06
-2.980285e-06
-4.436583e-07
-1.515754e-06
-2.689640e-06
6.891023e-11
-3.039653e-11
1.350068e-11
2.079886e-11
6.877326e-11
3.669179e-11
7.898130e-11
-1.006252e-11
-2.311162e-11
-1.693625e-06
-1.981875e-06
-1.942058e-06
-1.630374e-06
-1.908531e-06
-1.912513e-06
-1.748567e-06
-2.029375e-06
-2.093617e-06
2.158698e-10
3.902586e-11
1.133581e-11
5.452305e-11
-6.120003e-11
7.164575e-11
2.628512e-11
6.122292e-11
1.153681e-10
-2.802170e-07
-2.249691e-07
-2.686480e-07
-1.502969e-07
-2.018867e-07
-2.098238e-07
1.060566e-07
1.262514e-08
-1.843186e-08
7.840455e-07
8.687104e-07
1.140876e-06
1.354905e-07
2.822494e-07
8.240526e-07
-2.100278e-08
-8.645446e-08
2.517415e-07
-1.058359e-10
-5.562007e-11
-6.806253e-11
-7.937279e-11
-9.692437e-11
-1.093154e-10
-8.715267e-11
-2.849528e-11
-1.363060e-10
-5.361300e-03
-1.261636e-02
-2.611405e-02
1.143028e-02
2.986026e-02
1.133278e-02
7.168964e-03
3.581928e-02
2.873730e-02
2.198382e-10
5.699710e-11
3.248225e-10
7.871197e-10
5.793330e-10
7.318019e-10
1.508378e-09
1.232989e-09
1.251302e-09
-9.717747e-11
2.971397e-11
-1.225236e-11
1.192269e-11
5.072550e-11
4.705322e-11
1.219537e-10
2.051773e-10
5.430507e-11
-1.859297e-02
3.429468e-03
4.955867e-03
-1.969229e-02
3.650162e-02
1.491276e-02
-9.634739e-03
-8.052940e-03
-1.753474e-03
-1.465642e-02
-2.091525e-03
-1.523420e-03
-1.971621e-02
1.218605e-02
2.466341e-02
-1.026561e-02
8.459429e-03
4.567377e-02
-2.413068e-02
-1.785852e-02
2.322956e-02
-2.740533e-02
-9.870993e-03
5.227172e-02
-4.789415e-02
-2.487286e-02
3.300618e-02
-2.231191e-02
-1.826271e-02
-1.261152e-02
9.778480e-03
2.798598e-03
-3.834786e-03
1.816205e-02
2.256520e-02
1.144472e-02
2.642193e-11
2.883395e-11
-3.945989e-11
1.002521e-10
5.303845e-12
2.494711e-11
1.081936e-10
-6.949979e-11
7.277724e-11
-9.752871e-03
-1.796921e-02
1.641175e-02
1.624284e-02
-2.134798e-02
3.301757e-02
-9.517733e-03
-3.653983e-02
2.754924e-03
-3.681821e-02
-1.294386e-02
-7.447165e-03
-2.294474e-02
-5.074935e-03
3.023078e-02
-7.882351e-03
1.547215e-02
3.413979e-02
9.381261e-11
1.178477e-10
6.816631e-11
5.779089e-11
7.734680e-11
7.322928e-11
4.983806e-11
2.336751e-11
-5.852766e-12
8.284589e-03
7.251753e-03
5.894003e-03
1.103896e-02
1.175525e-02
2.515720e-03
2.408072e-03
7.674687e-03
1.710425e-03
3.272237e-11
2.870718e-11
4.610167e-11
8.131488e-11
7.608787e-11
8.259124e-11
4.954921e-11
2.243963e-11
-3.580552e-11
1.889363e-02
1.218818e-02
1.200719e-02
7.093652e-03
2.097261e-03
1.553808e-03
2.258776e-02
1.862010e-02
8.967838e-03
-4.026986e-03
-2.245803e-05
2.014709e-03
6.588235e-03
1.450645e-02
1.662000e-02
-8.503111e-03
-1.403744e-03
-3.460471e-03
-3.441717e-11
3.788586e-11
-2.324481e-11
6.165038e-11
1.469345e-11
1.219759e-10
-5.148769e-12
1.000505e-10
-1.896585e-11
-8.745518e-11
-3.492472e-11
-8.118736e-11
-1.449540e-10
-8.883336e-12
-1.725169e-10
-6.725922e-11
-9.116085e-11
-1.550327e-10
1.260954e-10
1.810531e-10
5.778396e-11
9.043179e-11
1.099773e-10
1.370640e-10
-1.206592e-11
1.100604e-10
1.016769e-10
-8.072829e-11
-3.041734e-11
-8.660574e-11
-6.496875e-12
-5.742126e-11
-8.013314e-12
-1.411449e-10
-8.833865e-12
-9.036161e-11
3.170989e-11
1.135718e-11
8.536752e-11
8.996320e-11
5.016034e-11
6.097003e-11
6.454284e-11
1.636358e-10
1.050307e-10
2.560615e-11
1.066465e-10
1.254586e-11
5.590493e-11
5.091335e-11
3.355171e-11
1.105434e-10
1.716869e-10
-1.897724e-11
7.115657e-11
1.241271e-10
1.636741e-11
9.237536e-11
9.666846e-11
1.625333e-11
1.327132e-10
4.375326e-11
1.609732e-10
-6.244120e-12
1.091054e-11
-7.132477e-11
-2.610487e-11
-1.356705e-11
-2.341700e-12
-4.459236e-11
2.168269e-11
3.665733e-11
1.747223e-10
4.824532e-11
6.425270e-11
7.464476e-11
1.262631e-10
1.275391e-10
1.266320e-10
6.934811e-11
4.683033e-11
2.773987e-11
4.260259e-11
-6.713090e-11
6.001701e-11
-2.233607e-11
3.952351e-11
1.346010e-10
1.300946e-11
6.842853e-11
-7.392350e-11
-5.217008e-11
-8.326272e-12
1.861295e-11
-1.090764e-10
4.058712e-11
-1.497533e-10
-1.449789e-10
-1.269845e-10
-2.695796e-13
6.984344e-11
1.382460e-11
-7.292409e-12
7.283574e-11
-1.542012e-11
-1.122718e-11
1.414064e-10
-5.941574e-12
-2.930483e-11
8.688581e-11
2.173534e-11
1.676076e-11
1.146324e-10
-3.859184e-11
-7.788312e-11
1.817183e-10
-5.981167e-11
2.442647e-11
9.027792e-12
-4.777401e-11
3.760800e-11
1.150680e-11
2.411739e-11
9.426127e-11
2.742600e-11
1.269308e-10
1.883839e-11
-4.603225e-11
-1.234870e-11
-4.270665e-11
-1.634155e-11
3.019038e-11
-6.369445e-11
-9.385353e-11
-5.832512e-11
7.372794e-11
-1.232855e-10
-1.093325e-11
-2.820235e-11
-7.371866e-11
7.667926e-11
4.235224e-11
-9.210428e-11
1.092492e-10
3.187778e-11
8.895178e-11
3.220939e-11
-5.905748e-11
-4.236101e-11
1.782792e-11
-7.236641e-11
4.281844e-11
3.966723e-11
