1.623657e-02
-8.472390e-03
4.462825e-03
4.915575e-03
-2.089769e-02
-2.409257e-02
2.296913e-02
-1.313363e-03
-1.398031e-02
2.397308e-02
-6.038994e-02
1.369008e-02
1.307837e-02
-7.174744e-02
-3.044321e-02
5.192573e-02
-4.291758e-02
1.655748e-02
-3.618340e-02
-1.133973e-02
-3.251341e-02
2.574286e-03
3.054760e-02
-1.407672e-02
-2.359575e-02
-7.796642e-04
-1.055700e-02
1.633071e-03
-2.612122e-02
-1.436089e-02
3.630960e-03
-7.064050e-02
-3.803564e-02
-1.965267e-02
-6.693912e-02
-6.136204e-02
2.030983e-03
-1.430144e-02
-1.048543e-02
1.208477e-03
-6.158219e-03
1.627312e-02
1.370076e-02
4.186558e-03
-9.263331e-03
1.907569e-02
-5.044186e-02
-1.172926e-02
2.641398e-03
-4.472312e-03
9.235653e-03
7.429959e-03
-1.208539e-02
1.740216e-02
6.880532e-02
-2.898842e-03
-2.299629e-02
1.807157e-02
-8.797260e-03
3.455631e-02
-1.875274e-02
9.486251e-03
2.237170e-02
-3.196765e-03
-1.692654e-03
-3.594731e-03
-1.244849e-02
-1.952629e-02
-5.086652e-03
-6.261723e-03
-1.068098e-03
-4.829398e-02
2.131364e-02
4.161553e-03
-1.030774e-03
2.512996e-02
-8.714897e-02
-6.757193e-02
-7.123586e-03
8.041143e-03
4.344330e-02
-5.455236e-03
9.465808e-03
1.355805e-03
-1.241493e-02
6.322237e-03
1.083962e-02
4.640543e-03
-1.306242e-02
1.041191e-02
1.045341e-02
-1.012715e-03
-1.834859e-03
1.056719e-02
7.556967e-03
-1.152508e-02
-1.936777e-02
1.473911e-02
-2.492769e-02
1.453835e-02
4.359056e-02
-7.606657e-03
-1.312707e-03
3.077714e-02
-5.969792e-02
6.032711e-03
-6.442478e-03
-7.469612e-02
1.447518e-02
-2.146082e-02
-3.931994e-02
6.483644e-03
-4.106005e-02
2.968800e-02
9.724457e-03
2.543560e-03
-1.965364e-02
-4.567971e-03
4.971864e-03
2.162136e-02
1.951867e-02
-1.286271e-03
-8.000764e-03
6.076986e-04
-1.838775e-04
-2.276378e-02
-1.531478e-02
-2.683528e-03
-1.883275e-02
1.085281e-02
-1.716701e-02
5.593064e-02
-6.729419e-03
-3.579184e-02
2.496497e-02
7.616598e-03
-1.720112e-02
-5.257635e-03
1.169996e-02
4.007084e-02
3.116176e-02
-1.263978e-02
6.230058e-03
-6.710745e-02
-2.846014e-03
-1.446695e-02
7.243072e-03
-1.077841e-02
-1.604280e-02
7.817381e-03
3.660092e-03
-7.236837e-03
1.644952e-02
2.929690e-02
-4.104013e-02
1.006410e-02
9.290852e-03
-6.104803e-02
-5.520170e-03
1.075059e-02
-5.180492e-02
8.064726e-03
7.618524e-03
-1.472600e-03
-2.042124e-02
4.363232e-02
5.689608e-02
1.948427e-02
2.393615e-02
5.627319e-02
-5.504209e-03
-1.290495e-02
-2.890437e-02
-4.182775e-02
-9.439830e-03
-1.407920e-02
-1.940300e-02
-1.901013e-02
9.647373e-03
-7.169901e-03
-6.791163e-03
-8.663357e-03
-9.245767e-04
-1.654555e-02
-4.012132e-03
-2.086807e-03
-2.560349e-02
-2.512774e-02
-1.942953e-02
-3.785164e-03
-1.707689e-02
2.495709e-02
2.275331e-04
-1.285223e-02
1.905489e-02
2.132620e-03
-1.647651e-02
1.609305e-02
2.584915e-02
-1.430672e-02
-3.464149e-02
4.350170e-02
-3.005277e-02
-2.118520e-02
2.045120e-02
-1.157309e-02
-3.034440e-02
-1.900859e-02
-1.498979e-02
-1.568541e-02
5.464726e-05
-1.780411e-02
1.095299e-04
-1.776717e-02
-6.124494e-03
8.160530e-03
6.799820e-03
6.838833e-03
-1.733135e-02
2.895682e-02
5.614284e-03
-4.743430e-02
3.331484e-02
-1.800894e-06
-5.000954e-02
1.478210e-02
3.486952e-02
-5.712466e-03
5.460918e-02
7.292192e-02
2.995159e-03
5.706387e-02
6.759991e-02
6.634281e-04
-2.777022e-02
4.528095e-02
-5.859069e-03
-4.145341e-03
1.051180e-01
3.018401e-02
-2.005631e-02
9.761004e-02
4.133689e-02
-6.376013e-03
8.514756e-03
-3.217948e-03
1.402694e-02
2.251424e-02
-3.325215e-02
7.711745e-03
-2.468990e-03
-3.422059e-02
-5.469574e-03
-1.598354e-02
-4.973805e-03
-1.598991e-02
1.223367e-02
1.456931e-02
-1.154651e-04
5.533044e-04
1.693062e-02
1.296861e-02
-1.682918e-02
-8.462062e-03
9.379799e-03
-2.270159e-02
-1.147084e-02
-1.507914e-02
-3.669534e-02
-2.722676e-03
-9.044255e-03
-4.026497e-04
2.865768e-02
4.075706e-03
-7.256648e-02
5.518860e-02
2.402326e-03
-7.704634e-02
5.730523e-02
-9.211234e-03
1.933931e-02
1.280228e-03
-2.917468e-02
1.797731e-02
1.050487e-02
-1.502762e-02
2.787752e-02
7.054311e-03
1.283499e-02
1.674760e-02
2.090012e-02
-7.363716e-03
-6.118360e-03
-6.460788e-03
-1.509029e-04
4.603391e-03
6.233188e-03
1.906027e-03
-1.669908e-02
2.230462e-02
-3.359504e-02
-4.928933e-02
-1.157032e-02
-1.048019e-02
-2.438658e-02
1.620009e-02
-1.679902e-03
1.181918e-02
1.245449e-02
-6.650339e-03
1.751517e-02
1.719533e-02
-3.743309e-03
1.962838e-02
1.033208e-02
-6.162693e-03
2.657778e-03
2.684491e-03
-9.754041e-03
-5.508028e-03
2.313030e-03
-1.151392e-02
-5.601061e-03
6.725808e-03
-4.325895e-03
-1.939740e-03
8.019173e-04
-2.077991e-03
6.875548e-05
1.118996e-03
-5.124403e-04
4.122732e-03
4.571493e-03
1.239881e-03
-4.752132e-03
6.209913e-04
-3.254465e-03
-6.195823e-03
1.055143e-02
7.780195e-03
-1.533386e-03
2.005949e-02
1.549670e-02
1.902534e-02
-2.057556e-03
2.243624e-02
8.707361e-03
-1.028827e-02
-4.249505e-03
-1.286140e-02
-3.401275e-02
1.160914e-02
6.055272e-03
5.278520e-03
1.142054e-02
1.846882e-02
1.314628e-02
2.052545e-03
6.599864e-05
2.265369e-03
5.764117e-03
8.686090e-03
4.307586e-03
5.883947e-03
8.069195e-03
-1.093667e-02
1.032464e-02
-1.630228e-03
3.406958e-03
-1.171269e-02
-5.272085e-03
1.166716e-03
1.130410e-02
1.054546e-02
8.663565e-03
1.928580e-02
1.454537e-02
5.163440e-03
2.544458e-03
1.153455e-03
-1.455136e-02
-5.298360e-04
8.156716e-04
-8.843714e-03
8.072850e-03
1.206171e-02
5.477620e-03
-1.186771e-02
-1.041695e-02
-1.075876e-02
8.186454e-03
1.596345e-03
-1.846631e-02
1.374415e-02
-5.063335e-03
-6.840927e-03
-1.503757e-02
1.308891e-02
-3.075436e-03
1.134576e-02
2.622481e-02
1.470943e-02
-1.648171e-02
-1.334406e-02
-5.045757e-03
-4.110697e-03
-9.750620e-03
-1.548959e-02
-1.307025e-02
-2.473384e-02
-1.643947e-02
-3.086474e-03
9.013535e-03
8.930121e-03
-1.438298e-02
-1.466902e-03
7.423639e-03
-1.376733e-02
-1.503861e-02
1.323468e-02
2.319229e-04
-1.516186e-02
-4.399806e-03
-3.345521e-03
8.266792e-03
2.037835e-03
-9.059947e-03
1.302377e-02
-1.261886e-03
-1.091329e-02
1.446986e-03
-2.994146e-03
-1.902418e-02
-1.928947e-02
-1.628796e-02
1.133742e-02
1.064847e-02
8.765764e-03
-1.771846e-02
-2.038998e-02
-2.506687e-02
-2.439861e-03
-2.006551e-02
-7.341647e-03
3.541270e-02
1.743906e-02
2.876520e-02
-1.049465e-02
-2.871333e-02
-1.634397e-02
1.231828e-02
2.434396e-03
6.063237e-03
3.357907e-03
4.774077e-03
9.515447e-04
-1.186154e-02
2.855420e-03
-9.222640e-04
-8.290932e-03
-4.117442e-03
6.420483e-03
-1.166534e-02
-7.262134e-03
4.854704e-03
-4.347025e-03
-1.144706e-02
1.453239e-03
2.117660e-02
2.575311e-02
1.756009e-02
1.715113e-02
2.620776e-02
1.258637e-02
-2.499743e-03
-3.296401e-03
2.417677e-04
3.577388e-03
-4.572568e-03
6.841420e-03
4.925135e-03
3.974853e-03
1.065058e-03
-6.030812e-04
7.804470e-04
1.544836e-02
-1.828014e-02
-1.960658e-03
-8.961827e-03
-1.153835e-02
-1.261227e-02
-1.420472e-02
-2.946715e-03
-2.108805e-02
-2.200045e-02
7.983140e-03
4.313985e-03
2.641087e-03
4.265012e-03
8.676047e-03
1.525852e-02
9.376742e-03
1.610750e-02
1.096699e-02
1.347549e-03
1.682221e-02
2.476528e-02
5.081546e-03
4.337730e-03
6.518084e-03
-8.725794e-03
-1.565415e-02
-2.118045e-02
7.225545e-04
2.104036e-03
-2.458128e-03
-1.640919e-02
-2.374348e-05
8.577995e-03
-1.230336e-02
-3.183374e-03
5.408471e-03
2.485609e-03
9.425372e-03
1.619927e-02
-1.208368e-02
-5.488254e-03
1.189339e-02
-1.612944e-02
-8.370461e-03
-5.559367e-03
1.438196e-02
9.596784e-03
7.323837e-03
-1.092031e-02
2.275987e-03
2.761589e-04
-1.817994e-02
-1.970834e-02
-1.557126e-02
1.196467e-02
2.131047e-02
3.455043e-03
-5.349037e-03
-8.107319e-03
-2.059530e-02
4.465845e-03
7.458139e-03
2.507072e-03
4.380062e-04
-3.532097e-03
-1.301994e-02
6.573758e-03
4.197945e-03
-4.733031e-03
8.885992e-03
8.654556e-03
9.743076e-05
2.006270e-03
3.131942e-03
4.228603e-03
8.860545e-03
3.732745e-04
2.867879e-03
4.289380e-03
-3.946473e-03
-5.748403e-03
-1.660277e-03
1.262503e-02
-1.113946e-02
-2.414211e-03
1.001902e-02
1.248722e-02
-7.000801e-03
7.283088e-04
6.099808e-03
-9.445432e-03
-2.661751e-03
4.769378e-03
-4.992302e-03
-7.065650e-03
2.256651e-04
7.189572e-03
9.907812e-04
2.752122e-03
-8.835584e-03
-1.075125e-03
-6.040102e-04
-1.656983e-02
-1.054312e-02
-1.333766e-02
-9.533108e-03
-6.558150e-03
-1.109085e-02
6.190829e-03
1.096395e-02
2.139414e-02
-4.326746e-03
1.393655e-02
1.566621e-02
-8.207124e-03
5.818808e-03
4.650250e-03
-7.729165e-03
-1.909186e-02
-1.189271e-02
-1.075179e-02
-1.629749e-02
-1.446920e-02
-7.825493e-03
-1.109146e-02
-1.130884e-02
5.942943e-03
1.358447e-02
8.346681e-03
-1.314082e-02
-1.070002e-02
-4.362977e-03
6.903026e-03
-6.945296e-03
-1.569534e-02
-1.757376e-02
-1.209791e-02
-1.464398e-02
-1.215388e-02
-5.921002e-03
-1.176508e-03
-1.965229e-02
-7.390995e-03
-8.623933e-04
-5.379366e-03
-7.255082e-03
2.154985e-03
-9.784843e-04
-2.203167e-03
-5.388376e-03
3.711445e-03
1.912052e-03
-2.260865e-03
9.004623e-03
1.454877e-03
-4.581546e-03
1.013447e-02
2.003109e-02
5.921905e-03
-2.748976e-03
1.720570e-02
2.487541e-02
6.916549e-03
-7.171871e-03
1.374720e-03
6.074511e-03
-7.221684e-03
-6.055904e-03
2.796026e-02
5.912197e-03
-7.426629e-03
-1.264680e-02
-1.504932e-03
1.286999e-02
-1.957532e-03
-5.053916e-04
9.689480e-03
1.520525e-02
-2.531599e-03
-5.564098e-03
8.128268e-04
-8.717825e-04
1.865773e-02
-9.486463e-04
2.439282e-03
1.788653e-02
4.356739e-03
-4.919976e-03
6.839758e-03
3.124313e-03
7.585808e-03
5.904420e-03
-1.693312e-02
6.360390e-03
1.183055e-02
-1.868313e-04
-1.903520e-03
1.098095e-02
-1.268223e-02
1.105749e-03
1.238539e-02
-2.748519e-03
-1.793217e-02
-9.895940e-03
2.008499e-03
-3.030369e-03
-9.063288e-03
-7.302196e-03
-1.020491e-02
2.894183e-03
2.664744e-03
-7.961141e-03
6.955796e-03
-3.359662e-03
-8.213264e-03
5.851969e-04
1.005505e-02
4.372013e-03
-2.248334e-02
1.530050e-02
5.696816e-03
-1.118925e-02
4.962964e-03
1.753468e-03
-9.764367e-03
1.935704e-03
-1.121034e-02
-8.150244e-03
4.308492e-03
-1.117378e-02
-4.760782e-03
-3.738077e-03
-3.498568e-03
-1.033218e-02
5.312314e-02
6.316758e-02
5.247588e-02
2.566528e-02
2.737554e-02
1.438140e-02
4.159384e-02
3.977691e-02
2.579685e-02
1.361396e-02
2.695892e-03
1.721670e-03
-1.069293e-02
-2.130153e-02
-1.665225e-02
1.867389e-02
1.184562e-02
1.076172e-02
1.590573e-03
-1.289717e-02
-1.043464e-02
-1.548111e-02
-2.362785e-03
-8.710781e-03
-5.670701e-03
-2.837078e-03
-2.623037e-02
1.183452e-02
-9.041096e-04
-5.269931e-03
1.777063e-02
4.695538e-03
4.421280e-03
9.075674e-03
7.366299e-03
-4.331983e-03
-6.356810e-03
-1.537483e-02
-1.201916e-02
3.755909e-04
-7.490498e-03
-3.846247e-03
-8.394280e-03
-4.957423e-03
1.120298e-02
2.150937e-02
1.764885e-02
1.580522e-02
1.074529e-02
1.356981e-02
1.955544e-02
5.496360e-03
-1.184451e-02
8.857688e-03
1.603391e-02
3.516404e-03
5.699040e-04
1.055081e-02
-9.794146e-04
2.955110e-03
8.608888e-04
5.047198e-03
-9.658121e-04
9.046849e-03
1.071908e-03
6.906183e-03
-1.398044e-02
-1.701665e-02
-5.168921e-03
-2.223779e-02
-2.064016e-02
-8.985931e-03
5.820610e-03
-3.842391e-03
-1.120299e-02
4.567635e-04
8.922489e-03
-1.206060e-02
-4.037846e-03
4.553459e-03
1.201789e-02
-1.225754e-03
1.986141e-03
-1.757233e-02
-2.828840e-03
6.154482e-03
-1.128651e-02
4.486437e-03
9.825787e-03
-8.537469e-03
1.718130e-03
-8.006164e-03
-1.380406e-02
-6.630609e-03
6.245747e-03
2.811339e-03
3.279454e-03
1.078578e-02
2.482456e-02
-2.675824e-03
-1.656137e-02
-2.490727e-03
1.364698e-03
5.311937e-04
1.502255e-02
1.901847e-02
7.505743e-03
2.944439e-03
-1.895149e-02
-1.862388e-02
8.156518e-03
-4.523679e-03
2.317609e-02
-1.091782e-03
1.084165e-02
-6.463342e-04
-6.125431e-03
2.137435e-03
-1.065879e-02
-7.211872e-03
-1.250059e-03
-1.629953e-02
-9.802135e-03
-2.122686e-03
-5.966806e-03
-7.143494e-04
9.958588e-03
4.884109e-03
-1.145670e-02
-5.876454e-03
8.064609e-03
-1.215789e-02
2.323031e-03
6.948670e-03
-9.556707e-04
-4.387082e-03
-1.046986e-02
-2.755185e-03
-1.276188e-02
-2.626540e-02
-2.132648e-02
-1.297308e-02
-1.306549e-02
-2.494059e-02
1.006509e-02
1.184213e-03
-1.372310e-02
2.233352e-02
1.073133e-02
-3.779970e-03
1.126712e-02
-2.635574e-03
-1.392768e-02
1.837125e-03
1.549516e-02
4.025736e-03
4.109690e-02
4.178872e-02
4.671715e-02
4.438378e-02
4.796718e-02
5.439622e-02
-2.901166e-03
-1.010280e-02
9.662156e-04
-7.132953e-03
1.133107e-02
8.136711e-03
3.010831e-03
1.269618e-02
1.046932e-04
-2.459317e-02
-2.213587e-02
-7.307241e-03
-1.609203e-02
-1.543284e-02
-1.669754e-02
-1.472823e-02
-1.249114e-02
-6.897171e-03
-1.385656e-02
-1.119050e-02
-8.833676e-03
-7.171971e-03
2.208266e-04
6.915388e-05
-2.688685e-03
-5.575754e-04
-5.794232e-03
-1.207508e-02
1.047394e-02
2.323329e-02
-1.989532e-02
-1.767059e-03
2.079196e-02
-1.526244e-02
1.155349e-02
3.926857e-02
-3.428284e-03
-1.534609e-02
8.824072e-03
-4.031691e-03
-1.440372e-02
4.721118e-03
1.668739e-02
-1.550918e-02
-5.500324e-05
-4.538388e-03
-1.398884e-02
-1.409533e-02
7.391306e-03
7.438994e-03
6.512628e-04
2.939617e-03
6.753364e-03
-1.645977e-03
-2.728013e-03
2.047297e-02
2.079099e-02
-2.109410e-02
1.379807e-02
1.155934e-02
-6.047132e-03
1.000627e-02
-7.037624e-03
1.372315e-02
2.683393e-03
-3.193799e-03
5.950406e-03
1.306594e-03
1.526057e-03
4.511290e-03
3.676557e-03
9.059024e-04
2.438782e-03
-2.404251e-03
-1.008121e-02
-2.518861e-03
-5.163586e-03
-9.036081e-03
-5.173807e-03
-7.239665e-03
-1.374848e-02
2.581096e-03
1.191525e-02
-1.414209e-02
-1.690090e-02
-8.912567e-03
-2.585905e-02
-1.577643e-02
5.663587e-03
5.801056e-03
1.622497e-03
-2.689786e-03
1.137639e-02
-1.639679e-02
-3.107833e-03
-6.419936e-03
2.087807e-02
2.648025e-02
1.481621e-02
-1.422089e-02
-1.784677e-02
-7.415670e-03
-1.004367e-02
-1.589755e-02
-5.129493e-03
1.431150e-03
-6.053125e-03
9.059639e-04
-2.222442e-03
2.972937e-03
7.060635e-03
-4.040751e-04
1.671237e-02
1.410822e-02
-4.335159e-03
2.022715e-02
1.063475e-02
7.168558e-03
-1.524686e-03
-8.378721e-03
1.326550e-02
1.944376e-03
-1.754013e-02
4.724859e-03
-1.657351e-03
-2.921498e-03
1.808995e-02
-6.082096e-03
9.725075e-03
-8.892670e-03
-2.928249e-02
-1.567566e-03
4.326418e-03
-2.899939e-03
1.957449e-02
2.139360e-02
-5.328563e-02
6.006148e-03
-4.184967e-02
-8.434033e-02
-2.021811e-02
2.555547e-02
-5.465555e-02
1.423987e-02
-3.654439e-02
-6.986091e-02
-1.566322e-02
-5.100074e-02
-4.779874e-02
-1.957745e-03
-1.409771e-02
-2.306448e-02
-5.300229e-02
-1.839247e-02
-2.460217e-02
-9.786491e-03
4.312826e-03
-5.173210e-03
4.032450e-03
-1.304715e-02
1.564918e-03
-1.584294e-02
1.200998e-02
-9.757110e-03
5.946800e-03
1.094613e-02
1.011669e-02
-1.101176e-02
-8.951917e-03
2.478690e-04
7.900451e-03
-3.898161e-03
-1.864144e-02
2.853314e-03
-7.017184e-02
-1.461700e-02
-2.283134e-02
-4.559774e-02
-3.623848e-02
-1.705047e-02
-5.237754e-02
5.785885e-03
-1.358377e-02
6.724451e-02
-4.025994e-02
-2.723659e-02
4.862174e-03
-8.247778e-03
-2.542118e-02
4.294175e-04
2.050674e-03
2.759470e-02
1.265677e-02
1.233086e-02
2.781466e-03
-5.670496e-03
1.370689e-02
-3.177824e-03
2.119074e-02
9.703781e-03
1.089612e-02
8.459616e-02
4.870455e-02
-2.835752e-02
-2.406051e-02
2.011832e-02
-7.972864e-03
-2.121878e-02
4.114619e-03
-1.394223e-03
7.647268e-03
-1.074633e-02
-1.211107e-02
-1.312326e-02
-1.487264e-02
7.224753e-03
-2.257523e-02
1.788914e-03
-3.070949e-02
2.580766e-02
-1.412135e-02
3.900077e-05
3.798638e-03
-3.230049e-02
-3.231345e-02
8.348442e-03
-2.228588e-03
-9.013268e-03
1.709314e-02
8.566527e-02
-3.493367e-02
1.242054e-02
2.824543e-02
3.976725e-03
-4.790995e-02
3.599719e-02
-1.522369e-02
1.214400e-02
-6.303367e-02
1.803560e-02
-1.602554e-02
-1.011366e-03
-3.060883e-02
1.921057e-02
-7.093274e-03
-4.951534e-03
-5.963003e-03
7.155970e-03
1.062769e-02
-2.739375e-02
1.799377e-02
-3.864476e-02
-4.052719e-02
-2.379248e-02
-7.577302e-03
5.936614e-03
-1.266557e-01
5.580575e-02
1.627148e-02
-2.503858e-02
-2.452611e-02
-3.950093e-02
3.622111e-02
3.296933e-03
-9.725372e-02
8.075600e-02
-3.235796e-02
-1.653803e-02
-1.897644e-02
1.500433e-02
1.513028e-02
2.442959e-02
4.862751e-03
-2.907148e-03
7.327773e-03
-7.329345e-03
-8.496623e-03
3.002316e-03
-7.477966e-03
7.873331e-03
1.420839e-03
-1.718429e-02
-1.293207e-02
-1.622406e-02
-2.613813e-02
-5.970227e-03
-7.829359e-03
-1.658015e-02
2.658617e-02
4.152051e-03
1.579425e-02
-4.373306e-03
6.302224e-03
1.639502e-03
-1.056729e-03
2.426024e-03
1.024268e-02
7.328551e-03
-7.898255e-03
-2.416449e-02
-3.392969e-03
-1.072076e-02
-2.797536e-02
-6.969741e-03
-1.100491e-02
-1.530025e-02
1.323191e-02
4.626952e-03
1.433769e-02
-1.493955e-02
3.834059e-03
3.087779e-03
-2.164982e-02
7.352969e-03
-7.076754e-03
-1.761397e-02
-1.094834e-02
-8.132262e-03
-1.221687e-02
-1.249986e-02
-1.003863e-02
1.542056e-02
-6.499835e-04
-4.469239e-03
1.526970e-02
1.046074e-02
6.238408e-03
1.696262e-02
1.072648e-02
-9.093939e-04
5.756414e-03
1.463883e-02
-9.316658e-03
-1.538801e-03
6.921860e-03
1.186822e-02
-1.193968e-02
4.914096e-03
7.394999e-03
1.036413e-03
-6.148584e-03
-2.466622e-03
1.166531e-02
9.310250e-03
-1.019760e-02
2.723667e-02
4.825727e-02
3.372360e-02
-6.063962e-03
2.382464e-02
8.076048e-03
-1.106223e-02
-1.096701e-02
-1.364239e-02
-1.390392e-02
-2.343206e-02
-2.144769e-02
-1.375119e-02
-2.534894e-02
-1.615438e-02
-4.370949e-03
7.337729e-03
-5.327063e-04
-1.467293e-02
-2.548336e-03
-2.598747e-02
2.016360e-03
-1.325779e-02
-2.258149e-02
1.766256e-03
-1.445348e-02
-1.739743e-02
-5.222905e-03
-4.669756e-03
1.962762e-03
5.113606e-03
7.305542e-03
1.709922e-02
-3.103612e-02
-3.602975e-03
2.321840e-03
-7.300901e-04
1.247337e-02
-1.438591e-02
-1.108453e-02
2.651660e-03
-1.346316e-02
-5.284901e-03
9.306397e-03
1.851063e-02
4.512635e-03
9.358754e-03
2.810452e-02
-3.031599e-02
-3.488566e-02
-1.483225e-02
-2.185684e-03
-2.658749e-03
-9.409529e-03
1.374627e-03
-3.314420e-02
-2.552234e-02
-4.184099e-04
-3.200524e-03
-5.159256e-03
-1.228652e-02
-3.053560e-03
1.865569e-02
-2.465595e-02
-3.411664e-02
-1.802358e-02
-4.452103e-04
-1.023624e-02
1.933066e-02
-2.647063e-11
-8.511344e-11
2.430415e-11
-6.233926e-11
3.113860e-11
-9.322611e-11
-4.741266e-11
-1.053296e-10
-1.533551e-12
2.845871e-11
1.179730e-10
3.551252e-11
2.180330e-10
7.388838e-11
1.393139e-10
2.122117e-10
1.887456e-10
1.967716e-10
1.334086e-10
-3.807273e-11
4.127322e-11
1.906664e-11
-5.086707e-11
-2.456024e-11
1.153856e-11
-5.461922e-11
-5.204407e-11
2.510843e-10
2.673302e-10
1.054829e-10
3.141984e-10
2.401001e-10
1.016444e-10
2.583747e-10
2.482909e-10
1.890772e-10
-6.992031e-11
7.097004e-11
4.693872e-11
-1.063597e-10
-2.704573e-11
-1.223609e-10
-7.269102e-11
3.076182e-11
-3.643882e-11
1.492026e-10
8.282001e-12
4.034804e-11
1.424917e-10
1.152972e-10
4.464716e-11
2.019322e-10
1.428399e-10
7.565536e-11
1.208191e-10
1.416467e-10
4.089604e-11
1.945997e-10
1.578324e-10
1.500627e-10
1.537951e-10
2.530349e-10
5.271752e-11
-2.603249e-11
7.511466e-11
-1.113704e-10
8.061209e-11
4.322836e-11
-6.733326e-11
1.967702e-11
-2.226060e-11
9.111462e-12
-1.727834e-10
-2.508427e-11
-4.154114e-11
-1.037052e-10
-3.797250e-11
1.312205e-11
-1.051215e-10
-1.545366e-11
-7.821917e-11
2.623163e-10
2.085319e-10
2.345164e-10
2.846189e-10
2.942816e-10
2.098836e-10
2.892367e-10
2.485276e-10
2.920502e-10
1.220087e-10
8.728056e-11
1.072266e-10
7.060184e-11
1.170167e-10
1.614011e-10
9.554981e-11
1.383290e-10
1.182371e-10
2.657646e-12
1.064241e-10
1.691447e-11
2.450203e-11
8.829602e-11
4.027540e-11
-1.317891e-11
8.753955e-11
5.337850e-11
2.474008e-10
1.109871e-10
1.576260e-10
4.570599e-10
2.154025e-10
2.687376e-10
3.666726e-10
1.761743e-10
1.904586e-10
-6.441848e-11
2.551095e-11
-1.601726e-10
-2.536186e-11
-3.867122e-11
-3.331456e-11
-1.966250e-11
-3.979578e-11
-9.554933e-11
5.006743e-11
8.054353e-12
-5.597769e-11
-3.260635e-11
2.941631e-11
7.410920e-11
5.073818e-11
7.292336e-11
9.196846e-11
8.185918e-11
-8.071999e-11
-4.660569e-11
-2.280752e-11
-4.438194e-11
-1.541754e-11
-1.530242e-11
4.623568e-11
-1.288748e-11
-1.190464e-03
-1.187573e-03
-1.224662e-03
-1.215556e-03
-1.203530e-03
-1.063520e-03
-1.382701e-03
-1.503677e-03
-1.401605e-03
-2.196118e-05
-7.916876e-04
-1.752313e-03
-2.740002e-04
-5.338651e-04
-1.322227e-03
-5.510304e-04
-8.858860e-04
-1.628847e-03
4.304429e-04
6.770499e-06
1.257714e-03
-3.088628e-04
1.084117e-03
-3.787615e-04
7.254974e-04
-2.927407e-04
-6.320563e-04
-3.732588e-05
-2.185025e-04
-9.050370e-05
4.517821e-05
6.475422e-04
-4.924774e-04
2.327360e-04
9.381830e-04
-3.428957e-04
-1.559160e-04
-1.294585e-04
4.154681e-05
-3.095175e-04
-5.991477e-04
-4.490179e-04
-5.329564e-04
-7.018287e-05
4.279815e-04
6.518718e-04
6.711255e-04
3.865388e-04
2.392603e-03
3.751352e-04
4.675998e-04
2.042464e-03
9.673795e-04
4.483798e-05
-4.932600e-04
1.248375e-03
1.295613e-03
1.466815e-04
1.778690e-03
7.775954e-04
-1.141035e-04
7.292984e-04
-1.399361e-04
8.989011e-04
9.486164e-04
5.310356e-04
2.550322e-04
1.183523e-03
5.695436e-04
-1.105188e-04
1.089737e-03
1.114936e-03
1.056966e-04
1.418430e-04
1.138248e-03
4.451535e-04
1.344461e-04
1.532598e-04
-5.174039e-05
1.323195e-04
-3.159627e-04
6.295191e-04
-3.076258e-06
-5.835727e-04
3.043116e-04
-1.326417e-05
-5.631619e-04
8.522830e-04
-2.491018e-04
-4.346505e-04
1.757712e-04
5.378405e-04
-4.235741e-05
5.398242e-04
3.305094e-05
-2.588305e-04
5.060064e-04
-2.766160e-04
2.551426e-04
-1.811295e-03
-1.551602e-03
2.887356e-04
-4.387344e-04
-9.511811e-04
1.139249e-03
8.422472e-05
2.008278e-04
6.251991e-05
-4.751722e-04
-1.819706e-04
-1.400208e-03
-2.721550e-04
2.846692e-04
2.751382e-04
-2.949902e-04
-1.111824e-03
-7.891548e-04
-8.589444e-04
-1.160900e-03
-9.726536e-04
-1.062769e-03
-1.128672e-03
-4.194148e-04
-1.051123e-03
-1.166195e-03
-1.155785e-03
-1.793068e-03
4.927937e-05
-3.427802e-04
-1.390249e-03
-3.178263e-04
5.476455e-04
-6.933824e-04
1.759299e-04
4.956239e-06
8.262302e-04
-1.897534e-03
-9.277647e-04
9.047423e-04
-4.787211e-04
7.661517e-04
3.629849e-04
-1.785814e-03
9.421804e-04
3.356817e-02
2.385777e-02
4.895049e-02
7.538425e-03
-6.727217e-03
5.156374e-04
-9.323491e-03
-1.607456e-02
1.262213e-03
3.764746e-02
-6.505391e-03
4.389912e-02
5.722505e-03
-2.635970e-02
4.078619e-03
-1.971513e-02
-3.548314e-02
-1.045788e-03
2.320469e-02
-5.354381e-03
2.305102e-03
2.706550e-03
-1.794336e-02
6.127266e-03
2.361776e-02
1.133927e-02
6.559899e-03
1.894729e-02
-1.226181e-04
-4.850104e-03
-4.904223e-03
-2.489468e-02
-3.869284e-04
-2.050449e-02
-2.303877e-02
-6.416894e-03
1.247894e-02
-3.705160e-02
-2.693619e-02
3.445126e-03
-1.452492e-02
-3.754666e-02
1.199262e-02
2.209451e-02
-2.603341e-02
3.765097e-03
-2.800482e-02
-7.858619e-03
-1.801980e-02
-8.007071e-04
-1.664951e-02
6.218728e-03
-3.320550e-02
-5.883593e-03
-6.497293e-03
5.678725e-03
-1.216222e-02
-3.310071e-02
-2.939760e-02
-1.014731e-02
8.903090e-04
-1.389046e-02
-1.252142e-02
3.261776e-02
3.385131e-02
9.893310e-03
4.351486e-02
3.088203e-02
1.876300e-02
2.591221e-02
1.967441e-02
9.923959e-03
-2.489192e-02
-2.298751e-02
1.156785e-02
-1.637351e-02
-2.581258e-02
-2.369407e-02
1.467599e-03
1.419815e-02
1.595506e-02
-9.788977e-04
2.490690e-02
7.663126e-03
1.071035e-02
2.796731e-02
5.619933e-03
-1.625921e-02
4.566769e-03
2.703628e-02
-1.240461e-02
-1.955391e-03
-1.084880e-02
1.660311e-02
-1.783717e-02
-2.472395e-03
1.349353e-02
1.680435e-03
8.265032e-03
-5.878967e-03
1.638884e-02
3.511409e-02
-3.047632e-02
2.080148e-02
-2.382847e-03
2.303642e-02
3.126245e-03
-2.026498e-02
1.197845e-03
3.007399e-02
-1.592429e-02
-2.050587e-02
-4.528154e-03
1.101125e-02
1.058248e-02
-8.300172e-03
9.500313e-03
3.030703e-03
8.013586e-03
1.796173e-02
2.636236e-02
7.826588e-03
2.010712e-02
1.908650e-02
-3.207702e-03
-4.828559e-03
1.264307e-02
2.049803e-02
-3.973584e-02
-1.769125e-03
-9.814242e-03
1.909924e-02
-5.837264e-03
-2.893546e-02
1.428187e-02
5.212324e-03
-4.470822e-04
8.980935e-03
1.144859e-02
3.920061e-02
2.207882e-02
-1.158001e-02
2.307902e-02
7.567616e-03
1.281734e-02
3.068018e-03
4.428003e-03
-2.893705e-02
-2.206945e-02
-4.301764e-02
-4.513578e-03
-2.278776e-02
-1.927319e-02
1.641062e-02
9.213222e-03
4.746985e-03
-1.015248e-01
-7.027848e-02
-8.745378e-02
5.384679e-03
7.292449e-03
-6.298936e-03
3.219809e-02
3.444983e-02
-6.384624e-03
-1.161978e-02
4.072594e-02
-5.469968e-04
6.700682e-03
-2.160402e-02
1.994931e-03
-1.136309e-02
3.573297e-02
1.564547e-02
1.560576e-02
-9.479190e-03
6.023855e-03
3.954642e-03
-2.850429e-02
-1.827045e-02
1.497966e-02
6.032372e-02
1.922304e-02
9.214018e-04
5.394581e-02
2.551759e-02
-3.025643e-02
-1.690446e-03
2.428390e-02
1.681730e-02
2.622936e-03
-4.731302e-03
1.176497e-02
2.484080e-02
-1.185502e-02
-2.650260e-02
8.830057e-03
2.004647e-02
2.052012e-02
3.004422e-02
1.224505e-02
-2.163763e-02
3.914378e-03
-3.555150e-03
-1.264690e-02
-2.415668e-02
-3.571278e-03
-7.347159e-03
4.026876e-02
3.783106e-02
-1.207421e-02
1.838239e-03
5.539032e-03
1.520546e-04
-8.586344e-03
-1.050625e-02
-4.480901e-03
-4.473839e-03
2.374633e-02
2.359667e-02
-1.433166e-02
-1.462079e-02
-2.725679e-02
-4.992151e-02
2.018869e-02
-9.247735e-03
-3.517044e-02
-2.141834e-02
6.880739e-03
4.615771e-03
1.050638e-02
-2.853117e-02
-1.284601e-02
-2.994043e-02
-5.297051e-04
-3.212561e-03
-3.598052e-02
3.048451e-02
1.363631e-03
5.142345e-02
-1.908121e-03
2.361982e-02
-7.492159e-03
-1.829421e-02
-7.985047e-02
-3.675529e-02
1.043047e-02
7.103525e-02
1.155705e-02
7.382852e-03
1.250259e-03
3.494717e-03
-3.774731e-02
9.251899e-02
-1.630053e-02
-6.119967e-02
-1.323037e-01
-9.755710e-02
-1.156886e-02
2.186185e-02
-1.958132e-02
-1.818034e-02
-4.822737e-03
-1.287280e-02
8.691369e-03
2.324074e-02
3.697296e-02
5.132794e-03
9.601230e-02
5.712010e-02
-1.206625e-02
6.308280e-03
-5.662353e-02
7.633962e-03
-1.128635e-02
5.319637e-03
2.163058e-02
2.460211e-02
-6.236839e-03
3.942996e-02
-3.671002e-02
-3.339658e-03
-4.541349e-02
1.878808e-02
-1.319406e-02
3.984159e-02
1.029882e-02
-3.042456e-02
8.584396e-07
5.568402e-07
-6.566334e-07
5.358757e-07
6.224347e-08
-1.045673e-06
1.214986e-06
1.354349e-07
-1.679545e-06
-4.432817e-07
2.492721e-06
3.190419e-06
-8.199992e-07
2.638245e-06
3.909446e-06
1.706622e-07
4.132910e-06
4.265923e-06
1.151328e-06
2.596418e-06
1.825946e-06
1.668728e-06
1.820994e-06
3.225977e-06
2.022004e-06
1.539737e-06
2.070880e-06
6.902712e-09
-4.034199e-07
2.230008e-07
2.794150e-07
-5.654896e-07
8.048445e-07
4.288752e-07
3.156100e-07
1.528655e-06
5.947799e-07
1.381766e-06
6.913439e-07
-3.338694e-08
6.909918e-07
-9.959305e-07
7.262846e-10
-2.929861e-07
-6.347801e-07
-1.909577e-06
-1.213077e-06
7.252809e-07
-1.535602e-06
-4.883489e-07
8.542763e-07
-9.986404e-07
-8.212129e-07
1.324774e-06
7.321503e-07
1.379273e-07
2.853044e-07
8.368519e-07
8.453173e-07
7.087687e-07
1.366980e-06
1.618355e-06
8.787289e-08
-1.155768e-06
-2.235147e-07
-1.667489e-06
-6.332232e-07
-1.042130e-06
-9.309091e-07
-3.096406e-08
8.395834e-07
8.811386e-08
2.607594e-07
1.285446e-08
-2.147656e-06
1.210588e-06
9.878073e-07
1.074580e-06
1.066613e-06
1.546671e-06
4.102608e-07
6.193083e-07
-1.940368e-06
-5.956441e-07
4.369438e-07
-2.211373e-06
-4.442487e-07
-4.403313e-07
-1.527276e-06
2.251696e-07
-3.865638e-07
-1.422961e-06
1.437551e-07
3.188899e-07
-1.774874e-06
5.733509e-07
-8.745162e-07
-1.826372e-06
8.015190e-07
3.718257e-06
3.518291e-06
2.705152e-06
9.113348e-07
1.478300e-06
1.034927e-06
3.221364e-06
2.868548e-06
2.035497e-06
-1.460825e-06
-1.544131e-06
5.013246e-07
1.683576e-06
-4.966406e-07
1.246516e-06
-4.141519e-06
-2.579224e-06
-4.849053e-06
4.595985e-07
1.416335e-07
2.561679e-07
1.177133e-06
1.542702e-06
1.619824e-07
5.860314e-08
-1.610986e-07
-8.223853e-07
2.077736e-06
-1.372920e-06
-2.814569e-07
8.284608e-07
-1.335809e-06
-1.511467e-06
-3.116454e-07
-1.567559e-06
-2.497176e-06
-1.443119e-06
7.839302e-07
-2.194467e-07
-1.436711e-06
3.730896e-07
8.302840e-07
-2.285923e-07
7.848892e-07
1.150924e-06
-1.182824e-02
-6.208213e-03
-1.565041e-02
2.318227e-02
3.288355e-02
2.905845e-02
1.290764e-02
1.949108e-02
7.911737e-03
-7.221090e-02
-2.804711e-02
-6.717291e-02
1.497060e-02
4.912464e-02
1.971265e-02
-3.148728e-02
3.107093e-03
-2.719983e-02
1.866509e-02
7.707167e-04
-4.705789e-03
2.268205e-02
1.532779e-03
-3.563698e-03
1.167633e-02
-2.483699e-03
-1.787759e-02
-4.506461e-03
-6.850470e-03
6.694507e-03
7.176905e-03
1.095109e-02
1.068036e-02
7.887533e-03
2.083409e-02
1.703173e-02
-2.792424e-02
-3.068789e-02
-2.238692e-02
2.918937e-03
1.182423e-02
5.985083e-03
1.776799e-03
5.371851e-03
-4.774977e-03
-3.172658e-02
1.780400e-02
8.658526e-03
-1.836024e-02
2.677457e-02
5.956722e-03
-2.655657e-03
9.050598e-03
4.360100e-03
-4.743282e-02
-4.179544e-02
6.460472e-03
-4.738874e-02
1.647027e-02
5.240135e-02
-2.042462e-02
2.718133e-02
5.659608e-02
6.726313e-03
3.125421e-03
1.160456e-02
2.119348e-02
2.652796e-02
2.857230e-02
-2.139763e-03
4.831959e-03
1.159687e-02
-2.237985e-02
-1.007087e-02
-4.064707e-03
-2.816888e-02
1.891119e-02
4.763594e-02
3.275826e-03
2.583229e-02
2.811486e-02
3.128481e-02
1.384359e-02
1.673465e-02
1.251245e-02
1.020334e-02
3.751024e-03
7.399589e-03
7.648345e-03
-1.535767e-03
-2.358401e-03
-1.313119e-03
4.141577e-03
-9.551789e-03
-4.117025e-03
-2.288636e-03
-4.849001e-03
1.467854e-03
1.333682e-02
1.599659e-02
1.256046e-02
-5.132313e-03
1.494389e-02
-4.854958e-03
5.493427e-03
-1.195334e-03
-4.269889e-03
1.205424e-02
-3.331674e-03
-3.069185e-03
3.371926e-03
-7.169050e-03
1.525302e-03
5.754724e-03
-1.081369e-02
-2.203376e-02
-1.167112e-02
-1.125533e-02
1.524894e-02
9.227372e-03
-6.531034e-03
5.987705e-03
1.204245e-02
-1.483928e-03
1.063926e-03
2.248255e-03
6.640957e-03
-1.142675e-02
-3.341087e-03
4.195728e-03
6.667261e-04
-2.332583e-02
5.087011e-03
7.899394e-03
7.923389e-03
1.543587e-02
-1.451276e-02
-5.087036e-03
1.736312e-02
-1.497060e-02
-2.662940e-02
1.118037e-02
-8.252803e-03
1.921433e-02
4.503877e-03
-1.160120e-02
-1.123910e-04
-3.572368e-03
-2.929964e-02
-3.117411e-02
6.836977e-03
-1.649463e-02
-8.124487e-03
-8.463668e-03
-5.754478e-03
1.331443e-02
-3.434577e-02
-3.553352e-02
-3.572967e-02
-1.496847e-02
-1.932371e-03
8.491515e-04
-1.770412e-05
-2.189331e-03
-1.512526e-03
-1.387692e-02
-2.011284e-02
-2.133377e-02
1.663652e-02
-5.266970e-04
-3.340562e-02
4.225129e-03
1.262737e-02
2.457167e-03
-3.229219e-03
6.213338e-03
-1.238000e-02
7.934883e-03
-1.334726e-02
-6.863315e-03
4.205982e-02
2.897106e-02
3.287434e-03
-1.315308e-02
-3.380793e-02
-3.119959e-02
-3.416285e-02
-2.742928e-02
-3.468296e-02
-9.930867e-03
-1.051478e-02
-2.054184e-02
-1.585031e-02
-3.365871e-02
-8.876530e-03
-3.396714e-02
-2.431351e-02
-3.268101e-02
-1.302833e-02
1.070447e-02
1.438177e-02
-4.655401e-02
-1.352159e-02
1.979944e-02
1.258597e-02
-1.633880e-03
1.557914e-03
1.126243e-02
3.156183e-02
2.067871e-02
-6.130191e-03
7.147104e-04
1.236299e-02
-4.547561e-03
1.566809e-03
2.954735e-04
-1.406206e-02
-8.021879e-03
1.923747e-02
-1.037461e-02
-3.863297e-02
-2.169785e-02
2.119706e-02
2.906794e-02
2.384660e-02
-9.457368e-03
7.336644e-03
8.363940e-04
6.289208e-03
1.027795e-02
-4.295130e-03
8.913668e-03
-6.825472e-03
-1.471025e-02
1.863463e-03
-1.304463e-02
-4.093965e-02
7.082414e-05
-4.435861e-03
-1.325956e-02
2.037755e-02
9.899672e-03
1.317516e-02
-4.939195e-02
-7.844532e-02
-2.784217e-02
-5.217587e-02
-6.209611e-02
-6.604445e-03
8.195966e-03
-8.134336e-03
-1.810961e-02
2.649426e-02
4.664338e-02
-8.435923e-03
-5.858079e-02
-1.008505e-02
-2.547424e-02
-9.899449e-03
1.265616e-02
-1.990839e-02
-2.252736e-02
-1.007974e-02
-1.432905e-03
2.037665e-02
3.615514e-02
4.111297e-02
-7.733230e-03
-2.956855e-02
-2.941995e-02
-8.453902e-04
1.079971e-02
8.390311e-03
-1.903179e-02
1.285927e-02
1.244435e-02
-2.368052e-02
-3.288788e-02
-2.712853e-03
1.388731e-02
-1.235381e-02
-8.414834e-03
1.453278e-02
2.236975e-02
1.833864e-02
-3.935980e-02
1.690293e-02
-4.177184e-03
