6.838376e-03
6.375224e-03
7.276561e-03
8.046440e-03
7.626449e-03
7.634481e-03
8.694618e-03
5.287937e-03
9.315286e-03
5.290446e-03
7.397749e-03
7.284874e-03
7.331842e-03
8.081364e-03
8.628488e-03
6.602341e-03
7.263585e-03
6.261262e-03
7.033272e-03
6.703179e-03
6.171497e-03
8.172812e-03
7.225988e-03
6.517127e-03
5.471084e-03
6.646727e-03
6.373939e-03
6.092372e-03
7.740902e-03
7.668965e-03
1.099800e-02
5.725933e-03
7.933277e-03
6.081682e-03
7.422093e-03
7.491695e-03
6.991066e-03
7.143991e-03
6.112467e-03
6.279784e-03
5.260886e-03
6.902942e-03
9.565585e-03
8.047875e-03
7.963357e-03
5.926794e-03
8.343770e-03
9.619783e-03
6.225136e-03
7.082948e-03
8.003871e-03
8.138523e-03
8.945540e-03
8.547477e-03
6.744353e-03
8.007004e-03
6.834014e-03
6.344447e-03
6.481308e-03
7.313034e-03
8.994418e-03
5.683311e-03
6.715307e-03
4.647927e-14
