-1.362720e-03
-2.120464e-03
-4.075295e-02
-3.058350e-02
-2.266077e-02
-2.263998e-02
-3.883303e-02
-4.944843e-02
-1.880137e-02
-3.018142e-02
-3.820464e-02
-2.556979e-02
-8.842871e-04
-6.825704e-02
-3.580644e-02
-6.370538e-02
-3.714800e-02
-2.878357e-02
-7.457050e-03
-6.139312e-02
-2.142498e-02
-1.296141e-02
-5.949280e-02
-5.530360e-02
-4.101243e-02
-2.921506e-02
-2.585521e-02
-3.596834e-02
-6.576008e-02
-9.327436e-03
-4.180883e-02
-6.184617e-02
-4.065443e-02
-2.924707e-02
-2.574560e-02
-4.781074e-02
-1.026705e-02
-2.715235e-02
-2.903732e-02
-2.515079e-02
-3.100737e-02
-7.788580e-02
-1.129411e-02
-5.908069e-02
-2.919827e-02
-5.500024e-03
-7.344832e-02
-3.300876e-02
-1.175883e-02
-3.368231e-02
-1.252740e-02
-2.084410e-02
9.090791e-05
-3.686213e-03
-4.435614e-02
-1.846907e-02
-1.179368e-02
-3.006411e-02
-6.171760e-02
-2.983550e-02
-7.750931e-02
-2.110844e-02
-7.422616e-02
-7.842083e-02
