9.188666e-03
9.879168e-03
6.177740e-03
7.449162e-03
6.946689e-03
7.563103e-03
7.606737e-03
9.143079e-03
8.593048e-03
4.691002e-03
8.459714e-03
6.446674e-03
7.276873e-03
7.131107e-03
8.691320e-03
7.401235e-03
3.347864e-03
4.340590e-03
5.554856e-03
4.133360e-03
4.324607e-03
6.043462e-03
6.330250e-03
3.199084e-03
2.577642e-03
3.867660e-03
4.003447e-03
4.437988e-03
4.189266e-03
3.868252e-03
6.512025e-03
3.335223e-03
2.466569e-03
4.603245e-03
4.780569e-03
2.854874e-03
4.114529e-03
5.269681e-03
4.007832e-03
3.520225e-03
3.447076e-03
3.908292e-03
3.642740e-03
5.534702e-03
3.380439e-03
5.034584e-03
5.347896e-03
3.605756e-03
7.446105e-03
8.725146e-03
7.149151e-03
7.222766e-03
7.312937e-03
5.097216e-03
6.884705e-03
6.295159e-03
5.821716e-03
7.781792e-03
8.249375e-03
7.190514e-03
8.170475e-03
7.474267e-03
5.794491e-03
5.557982e-03
