-7.953431e-02
-4.106971e-02
-8.179412e-02
-1.028369e-01
-2.151269e-02
-1.266386e-01
-2.458349e-02
-3.302701e-02
-8.477637e-02
-1.658020e-02
-4.869359e-02
-3.976881e-03
-5.094212e-02
-4.018600e-02
-7.283154e-02
-3.699755e-02
-1.566614e-02
-6.828987e-02
-5.696607e-02
-1.935850e-03
9.942894e-04
-7.156872e-02
-2.422850e-02
-3.667936e-02
-2.272440e-03
-3.785086e-02
-3.494008e-02
-1.074099e-03
-5.373869e-02
-6.110746e-02
-1.420332e-01
4.841785e-03
-5.170887e-02
-3.454613e-02
-7.143538e-02
-3.309311e-02
-6.764933e-02
-4.392060e-02
-6.455424e-02
-2.625512e-02
-2.266777e-02
-4.744106e-02
-5.069439e-02
-6.698373e-02
-6.174839e-02
-2.953975e-02
-5.240019e-02
-1.064883e-01
-3.004540e-02
-2.976252e-02
-6.265740e-02
-5.790744e-02
-3.265538e-02
-7.907904e-02
-1.832205e-02
1.203265e-02
-4.401121e-02
-2.170089e-02
-3.959778e-02
-7.085646e-03
-9.164694e-02
-2.872222e-02
-5.505817e-02
-1.005589e-07
