5.406839e-02
-1.311903e-02
-9.659856e-03
6.795171e-02
-5.054929e-02
-3.553172e-02
3.147133e-02
1.394736e-02
-8.431491e-03
-2.066086e-03
-1.266929e-03
-2.120107e-04
-2.973227e-03
-2.537541e-03
-2.906900e-04
-3.381795e-03
-3.227616e-03
-4.756796e-04
-4.308234e-04
-4.372415e-02
4.783297e-03
1.483532e-02
-5.444212e-02
8.372027e-03
4.050892e-02
8.666180e-03
1.327021e-02
7.168300e-03
3.383371e-02
6.532437e-03
-1.515538e-02
4.599202e-02
6.801477e-03
-4.483895e-02
4.836788e-03
-1.477079e-02
9.781919e-05
-2.833488e-04
-3.033977e-04
1.131843e-04
-2.713523e-05
-3.434562e-04
4.787043e-04
5.566734e-04
2.341915e-04
-3.451249e-02
-1.345973e-02
9.524658e-04
-3.047037e-02
1.777215e-02
-2.507002e-02
1.702769e-02
7.852959e-03
2.365395e-02
-1.714418e-03
-6.178961e-03
-3.552045e-03
1.216232e-03
-3.123643e-03
-1.919121e-03
3.397633e-03
3.233222e-04
3.753020e-06
3.291686e-04
1.052281e-03
3.024125e-04
2.169772e-04
8.641629e-04
6.273359e-04
-9.961873e-04
-3.649771e-04
-4.396140e-04
8.909277e-11
1.211887e-10
6.628539e-11
2.671635e-11
5.290977e-12
3.560835e-11
1.211061e-10
-7.802128e-12
-7.421606e-11
7.583806e-11
5.941064e-11
6.358304e-11
8.978365e-11
1.024310e-10
-2.654704e-11
7.143666e-11
2.007963e-11
-2.934553e-11
-1.140853e-04
-8.409036e-04
-1.101820e-03
4.266405e-04
2.031735e-04
-4.812301e-04
8.406002e-04
7.203288e-04
4.123106e-05
1.595838e-02
-1.037840e-02
3.638789e-02
-4.881596e-02
-8.956551e-02
-3.013874e-02
-2.817965e-02
-2.407105e-02
-3.780756e-02
7.965029e-03
-3.509346e-03
-1.841183e-02
-1.272748e-02
1.311563e-02
-1.528115e-02
-7.835378e-03
4.160444e-02
-2.542422e-02
1.888535e-10
1.642434e-10
2.042982e-10
3.077464e-10
1.449985e-10
1.879990e-10
2.528243e-10
1.396964e-10
1.004664e-10
4.756226e-03
3.591976e-02
-5.016130e-03
-3.736191e-03
3.266054e-02
2.125963e-04
-2.602849e-02
-1.264255e-02
-1.028184e-02
-1.342394e-12
-4.978724e-11
2.459403e-11
-2.537542e-11
-1.398690e-10
2.931385e-12
7.687984e-12
4.035610e-11
-3.782195e-11
3.589461e-10
-7.089464e-11
1.396505e-10
8.020619e-11
1.184759e-10
2.446537e-10
2.384367e-10
5.270223e-10
-5.316282e-10
1.706222e-11
4.166127e-11
9.215487e-11
5.771721e-11
2.709393e-11
-3.237545e-11
4.746861e-12
4.191153e-11
2.240093e-11
3.772492e-10
4.513833e-10
5.350086e-10
4.544994e-10
8.354554e-10
5.311293e-10
2.024061e-10
4.073181e-10
-1.811282e-10
-8.965521e-10
-1.180410e-09
-1.155442e-09
-6.721287e-10
-1.047350e-09
-1.123287e-09
-5.894126e-10
-1.142687e-09
-1.342477e-09
-5.164669e-11
-8.018453e-11
-1.095957e-10
5.921157e-11
3.021804e-11
-8.955929e-11
-7.036930e-12
-1.398982e-10
-5.216489e-11
-2.202122e-10
-2.283551e-10
-1.651047e-10
-2.287542e-10
-2.453578e-10
-2.484181e-10
-2.025646e-10
-2.410724e-10
-2.577324e-11
-1.003179e-11
-3.265688e-11
-3.215732e-12
5.003833e-11
3.647887e-11
2.817069e-11
9.034633e-11
8.593881e-11
9.868715e-11
-8.568091e-12
7.112835e-11
6.213205e-11
-3.129070e-11
-7.274188e-11
3.858028e-12
-1.174066e-10
-1.290189e-10
-1.021095e-10
2.253276e-11
-7.219604e-11
-3.208120e-11
-4.061516e-11
-4.894324e-11
-5.248667e-12
-1.730507e-11
2.935271e-11
-2.511559e-11
3.758481e-11
-8.725017e-11
-2.120253e-11
-1.352971e-11
-2.277517e-11
-9.145872e-11
1.894718e-11
6.686088e-11
-6.544872e-11
7.150772e-11
-7.111717e-12
1.263673e-10
-5.330201e-11
7.962042e-11
1.152171e-10
-3.774787e-11
4.059991e-11
2.433310e-11
-1.002528e-09
-4.276815e-10
-1.024629e-09
1.287766e-10
1.661975e-09
8.389105e-10
-6.712413e-11
1.191430e-09
5.617302e-10
1.271754e-10
1.388086e-10
3.121749e-10
-5.108011e-10
-6.915875e-10
-3.079676e-10
-7.763237e-10
-8.667644e-10
-4.494626e-10
1.279466e-11
-1.238267e-10
-1.107901e-10
4.586015e-12
-1.353261e-10
-4.432964e-11
-2.025995e-10
-9.351654e-11
-1.435839e-10
-7.850424e-10
-6.334449e-10
-4.039637e-10
-8.500254e-10
-7.797695e-10
-6.084911e-10
-7.144995e-10
-4.666681e-10
-5.318166e-10
2.054849e-11
4.771549e-11
7.892679e-11
-4.953593e-11
-4.565328e-11
-8.056816e-12
-5.810002e-11
-1.080925e-10
-9.014375e-11
-2.578431e-10
-2.895407e-10
-1.495317e-10
-2.184408e-10
-2.162528e-10
-1.728482e-10
-2.290295e-10
-1.633971e-10
-1.267220e-10
-2.678405e-10
-2.153581e-10
-1.379382e-10
-2.205772e-10
-5.729744e-11
-5.196495e-11
-2.168827e-10
-8.006557e-11
-3.716359e-11
-3.262802e-10
-2.504547e-10
-1.708526e-10
-2.203290e-10
-2.444959e-10
-2.727664e-10
-2.300233e-10
-1.633635e-10
-2.055622e-10
2.932370e-10
3.624737e-10
3.677359e-10
3.317532e-10
5.008057e-10
3.886423e-10
4.815949e-10
4.615881e-10
3.845884e-10
3.424529e-10
5.443541e-10
4.693562e-10
4.214795e-10
6.234573e-10
4.188146e-10
5.420707e-10
5.413009e-10
4.746652e-10
-1.520971e-10
-1.921816e-10
-6.494641e-11
-2.040256e-10
-2.134056e-10
-5.133356e-11
-2.155888e-10
-1.183062e-10
-1.335870e-10
2.175975e-10
1.887912e-10
1.436529e-10
2.192705e-10
1.411319e-10
2.837201e-10
1.606415e-10
2.906484e-10
3.363539e-10
-1.414480e-10
-6.961172e-11
-1.644099e-10
-9.684308e-11
-9.469349e-11
-1.191899e-10
-9.411191e-11
1.280396e-11
-2.668991e-11
3.973397e-10
4.564514e-10
4.440930e-10
4.891694e-10
4.068962e-10
4.037498e-10
4.763142e-10
5.026832e-10
3.798613e-10
3.281805e-10
3.831463e-10
4.257866e-10
3.690782e-10
2.711565e-10
3.605971e-10
3.827791e-10
4.017985e-10
3.319129e-10
-2.105308e-10
-1.870744e-10
-1.922362e-10
-1.860130e-10
-2.373788e-10
-2.659898e-10
-2.241969e-10
-1.858224e-10
-1.885563e-10
-2.150268e-10
-1.624371e-10
-2.703755e-10
-1.254494e-10
-2.404080e-10
-1.670994e-10
-2.722353e-10
-1.349232e-10
-2.794814e-10
4.429160e-10
4.950634e-10
3.380025e-10
5.097804e-10
5.749137e-10
4.227985e-10
4.615672e-10
5.728552e-10
4.907743e-10
-3.097514e-11
-9.765388e-11
-5.225053e-11
-3.172393e-11
-7.864109e-11
-7.728249e-11
1.011530e-10
-3.951585e-11
-4.665114e-11
4.157930e-10
4.574919e-10
5.576219e-10
4.468030e-10
5.028816e-10
4.599404e-10
4.361759e-10
4.757154e-10
5.819130e-10
3.476404e-10
3.051597e-10
2.529173e-10
4.284086e-10
4.093130e-10
3.257966e-10
3.891609e-10
4.278209e-10
3.634417e-10
-4.782122e-02
8.657185e-02
3.224878e-03
8.666971e-04
-9.761354e-02
-3.237385e-02
1.974924e-02
-1.030318e-03
2.597363e-02
3.089825e-03
4.404023e-03
2.927801e-03
2.529228e-03
3.167334e-03
2.242265e-03
4.304183e-04
1.788214e-03
1.684217e-03
1.714293e-02
3.102860e-02
-1.428668e-02
-2.467455e-02
-7.349394e-02
-1.375259e-02
3.079975e-02
1.480618e-03
3.225807e-02
4.082753e-03
-2.384301e-02
-4.202562e-03
1.695167e-02
3.476806e-02
-3.970199e-03
-1.892897e-02
7.312400e-03
-1.793640e-02
-8.204323e-04
-5.623893e-04
-8.143961e-04
1.961905e-04
3.148731e-04
3.197235e-04
2.615050e-04
-7.792106e-04
-9.608825e-04
-7.741281e-03
-7.285693e-02
4.174590e-02
-1.826268e-02
1.240576e-01
-3.423357e-03
-3.757286e-02
-2.879156e-02
-3.152994e-03
-1.501437e-03
-2.569171e-03
-1.428518e-04
3.969696e-03
2.560204e-03
2.991861e-03
9.520496e-04
-2.897458e-03
9.253388e-04
1.230495e-04
2.058383e-03
1.575423e-03
-3.861122e-04
1.742663e-03
7.007406e-04
-4.501238e-04
1.483668e-03
-4.201963e-05
-2.050730e-11
-2.190883e-10
-6.361252e-11
3.660106e-11
2.235867e-11
-7.343490e-11
4.800677e-11
-1.078554e-10
-5.532335e-11
-1.174673e-10
-1.052447e-10
-3.540220e-11
5.511243e-11
-7.062571e-11
9.048888e-12
2.762949e-11
-6.015490e-12
-7.676151e-11
-7.812759e-04
-1.129167e-03
-5.518136e-04
3.958328e-05
1.349509e-04
7.307841e-05
-1.537995e-04
-9.087720e-04
-1.132276e-03
3.970857e-02
4.305665e-02
-1.969012e-02
5.136536e-03
-8.791606e-02
3.542945e-02
-2.158444e-02
3.034053e-02
1.381428e-03
3.217481e-02
2.803002e-02
-1.202082e-02
-6.935395e-02
-1.134942e-01
-2.838657e-02
1.772909e-02
6.176218e-02
-2.604236e-02
-5.366496e-11
-9.527976e-11
-9.781365e-11
3.924274e-11
3.914827e-12
7.766554e-11
1.675524e-11
5.853562e-12
4.231133e-11
-1.006582e-02
-7.829962e-03
1.067927e-02
-1.370996e-03
3.128817e-02
-1.763337e-04
-1.771330e-02
-1.938923e-03
-2.409457e-02
-7.927686e-11
-1.687569e-10
-7.183598e-11
1.236322e-11
-1.298362e-10
-1.125641e-10
7.505448e-11
3.279535e-12
-5.337489e-11
1.730055e-02
-6.755479e-04
2.699049e-03
1.927622e-02
-6.321289e-02
-4.721734e-02
-2.475332e-02
-1.060048e-02
-1.341788e-02
2.086714e-03
2.405145e-03
-4.775474e-04
1.419089e-03
1.429939e-03
-9.377198e-04
-6.734460e-04
-5.645082e-06
-1.327599e-03
-4.782911e-02
-2.128393e-02
2.812064e-02
-3.180469e-02
-2.415113e-02
4.223158e-02
-1.319905e-02
2.064908e-02
4.596426e-02
1.002122e-01
6.544538e-03
-6.540666e-02
1.142281e-01
3.081971e-02
-8.879676e-02
4.255445e-02
-7.524776e-04
-6.725092e-02
2.628574e-03
2.650693e-03
2.499320e-03
2.751780e-03
3.064474e-03
3.041408e-03
3.092873e-03
3.098580e-03
3.000857e-03
2.409093e-02
-3.650140e-02
-7.644977e-02
1.889917e-02
6.522033e-02
5.888627e-03
-1.520722e-02
-3.461843e-03
3.256839e-02
-3.760458e-03
-7.619001e-03
-7.095643e-03
-1.955395e-03
-3.480430e-03
-1.779661e-03
1.222845e-03
-9.633168e-04
3.996869e-04
-2.767644e-03
-2.969457e-03
-3.554994e-03
-2.232546e-03
-2.073945e-03
-3.277810e-03
-2.604210e-03
-2.440673e-03
-4.017128e-03
8.470771e-11
1.319187e-10
-1.882447e-11
9.319545e-11
1.230053e-10
6.747603e-11
5.771432e-11
3.500016e-11
-1.521463e-11
1.055040e-10
-6.370535e-11
4.175238e-11
-7.768440e-12
5.946269e-11
-2.151590e-11
-7.113678e-11
-6.807517e-12
-3.997309e-11
-1.107809e-03
-1.718274e-03
-1.873301e-03
-1.739175e-04
-4.356600e-04
-3.795215e-04
9.875889e-04
2.853581e-04
7.279128e-05
2.526903e-02
-3.887462e-03
-3.704263e-02
-3.841899e-02
1.554517e-02
9.224714e-02
-7.690416e-02
1.821078e-02
9.495733e-02
-2.912608e-02
-2.744783e-03
2.318907e-02
-1.338844e-03
-3.186643e-02
-1.040026e-02
-3.876559e-03
1.198240e-02
-1.710733e-02
-3.679347e-11
1.129130e-10
-7.500936e-11
-8.349394e-12
-1.469051e-11
2.048109e-11
6.552303e-13
3.704347e-12
-9.017616e-11
1.118860e-02
1.671865e-02
3.096885e-03
-1.123374e-03
6.575217e-03
-1.413421e-02
-4.482976e-03
-1.967980e-02
-2.495950e-02
5.394493e-12
-8.482929e-11
-1.195025e-10
-5.706430e-11
-1.352430e-10
1.515205e-11
-2.766624e-11
-8.871972e-11
2.790654e-11
-1.285405e-02
-4.780797e-03
-1.720366e-02
-8.017519e-02
-5.289681e-02
3.046547e-02
-3.800854e-02
2.333023e-03
-4.349261e-03
2.851068e-03
1.467870e-03
-1.958678e-03
2.282394e-03
1.643970e-03
-2.348909e-03
1.315725e-03
8.666047e-04
-1.731936e-03
-2.901000e-02
3.044924e-02
3.520213e-02
-8.537979e-02
4.090596e-02
7.380626e-02
-4.815400e-02
8.027312e-03
2.319879e-02
-3.431930e-02
-8.526011e-03
-2.895880e-02
1.133466e-02
-3.249085e-03
-3.536137e-02
3.913790e-03
-5.065208e-03
8.145352e-03
1.104913e-04
8.603455e-04
1.753136e-03
-3.553361e-04
1.386187e-04
1.036518e-03
-4.612522e-04
-6.672576e-04
-2.044934e-04
4.807749e-03
-1.739448e-03
9.217899e-03
4.866777e-02
-3.819874e-02
-4.714841e-02
-9.512094e-03
-2.279833e-02
3.312684e-02
-5.669787e-03
-1.287277e-03
3.952880e-03
-6.130057e-03
-1.107693e-03
4.366856e-03
-5.716765e-03
-1.352683e-03
6.015163e-03
-2.898020e-04
-1.545161e-03
-2.949395e-03
-1.663791e-04
-1.704831e-03
-3.067415e-03
1.047422e-03
-8.095036e-04
-2.341285e-03
1.624576e-10
1.531635e-10
5.104818e-11
1.661326e-10
1.312715e-10
7.262270e-11
1.472417e-11
4.304318e-11
1.162564e-10
1.038656e-11
2.065939e-10
1.018561e-10
1.002403e-11
-2.784057e-13
5.921498e-11
-4.957196e-11
3.124274e-11
-8.141716e-12
-1.295605e-03
-7.864435e-04
8.575782e-04
-1.163139e-03
-8.116693e-04
8.448924e-04
-6.557755e-04
-6.307737e-04
8.182443e-04
1.772349e-02
7.069333e-03
-1.387993e-02
-7.174430e-02
-1.905584e-02
3.142834e-02
-2.008139e-02
-3.039540e-02
-1.780646e-02
-1.468864e-02
1.522610e-02
-1.912093e-02
-3.310699e-02
-3.108969e-03
8.894020e-03
4.257040e-02
-1.294596e-02
-5.697141e-02
1.250433e-11
6.975479e-11
5.111822e-11
4.054869e-11
1.096557e-10
1.958959e-10
-5.978501e-11
2.358731e-11
1.358424e-10
3.928869e-02
-5.572289e-03
-2.323536e-02
5.942027e-02
-2.801213e-03
-4.711088e-02
3.392829e-02
9.389139e-03
-2.561315e-02
-1.328972e-11
-1.540051e-11
-8.143388e-11
-8.613363e-11
-7.243634e-11
3.196774e-11
-1.845361e-11
-1.565133e-10
-5.224586e-11
3.684003e-03
1.527398e-02
-1.903671e-03
4.992433e-03
3.268873e-02
3.991031e-03
4.263145e-03
3.726899e-02
9.162775e-03
-7.186216e-04
-7.046166e-04
-3.066414e-04
-6.534628e-04
-6.403729e-04
-2.811818e-04
-3.862598e-04
-3.546847e-04
-7.992181e-05
5.099941e-03
-7.097795e-03
-9.332145e-03
1.047742e-02
1.871665e-04
-1.549834e-02
1.317050e-02
3.308278e-03
-1.728582e-02
2.815001e-03
5.842539e-03
-8.008922e-04
1.296780e-02
1.492466e-02
7.797766e-03
1.059766e-02
7.764990e-03
6.827365e-03
2.033055e-04
6.161715e-05
-1.764188e-04
5.922155e-04
5.009849e-04
2.139005e-04
5.559176e-04
4.565696e-04
2.878185e-04
-6.114738e-03
1.773001e-03
-1.057759e-02
5.577113e-04
9.063053e-03
1.072131e-02
-3.208215e-03
9.470237e-04
1.444796e-02
-1.439805e-03
-2.565981e-03
-2.956983e-03
-9.633079e-05
-8.256132e-04
-1.978388e-03
8.275562e-04
-1.860750e-04
-1.908503e-03
-3.040657e-04
-6.623517e-05
1.232313e-04
-1.834238e-04
2.197963e-04
2.063672e-04
-1.895769e-04
4.115491e-04
2.292770e-04
-2.653062e-11
-5.182365e-11
-4.504336e-11
-2.032569e-10
-5.818590e-11
-8.010613e-11
-7.161577e-11
-1.077670e-10
-7.638460e-11
7.699302e-12
3.886443e-11
6.310911e-11
4.479048e-11
-1.330069e-11
2.246858e-11
5.501095e-11
-1.594254e-11
3.591087e-11
-6.804549e-04
-4.431016e-04
-6.146119e-04
-2.573200e-04
-7.335170e-05
-2.921781e-04
3.131923e-05
1.230565e-04
-1.707295e-04
1.879983e-02
3.435894e-02
1.381876e-02
2.152392e-02
3.679455e-02
4.340931e-02
-3.866894e-03
2.798439e-03
2.923146e-02
1.206783e-03
1.010747e-02
8.084290e-03
-5.178396e-03
-2.362241e-03
-4.861309e-03
-2.911391e-03
-3.092543e-03
4.722768e-04
1.929514e-11
-2.358425e-11
3.845299e-11
-4.891015e-11
4.849796e-11
2.461069e-11
-4.827962e-11
9.853339e-12
7.509220e-11
2.638966e-03
1.192412e-02
1.988501e-02
-1.788078e-03
5.533161e-03
2.064149e-02
-8.043305e-04
4.712451e-03
1.891519e-02
4.879028e-11
2.670893e-12
1.192071e-10
-5.603723e-12
-1.747993e-10
-8.719894e-11
-2.489072e-11
5.486597e-11
-1.009600e-10
-8.983385e-11
-8.348527e-11
-8.537156e-11
-3.048918e-11
-8.033727e-11
-1.357456e-10
-6.164699e-11
-1.193267e-10
-1.778453e-10
-6.755271e-11
6.047949e-11
4.869624e-11
-5.848463e-11
5.356388e-11
3.315261e-11
-1.637450e-12
1.419361e-10
4.496160e-11
-6.074027e-11
-3.011040e-11
-9.009823e-11
-2.185390e-11
-7.580385e-11
-1.097290e-11
-1.433421e-10
-1.190122e-10
-1.090100e-10
8.276528e-11
1.342838e-10
1.207319e-10
1.643582e-10
9.276326e-11
6.224136e-11
7.077110e-11
1.364951e-10
1.784586e-11
-1.404315e-10
-9.255586e-11
-1.103282e-10
2.223760e-11
-8.212608e-11
-3.640657e-11
-2.050708e-11
-5.187703e-12
-4.540329e-11
5.840623e-11
-1.844610e-11
-4.528716e-11
-1.176380e-10
-2.450908e-11
-3.425218e-11
-1.180046e-10
-7.876762e-11
-5.438120e-11
-1.719546e-11
-3.599069e-12
4.575244e-11
-5.328780e-12
1.464587e-11
-9.800880e-12
1.286659e-10
2.101803e-11
5.500939e-11
-1.709751e-10
-7.490918e-11
-1.474952e-10
-1.273450e-10
-1.307037e-10
-1.420960e-10
-8.947297e-11
-9.736491e-11
5.752821e-11
7.907254e-13
1.010026e-10
1.145102e-10
3.471809e-11
2.065403e-11
-1.212221e-11
2.714431e-11
4.597273e-11
9.376794e-12
-3.755669e-11
-9.076992e-12
2.531525e-11
-8.338295e-11
-1.105105e-10
7.178611e-11
-1.418066e-11
-4.275441e-11
-6.416262e-11
-3.757146e-11
-2.537505e-11
4.431138e-11
-3.903812e-11
4.612947e-11
3.803964e-11
-9.729816e-11
9.080137e-11
8.227737e-11
-3.300040e-10
-1.896305e-10
-1.681520e-10
-1.035670e-10
-1.201641e-10
-9.829332e-11
-2.133095e-10
-2.607691e-10
-2.138627e-10
3.998112e-11
1.107453e-10
8.682753e-11
2.082726e-10
1.272306e-10
1.115314e-10
1.671924e-10
6.416254e-11
7.036271e-11
-1.200492e-10
-1.924282e-11
-3.130202e-11
-1.130217e-10
-9.196205e-11
-1.539192e-10
-1.158065e-10
-1.168979e-10
-7.843320e-11
-8.167429e-11
-1.572375e-10
-9.438832e-11
-1.040641e-10
-9.053781e-11
-8.521071e-11
-1.310463e-10
-8.023622e-11
-3.889243e-11
3.422296e-11
2.757141e-11
-5.692775e-11
-3.594872e-11
-7.145784e-11
-2.919026e-11
7.604781e-12
-9.200488e-12
-5.234501e-11
-1.597981e-02
-1.321083e-02
-1.087020e-02
-1.391419e-01
1.218380e-01
-3.518978e-03
-1.413328e-02
5.879837e-03
-1.154296e-02
-2.850996e-03
-5.648042e-03
-3.425722e-03
-2.213269e-03
-4.396191e-03
-3.292903e-03
-1.305399e-03
-2.124760e-03
-9.322602e-04
-2.202819e-02
4.260375e-02
-4.431632e-02
-4.725695e-02
8.244133e-02
-4.440876e-02
-1.975505e-02
1.367936e-02
-3.988237e-02
-3.280093e-03
2.402550e-02
2.447843e-02
3.979895e-02
-3.502974e-02
2.482208e-02
-1.233183e-02
-6.241153e-02
1.211473e-02
1.680539e-03
9.873712e-04
9.836142e-04
1.009344e-03
3.279459e-04
5.959604e-05
5.565995e-05
-1.877742e-04
1.762257e-04
8.875569e-03
3.289459e-02
-6.822160e-03
1.036071e-01
-1.539574e-01
9.882578e-02
-3.440091e-02
-2.693052e-03
7.956861e-03
2.889086e-03
5.113401e-03
2.249418e-03
1.799338e-04
2.276755e-03
-5.833920e-04
-1.083502e-03
7.243720e-04
-3.678315e-04
-2.406746e-03
-3.679246e-03
3.491293e-03
-3.056971e-03
-3.527198e-03
3.930702e-03
-3.220005e-03
-2.737342e-03
4.123000e-03
1.745327e-10
6.454359e-11
-1.220276e-10
-7.521396e-11
-2.313916e-11
-1.288106e-10
-4.942995e-11
-7.182605e-11
-5.640239e-11
-1.671275e-12
-1.702764e-11
-1.539893e-10
-1.041384e-11
-1.132959e-10
-2.186599e-10
-1.140321e-10
2.091814e-11
-9.728827e-11
1.351889e-03
8.930183e-04
2.849012e-03
1.292625e-03
2.347487e-04
2.141886e-03
8.604352e-04
2.441192e-04
2.032984e-03
3.358499e-02
-1.524498e-02
1.452838e-02
-3.775927e-02
2.363171e-02
3.057447e-02
1.923711e-02
-8.143938e-02
7.867640e-02
-8.030117e-03
-8.882387e-04
1.267839e-02
1.779366e-02
6.305442e-03
1.223614e-02
3.983460e-02
-8.663628e-02
1.988483e-02
-1.135930e-10
-6.277297e-11
-5.616109e-11
-2.372370e-11
2.096050e-11
-2.108846e-11
9.854575e-11
6.323125e-11
-9.750193e-11
7.757720e-03
-4.204565e-02
1.686188e-02
7.531280e-03
-4.949851e-02
4.746193e-03
1.789915e-02
-4.830078e-03
2.834343e-02
-6.793914e-12
2.546511e-11
-2.549280e-10
-3.753790e-11
1.499844e-11
-3.197880e-10
-1.148331e-10
-7.894412e-11
-2.311360e-10
3.087828e-04
-2.812061e-02
-3.814766e-02
-5.169740e-02
-3.386134e-02
-5.468713e-03
-1.630018e-02
-4.104948e-03
2.102804e-04
1.851406e-03
-8.417525e-04
-1.985978e-03
1.437461e-04
-9.769091e-04
-2.566284e-03
-7.585668e-04
-8.620024e-04
-2.672601e-03
-1.177686e-02
5.433285e-03
6.388757e-03
-3.686215e-02
1.251824e-02
2.254522e-02
-2.117174e-02
2.228543e-02
1.466419e-02
-7.577639e-02
-5.200364e-03
1.074096e-01
-7.632370e-02
-1.407335e-02
1.023678e-01
-9.393744e-03
-6.586328e-03
5.516727e-02
-4.059693e-03
-3.902799e-03
-3.566064e-03
-2.880952e-03
-3.058431e-03
-2.991966e-03
-1.862287e-03
-2.251965e-03
-2.387864e-03
-5.034093e-02
-7.934629e-03
2.352401e-02
5.219385e-02
4.855778e-03
-2.523939e-02
3.466615e-02
3.719078e-03
-9.822298e-03
-1.057736e-02
-2.893911e-03
3.051813e-03
-7.909069e-03
-1.154420e-03
3.372915e-03
-8.049730e-03
-1.519209e-03
3.996429e-03
3.014473e-03
1.697678e-03
-8.141919e-05
3.119571e-03
8.304191e-04
-5.049691e-04
2.285148e-03
-6.956510e-04
-1.813845e-03
-1.239940e-11
2.872471e-11
6.985678e-11
7.867819e-11
-8.775126e-12
2.351734e-11
2.099741e-11
1.547811e-11
1.332201e-10
-2.885001e-11
1.266390e-11
4.299695e-11
-1.226906e-11
-1.067008e-11
1.063911e-10
4.620833e-11
-4.520108e-11
1.175208e-10
-2.782504e-03
-1.332830e-03
-3.085324e-04
-2.109189e-03
-9.128391e-04
6.230498e-06
-1.970428e-03
-1.278553e-03
-2.338589e-04
-1.384700e-02
5.955635e-03
2.656251e-03
1.108362e-01
3.312557e-02
-9.694647e-02
1.163654e-01
1.954270e-02
-1.037308e-01
1.676339e-02
9.172155e-03
-3.768183e-03
-3.611221e-02
1.816422e-02
2.807277e-02
1.161241e-02
-3.636398e-03
-2.812057e-02
7.006147e-11
-3.378051e-11
-3.787168e-11
-3.005098e-11
6.160274e-11
-5.427788e-11
4.883860e-11
5.027080e-11
4.114100e-11
3.590869e-02
1.709307e-02
-1.473645e-02
4.248546e-02
4.730646e-03
-2.326632e-02
2.821551e-02
1.807698e-03
-8.057939e-03
-7.098057e-12
3.484718e-11
2.741243e-11
1.429999e-10
6.765308e-11
5.141220e-11
6.540704e-11
4.923353e-11
4.177473e-12
-1.165444e-10
2.434136e-11
-9.012109e-11
-2.825489e-10
-1.197186e-11
-9.450574e-11
-2.040577e-10
-4.961052e-11
3.663039e-11
5.357101e-11
-5.931292e-11
-1.431210e-10
-8.248955e-11
-1.143365e-10
-1.596931e-10
-1.866788e-12
-1.588933e-10
-2.190542e-10
-4.907898e-11
4.409290e-11
-2.557561e-10
-8.962615e-11
-1.625422e-10
-3.228751e-10
-2.308676e-10
-2.239676e-10
-3.172943e-10
2.375935e-10
2.483722e-10
2.828898e-10
2.460246e-10
3.011716e-10
3.198557e-10
3.299239e-10
3.087997e-10
4.090974e-10
2.622698e-10
3.433492e-10
2.437025e-10
3.972080e-10
3.818738e-10
3.838025e-10
3.443802e-10
3.922412e-10
3.190972e-10
-1.272684e-10
-1.808054e-10
-9.972544e-11
-6.626330e-11
-2.381259e-10
-2.614784e-10
-5.324946e-11
-2.471622e-10
-2.444378e-10
-7.689584e-13
-6.114734e-11
-1.346744e-10
1.726552e-10
-3.614207e-11
-8.335990e-11
1.495745e-10
6.448952e-11
4.411359e-11
-8.521889e-11
1.050943e-11
-6.150037e-11
-1.690892e-10
-4.445916e-11
-2.338810e-10
-1.946851e-10
-1.396479e-10
-2.421215e-10
2.921548e-10
2.952800e-10
3.337292e-10
3.710232e-10
3.013072e-10
3.755359e-10
3.073782e-10
3.207643e-10
3.962685e-10
1.196120e-10
2.002148e-10
2.838601e-10
2.273531e-10
3.132391e-10
3.128394e-10
2.814043e-10
3.304086e-10
3.661350e-10
-2.418774e-11
5.806824e-11
-2.037853e-10
-4.949590e-11
-1.649805e-10
-2.324945e-10
-2.548903e-10
-1.363528e-10
-2.928825e-10
-1.024748e-10
-3.878840e-11
-2.350994e-10
-1.304538e-10
-1.141083e-10
-1.933147e-10
-2.635565e-10
-1.364126e-10
-2.753008e-10
3.052445e-10
3.307591e-10
1.900979e-10
2.829544e-10
3.186858e-10
3.713974e-10
4.472582e-10
4.187149e-10
4.069595e-10
-1.865309e-11
2.856855e-11
-1.475898e-11
-1.380194e-10
1.865900e-11
1.791697e-11
-6.297936e-11
8.543773e-11
4.985016e-11
2.932069e-10
3.531757e-10
3.636073e-10
3.004708e-10
4.619863e-10
5.463578e-10
4.306793e-10
5.475171e-10
4.510723e-10
4.625488e-11
9.299941e-11
1.728880e-10
1.205158e-10
1.960497e-10
1.766299e-10
1.711346e-10
1.784004e-10
1.153806e-10
-1.724282e-02
-1.537952e-03
-8.633192e-03
-3.575853e-03
4.145590e-03
-1.480546e-02
2.536008e-02
1.704515e-02
-1.336449e-02
-3.668124e-04
-3.987070e-04
-4.966070e-04
-5.754406e-05
-2.038870e-05
4.091835e-05
-1.187436e-04
-1.509669e-04
-7.972622e-05
-3.518438e-03
5.027355e-03
6.970765e-03
-5.452989e-03
-3.665172e-03
-3.306088e-03
2.706036e-03
-7.125185e-03
-6.329737e-03
2.959078e-02
2.802829e-02
1.779433e-02
3.645273e-02
3.860263e-02
3.066749e-02
1.495003e-02
2.221424e-02
1.823879e-02
2.884204e-05
-4.775442e-05
4.647079e-05
4.180098e-04
3.501929e-05
-1.109458e-04
1.456875e-04
-2.646173e-04
-4.165619e-04
-1.054698e-02
2.671756e-03
3.595542e-03
-2.173188e-03
3.067557e-03
3.124093e-03
-4.667236e-03
2.030532e-03
-9.543715e-04
1.609536e-03
1.992301e-03
2.176934e-03
1.408887e-03
1.047139e-03
1.054111e-03
1.276270e-03
1.415818e-04
-1.313424e-04
-1.234317e-04
1.821762e-04
-1.762326e-04
3.214279e-04
6.430526e-04
2.419449e-04
2.552824e-04
6.782498e-04
3.563916e-04
3.121180e-10
3.477031e-10
3.637498e-10
5.170283e-10
3.291324e-10
4.285556e-10
3.914738e-10
2.916299e-10
4.513947e-10
3.595258e-10
3.291982e-10
4.459265e-10
4.453458e-10
3.608594e-10
4.573637e-10
3.438381e-10
3.740498e-10
4.250296e-10
-1.784908e-05
4.357053e-05
9.897840e-05
3.089011e-04
1.276813e-04
4.407276e-05
3.097657e-04
-5.707527e-05
-2.309777e-04
-4.874377e-03
4.346144e-03
5.283370e-03
-1.339127e-02
-1.328215e-02
-6.458534e-03
-3.650195e-02
-4.723053e-02
-3.701584e-02
-1.665803e-02
-2.125504e-02
-1.640401e-02
1.313498e-02
-1.480674e-03
-9.355457e-03
1.739345e-02
1.341879e-03
-6.848610e-03
-5.016148e-11
9.495136e-11
1.104514e-10
-5.972602e-11
-9.418683e-11
1.715800e-10
-4.824573e-11
1.072087e-11
1.632974e-10
-6.047484e-03
-9.699130e-03
-1.269463e-02
-1.109867e-02
-7.054977e-03
-7.129335e-03
-1.599036e-02
-5.832151e-03
-4.923362e-03
4.174150e-10
3.382888e-10
3.640911e-10
3.687798e-10
3.615495e-10
3.760063e-10
4.016990e-10
5.155809e-10
3.756851e-10
-2.813419e-11
-8.834522e-11
4.708817e-11
-3.433153e-11
2.076855e-11
1.377250e-10
-3.179976e-11
-3.871345e-11
-7.710282e-11
-8.089829e-11
2.600755e-12
1.148384e-10
-7.147608e-11
-3.220689e-11
1.825295e-11
-2.084888e-10
-6.849737e-12
-4.274427e-11
-1.616004e-10
5.553413e-12
6.556271e-11
-1.483479e-10
-7.570914e-11
5.858570e-11
-5.899452e-11
-1.618893e-11
6.713620e-11
-5.068612e-11
-5.896530e-11
-9.607461e-11
-1.750130e-10
-5.630811e-11
-2.516570e-10
-1.568854e-10
-1.300764e-10
-1.185642e-10
-2.049236e-10
-8.271680e-11
1.244615e-12
-1.225810e-10
-1.527906e-10
-1.177047e-10
-1.713126e-10
-1.457741e-10
4.654794e-12
4.270700e-11
8.923292e-11
1.559987e-11
-3.798432e-11
3.271535e-11
-1.412670e-11
-1.444936e-10
-1.286479e-11
1.720634e-11
-3.987196e-11
3.183383e-11
-4.667683e-11
-5.557420e-11
-8.896777e-11
-6.298225e-11
-1.202557e-10
-4.988363e-11
-1.039117e-10
2.014054e-11
-1.520089e-11
1.612671e-10
-8.896253e-12
-1.114512e-11
8.950811e-11
-1.195451e-10
-1.190114e-11
1.106711e-11
-3.692145e-11
2.190209e-11
-2.093888e-11
-1.653740e-10
-1.411660e-10
-2.097949e-11
-4.036268e-11
-1.437934e-10
-1.313601e-10
-1.481843e-10
-2.408135e-10
-9.726986e-11
-1.178342e-10
-9.036061e-11
-1.139256e-10
-2.062648e-10
-1.595647e-10
-4.769453e-11
-6.185401e-11
-1.729707e-11
1.024391e-10
4.387238e-11
2.985050e-11
1.160197e-10
3.686911e-11
4.420602e-13
1.397144e-10
-1.140690e-10
-5.953155e-11
2.188577e-12
3.274590e-11
-5.558976e-11
1.120769e-10
-4.632697e-11
-6.201280e-11
-3.773243e-12
-1.449489e-10
-1.375389e-10
-1.294585e-10
-9.432619e-11
-2.112658e-10
-1.260553e-10
-1.372718e-10
-1.470215e-10
-1.271983e-10
-2.814986e-11
-5.600823e-11
5.757613e-11
-2.817670e-11
-3.116834e-11
9.293769e-12
3.826074e-12
8.623433e-11
6.828200e-11
-7.335439e-11
-1.347391e-10
-1.635347e-10
-1.221720e-10
-8.237075e-11
-8.637861e-11
-4.120837e-11
-2.924423e-12
-8.109039e-11
-1.060559e-10
-2.246367e-10
4.577192e-12
-1.370895e-10
-9.536804e-11
-1.584373e-10
-1.986242e-10
-6.784073e-11
-7.838063e-11
-1.134101e-02
-1.387413e-02
1.832683e-03
7.464922e-03
4.092508e-03
-2.455630e-03
8.821422e-03
-8.452504e-03
-4.914825e-03
5.034294e-05
3.627382e-05
1.080512e-04
-2.807038e-04
-8.580370e-05
1.214081e-04
-5.754435e-04
-2.466180e-04
-2.670677e-04
-8.008721e-03
-6.528447e-03
7.250356e-04
-1.362171e-02
-1.422954e-02
-2.835607e-03
-1.778708e-02
-1.727679e-02
-9.163447e-04
-2.588763e-02
-3.135868e-02
-4.348708e-02
-1.755026e-02
-1.317835e-02
-2.950275e-02
-4.086896e-02
-3.231838e-02
-4.225858e-02
5.416044e-05
2.406744e-04
3.705078e-04
1.283894e-04
3.524238e-04
6.328501e-04
1.582644e-04
3.173222e-04
6.538381e-04
-3.948765e-03
2.550604e-02
-3.738319e-03
-1.053319e-02
1.081517e-02
1.483822e-03
-2.475280e-03
9.620458e-03
-6.128005e-03
-2.072443e-03
-1.583687e-03
-1.613431e-03
-1.115055e-03
-1.279383e-03
-1.168462e-03
-2.013659e-03
-1.898888e-03
-1.010844e-03
1.272099e-04
3.672041e-04
3.809001e-04
-9.717665e-05
7.873597e-05
1.073265e-04
-9.374134e-05
-3.206290e-05
-2.120182e-04
-4.481172e-11
-5.277825e-11
-8.050833e-11
-4.701706e-11
-2.833915e-11
-7.255011e-11
4.978586e-11
1.054214e-12
-7.439564e-11
5.412539e-11
-9.902072e-12
9.472872e-11
4.055215e-11
-3.666775e-11
1.981015e-11
2.549847e-11
-4.835209e-12
-2.168925e-11
-6.845358e-04
-4.710885e-04
-4.093872e-04
-4.310723e-04
-4.239629e-04
-3.635779e-04
-8.002112e-04
-7.440024e-04
-5.575334e-04
3.501903e-02
3.772994e-02
2.958567e-02
1.124313e-02
4.135394e-02
3.789278e-02
-3.144426e-02
-2.133906e-02
1.359290e-02
8.697622e-03
-7.878141e-03
-2.536712e-03
7.096560e-03
6.385530e-03
4.167257e-03
-1.646874e-02
-1.238229e-02
-1.071188e-02
4.397136e-11
-2.745798e-11
-5.485799e-11
1.085702e-10
3.519528e-11
6.226583e-11
-7.499972e-12
-7.706083e-11
1.261454e-10
-3.178346e-03
3.193256e-04
3.806342e-04
-9.300528e-03
-8.875028e-03
-8.012102e-03
2.593261e-03
-4.906536e-05
-6.119219e-03
9.139965e-11
1.498023e-11
-6.405901e-11
1.409174e-10
-8.432138e-11
4.991230e-11
-1.408894e-11
4.493864e-11
7.581307e-11
-2.077831e-02
-1.886004e-02
-2.040404e-02
3.629553e-03
1.668673e-02
1.490293e-02
-1.466868e-02
8.351224e-03
1.675891e-02
-1.737155e-03
-1.766894e-03
-1.665467e-03
-1.748432e-04
-9.336970e-05
-1.873948e-04
2.099993e-04
1.687381e-04
-2.717720e-04
-1.502028e-02
-9.949836e-03
-2.141142e-02
2.101942e-02
2.764972e-02
1.340987e-02
-5.456985e-03
6.889335e-04
-1.073582e-02
-2.221779e-02
-2.193529e-02
-2.020678e-02
8.012122e-03
7.741833e-03
7.637030e-03
9.960301e-03
7.771932e-03
6.870049e-03
2.855279e-04
4.448296e-04
6.241245e-04
4.408412e-05
3.136191e-04
5.580980e-04
-5.018464e-05
2.100646e-05
-3.672221e-05
-1.192688e-02
-1.411733e-02
-8.433015e-03
4.064885e-03
-6.831573e-03
-4.441190e-03
6.714997e-03
-1.906286e-03
-4.073680e-03
7.788175e-04
1.117503e-03
8.999364e-04
-1.905523e-03
-1.255594e-03
-2.025142e-03
2.874749e-04
5.154975e-04
-4.707827e-04
-2.421634e-03
-2.637482e-03
-2.553085e-03
-1.719933e-04
-1.523426e-05
1.653377e-04
3.779699e-04
4.909359e-04
6.935929e-04
7.814447e-11
5.956279e-11
6.773557e-11
-1.194851e-12
-4.633497e-11
2.814380e-11
2.760225e-11
6.668759e-11
9.293240e-12
1.245653e-10
1.253258e-10
1.385544e-10
6.793075e-11
-2.383712e-11
6.726876e-11
5.014859e-11
8.933483e-11
4.680999e-11
-4.460846e-04
-4.761886e-04
-5.037410e-04
-1.553708e-04
-1.733944e-04
-2.231864e-04
3.621365e-04
2.059136e-04
-4.687497e-06
-5.396573e-03
-7.024207e-03
-2.198077e-02
1.473968e-02
1.681436e-02
1.629097e-02
-2.636783e-03
-7.462842e-03
1.158892e-02
-4.485574e-02
-4.958468e-02
-5.289584e-02
4.521929e-02
4.855813e-02
5.477016e-02
-5.126279e-04
-1.730896e-03
-2.825822e-03
2.964594e-11
1.614381e-10
8.699014e-11
-8.822604e-11
-4.800944e-11
-7.215330e-11
-1.150057e-10
-1.503348e-10
-2.723983e-11
1.291232e-02
1.167058e-02
1.767363e-02
-3.718080e-03
-7.408326e-03
-1.779214e-03
9.445072e-04
-6.724297e-04
7.854342e-03
1.419066e-10
1.903560e-10
1.941177e-10
7.162404e-11
8.495093e-11
6.172643e-11
5.208007e-11
6.194388e-11
5.166105e-11
3.301225e-11
3.500594e-11
7.875537e-11
-9.091315e-12
7.286394e-11
3.032184e-11
1.176896e-10
1.556166e-10
-9.459519e-11
-4.872321e-11
-1.482145e-10
-6.024141e-11
-1.099182e-10
-1.035510e-10
-1.537324e-10
-1.149721e-10
-1.648000e-10
-6.299489e-11
-1.425562e-11
-1.933930e-11
-9.921132e-11
-1.077528e-10
-1.304317e-10
-1.347766e-10
2.309104e-11
-3.220667e-11
-4.639417e-11
-9.785173e-11
-5.193075e-11
-2.014269e-11
-9.090900e-11
-6.509516e-11
-4.377643e-11
-5.037187e-12
-1.700988e-10
-5.280709e-11
-2.637950e-11
-8.660653e-11
9.484882e-12
-1.046001e-11
-3.744695e-11
4.347490e-11
2.378165e-11
-9.987446e-11
-3.667195e-11
-1.255724e-10
-1.890440e-11
-8.230270e-11
-4.968104e-11
-1.158008e-10
-8.732477e-11
7.717052e-11
1.032634e-11
-5.800196e-11
3.276662e-12
-1.336150e-10
-6.767978e-11
2.918756e-11
-7.896545e-11
-5.250866e-11
-1.373871e-11
-7.466085e-11
-1.115698e-11
7.453869e-13
6.579717e-11
4.999621e-11
-8.722525e-11
-1.190055e-10
-9.156058e-11
3.218056e-12
7.970766e-12
-9.072958e-11
-1.301471e-10
-9.957400e-11
-9.202122e-11
-1.027005e-10
-7.728581e-11
-7.478752e-11
-2.199406e-11
-3.624342e-11
-2.228257e-12
-5.806343e-11
-1.505397e-10
-1.043819e-10
-9.608354e-11
-3.868583e-11
-1.542382e-10
-2.876344e-11
9.782761e-12
-8.067780e-11
3.721893e-11
8.146350e-11
-4.177762e-11
3.348431e-11
-3.964986e-11
-7.414282e-11
-3.972577e-11
-4.774925e-11
-1.189023e-10
-1.208792e-10
-9.677829e-12
-1.056488e-10
-4.732410e-11
-1.466169e-10
-4.225327e-11
4.068817e-11
5.879583e-12
-1.346284e-10
-1.570311e-10
-3.905559e-11
-1.505335e-11
-1.315797e-10
-1.015077e-10
5.246148e-12
-1.566180e-10
-1.570289e-11
-7.222488e-11
-5.818950e-11
3.606466e-11
3.651045e-12
-3.826305e-11
3.843715e-11
-1.425144e-10
-4.968760e-11
1.416190e-10
-6.302058e-12
-8.097876e-11
-8.222276e-11
-4.061067e-11
-4.185506e-11
-1.546900e-10
-5.191746e-11
1.305538e-11
-7.279709e-12
-8.436521e-11
-1.916017e-11
-5.838306e-11
-8.259212e-11
-6.549949e-11
5.516636e-11
-3.812871e-11
-4.326556e-11
3.926167e-11
2.425556e-11
