-9.542551e-02
-1.008567e-01
-5.481307e-02
-9.903192e-02
-1.308220e-01
8.044650e-02
-8.270393e-02
-1.976125e-02
-1.079741e-01
-9.955408e-02
-4.735741e-02
-8.310398e-02
1.085326e-01
1.578665e-01
-6.882542e-02
-2.165763e-02
-7.943454e-02
-1.758484e-02
-4.971362e-02
9.655349e-02
-1.315402e-01
-3.169255e-02
-9.120648e-02
-1.206408e-01
3.220938e-03
-1.298194e-01
1.001164e-01
-1.148770e-01
8.838694e-02
-1.056209e-01
-1.161706e-01
-9.024724e-02
-1.314984e-01
-4.771448e-02
-8.934229e-02
-1.097739e-02
4.529857e-02
-7.890072e-02
-1.812200e-02
-7.364405e-02
-4.870531e-02
2.651814e-02
6.911707e-02
4.104796e-02
-1.168439e-01
-3.781689e-02
1.958427e-03
6.077940e-02
-1.453702e-01
-1.415434e-01
-1.977276e-01
-4.722129e-02
-1.130834e-01
8.212231e-02
-8.540733e-02
-1.278271e-01
1.036249e-01
-4.527588e-03
-3.330854e-02
-2.306543e-02
-3.380711e-02
-7.602891e-02
8.999199e-02
-9.540471e-02
