-1.073889e-01
-8.949987e-02
-1.213334e-01
-1.377441e-01
-8.877316e-02
-9.896412e-02
-1.015093e-01
-1.115999e-01
-1.189837e-01
-1.047862e-01
-1.176789e-01
-8.854904e-02
-8.973648e-02
-7.260206e-02
-1.239416e-01
-2.981689e-02
-8.450289e-02
-1.027772e-01
-1.089053e-01
-9.933084e-02
-1.062246e-01
-5.291812e-02
-7.379882e-02
-1.080875e-01
-5.013760e-02
-1.067960e-01
-9.125732e-02
-8.823213e-02
-1.151064e-01
-2.176872e-02
-7.646490e-02
-1.207497e-01
-7.757395e-02
-1.247159e-01
-7.519088e-02
-1.169243e-03
-8.586664e-02
-7.181595e-02
-3.928359e-02
-8.907517e-02
-9.426653e-02
-1.399498e-01
-1.068457e-01
-1.293567e-01
-1.029807e-01
-1.482237e-01
-9.665695e-02
-8.775081e-02
-4.978071e-02
-1.180026e-01
-1.017797e-01
-1.261728e-01
-8.984003e-02
-1.463132e-01
-1.061892e-01
-1.017774e-01
-4.545422e-02
-9.752758e-02
-1.494120e-01
-1.188970e-01
-7.729112e-02
-1.085559e-01
3.652265e-02
-1.098087e-01
