1.819517e-05
-6.635936e-06
1.333956e-03
-3.248142e-04
-1.303982e-03
2.124669e-03
1.967871e-04
-1.412642e-03
-3.256611e-04
-3.361256e-04
2.651946e-04
-1.184499e-03
1.404317e-03
-3.153308e-04
-3.419578e-03
1.538971e-03
1.087048e-03
9.146050e-04
-4.025321e-04
1.408510e-03
4.751302e-04
1.807486e-04
2.035742e-04
-6.611428e-04
4.140361e-04
-4.768887e-04
-4.045923e-06
-8.265914e-04
1.555979e-03
-2.026896e-03
1.326524e-03
6.654261e-04
-7.778246e-06
1.122456e-03
2.600998e-03
7.286912e-04
-1.482168e-03
3.463748e-04
6.227838e-04
-5.658351e-04
7.161620e-05
3.865542e-04
-1.656736e-04
-8.439826e-05
4.583916e-04
8.274906e-04
-1.710859e-04
6.107613e-04
-2.090321e-03
1.283931e-03
-1.855367e-04
-1.439687e-03
-3.896302e-05
4.278633e-04
-1.055458e-03
-9.060769e-04
-1.106148e-03
-4.323247e-04
2.147317e-03
5.950816e-04
1.733872e-03
2.987878e-03
9.438472e-04
1.024982e-03
