-2.936576e-05
-1.717355e-04
7.462880e-04
5.582083e-04
-1.607127e-04
4.456104e-03
-7.436399e-04
1.078976e-03
-2.055107e-03
2.443762e-03
-1.468126e-03
8.739253e-04
2.071639e-04
-1.351700e-04
-4.143904e-04
1.548443e-04
9.869341e-04
1.074615e-03
1.835023e-03
-3.585644e-05
4.580408e-04
-1.395028e-03
-2.755971e-04
2.215446e-04
-7.218727e-04
3.039711e-04
5.138668e-04
-5.358129e-05
1.125181e-03
-1.850773e-03
-1.000845e-04
1.305210e-03
2.002622e-03
2.130288e-04
-4.960079e-04
-7.255026e-04
1.628961e-04
6.212983e-05
-5.649423e-04
1.041401e-03
2.494438e-04
-8.305883e-05
-9.153026e-04
3.899799e-04
-5.643038e-04
1.915460e-03
-9.317407e-04
7.299776e-04
-1.359387e-03
1.228146e-03
-1.130438e-03
3.284561e-04
-1.279508e-04
-2.522940e-03
8.811869e-05
-1.353325e-03
-1.688969e-03
-9.625907e-04
-2.025111e-03
-8.556690e-04
1.089207e-04
2.056488e-03
5.957732e-04
2.848507e-03
