1.000128e-01
8.838575e-02
1.155988e-01
1.256456e-01
1.058771e-01
1.036248e-01
1.033096e-01
1.219805e-01
9.291268e-02
9.471643e-02
1.234477e-01
9.238661e-02
1.068900e-01
9.790070e-02
1.175754e-01
9.237096e-02
1.075476e-01
1.051700e-01
1.049956e-01
1.090350e-01
1.013431e-01
9.228449e-02
1.005752e-01
1.331613e-01
9.603129e-02
9.902887e-02
1.024465e-01
9.466579e-02
1.166036e-01
7.739854e-02
1.049548e-01
1.018286e-01
9.660642e-02
1.056711e-01
9.789097e-02
8.387645e-02
1.011098e-01
9.835009e-02
9.782778e-02
8.831649e-02
1.069757e-01
1.287670e-01
1.166093e-01
1.114976e-01
9.487586e-02
1.176748e-01
1.078636e-01
9.067059e-02
1.024251e-01
1.043874e-01
8.922054e-02
1.098086e-01
9.470077e-02
1.184918e-01
1.052148e-01
1.236537e-01
8.442691e-02
9.799365e-02
1.239361e-01
1.008659e-01
1.061492e-01
9.792448e-02
1.059057e-01
1.398617e-01
