1.398781e-01
1.514392e-01
1.497024e-01
1.771508e-01
1.655965e-01
1.659583e-01
1.381607e-01
1.428716e-01
1.687161e-01
1.764426e-01
1.330489e-01
1.668743e-01
1.838623e-01
1.674563e-01
2.037780e-01
1.576268e-01
1.174241e-01
1.294482e-01
1.421094e-01
1.616743e-01
1.028163e-01
1.614403e-01
1.219942e-01
1.343371e-01
1.278110e-01
1.083296e-01
1.102383e-01
1.259954e-01
1.263231e-01
-1.754510e-01
1.877523e-01
1.469093e-01
1.532303e-01
1.525816e-01
1.485512e-01
1.786787e-01
2.038827e-01
1.354678e-01
1.658878e-01
1.467436e-01
1.552384e-01
1.195548e-01
-1.300537e-01
1.622831e-01
1.009261e-01
1.004758e-01
1.195243e-01
1.218114e-01
1.970783e-01
1.614572e-01
2.077990e-01
1.761058e-01
-1.398771e-01
2.208949e-01
1.496750e-01
1.920802e-01
1.843405e-01
1.696180e-01
1.750117e-01
2.121667e-01
1.378281e-01
1.995157e-01
1.874184e-01
1.665132e-01
