-6.854901e-02
-1.109990e-01
-1.386900e-01
-8.755551e-02
-1.029498e-01
-9.402451e-02
-9.297731e-02
-9.885086e-02
-7.456832e-02
-1.177928e-01
-1.071034e-01
-9.877570e-02
-1.246811e-01
-1.102364e-01
-1.361842e-01
-9.290230e-02
-1.108750e-01
-9.089359e-02
-9.336264e-02
-1.293322e-01
-1.143843e-01
-9.234617e-02
-8.366316e-02
-1.339449e-01
-7.213206e-02
-7.528219e-02
-1.197513e-01
-8.806035e-02
-1.429176e-01
-7.046972e-02
-6.457387e-02
-1.021360e-01
-7.854319e-02
-9.770954e-02
-9.924261e-02
-9.248516e-02
-1.252632e-01
-1.270519e-01
-9.280432e-02
-1.064687e-01
-1.058886e-01
-6.001515e-02
-7.616323e-02
-1.160385e-01
-9.024171e-02
-8.424645e-02
-5.893362e-02
-1.455569e-02
-1.038520e-01
-1.314308e-01
-1.020504e-01
-9.955557e-02
-1.072804e-01
-7.180202e-02
-1.065388e-01
-1.527387e-01
-1.140333e-01
-1.235545e-01
-7.665225e-02
-1.628997e-01
-9.781587e-02
-1.011518e-01
-1.151154e-01
-2.600519e-07
