1.030917e+00
1.120910e+00
1.255697e+00
1.012345e+00
1.086769e+00
9.134376e-01
1.275457e+00
1.125494e+00
1.209404e+00
1.041667e+00
9.687499e-01
8.672602e-01
1.013338e+00
9.269565e-01
9.013414e-01
1.233840e+00
5.259600e-01
1.200419e+00
8.477443e-01
1.063357e+00
8.904023e-01
1.265259e+00
1.004965e+00
1.204139e+00
7.815724e-01
1.117165e+00
6.121600e-01
1.336274e+00
8.125069e-01
8.274956e-01
1.164039e+00
9.064946e-01
1.110490e+00
8.096652e-01
1.045321e+00
8.581452e-01
1.113791e+00
9.128729e-01
8.488394e-01
1.195296e+00
8.049526e-01
9.560003e-01
1.050527e+00
1.102541e+00
1.269944e+00
1.134900e+00
9.918373e-01
7.902028e-01
1.008498e+00
8.018579e-01
1.087161e+00
1.269833e+00
1.139723e+00
8.021280e-01
1.414241e+00
1.188965e+00
8.840960e-01
7.245662e-01
1.153938e+00
7.469350e-01
9.685618e-01
9.420044e-01
9.123020e-01
1.019667e+00
