-7.879017e-02
-3.268290e-02
-2.072514e-02
-3.243734e-02
6.411966e-03
-1.071777e-02
-3.786772e-02
3.946525e-02
-3.409438e-02
-5.137904e-02
2.328604e-02
-1.098906e-02
-8.200738e-03
-1.285140e-02
-1.612352e-02
-4.714259e-02
3.856331e-02
3.192923e-02
-4.597478e-02
-7.648100e-03
4.173101e-02
1.991857e-05
2.955453e-02
-2.606482e-02
-2.646752e-02
-5.497731e-02
-2.084260e-02
1.362515e-02
-6.721195e-03
7.082413e-03
-7.440103e-02
-5.669018e-02
-7.287328e-02
-2.146489e-02
2.903027e-02
-5.696721e-02
-7.101575e-02
-1.656658e-02
-2.940203e-02
-4.488561e-02
-7.493354e-02
-3.509945e-02
1.689392e-02
1.206445e-02
6.478430e-03
6.624658e-02
3.392711e-02
6.650694e-02
-7.756419e-02
-2.115826e-02
-2.209869e-02
-2.675633e-02
-2.464891e-02
-5.359941e-03
-2.462541e-02
-6.891056e-02
-7.199094e-02
-1.825619e-02
-7.831673e-02
-2.282993e-02
-5.410146e-03
-6.177034e-03
-9.000682e-02
-4.888499e-02
