2.342598e-01
4.456433e-01
7.941266e-01
5.562027e-01
-3.897420e-01
1.217281e+00
5.876230e-01
1.002768e+00
7.607239e-01
7.510247e-01
3.656088e-01
1.068652e+00
6.741573e-01
5.253746e-01
6.584178e-01
6.103842e-01
6.078371e-01
-5.343798e-01
8.774596e-01
5.806245e-01
4.507384e-01
5.377302e-01
7.575478e-01
7.252526e-01
2.230585e-01
7.216693e-02
5.857974e-01
4.030039e-01
-5.641680e-01
-6.566080e-01
5.821991e-01
5.278011e-01
7.267747e-01
-3.501711e-01
6.557193e-01
5.669822e-01
6.553697e-01
5.488318e-01
9.360071e-01
3.981810e-01
4.504295e-01
7.028934e-01
3.484281e-01
4.362881e-01
1.770675e-01
5.189568e-01
3.677400e-01
7.933887e-01
1.009495e+00
-8.059835e-01
-8.622418e-01
8.626363e-01
-3.440553e-01
8.304568e-01
4.702749e-01
8.382487e-01
9.120246e-01
4.719882e-01
6.907427e-01
9.353500e-01
-2.689481e-01
8.488210e-01
8.086662e-01
8.162761e-01
