-1.278745e-01
-1.577237e-01
-1.419769e-01
-1.899717e-01
-1.394217e-01
-1.474861e-01
-1.381050e-01
-1.480395e-01
-1.448056e-01
-1.063398e-01
-1.263530e-01
-1.336637e-01
-1.333701e-01
-1.667191e-01
-1.196642e-01
-1.307376e-01
-1.140287e-01
-9.796742e-02
-1.327668e-01
-3.036591e-08
-1.827622e-01
-1.870085e-01
-1.477910e-01
-1.397074e-01
-8.956662e-02
-1.254025e-01
-1.537244e-01
-1.084021e-01
-1.327062e-01
-1.613944e-01
-1.434362e-01
-1.035048e-01
-1.557943e-01
-9.087127e-02
-1.216856e-01
-8.577476e-02
-9.596325e-02
-1.756743e-01
-1.035653e-01
-1.044077e-01
-1.413465e-01
-1.330010e-01
-1.225401e-01
-1.723276e-01
-1.076346e-01
-1.656223e-01
-1.583807e-01
-1.333627e-01
-1.032221e-01
-1.200186e-01
-1.100858e-01
-1.541129e-01
-1.347244e-01
-1.527955e-01
-1.384345e-01
-9.765445e-02
-9.850655e-02
-1.246284e-01
-8.486822e-02
-1.146355e-01
-1.151846e-01
-1.264537e-01
-1.559432e-01
-1.363946e-01
