9.192425e-04
9.933776e-04
8.518307e-04
9.424030e-04
8.118440e-04
7.626808e-04
6.873910e-04
9.550957e-04
9.778837e-04
9.526755e-04
5.817935e-04
6.212030e-04
7.448871e-04
8.637355e-04
1.191491e-03
1.081387e-03
3.329141e-04
6.273980e-04
5.875008e-04
6.397361e-04
6.392717e-04
3.705311e-04
5.953588e-04
5.411413e-04
3.189902e-04
5.470534e-04
4.567208e-04
5.537017e-04
4.725833e-04
2.582243e-04
6.075528e-04
7.125915e-04
6.135599e-04
3.659620e-04
7.593610e-04
5.327138e-04
3.199241e-04
4.838752e-04
4.485875e-04
5.653543e-04
5.746100e-04
4.473027e-04
4.932249e-04
7.077932e-04
5.378897e-04
5.042583e-04
5.274696e-04
4.943006e-04
7.827134e-04
7.962580e-04
8.811075e-04
8.456175e-04
7.545446e-04
1.024368e-03
6.610216e-04
1.080606e-03
8.580915e-04
6.531288e-04
9.420689e-04
6.820191e-04
9.350565e-04
7.028530e-04
1.022048e-03
8.350705e-04
