-7.773898e-02
-7.021811e-02
-3.086220e-02
-8.350674e-02
-4.610136e-02
-8.025431e-02
-2.630533e-02
2.340379e-02
-1.029663e-01
-7.866047e-02
-2.288068e-02
-3.772338e-02
5.481460e-02
-6.594773e-02
-3.931297e-02
2.284192e-02
4.726630e-03
1.048093e-02
-7.081787e-02
-3.498617e-02
7.627600e-04
-3.072093e-02
-3.393078e-02
-5.238061e-02
-1.454868e-02
-4.748344e-02
-3.735954e-02
1.164114e-03
-2.399002e-02
-2.201747e-02
-1.230557e-01
-1.050221e-01
-1.040202e-01
-1.386885e-02
1.453104e-02
-3.222275e-02
-6.428111e-02
-2.091964e-02
-3.788747e-02
-3.347662e-02
-5.586655e-02
-1.459200e-02
-2.368645e-02
6.542727e-02
-3.572977e-02
1.152103e-02
1.029294e-03
5.027183e-03
-8.434322e-02
-6.815810e-02
-4.810749e-02
-7.335091e-02
-5.413934e-02
-7.597183e-02
-4.563202e-02
-8.660817e-02
-3.646994e-02
-6.815579e-02
-8.207837e-02
-3.989264e-02
2.334604e-02
-6.879336e-03
-5.276965e-02
-4.270929e-02
