4.789663e-03
3.891432e-03
4.892357e-03
5.121138e-03
5.406194e-03
5.117010e-03
4.809474e-03
5.272574e-03
6.009380e-03
4.195726e-03
6.258323e-03
4.105930e-03
5.519523e-03
4.948776e-03
5.832823e-03
8.944382e-03
4.855821e-03
4.758011e-03
4.079223e-03
4.997008e-03
4.127746e-03
5.419753e-03
6.215448e-03
8.360267e-03
5.588720e-03
5.335076e-03
5.392680e-03
4.874883e-03
6.780748e-03
6.524850e-03
5.844600e-03
5.388953e-03
4.321244e-03
5.962667e-03
4.514379e-03
8.668931e-03
4.429345e-03
4.801795e-03
6.638899e-03
4.270592e-03
3.991207e-03
8.680839e-03
5.364636e-03
6.585603e-03
5.350508e-03
5.315755e-03
7.307258e-03
3.404954e-03
4.608362e-03
4.084654e-03
4.576764e-03
6.098742e-03
5.307949e-03
4.991208e-03
5.126578e-03
5.683295e-03
3.929035e-03
5.002359e-03
6.012578e-03
5.065424e-03
8.017735e-03
4.540031e-03
1.702266e-02
8.855606e-03
