-2.295562e-02
-7.723191e-02
-3.812193e-02
-7.741529e-02
-8.431453e-02
-3.697211e-02
-6.895690e-02
-5.461876e-02
-3.422895e-02
-4.158836e-02
-4.368100e-02
-5.016189e-02
-2.680362e-02
-6.560051e-02
-4.138362e-02
-7.414238e-02
-6.257051e-02
-1.998713e-02
-4.616872e-02
-4.998651e-02
-5.854534e-02
-5.977181e-02
-4.247339e-02
-5.454431e-02
-5.192438e-02
-5.031579e-02
-5.961336e-02
-3.035545e-02
-6.676671e-02
-4.504365e-02
-4.049858e-02
-5.016883e-02
-3.130812e-02
-5.413929e-02
-6.647871e-02
-7.197476e-02
-4.003206e-02
-3.111106e-02
-1.827746e-02
-4.332056e-02
-5.774348e-02
-2.574373e-02
-5.906938e-02
-4.947719e-02
-7.281765e-02
-5.193016e-02
-4.104839e-02
-3.933952e-02
-6.906088e-02
-6.198276e-02
-4.627160e-02
-4.900127e-02
-4.801979e-02
-6.506969e-02
-3.024042e-02
-7.197543e-02
-7.290734e-02
-4.087294e-02
-5.415000e-02
-7.177138e-02
-5.929213e-02
-5.010490e-02
-5.555336e-02
-4.264908e-02
