-6.089874e-03
-2.146045e-02
-2.614684e-02
-5.315969e-02
-3.904355e-02
-1.942714e-02
-8.037520e-03
-1.889872e-02
-8.431112e-03
2.395752e-02
6.463241e-02
2.583361e-02
7.355285e-03
-5.627734e-02
4.214394e-02
7.510961e-03
7.799979e-02
5.066880e-02
-2.827679e-12
-2.035404e-11
-8.593164e-11
-7.949612e-11
-7.274822e-11
-9.597268e-11
-6.538934e-11
-4.337737e-11
-9.046834e-11
2.088041e-03
2.408085e-03
4.105570e-02
-3.747433e-03
6.667502e-02
-4.630726e-03
1.577320e-02
4.090883e-02
-3.119134e-02
-1.388087e-02
1.051569e-02
1.737136e-02
7.407965e-03
4.164766e-02
2.365624e-02
-1.423541e-02
2.092727e-02
-2.682862e-03
2.448360e-03
2.365617e-02
3.507677e-02
2.119877e-02
3.968477e-02
3.497624e-02
1.218583e-02
2.360113e-02
3.801777e-02
-1.499888e-02
-2.471792e-02
-6.414978e-02
-1.283461e-02
-3.035676e-02
-8.123102e-02
-2.224204e-02
-4.000280e-02
-1.658659e-02
-3.198482e-02
-5.465820e-02
-3.034586e-02
3.572342e-03
-2.438137e-02
-5.184508e-02
-9.540199e-03
-3.664495e-02
-1.488799e-02
-8.097316e-03
-2.063562e-02
-3.961957e-02
-2.781863e-02
-4.290238e-02
-5.027530e-02
-1.087889e-02
-7.423299e-02
-4.280598e-02
-1.503539e-03
-1.516524e-02
-1.293730e-02
6.901483e-03
3.063466e-02
3.828893e-02
2.609120e-02
4.424902e-02
2.420796e-02
1.621900e-02
1.813854e-02
-2.723585e-02
3.728854e-02
8.814010e-03
1.641837e-03
-1.550283e-02
6.711115e-03
3.204534e-02
-7.376654e-03
1.503226e-03
2.434286e-02
2.449513e-02
8.756814e-02
4.063129e-02
3.389518e-02
4.201665e-02
1.596100e-02
1.762765e-02
4.389616e-03
6.676558e-02
-5.943002e-03
1.126988e-01
7.788420e-02
2.431448e-02
9.632349e-02
7.362834e-02
-6.720555e-02
-1.732212e-02
-1.497780e-02
-3.849651e-02
-7.536799e-03
-8.833995e-02
-5.089455e-02
4.623983e-03
-7.541937e-02
-4.400804e-02
3.071464e-02
-9.661170e-03
-2.834528e-02
-7.441981e-03
3.187295e-02
-8.854240e-03
6.072092e-02
5.102855e-02
-3.258884e-12
1.381347e-11
-1.923818e-11
-5.781603e-11
-1.147415e-10
-2.518754e-11
-6.243077e-12
9.847696e-12
-4.734721e-11
-8.546931e-03
-3.668976e-03
-2.564438e-04
-2.388224e-03
-3.623946e-02
-1.420574e-02
3.927971e-03
-1.125359e-02
-1.424233e-02
-1.152231e-02
-1.589347e-02
-3.666338e-03
1.345501e-02
-6.537312e-03
3.885127e-03
6.609528e-03
-1.155147e-03
-1.819924e-03
-4.352131e-11
-1.746350e-10
-1.115934e-10
-1.196723e-10
-1.178031e-10
-1.419208e-10
-9.909491e-11
-2.364690e-10
-1.392309e-10
3.116262e-02
2.170359e-03
4.547161e-02
4.475833e-02
1.257665e-01
7.856198e-02
7.038574e-03
5.355116e-02
2.966037e-02
1.257024e-02
2.713037e-02
3.888607e-02
2.735506e-02
4.152491e-02
4.805585e-02
1.575517e-02
3.455329e-02
3.606515e-02
-1.860372e-03
-1.532243e-02
-1.804039e-02
-2.711576e-03
-6.332954e-04
-1.794810e-03
-4.207610e-03
4.880350e-03
-1.271772e-02
-3.134535e-02
9.906682e-03
2.096424e-03
-2.947133e-02
5.734067e-02
3.824322e-02
-3.344532e-02
1.436756e-02
9.006010e-03
-5.479164e-03
-1.488578e-02
-1.891056e-02
1.083841e-02
-4.966349e-03
-2.808710e-02
1.094186e-02
-1.160113e-03
-2.463073e-02
-1.484209e-02
-1.380405e-02
-1.916750e-02
1.650744e-03
8.476777e-02
3.921252e-02
3.448862e-02
6.632918e-02
3.841514e-02
1.794201e-04
-6.716285e-03
-5.670737e-03
1.976257e-02
2.503374e-02
3.771605e-02
1.604690e-02
1.974571e-02
3.764338e-02
-1.161734e-02
-9.879788e-03
-1.718186e-02
-1.125422e-02
-2.440613e-02
-3.338736e-02
-2.158280e-02
-3.622206e-02
-2.001780e-02
-3.383059e-02
-2.460913e-02
-1.911781e-02
-2.381959e-02
1.194491e-02
1.636067e-02
-3.967150e-03
3.210135e-02
1.539232e-02
4.043008e-02
-1.373288e-02
-3.401609e-03
6.131765e-02
2.438347e-03
2.280899e-02
-1.255988e-02
1.975928e-02
-1.699350e-03
2.079705e-02
1.197451e-01
3.542540e-02
6.830923e-02
1.493912e-01
1.110342e-01
4.690450e-02
1.775334e-01
8.937364e-02
1.349739e-02
3.974096e-02
2.191284e-02
-3.133450e-02
1.441174e-01
6.367003e-02
6.653618e-03
1.221567e-01
8.035123e-02
8.743922e-11
-3.867834e-12
-5.050429e-11
-7.639887e-11
-1.131332e-10
-1.127138e-10
-1.189950e-10
-1.309254e-10
-7.288453e-11
2.833008e-02
3.593244e-02
1.436694e-02
-3.442561e-03
-1.950982e-03
4.592988e-03
1.795951e-02
5.512964e-03
-1.158680e-02
-1.950822e-02
-2.049934e-02
-1.106834e-02
4.417908e-03
-1.798081e-02
-3.541709e-02
-1.783603e-02
-2.006438e-02
-1.720981e-02
-1.204573e-11
3.093930e-11
3.975132e-11
-5.723046e-11
1.776688e-11
-3.780882e-11
-3.608835e-11
1.811744e-11
-6.569993e-11
5.293070e-03
-1.277207e-02
-8.017212e-03
-1.356464e-02
-6.546620e-03
-2.061210e-02
-6.479634e-03
9.317180e-03
9.055236e-03
-5.192203e-03
9.077842e-03
1.216348e-03
1.542277e-03
8.432821e-03
3.106236e-03
-1.037946e-03
6.619703e-03
3.805455e-03
1.182653e-02
3.575705e-03
-3.149627e-04
1.814291e-02
2.361619e-02
1.746010e-02
2.322908e-02
2.514726e-02
1.796099e-02
5.154719e-03
3.505955e-03
1.345661e-02
-4.828540e-03
1.684983e-02
2.122629e-02
-1.627479e-02
1.128973e-02
1.465183e-02
-1.520383e-03
-1.934913e-02
-3.425810e-02
6.468574e-03
1.989970e-02
-4.167115e-03
1.509673e-02
1.570092e-02
6.393555e-03
-3.342857e-03
1.760029e-02
1.258758e-02
-2.176241e-02
9.152906e-03
2.394645e-02
-1.763323e-03
-2.144716e-02
1.321750e-02
8.023144e-03
1.139154e-02
-2.216808e-03
1.897881e-03
1.008569e-03
-5.708795e-03
8.424364e-03
1.775545e-02
1.432045e-02
6.769550e-03
1.487806e-02
1.274578e-02
1.552972e-02
3.680419e-02
3.710427e-02
-1.330099e-02
-1.652860e-02
1.595273e-03
-3.220659e-03
-8.396296e-03
-1.147573e-02
-8.045259e-03
6.766054e-03
-2.832961e-02
5.440100e-03
-1.516387e-02
-1.658898e-02
3.117179e-02
1.197702e-02
-9.834684e-03
2.608704e-02
-1.035241e-02
2.992456e-02
4.101465e-03
2.369815e-02
2.934632e-02
-2.684044e-02
-2.804445e-02
-1.110159e-02
-2.286482e-02
1.330743e-02
8.317508e-03
-2.503929e-02
1.565433e-02
4.204563e-03
-5.600956e-03
1.698607e-02
3.759132e-03
-1.547416e-02
2.871920e-02
-3.872639e-04
-1.354944e-02
1.876033e-02
-2.933393e-03
9.667071e-13
6.447631e-11
-6.683835e-11
1.190863e-10
6.922729e-11
4.419597e-11
1.217011e-10
1.021644e-10
7.914661e-11
1.119633e-02
3.019782e-03
-1.195642e-02
-1.713432e-03
8.164403e-03
2.840791e-03
-6.154300e-03
-7.469299e-03
9.267614e-04
-2.479292e-03
1.423797e-02
-1.181749e-02
7.268053e-03
-1.448258e-02
4.586793e-03
2.780757e-02
-1.517482e-03
2.308508e-03
-8.999046e-11
4.152897e-12
-2.085863e-11
-9.140278e-11
1.789702e-11
-6.213505e-11
-3.832172e-11
6.182675e-11
-3.770302e-11
1.959340e-02
-2.143053e-02
9.675183e-03
5.782800e-03
-1.913917e-02
1.060239e-02
-1.737648e-02
1.192378e-02
-1.388687e-02
-4.306483e-03
-5.242691e-04
7.895640e-03
1.554345e-03
4.007145e-03
-8.784253e-04
1.807528e-03
8.909769e-03
-7.723956e-03
-6.040114e-03
-4.156923e-03
1.627789e-03
4.458091e-03
3.633661e-03
1.161202e-02
4.773506e-03
6.765651e-03
9.499075e-03
1.612596e-03
-7.836713e-03
6.433465e-03
4.894875e-03
1.223920e-02
-1.885226e-02
-1.387523e-02
5.093909e-03
6.046548e-03
5.190223e-03
1.994497e-03
1.078512e-02
7.922095e-03
-1.165887e-04
-9.601950e-03
-1.317555e-03
9.978495e-03
4.923313e-04
-3.861356e-03
-6.228742e-03
-1.415599e-02
-1.138465e-02
8.825880e-03
-7.477730e-03
-9.289946e-03
-1.716102e-03
1.036558e-02
1.185573e-03
-8.328766e-03
-1.697939e-02
-1.250669e-03
8.339187e-04
-1.363241e-03
-4.687989e-03
-9.992095e-03
-6.539051e-03
2.082634e-03
-1.122240e-03
-1.160031e-02
-1.876717e-03
-8.473785e-03
-2.197893e-02
-6.664202e-03
-4.177446e-03
-7.826908e-03
4.702099e-03
2.626400e-03
1.622030e-03
-8.394161e-03
1.263347e-02
-2.384626e-04
9.972551e-05
5.355506e-03
-9.910189e-03
1.921377e-02
7.746568e-04
-4.996674e-03
3.868413e-03
-1.323900e-02
5.802566e-04
-8.107201e-03
-1.377618e-02
1.183947e-02
1.005917e-02
1.276033e-03
1.132107e-02
-4.759558e-03
7.743030e-03
-1.032330e-02
-1.632765e-02
2.125642e-02
-1.278021e-02
3.153357e-03
-7.700350e-03
-9.788969e-03
-5.718683e-03
-3.947136e-03
-7.695994e-03
-8.645330e-03
7.147418e-04
-2.813167e-03
-1.657703e-11
-6.457870e-11
-4.871263e-11
1.355332e-11
-6.726402e-12
-1.054684e-10
2.072345e-11
-5.394483e-11
-1.317497e-10
-3.349162e-03
1.682410e-03
6.804382e-03
-4.915711e-03
6.557339e-03
-8.760470e-03
-1.838782e-02
-8.934569e-03
-6.533649e-03
1.086582e-02
1.420500e-02
8.678604e-04
9.880299e-03
9.306024e-03
1.018499e-02
-3.686035e-04
3.318199e-04
-2.689594e-03
-2.589842e-10
-1.663076e-10
-3.028239e-10
-7.024318e-11
-1.663318e-10
-2.242969e-10
-2.185989e-10
-2.353872e-10
-3.058006e-10
-5.880500e-03
-2.659779e-03
-1.622674e-02
-2.364668e-02
-2.581113e-02
-1.639251e-02
-2.031465e-02
-3.094155e-02
-5.679149e-03
3.573171e-02
2.813836e-02
2.255478e-04
6.626616e-02
5.768436e-02
2.604594e-02
6.344471e-02
5.311830e-02
3.906782e-02
1.654910e-02
2.738110e-03
-1.584104e-02
2.692726e-02
1.488557e-02
-3.033239e-03
3.320479e-02
2.295231e-02
1.546244e-02
-9.536276e-03
1.778131e-02
-1.024946e-02
1.585887e-02
2.532361e-02
3.513720e-03
1.601614e-02
2.697698e-02
-8.268734e-04
1.886655e-04
-4.445777e-05
1.437959e-03
-7.742012e-03
-2.750925e-04
-1.460367e-02
3.297930e-03
-6.827685e-04
-1.883543e-02
9.717520e-03
1.051108e-02
6.734315e-03
2.183699e-02
2.434154e-02
-7.648190e-04
3.894563e-03
2.194891e-02
-1.290960e-02
8.790025e-03
1.327534e-03
-2.280012e-03
3.830834e-03
4.287309e-03
2.948907e-03
-4.673635e-03
2.306119e-03
4.854906e-03
1.181513e-03
-1.551628e-02
-2.523625e-02
-2.705142e-03
-1.911780e-02
-2.221555e-02
-1.248740e-02
-1.812810e-02
-8.289053e-03
2.810373e-03
6.185278e-03
9.051336e-03
-1.318629e-02
-7.955118e-03
-1.017363e-02
-1.349915e-02
-1.885317e-02
-2.521353e-02
1.824701e-03
1.150254e-02
1.268522e-02
-2.074114e-02
-1.127381e-02
2.407075e-04
-1.186952e-02
-1.727896e-02
-1.067206e-02
5.220708e-03
-2.919380e-03
-5.930374e-03
-8.319956e-03
-2.212880e-02
-8.501531e-03
-2.578011e-02
-2.928767e-02
-2.907198e-02
9.259119e-03
3.116244e-02
2.616032e-03
2.004034e-02
3.413644e-02
1.190709e-02
9.759066e-03
1.961780e-02
-6.233558e-03
6.435375e-11
-3.994653e-11
8.241772e-13
-3.128190e-12
-5.473982e-13
-4.109014e-11
2.853681e-12
3.543849e-11
-1.788981e-11
-7.646048e-04
-3.449743e-03
-3.552999e-03
1.167116e-02
2.112352e-02
9.277550e-03
3.747666e-03
-4.927761e-03
6.069256e-04
-9.418480e-03
-1.047917e-02
-2.743344e-03
-2.225642e-02
-1.236279e-02
2.130065e-04
-3.997525e-03
-1.012892e-02
-1.696394e-02
-8.592512e-11
3.269620e-11
-9.046346e-11
5.272272e-11
-2.927459e-11
-8.807754e-11
-2.034477e-11
-7.820653e-11
1.728959e-11
-3.513923e-04
1.456291e-02
1.858672e-03
2.078170e-02
2.720975e-03
1.139579e-04
8.080584e-03
6.780542e-03
9.074507e-03
2.245368e-03
3.134031e-03
-2.503165e-04
4.149422e-03
3.491723e-03
2.472033e-03
1.852024e-03
2.238873e-03
2.341420e-03
-2.635642e-03
1.969493e-03
-3.990983e-04
3.522804e-03
5.294656e-03
-3.389898e-04
3.520134e-03
4.713813e-03
-1.961526e-03
-2.502123e-03
-7.248114e-03
4.051649e-03
3.596507e-03
3.164095e-03
-2.955489e-03
9.800946e-03
1.321212e-02
1.032992e-02
4.068891e-03
-2.245394e-03
2.606704e-03
3.079365e-03
-5.985548e-03
-6.497360e-03
-1.304659e-03
9.461452e-04
5.694949e-03
-6.290750e-03
4.576439e-04
-6.437272e-03
4.791689e-03
2.262258e-03
3.891966e-03
-9.017691e-03
2.592005e-03
3.030357e-03
2.911279e-03
1.659721e-03
2.378688e-03
6.048022e-03
7.418243e-03
4.205229e-03
-4.468775e-04
-8.701783e-03
-8.074650e-03
-1.051200e-02
-1.112368e-02
-1.020833e-02
-2.242846e-03
2.214558e-04
-1.868741e-03
1.331730e-02
1.545754e-02
2.931149e-03
1.456428e-02
8.928744e-03
-1.088389e-02
-1.134995e-03
-1.349880e-02
-2.408049e-03
-5.887714e-03
2.429519e-03
1.416059e-02
-4.751306e-03
6.054935e-03
2.086306e-03
1.367127e-03
1.093203e-02
-9.738262e-03
3.497150e-03
-1.302132e-02
-8.774294e-03
5.513773e-03
7.505189e-03
-6.427529e-03
4.400116e-03
1.513331e-04
1.114437e-03
1.426665e-03
5.915995e-03
5.682997e-03
-6.591997e-03
-2.778692e-03
-3.844047e-03
-6.867039e-03
-1.229575e-02
-1.123513e-02
-1.663339e-02
-1.394219e-02
-1.579356e-02
-2.233341e-11
2.782169e-11
-9.079385e-11
-3.220429e-11
-4.239821e-12
9.527326e-12
-5.197230e-11
4.971839e-11
-2.186907e-11
1.845086e-03
-1.179240e-03
-3.828032e-03
3.955791e-04
-3.235084e-03
-5.727400e-03
-2.562577e-03
1.222632e-03
1.938476e-03
5.301783e-03
7.852924e-03
5.189706e-03
3.066332e-03
-1.411770e-03
-2.072751e-03
-6.375449e-03
-4.675638e-04
1.860094e-03
3.145064e-11
-2.328372e-11
-1.061014e-10
-2.511612e-11
-3.153660e-11
-1.433883e-10
2.084522e-11
-7.360298e-11
-3.516986e-12
4.132344e-03
-2.310754e-03
-2.618700e-03
-3.379358e-03
1.470897e-03
2.012500e-03
2.292948e-04
-3.322421e-03
-1.615040e-03
-1.689830e-04
4.888683e-04
-3.026999e-03
4.697327e-04
1.085180e-03
-2.305355e-03
1.846655e-03
1.418614e-03
-8.953494e-04
-1.872826e-03
-2.554029e-03
-1.908825e-03
-5.223043e-04
2.260694e-04
2.179380e-03
-2.202887e-04
-1.335217e-03
4.135218e-04
-5.078330e-03
-9.594977e-04
4.170279e-03
-8.702228e-04
-6.224396e-03
-9.054253e-04
2.231637e-03
7.014303e-05
-3.768998e-03
-2.292451e-03
1.352325e-03
4.624541e-03
4.627719e-03
6.175453e-03
3.589596e-03
-7.170637e-04
-5.730770e-03
-4.106864e-03
-4.144669e-03
-2.543376e-03
1.651993e-03
2.732276e-03
-6.138186e-03
-1.391005e-03
3.483941e-03
4.977519e-03
-2.951170e-03
3.188576e-04
-1.058312e-03
-4.682533e-03
-7.770863e-04
5.865991e-04
3.468119e-03
6.694474e-03
1.047158e-02
1.059046e-02
5.836055e-04
6.563365e-03
7.074898e-03
-1.539996e-03
-4.680927e-03
-6.697288e-03
8.784545e-04
1.508654e-03
2.046547e-03
-6.549816e-03
-5.818768e-03
2.677324e-03
1.218721e-03
6.024350e-03
4.151971e-03
4.592243e-04
-2.349054e-03
-2.836246e-03
2.939003e-03
-3.383989e-03
-4.932150e-03
-5.075125e-03
-7.447059e-03
-4.736059e-03
-1.352983e-03
-3.279881e-04
5.631197e-04
-1.115116e-04
-2.999378e-04
1.088812e-02
-1.771268e-03
-2.588630e-03
6.641452e-03
4.759227e-03
-9.947806e-05
6.553598e-03
2.484553e-04
-1.177174e-04
3.476190e-04
-4.098518e-04
-2.092951e-03
-2.776684e-03
3.040515e-03
-1.038113e-03
-2.952431e-03
3.880942e-11
4.406968e-11
9.318892e-11
5.881359e-11
-3.638493e-11
6.516911e-11
-5.351672e-11
-9.956830e-11
-1.029496e-11
-5.432220e-03
1.852497e-02
-2.177831e-02
2.202717e-02
-7.360812e-02
2.333298e-02
-6.367133e-03
4.242587e-02
-1.558997e-02
-1.303853e-02
5.081769e-02
-4.608104e-03
6.989628e-02
-8.119294e-03
1.550508e-02
-4.050032e-02
5.220134e-02
1.448220e-02
-6.813497e-11
3.452470e-12
1.132593e-10
6.180555e-12
-2.767397e-11
6.042909e-11
5.958441e-11
-6.947377e-11
-1.022731e-10
5.871248e-02
2.700266e-02
5.064658e-02
-1.638459e-02
1.162206e-01
2.392339e-02
4.309322e-02
4.642104e-02
6.361490e-02
-9.833422e-03
-1.697516e-02
-5.116093e-03
-3.285028e-02
-2.624852e-02
-1.804370e-02
-1.535223e-02
-1.710478e-02
-4.069467e-03
-2.174032e-02
-4.214976e-02
-2.060787e-02
-3.274629e-02
-6.179661e-02
-4.014857e-02
-4.024447e-03
-3.569677e-02
-2.413535e-02
1.167069e-02
2.898768e-02
-1.926808e-02
-4.146332e-02
9.574173e-02
4.601419e-02
-1.124408e-02
-1.320304e-02
6.026766e-02
-1.307312e-03
-2.463730e-02
-2.747560e-02
-3.404702e-02
-3.594743e-03
3.607234e-03
-4.972061e-03
-5.359573e-02
-8.096984e-03
1.905320e-02
1.345859e-02
-1.666695e-02
1.162244e-02
4.594643e-02
1.589971e-02
5.799660e-02
6.530405e-03
5.683799e-02
-2.264244e-02
-4.073052e-03
1.429023e-03
1.617621e-02
-1.206768e-02
-1.601056e-02
-4.191546e-02
-2.242223e-02
-2.529065e-02
9.485227e-04
-1.474250e-02
4.403727e-03
-1.060956e-02
-4.323773e-02
-1.983579e-02
-7.734205e-03
-5.642521e-02
-3.025056e-02
-3.495083e-02
-4.649985e-02
-6.858819e-03
-6.100435e-02
-5.717042e-02
-6.290063e-02
-3.241897e-02
-7.189409e-02
-5.409146e-02
-4.168443e-02
-5.304711e-02
-1.192499e-02
-5.872528e-02
-1.181504e-01
-4.144214e-02
-4.825580e-02
-4.104836e-02
-3.414340e-02
-7.403133e-03
2.720197e-02
-4.885389e-02
-1.012905e-01
-1.217971e-02
-8.150186e-02
1.053658e-03
2.854892e-02
-9.510128e-04
-4.095539e-02
-8.915695e-03
-2.104481e-02
-9.290019e-02
2.840123e-02
-7.774595e-03
9.514219e-03
2.272436e-02
7.708297e-03
-2.663122e-12
7.115142e-12
7.404718e-11
-9.113671e-11
-5.097390e-12
7.196575e-11
-1.772592e-11
-6.405271e-11
3.032892e-11
-5.368246e-03
-6.164240e-03
9.012260e-04
-2.135626e-02
-4.046155e-02
-3.739789e-02
-2.813009e-02
-3.647973e-02
-2.979943e-02
-1.477528e-03
2.521797e-02
2.019561e-02
3.113163e-02
5.410611e-02
3.107904e-02
1.316721e-02
4.597655e-02
2.332413e-02
-1.178644e-10
-1.462025e-10
-7.221026e-11
-1.071417e-10
-1.135119e-10
-1.270020e-10
-1.040742e-10
-8.716424e-11
-7.864857e-11
3.255140e-02
4.773246e-02
9.888625e-03
4.450540e-02
7.470884e-02
5.730167e-02
3.396365e-02
3.783499e-02
4.361085e-02
2.198962e-02
4.977843e-02
7.184472e-03
8.762818e-03
3.139256e-02
-3.038671e-03
-1.209740e-02
1.151149e-02
-5.160483e-03
1.688449e-02
1.976346e-02
-7.885980e-03
2.865311e-02
4.837452e-02
3.648090e-02
2.030068e-02
3.521588e-02
1.385931e-02
-1.834370e-02
-6.877907e-02
-8.197843e-02
-5.268454e-02
-1.150817e-01
-1.022471e-01
-5.156820e-02
-9.998883e-02
-6.270598e-02
3.014789e-02
-4.028623e-03
-1.275755e-02
-7.386774e-03
-2.204167e-02
-1.894524e-02
1.809891e-02
-2.217838e-02
-2.135875e-02
-3.933656e-03
-1.176853e-02
-2.076086e-03
-5.111996e-02
-8.064193e-02
-2.824110e-02
-5.511834e-02
-6.698027e-02
-2.615408e-02
2.147762e-02
2.302062e-02
3.300475e-02
3.060530e-02
1.207352e-02
1.134425e-02
6.712344e-03
1.658412e-02
1.766276e-02
9.824965e-03
1.517801e-02
2.711454e-02
2.342188e-03
-6.646218e-03
6.396209e-03
-1.227367e-02
-3.175474e-02
-1.905918e-02
2.574796e-02
1.354725e-02
-4.346231e-03
1.996455e-02
1.952573e-02
6.576562e-03
4.778435e-03
-3.094141e-05
-8.920778e-03
4.402609e-03
1.574761e-02
1.776360e-02
1.526368e-02
2.806776e-02
-1.795975e-02
6.576716e-03
7.042747e-03
-1.192616e-02
1.688950e-02
1.805255e-02
9.320213e-03
1.435985e-02
9.532193e-03
1.515408e-02
1.344194e-02
-1.455242e-02
3.051154e-02
-8.587546e-03
-4.075268e-02
-4.087470e-02
-2.542809e-02
-6.916633e-02
-4.332192e-02
-4.195390e-02
-5.635443e-02
-3.073881e-02
-2.473655e-11
1.564066e-11
-3.768228e-11
-4.424182e-11
-1.079069e-10
-1.144718e-10
1.848982e-11
-3.075240e-11
-6.698789e-11
2.705921e-02
3.258244e-02
3.995952e-02
3.821950e-02
7.256871e-02
7.358464e-02
2.688726e-02
5.421051e-02
5.976345e-02
1.827717e-02
4.108385e-02
3.050335e-02
4.482443e-02
7.898171e-02
4.800558e-02
3.060630e-02
6.414464e-02
4.700278e-02
6.808232e-11
-5.721780e-11
1.504916e-11
-8.362194e-11
-2.903984e-11
-1.060490e-10
-7.556972e-11
-1.538470e-10
-1.694366e-10
-2.039729e-02
-2.580165e-02
-1.188332e-02
-1.603479e-02
-1.817382e-02
-1.669465e-02
-1.150132e-02
-1.166680e-02
1.976773e-03
-1.124901e-02
-1.271215e-02
2.112610e-03
-1.318006e-02
-2.210621e-02
-5.679440e-03
-1.198448e-02
-2.728266e-02
-1.338181e-02
1.225843e-02
1.504955e-02
1.637191e-02
2.589938e-02
2.855802e-02
2.478303e-02
2.534007e-02
2.958934e-02
2.063971e-02
-1.549653e-02
3.113908e-03
3.114979e-03
-1.317436e-02
1.553795e-02
1.762096e-02
-4.395250e-03
3.350750e-03
1.050523e-02
3.551384e-02
7.489801e-02
4.478057e-02
6.869286e-02
1.055060e-01
1.036638e-01
4.164854e-02
8.167522e-02
5.455791e-02
-7.017872e-03
-1.055525e-02
8.561406e-03
-1.405135e-02
1.428230e-02
1.739610e-02
-4.520501e-03
2.092584e-02
8.863872e-03
6.016574e-03
5.100368e-02
4.519047e-02
3.549048e-02
5.147202e-02
5.712780e-02
2.252713e-02
2.706541e-02
3.190220e-02
-1.464546e-02
1.136389e-02
3.110083e-03
-1.063433e-02
3.917873e-02
1.650457e-02
-9.177505e-03
3.561327e-02
2.991926e-02
-6.705162e-03
-6.682401e-05
9.125934e-04
1.318651e-02
3.165650e-02
1.421903e-02
1.262691e-02
1.704683e-02
1.493786e-02
-1.826547e-02
-1.869112e-02
-5.334504e-03
-9.096970e-03
-6.434179e-03
9.255063e-03
1.060484e-02
1.474926e-02
2.010638e-02
-2.069236e-02
-3.165196e-02
-7.482995e-03
-1.901958e-02
-2.943119e-02
-1.127247e-02
-5.139697e-03
-5.455060e-04
5.387477e-03
-1.831567e-02
-9.910889e-03
-1.278269e-02
-8.572167e-03
-1.479582e-02
-1.361094e-02
9.042748e-03
1.529547e-02
1.141754e-02
5.327552e-11
-4.653318e-11
-5.740161e-11
6.194911e-11
4.570876e-11
-1.117488e-10
8.825789e-12
-1.230979e-10
-1.169826e-11
-9.618007e-03
-4.802354e-02
-1.121926e-02
-3.110497e-02
-7.635649e-02
-5.223318e-02
-1.709654e-02
-6.071229e-02
-5.350989e-02
-1.762385e-02
-4.100305e-02
-1.729899e-02
-6.132362e-02
-8.779614e-02
-4.445538e-02
-4.648790e-02
-7.190169e-02
-4.499003e-02
-2.245857e-10
-3.053282e-11
-1.381066e-10
-8.302989e-11
-1.693131e-10
-3.637166e-11
1.794706e-11
-1.032249e-10
1.577441e-11
-1.541824e-03
-1.247860e-02
-1.189873e-02
-1.382097e-02
-1.418134e-02
-5.333222e-03
6.430201e-04
-5.747053e-03
-3.315958e-03
8.675178e-03
1.600561e-02
8.867481e-03
1.660266e-02
1.304653e-02
9.345910e-03
6.953910e-03
5.854494e-03
7.494837e-03
-7.306222e-03
-1.354485e-02
-9.656309e-03
-1.054905e-02
-2.424375e-02
-1.511546e-02
-2.017485e-02
-2.314684e-02
-6.204772e-03
1.746408e-02
-2.625146e-03
1.029971e-02
1.039633e-02
-1.053764e-02
-1.049357e-02
1.026480e-02
1.264601e-03
-1.060427e-02
-1.755149e-02
-9.384659e-02
-4.710268e-02
-3.218962e-02
-9.896876e-02
-9.461307e-02
-3.316204e-02
-7.926176e-02
-5.787577e-02
-5.954324e-03
-1.132386e-02
-4.611198e-03
-1.720960e-02
-2.592134e-02
-5.929736e-03
-1.911687e-02
-4.026121e-02
-1.495699e-02
-3.192279e-03
-4.051285e-02
-2.280341e-02
8.750571e-04
-2.824629e-02
-9.864473e-03
-7.009303e-03
-3.306083e-02
-2.194241e-02
1.517838e-03
-5.256410e-02
-3.536154e-02
-2.094520e-02
-7.007244e-02
-4.402428e-02
-1.726305e-02
-7.617588e-02
-5.468309e-02
-5.981677e-03
-9.688270e-03
-1.552761e-03
-8.365634e-03
-3.758444e-02
-1.017787e-02
-1.543312e-02
-2.968593e-02
-8.305529e-04
2.414596e-02
2.089909e-02
1.851011e-02
1.467351e-02
7.971528e-03
1.229971e-02
8.823449e-03
-5.784024e-03
3.356829e-03
-5.845709e-03
-1.136370e-04
5.694829e-03
-9.061156e-03
-1.269269e-02
-1.711307e-02
-2.535532e-03
-1.124517e-02
-1.230053e-02
6.948936e-03
2.895338e-02
2.482331e-02
2.622950e-02
4.905606e-02
3.644609e-02
3.988779e-02
5.206084e-02
4.095373e-02
-2.413744e-10
-1.710225e-10
-9.013746e-11
-2.153075e-10
-1.250488e-10
-6.072234e-11
-1.440509e-10
-1.840871e-10
-1.556861e-10
2.281973e-02
-9.466222e-03
-3.585304e-02
2.350582e-02
3.555573e-02
1.423835e-02
2.341231e-02
4.547951e-03
-4.274890e-03
-4.055898e-02
2.720437e-02
-4.329776e-03
3.229620e-02
-4.861940e-02
-4.051013e-03
-6.462567e-03
2.704388e-02
1.935715e-03
-3.799390e-11
-1.077220e-10
-3.648931e-12
-1.297026e-10
-5.493420e-11
-5.195019e-11
-2.929937e-11
-1.080099e-10
-8.567280e-11
3.309327e-02
-6.954944e-02
3.044340e-02
5.383741e-03
2.409284e-02
-7.771178e-03
-2.793998e-02
1.804802e-02
-6.551322e-03
-8.331226e-03
1.502444e-02
6.611371e-03
-2.924789e-02
-1.123740e-02
-2.339158e-04
-1.399940e-02
-8.501614e-03
5.661570e-03
2.204566e-02
7.754677e-03
1.235030e-02
4.575511e-03
2.406366e-02
1.932319e-02
-9.188992e-03
-1.483155e-02
-3.733170e-02
4.276658e-03
-7.684993e-04
1.582976e-03
1.071346e-04
7.157601e-02
1.050605e-02
-2.150284e-02
1.440034e-02
4.064374e-02
-2.010600e-02
-2.071843e-02
2.033693e-02
1.623231e-02
3.848964e-02
-2.415562e-02
-1.321981e-02
2.911951e-03
1.513617e-02
3.007675e-02
9.458840e-03
-3.156550e-02
4.420078e-03
5.528744e-02
-1.045932e-02
-7.255236e-03
1.077403e-02
2.891626e-02
7.476991e-03
8.254265e-03
-1.330803e-02
-2.229621e-02
-3.143781e-02
-3.295580e-02
-1.171330e-02
-4.294441e-03
-1.285925e-02
-3.112416e-03
-1.417782e-02
-2.448425e-03
1.888486e-02
1.337255e-02
2.058536e-02
-5.054532e-03
-6.322111e-03
5.617716e-03
6.826149e-03
-4.303693e-02
-1.292854e-02
-3.853135e-02
-1.397612e-02
-3.201379e-02
-1.695863e-02
-4.637714e-03
-3.261724e-02
-1.404734e-02
-2.229097e-02
-2.195021e-02
2.576799e-02
-3.912952e-02
-6.392484e-03
-1.916716e-03
2.107288e-02
3.950890e-03
1.366240e-03
-1.325175e-02
2.415561e-02
-2.435340e-02
3.405524e-02
-3.985598e-02
-4.077326e-03
3.118232e-02
-2.244276e-02
-1.567827e-02
-3.919319e-02
-2.070613e-02
-1.934655e-02
-1.447091e-02
-3.397133e-02
-9.452575e-03
9.250556e-03
-3.161410e-02
3.814992e-11
5.254797e-11
-3.661263e-11
-1.844514e-12
1.344312e-11
1.422587e-10
2.288917e-11
1.029644e-10
1.305896e-10
1.167867e-02
5.160348e-02
4.773726e-02
-4.008411e-02
-1.283284e-02
2.715840e-02
1.309987e-02
2.648264e-02
6.062737e-03
-6.298040e-02
1.036035e-02
-2.664201e-03
2.804764e-02
-1.847343e-02
-5.818143e-02
-5.978671e-02
5.101038e-03
-7.046669e-03
-1.001947e-10
-2.213142e-10
-1.157237e-10
-9.745560e-11
-2.482101e-10
-1.454877e-10
-1.341016e-10
-2.984041e-10
-1.452059e-10
5.970635e-02
-2.143487e-02
4.814443e-02
1.774364e-02
1.314819e-03
1.098553e-02
-2.110376e-02
-7.676020e-03
-1.645145e-02
2.181575e-02
1.589381e-02
1.066012e-02
2.299530e-02
-1.200768e-03
-6.571002e-03
7.150912e-03
-1.734680e-02
-2.911148e-02
1.640766e-02
1.316461e-03
-5.345033e-03
-2.687430e-02
-1.525710e-03
2.469445e-02
-3.283572e-02
8.650762e-03
3.800797e-02
-1.812448e-02
-2.717555e-02
-1.016608e-02
-2.007316e-02
2.276909e-02
3.272399e-02
-9.426402e-03
1.167953e-02
5.936562e-04
-1.691723e-02
-3.104557e-02
2.495434e-02
-5.015963e-03
5.389441e-02
8.645842e-02
-6.083930e-02
-4.098216e-02
-2.781205e-02
-2.113792e-02
-1.614892e-02
-2.301604e-02
-2.581487e-02
3.261431e-02
2.726711e-02
-2.066820e-02
6.937896e-03
2.359525e-04
1.777216e-02
3.993650e-02
-6.260536e-03
-4.833941e-02
-6.234713e-02
-6.364552e-02
-2.072873e-02
2.405577e-02
1.978189e-02
1.343541e-02
5.504752e-02
7.464319e-02
1.858721e-02
9.428176e-02
8.687837e-02
-4.658828e-02
-2.003091e-02
2.161559e-02
3.477921e-02
1.779433e-02
4.635835e-02
1.182578e-02
8.564963e-02
3.612366e-02
-1.656200e-03
-6.775286e-03
-2.402301e-02
2.000312e-02
5.699161e-02
2.631321e-02
3.469183e-02
-4.520059e-03
4.754046e-02
-2.649154e-02
-6.949794e-03
3.933709e-02
1.298292e-02
-3.981946e-02
-7.676229e-04
4.781249e-03
3.108527e-02
2.745540e-03
-1.260060e-02
-4.259868e-03
-2.353272e-02
2.236758e-03
-3.297468e-02
-1.978414e-02
1.818543e-02
4.343281e-03
-8.862879e-03
4.617815e-03
-6.373552e-03
-4.619624e-02
1.038498e-10
4.136232e-11
4.231614e-11
4.610960e-11
8.239465e-11
5.149658e-11
6.779970e-11
-6.750908e-11
4.719141e-12
4.744233e-03
1.344417e-02
3.457574e-03
2.395238e-03
1.524436e-02
1.587136e-02
4.811294e-03
4.404202e-03
1.684398e-02
-2.190347e-02
-4.337969e-02
-2.292796e-02
-2.472490e-02
-5.336248e-02
-1.851180e-02
-2.263645e-02
-5.141615e-02
-2.748083e-02
-5.555284e-11
-1.317047e-10
-1.739430e-10
-1.265361e-10
-1.286349e-10
-1.900541e-10
-1.166030e-10
-2.301661e-10
-5.110925e-11
-1.860439e-02
-2.459964e-02
-2.829375e-02
-3.653365e-02
-6.721734e-02
-5.359164e-02
-1.142445e-02
-3.343863e-02
-3.202612e-02
5.676397e-03
8.820043e-03
-6.468521e-03
4.445043e-03
1.090152e-02
1.780887e-03
1.226665e-02
2.533248e-02
1.971933e-02
-9.559444e-03
-4.297780e-03
7.318208e-03
-6.466931e-03
3.368340e-03
-7.041083e-04
-9.614983e-03
-3.787929e-03
6.952822e-03
-2.581127e-02
-4.368462e-02
-5.984483e-02
-3.775909e-02
-6.672222e-02
-7.776733e-02
-3.150599e-02
-4.826551e-02
-5.455356e-02
1.988508e-02
2.780083e-02
1.007979e-02
1.892759e-02
2.183765e-02
6.644456e-03
2.633348e-02
2.366340e-02
2.685879e-02
-1.076204e-02
-3.200101e-02
-2.376445e-02
-5.209474e-02
-7.670794e-02
-6.265542e-02
-3.606328e-02
-9.046205e-02
-7.024410e-02
3.869724e-02
3.466260e-02
3.725247e-02
4.136366e-02
3.272972e-02
3.722369e-02
2.271636e-02
2.495708e-02
3.491066e-02
2.136680e-02
2.090553e-02
3.367649e-02
1.156823e-02
1.118926e-02
2.411438e-02
-4.352745e-03
6.331372e-03
3.200246e-02
-2.933377e-02
-5.914929e-02
-3.559991e-02
-5.703396e-02
-7.145546e-02
-7.222206e-02
-4.221198e-02
-6.580760e-02
-7.221486e-02
-2.316133e-02
-6.227868e-02
-4.745068e-02
-3.713816e-02
-7.205889e-02
-5.989930e-02
-9.177512e-03
-4.623957e-02
-5.464691e-02
2.889669e-02
4.011806e-02
2.415531e-02
1.763643e-02
2.310992e-02
1.018837e-02
9.536058e-03
2.216579e-02
1.537930e-02
1.729622e-02
2.348945e-02
1.751224e-02
7.481947e-03
5.447185e-03
1.880826e-02
7.605864e-03
4.991512e-03
4.749628e-03
-2.661541e-11
-1.679437e-10
-4.364841e-11
-2.122073e-11
-7.729709e-11
-6.230153e-11
5.248617e-12
-9.006086e-11
-8.592450e-11
-2.507977e-02
-1.850828e-02
1.932764e-03
2.075856e-02
2.535707e-02
1.576662e-02
1.799973e-04
1.411787e-03
4.975314e-03
-7.317102e-03
-2.083559e-02
-1.704938e-02
-2.601798e-02
3.838952e-03
4.084949e-03
-5.399593e-03
2.881474e-03
2.644905e-03
-3.663689e-11
-5.327546e-11
-1.433211e-11
-9.454053e-11
-1.107499e-10
-1.399971e-10
-9.394721e-11
-7.836526e-11
-1.776138e-10
-1.589020e-02
2.011584e-02
2.742555e-03
3.859492e-03
1.052749e-02
-4.185809e-04
1.375852e-02
-7.345327e-03
-1.604822e-03
7.483309e-03
2.001457e-03
9.606119e-03
1.195622e-03
4.952331e-03
9.751813e-03
6.907599e-03
6.579012e-03
1.284106e-02
9.617378e-03
1.462965e-02
1.219814e-02
1.839076e-02
2.463042e-02
2.087343e-02
2.146231e-02
2.935519e-02
2.611729e-02
2.003623e-03
-5.697789e-03
7.761543e-03
1.053768e-02
-1.625369e-02
1.149036e-02
3.159975e-02
1.254281e-02
-1.472099e-02
1.866022e-02
4.318956e-02
3.041218e-02
-2.513742e-03
-2.143986e-03
1.559479e-02
-2.113316e-04
-3.038824e-03
5.093565e-03
-3.590915e-03
-1.554086e-02
-1.152025e-02
2.116085e-02
-9.791896e-03
-1.436257e-02
1.584088e-02
1.166072e-02
5.846010e-03
-2.597918e-02
-2.345080e-02
-1.271526e-02
-1.248284e-02
-3.814513e-03
-2.013485e-03
-3.759223e-03
-5.424484e-03
-1.471236e-03
-2.061166e-02
-2.156740e-02
-1.916409e-02
-1.140657e-03
-9.440906e-04
2.950129e-03
2.822240e-02
3.144704e-02
-1.067381e-03
-5.721173e-04
2.293892e-02
-3.322650e-03
1.639987e-02
-1.173336e-03
1.835230e-02
-1.180077e-02
3.168667e-03
4.147018e-02
-2.657924e-02
-6.147815e-03
1.069651e-03
-1.204799e-02
7.986211e-03
-1.709820e-02
5.560157e-03
-4.236592e-03
-2.544639e-02
2.864288e-02
-1.446206e-02
-2.161416e-03
2.958134e-02
-3.658396e-02
2.236014e-04
2.444521e-02
-3.658519e-02
-4.586595e-03
-9.988840e-03
1.243426e-02
-7.800591e-03
4.472829e-04
8.934135e-03
-2.091511e-02
1.263146e-02
7.091461e-03
-8.505531e-03
2.701155e-11
6.161111e-11
-3.989491e-11
-5.610147e-12
1.891569e-12
9.057188e-11
-3.776106e-12
-6.735192e-11
8.196478e-11
1.377439e-02
-4.609634e-03
2.051512e-02
-3.756582e-02
-2.891431e-02
-2.355006e-02
-2.974417e-02
-5.664790e-02
-1.656036e-02
-3.667602e-04
3.427330e-02
2.711531e-02
5.076625e-03
4.249737e-03
1.574328e-02
2.753475e-02
1.962192e-02
1.840446e-02
1.498210e-10
5.726661e-11
4.067749e-11
3.991417e-11
-5.316358e-11
6.794815e-11
4.980228e-12
-8.223617e-11
-1.045006e-10
1.656083e-02
-1.052260e-02
1.448820e-02
2.447275e-02
-4.719623e-02
7.293530e-04
-2.353788e-03
-1.635656e-02
-1.671296e-02
-9.468119e-03
-1.349095e-02
-1.863293e-02
-1.025786e-02
-1.723097e-02
-2.171545e-02
-1.057365e-02
-9.074264e-03
-2.900282e-02
2.069623e-02
5.515154e-03
-5.461986e-03
1.099302e-02
-1.768504e-02
-2.352691e-02
-6.202957e-03
-2.432853e-02
-2.350129e-02
7.480910e-04
-6.951530e-03
1.913278e-02
-1.092536e-02
2.171578e-02
1.417093e-02
-3.698172e-02
-1.391755e-02
1.206724e-02
-7.076342e-03
-3.233219e-02
2.295272e-02
3.780006e-02
1.126717e-02
1.019682e-02
2.947490e-03
-3.411256e-03
1.584129e-03
4.398333e-04
1.143610e-02
1.275565e-02
-2.393319e-02
1.143029e-02
9.286431e-03
-4.808796e-02
-3.018075e-02
5.908628e-04
3.397798e-02
1.660277e-02
1.103233e-02
-5.385679e-03
-1.909228e-02
-2.724043e-02
1.288278e-02
-1.085924e-02
-1.293161e-02
8.339943e-03
-6.603742e-03
-1.547875e-02
3.290628e-03
-2.046162e-02
-2.699424e-02
-1.513283e-02
-2.431921e-02
-8.055160e-03
6.373997e-03
-1.418944e-02
7.691896e-03
-1.921748e-03
-3.280743e-02
-3.186861e-03
-1.226050e-02
-1.166815e-02
-7.891621e-03
2.059893e-02
-1.219050e-02
-3.228723e-02
1.315826e-02
-4.187371e-02
-6.583165e-02
9.371327e-03
-1.998224e-02
-3.541832e-02
6.899707e-03
-1.713840e-02
-9.777901e-04
-2.100072e-04
-1.826178e-02
-1.080108e-02
-1.915476e-02
-6.083869e-04
-1.062019e-02
-8.459675e-03
2.289312e-04
-1.711364e-02
-1.620722e-03
-1.889460e-03
-7.067549e-03
6.521608e-03
2.762977e-03
3.915018e-03
-1.790504e-12
-2.895396e-11
-1.160605e-10
-7.420982e-11
-4.231611e-12
-2.616967e-11
-8.729704e-12
-4.816898e-11
-6.254545e-11
