3.193166e-03
-1.246194e-02
1.428315e-02
4.325600e-03
-7.693388e-02
-1.433765e-02
1.653849e-02
-1.982954e-02
-2.293893e-03
-9.770562e-03
-1.949333e-02
-3.293795e-02
-1.826432e-02
-3.338451e-02
-4.100415e-02
1.458572e-02
-5.761646e-02
2.125754e-02
-4.797193e-02
-9.059381e-03
-2.276039e-02
-1.955329e-02
-9.717336e-03
-1.152104e-02
-2.561949e-02
1.958681e-02
-1.446551e-02
-2.305770e-03
-3.718710e-02
-1.219800e-03
-6.075133e-02
-4.104074e-02
1.996569e-05
-2.184201e-03
1.552938e-03
-7.031403e-03
-2.847469e-03
-3.282516e-02
-3.591543e-02
5.165674e-05
-3.673413e-02
-2.638802e-02
1.388720e-02
1.440661e-02
-1.770620e-02
7.920081e-03
-4.861899e-02
-2.928019e-02
-1.421184e-02
-5.263453e-02
-5.192421e-02
2.010289e-02
7.395810e-04
-2.880145e-02
1.117027e-02
-1.213459e-02
-8.246130e-03
-4.746628e-02
-8.569318e-03
-2.583219e-02
-3.382599e-02
-1.613008e-02
-1.256547e-02
-2.539409e-02
