2.914730e-01
2.678946e-01
2.530080e-01
2.483678e-01
2.455727e-01
2.778379e-01
2.707013e-01
2.699214e-01
2.560369e-01
2.045301e-01
2.790418e-01
2.469958e-01
2.789614e-01
2.663690e-01
2.393361e-01
2.949447e-01
1.176051e-01
1.201090e-01
1.788677e-01
1.463475e-01
1.362664e-01
1.820426e-01
1.562062e-01
1.444493e-01
1.755795e-01
1.838792e-01
1.596801e-01
2.096152e-01
1.779205e-01
1.669734e-01
2.098858e-01
1.873671e-01
1.510200e-01
1.704572e-01
1.419125e-01
2.102378e-01
2.431837e-01
1.419925e-01
1.463031e-01
1.931137e-01
2.021789e-01
1.609285e-01
1.183472e-01
1.497300e-01
1.310323e-01
1.343599e-01
1.768046e-01
1.016197e-01
2.484184e-01
2.759327e-01
2.665134e-01
2.499449e-01
2.603117e-01
2.263567e-01
2.478237e-01
2.549525e-01
2.524149e-01
2.695700e-01
2.693687e-01
3.026342e-01
2.640241e-01
2.800136e-01
2.385671e-01
2.595399e-01
