5.119555e-04
-3.694443e-03
1.490421e-03
-2.523056e-03
-1.336557e-03
-2.875641e-03
-3.810568e-03
-1.741890e-03
-4.508139e-04
-3.573754e-03
-2.735624e-03
-3.401445e-03
1.588120e-03
3.113408e-03
-3.544831e-03
9.724010e-04
-2.340277e-03
-1.466610e-03
-5.629657e-03
-3.652394e-03
-2.224151e-03
-2.649747e-03
-1.048916e-04
2.425360e-04
-2.416119e-03
1.140432e-03
-7.149449e-03
-2.999045e-03
6.187200e-04
2.433705e-03
-3.479490e-04
-1.146375e-03
-1.680872e-02
-1.458332e-04
2.641588e-03
3.316101e-03
-8.073556e-04
-2.180738e-03
1.268683e-03
-3.530697e-03
-1.743449e-03
-8.631133e-05
-3.477922e-03
8.984779e-03
-1.357746e-03
-3.435056e-04
-5.958924e-04
-4.336539e-03
-9.053840e-04
-2.481837e-03
3.586751e-03
2.404853e-03
-1.785376e-03
-1.000108e-03
-2.924393e-03
-7.874770e-04
-1.087438e-03
-5.177837e-03
-4.192966e-04
7.765816e-04
1.486831e-03
1.533436e-03
-3.016073e-03
-3.062449e-03
