1.758740e-01
1.697493e-01
1.688840e-01
1.964833e-01
1.904652e-01
1.890770e-01
1.859058e-01
1.787239e-01
1.682573e-01
1.904305e-01
1.648182e-01
1.753937e-01
1.865524e-01
1.799908e-01
1.704343e-01
1.859386e-01
1.830577e-01
1.946125e-01
1.844306e-01
6.263205e-09
1.908880e-01
1.775821e-01
1.777409e-01
1.816346e-01
1.816137e-01
1.690589e-01
1.825429e-01
1.775198e-01
1.763284e-01
1.819942e-01
1.873528e-01
1.761650e-01
1.796622e-01
1.865030e-01
1.839838e-01
1.892467e-01
1.678133e-01
1.824534e-01
1.756834e-01
1.714320e-01
1.617347e-01
1.898340e-01
1.888341e-01
1.638166e-01
1.744474e-01
1.697913e-01
1.658601e-01
1.715093e-01
1.831072e-01
1.795615e-01
1.671799e-01
1.753344e-01
1.644174e-01
1.982126e-01
1.833309e-01
1.629803e-01
1.742228e-01
1.944648e-01
2.173450e-01
1.742305e-01
1.959433e-01
1.925921e-01
1.796762e-01
1.658967e-01
