8.402300e-03
7.268067e-03
6.512043e-03
1.048097e-02
1.135601e-02
5.262117e-03
7.921849e-03
7.204089e-03
9.965288e-03
8.330860e-03
5.972341e-03
4.537777e-03
6.234402e-03
5.954363e-03
6.595446e-03
7.141844e-03
6.410907e-03
7.382490e-03
4.512375e-03
8.500118e-03
5.970508e-03
1.077168e-02
7.672796e-03
3.808193e-03
8.532397e-03
9.048747e-03
6.581679e-03
6.962433e-03
6.210883e-03
4.647627e-03
5.559320e-03
8.869500e-03
4.358655e-03
7.661369e-03
4.775926e-03
7.504771e-03
7.799378e-03
1.221376e-02
6.077047e-03
9.362784e-03
5.793109e-03
4.004280e-03
9.452100e-03
5.513662e-03
7.493141e-03
8.040648e-03
7.637875e-03
7.819642e-03
8.326130e-03
9.996284e-03
9.398601e-03
7.395246e-03
4.343508e-03
8.888244e-03
8.324288e-03
7.776774e-03
7.681747e-03
6.227669e-03
8.171660e-03
6.599495e-03
9.303041e-03
5.017256e-03
6.367083e-03
5.848062e-03
