8.712750e-05
1.671556e-04
3.936692e-04
2.262331e-04
1.491926e-04
7.038527e-04
2.470678e-04
4.671063e-04
3.636342e-04
3.487995e-04
1.521553e-04
6.265822e-04
2.753218e-04
2.288197e-04
2.850364e-04
2.340886e-04
2.531708e-04
2.087199e-04
4.404982e-04
2.452720e-04
1.831009e-04
2.168256e-04
3.427288e-04
3.125668e-04
7.978025e-05
2.900051e-05
2.576198e-04
1.665253e-04
2.355391e-04
3.148736e-04
2.463853e-04
2.125275e-04
3.200855e-04
1.263229e-04
2.897762e-04
2.431375e-04
2.658830e-04
2.370126e-04
4.341578e-04
1.553105e-04
1.860671e-04
3.302886e-04
1.501668e-04
1.776103e-04
6.363205e-05
2.192085e-04
1.564345e-04
3.890594e-04
5.793256e-04
4.033987e-04
3.840643e-04
5.064725e-04
1.330802e-04
4.020580e-04
1.839682e-04
4.184868e-04
4.386413e-04
1.897811e-04
3.261254e-04
4.609552e-04
1.011139e-04
4.057686e-04
3.610566e-04
4.038968e-04
