2.128809e-03
-6.046283e-03
-5.086336e-03
2.522735e-02
2.459774e-02
1.220598e-02
-1.363200e-02
-1.225919e-02
-1.854880e-02
-1.751764e-02
-6.306433e-03
-1.763971e-02
-1.154675e-02
-2.527776e-03
-2.173478e-02
-1.703048e-02
-2.852996e-02
-2.827266e-02
1.883427e-02
2.610950e-02
1.542914e-02
3.928503e-02
5.039549e-02
3.514800e-02
-6.384301e-03
-5.308091e-03
-9.172209e-03
4.055638e-03
8.551329e-03
-9.940733e-03
2.070928e-02
2.340074e-02
-3.861577e-03
1.632133e-02
1.048428e-02
-9.989743e-03
1.776004e-04
-8.381529e-03
3.188920e-03
3.141446e-03
-7.214113e-03
3.429160e-03
1.195725e-02
-6.930089e-04
1.530302e-03
2.432544e-02
3.624292e-02
2.030356e-02
2.284499e-02
3.129887e-02
3.364452e-02
5.052551e-02
4.988138e-02
4.757273e-02
2.653064e-02
2.395329e-02
2.734233e-02
2.358685e-02
2.482085e-02
2.670183e-02
9.065185e-03
6.385889e-03
1.063748e-02
-3.204917e-03
-1.002064e-02
-9.672467e-03
3.290604e-03
3.057496e-02
6.484706e-03
-2.384630e-02
-1.589008e-02
-2.994306e-02
-2.349969e-02
-1.719558e-02
-1.688915e-02
-1.325298e-02
-6.724522e-03
-5.819775e-03
-5.065258e-03
-5.008625e-04
5.850744e-06
-4.252616e-11
2.029792e-11
-9.069332e-11
-6.953432e-11
-1.705268e-10
-1.071853e-10
-2.033549e-10
-8.840390e-11
-1.512614e-10
1.067399e-03
1.424859e-03
3.352650e-04
-7.862411e-04
-1.305049e-03
-1.387761e-03
-6.429335e-04
-1.672963e-03
-1.131580e-03
-1.256801e-02
-8.169124e-03
-1.048917e-02
-9.288519e-03
7.999995e-03
-7.328245e-03
-9.133587e-03
-1.734125e-02
-1.079874e-03
-1.891777e-02
-9.912285e-03
-1.379922e-02
3.045396e-02
3.640347e-02
3.283226e-02
1.396415e-02
-4.630420e-04
1.459521e-04
2.929678e-06
2.529645e-06
3.785972e-06
1.569414e-06
8.738633e-07
1.263583e-06
5.764128e-07
6.302502e-07
1.495355e-07
1.573730e-02
1.393469e-02
-5.381975e-04
1.535622e-02
1.943833e-02
8.325881e-03
1.561227e-02
3.109928e-02
1.537361e-02
-1.459021e-02
-1.973235e-03
-8.041752e-03
1.257740e-02
1.824445e-02
1.556765e-02
6.039044e-03
7.608529e-03
8.707789e-03
-1.898872e-03
1.928018e-02
-4.358372e-02
6.499321e-02
5.813704e-02
-1.086526e-04
-5.183629e-02
3.155512e-03
-1.143364e-02
-9.702150e-03
-7.996526e-03
-2.416129e-02
-1.093568e-02
-2.673101e-03
-1.072089e-02
-9.633838e-04
2.327525e-02
2.395454e-03
2.065885e-02
5.753019e-02
2.700854e-02
3.659676e-02
7.336408e-02
3.770217e-02
-1.239444e-02
4.113321e-02
-2.240665e-02
9.113126e-03
-1.949785e-02
7.953724e-03
-6.072923e-03
-2.657220e-02
-1.908549e-02
-3.412617e-03
1.261046e-04
1.275869e-02
-8.095589e-03
-9.923952e-03
3.330398e-03
1.193063e-03
-2.847809e-03
1.803016e-04
1.481039e-02
1.189060e-03
-8.922723e-03
-2.710056e-03
-2.801334e-03
1.889967e-03
-1.149642e-02
-1.899405e-02
-1.049865e-02
1.402311e-02
1.440468e-02
3.025445e-02
1.861893e-02
4.183658e-02
1.744038e-02
3.223191e-02
6.344524e-02
2.930075e-02
3.523447e-02
5.760392e-02
3.454740e-02
-3.819460e-02
6.607431e-03
-4.586581e-02
-8.734155e-03
1.570436e-02
1.227337e-02
-1.330866e-02
-2.194638e-02
-1.857182e-02
-2.121146e-02
-1.097013e-02
-7.273264e-03
-2.358598e-02
-7.678099e-03
-6.455531e-03
-1.589841e-03
-4.579815e-03
-7.845155e-03
-7.456127e-11
-1.304780e-11
6.303590e-11
-1.054479e-10
-6.633048e-11
-1.104060e-10
-6.342746e-11
-5.657613e-11
-1.906215e-11
2.696373e-03
6.906526e-04
3.089186e-03
-1.075426e-03
-3.498929e-03
-1.032055e-03
-2.724456e-04
-1.224395e-03
-1.258047e-03
9.507785e-03
-3.971048e-03
2.140705e-02
-7.084731e-03
5.134546e-03
-3.825996e-02
-1.071327e-02
1.502417e-02
-2.261260e-02
-2.607785e-02
-5.212833e-02
-2.021986e-02
2.873727e-02
9.863359e-03
3.345704e-02
9.215930e-03
-1.642666e-03
8.880449e-03
4.939516e-06
4.370457e-06
3.468861e-06
4.344582e-06
5.139388e-06
4.037826e-06
6.184367e-06
5.984552e-06
4.029127e-06
4.393948e-03
4.700918e-03
-3.329115e-02
4.201791e-02
3.658530e-02
2.129736e-02
4.627096e-02
4.815722e-02
4.033307e-02
-1.630368e-03
-1.444120e-02
-5.408877e-03
2.988098e-04
-1.498378e-02
-3.168949e-02
3.072144e-02
3.371570e-02
1.420677e-02
2.043777e-02
-3.817703e-02
1.723694e-02
6.184176e-03
-5.290271e-02
6.190598e-02
-8.344843e-03
3.071449e-02
1.022853e-03
-8.994327e-03
-1.290086e-02
1.261327e-02
-1.737025e-02
-1.463612e-02
4.905528e-03
-2.870227e-02
-2.765297e-03
-1.695974e-03
-2.768589e-02
-4.575983e-03
7.191015e-03
-2.257735e-02
-5.518671e-03
4.446636e-03
-2.122750e-02
-2.909485e-03
2.952715e-02
-2.372483e-02
-4.067420e-03
2.071944e-03
-1.805538e-02
1.089894e-02
-6.203151e-03
-1.348233e-02
9.913399e-03
-4.834861e-03
1.555702e-03
-9.255175e-03
-1.008930e-02
3.920395e-03
-4.386920e-03
-8.043125e-03
-9.630344e-03
-7.806835e-03
-1.129260e-02
1.463914e-02
-8.769487e-03
-2.883578e-03
1.634966e-02
-2.403787e-02
-2.082522e-02
3.613396e-02
-3.071462e-02
-2.647715e-02
-2.465206e-03
8.132184e-04
6.691306e-04
-1.188216e-02
3.075984e-03
-4.903036e-03
-1.814779e-03
5.870694e-03
7.386281e-04
4.114006e-02
-1.262875e-02
4.104181e-02
-2.994396e-02
1.066519e-03
4.618683e-02
-9.726505e-03
4.200650e-02
-3.874265e-03
8.740971e-03
5.692113e-03
-1.450494e-02
1.642987e-03
6.851250e-03
-6.946454e-03
1.542335e-03
2.749386e-03
2.912932e-03
8.098604e-11
-4.569433e-12
-5.843220e-11
4.582965e-11
2.003707e-11
-3.864629e-11
-5.542481e-11
1.114746e-10
-3.108112e-11
3.207866e-03
1.759596e-03
1.130683e-03
-6.502130e-05
2.405216e-03
-1.694035e-05
4.277519e-04
-5.062041e-04
-1.034279e-03
2.789517e-02
-4.445397e-02
2.355916e-03
-3.492462e-02
-2.748713e-02
9.662908e-03
-2.443540e-02
1.630642e-02
-5.205147e-03
-1.494792e-03
-3.537728e-02
-1.937853e-03
-3.108549e-02
4.266579e-03
-8.276312e-03
-4.740215e-03
1.218454e-02
-3.301277e-02
-5.056415e-07
-1.163115e-06
-2.219552e-06
-6.271258e-07
-8.331395e-07
-2.579004e-06
-1.959022e-06
-9.937171e-07
-3.812912e-06
-1.723773e-02
-6.839625e-03
6.940410e-03
-1.025556e-02
-3.298572e-02
5.597821e-03
-4.271050e-03
-2.353548e-02
2.872045e-03
1.358346e-02
1.996107e-02
-1.831819e-02
2.182555e-02
1.827991e-02
-1.928690e-03
1.667923e-02
1.206995e-02
1.860956e-02
6.519464e-02
3.165310e-02
-1.055160e-04
4.787586e-02
3.825165e-02
3.681608e-03
2.338564e-03
4.705585e-03
-7.956928e-03
3.783040e-02
2.569365e-02
7.868824e-03
1.275027e-02
4.028275e-02
1.284602e-02
3.136342e-03
3.889240e-02
1.348772e-02
1.632987e-02
4.345265e-03
-2.890006e-03
1.158558e-02
1.121227e-02
6.124699e-03
2.119294e-02
2.146283e-02
2.296777e-02
-1.013543e-02
-3.337684e-03
1.703782e-02
-1.204494e-02
6.515851e-03
2.433896e-02
-8.066590e-04
-5.865053e-03
-1.815518e-02
3.677795e-04
6.260713e-03
-1.493864e-02
-4.528650e-03
1.071483e-02
5.729820e-03
-1.115558e-02
-4.356775e-03
-2.348815e-03
-4.883157e-03
5.825261e-03
-1.092718e-02
2.336510e-03
1.133922e-02
1.368224e-02
1.807854e-02
2.068480e-02
2.808023e-02
2.979206e-02
2.894292e-02
-8.051791e-04
1.407574e-02
2.249964e-02
-3.578944e-04
1.122949e-02
2.500564e-02
2.470872e-03
2.026698e-02
-8.720154e-03
-9.368875e-03
1.377163e-02
2.384849e-02
-8.145302e-04
-1.749099e-02
2.545916e-02
1.587651e-02
-5.949868e-04
7.154452e-03
8.861702e-03
-1.691295e-03
-1.535391e-03
-7.948389e-06
-9.968667e-03
-6.545156e-03
5.910251e-03
1.900560e-10
1.541248e-10
1.720348e-10
1.729382e-10
7.711441e-11
7.816797e-11
1.101627e-10
7.894128e-11
1.127858e-10
-4.315821e-03
-2.702316e-03
-3.443755e-03
-4.089705e-03
-2.038730e-03
-3.756737e-03
-2.962149e-03
-2.575924e-03
-4.217206e-03
2.942137e-02
2.479564e-02
1.370822e-02
2.219623e-02
3.993764e-02
-3.813676e-03
1.782063e-02
2.238341e-03
-1.096217e-02
-1.076757e-03
4.783696e-03
5.931413e-03
-3.761083e-03
2.606965e-02
5.228178e-04
-1.807490e-02
1.590189e-02
2.321700e-02
9.181413e-07
9.513425e-07
2.936941e-07
6.030798e-08
1.896390e-07
-1.972122e-07
-6.577981e-07
-4.304775e-07
-9.459721e-07
5.593518e-03
1.974032e-02
2.148879e-02
1.337899e-02
1.559771e-02
1.477374e-02
6.930312e-03
8.540860e-03
1.227240e-02
2.874556e-04
5.676616e-03
-1.509406e-03
-1.464377e-02
8.538429e-04
5.406913e-03
-1.810906e-02
-9.496116e-03
1.688805e-03
2.030856e-02
-1.010996e-02
-3.389364e-03
-2.026302e-02
-2.546189e-02
-1.805484e-03
-1.535980e-02
-1.311313e-02
2.177283e-02
4.015066e-02
1.643409e-02
7.815927e-03
2.011671e-02
1.615930e-02
5.474032e-03
2.053609e-02
1.966314e-02
1.704433e-02
-6.072624e-03
-2.085118e-03
8.916308e-03
-5.135153e-03
-5.496836e-03
-5.690352e-03
-7.869702e-03
3.993201e-03
-1.162741e-03
-1.744696e-02
-3.371084e-02
-1.464200e-02
-4.210097e-02
2.593847e-04
2.100290e-02
-4.095763e-03
3.382427e-02
3.837407e-02
-1.165951e-02
-3.792256e-02
-3.988473e-02
6.051721e-03
-1.353849e-02
-4.031284e-02
9.064941e-04
-3.575231e-03
-2.549474e-02
-3.637929e-02
-1.561507e-02
-2.413599e-03
1.217241e-02
1.443830e-02
2.665953e-02
1.418043e-02
-8.989627e-03
-5.488045e-03
-1.234975e-02
-1.179695e-02
-1.547464e-02
-6.130402e-03
-4.601669e-03
-8.140516e-03
-1.015018e-02
-1.336643e-02
-1.716157e-02
1.798665e-03
-2.668249e-02
-2.517127e-02
-3.148148e-02
-2.709868e-02
-2.532542e-02
-1.618997e-02
-9.111047e-03
-2.433852e-02
9.641441e-03
5.510665e-03
5.871653e-03
1.620143e-03
-7.094238e-03
-9.270417e-03
-1.833438e-03
-3.055848e-03
-1.012167e-02
-1.273336e-10
5.787502e-11
-6.815448e-12
1.214018e-11
5.763125e-11
-2.775899e-11
2.340911e-11
-3.903871e-11
-6.877596e-11
-2.593184e-03
-6.268085e-04
-6.929440e-04
-1.242303e-03
-3.985141e-04
-2.012194e-03
1.261781e-04
-2.075335e-03
-1.165008e-03
3.828161e-02
6.664924e-02
3.697276e-02
2.698445e-02
4.068433e-02
1.210975e-02
1.276086e-03
-6.011916e-02
-4.873820e-02
-5.040249e-02
-4.291557e-02
-2.112826e-02
-5.217842e-02
-1.736983e-02
-1.408313e-02
-1.562688e-02
5.337095e-03
-8.694160e-03
-6.545445e-08
-1.113964e-06
-1.345048e-06
1.172006e-06
1.567912e-08
-4.240098e-07
1.066000e-06
-5.090060e-08
1.684983e-07
2.583439e-02
3.356144e-02
2.066675e-02
8.891497e-03
-2.420755e-02
-3.396318e-02
8.509853e-03
-2.324097e-02
-3.695196e-02
2.501787e-02
1.167938e-02
7.610305e-03
1.994764e-02
8.246438e-03
4.460727e-03
1.442865e-02
1.472876e-02
2.801848e-02
-1.263640e-02
6.171821e-02
-1.260803e-02
4.846876e-03
2.131894e-02
-3.634723e-02
1.029784e-02
4.519881e-02
-3.438833e-02
-3.308055e-02
6.666113e-03
-1.656507e-02
-2.948166e-02
-1.311233e-02
-2.945975e-04
-2.219808e-02
1.195258e-02
1.456258e-03
1.073237e-02
1.036173e-02
-2.486187e-02
1.381082e-02
4.249599e-03
-8.993162e-03
2.252274e-02
1.051921e-02
-2.570795e-02
-8.376315e-03
-2.511625e-02
-1.064168e-02
-4.929566e-03
-1.633477e-02
1.497705e-03
-1.396315e-02
6.208901e-03
9.688781e-03
1.302140e-03
-4.337845e-05
1.066498e-02
9.130798e-03
-8.826265e-04
4.361923e-03
1.998358e-02
3.247244e-02
2.706017e-02
1.383216e-02
-4.869642e-03
-1.343668e-02
4.220324e-04
-1.777362e-02
-1.339628e-02
-9.265876e-03
5.121384e-03
2.492980e-03
8.458193e-03
1.346718e-02
-6.345403e-03
1.207161e-02
1.515146e-02
-1.265250e-03
8.365005e-03
8.966428e-03
-7.879359e-03
-2.124483e-02
7.296325e-02
4.621278e-03
-1.263687e-02
9.087824e-03
3.213142e-02
2.526887e-02
-1.994021e-02
-5.664692e-03
-1.142330e-03
-1.028162e-03
4.918742e-03
-4.080462e-03
6.190960e-04
4.127379e-03
1.668782e-03
-9.458193e-03
-2.791860e-03
-1.082059e-10
-1.437592e-10
-9.743800e-11
1.582257e-11
-4.665532e-11
2.619691e-11
-1.926245e-11
-2.002497e-11
3.728197e-11
-4.515790e-04
-1.494218e-05
1.071794e-03
6.039640e-04
1.857564e-04
-3.005336e-04
4.554895e-04
1.682233e-03
-1.361177e-03
-1.732911e-02
3.045933e-02
3.756440e-02
7.689422e-03
6.520540e-03
-2.087942e-04
3.925726e-02
5.140201e-02
-3.825471e-02
-1.064963e-02
-1.544318e-02
1.561639e-02
-6.239083e-03
-1.189320e-02
3.665358e-02
2.262029e-03
-1.268378e-02
-1.727510e-02
8.336378e-07
-4.043741e-07
3.142426e-07
8.483308e-07
2.181699e-07
1.413078e-06
8.342809e-08
-6.913796e-07
9.630012e-07
1.628895e-02
9.365459e-03
7.143128e-03
7.675822e-03
1.801876e-02
1.678897e-03
4.679533e-03
1.525672e-03
-2.917564e-03
-8.560258e-03
-2.790301e-03
2.139265e-02
5.723211e-03
-1.285466e-03
2.792482e-03
1.322806e-02
1.701331e-02
-3.298350e-03
-2.860862e-02
-6.897443e-02
-2.576134e-02
-4.837558e-02
-9.926161e-02
-5.821817e-02
-3.519794e-02
-4.685130e-02
-4.898771e-02
-1.276194e-02
-1.809794e-02
1.834949e-03
-2.541502e-02
-2.211967e-02
-6.912448e-03
-2.901380e-02
-2.412010e-02
-3.859249e-02
-1.383407e-02
6.666924e-03
7.129489e-03
-4.900927e-03
1.859570e-02
2.321405e-02
8.331311e-03
3.168900e-02
1.207946e-02
9.746773e-03
6.433607e-03
5.227236e-03
1.354804e-02
1.259839e-02
-1.948207e-02
8.345791e-03
1.109258e-02
-4.937678e-03
-7.245831e-03
-4.711270e-03
9.415012e-03
-6.461979e-03
-1.330901e-02
-1.362052e-02
-1.787155e-02
-1.148068e-02
-4.907735e-03
-4.572389e-03
7.205592e-03
2.041952e-02
-9.136692e-03
5.029678e-03
-1.200547e-02
-4.058215e-03
-1.030358e-02
-8.213645e-04
5.467578e-03
1.088507e-02
-1.221062e-02
2.645840e-03
1.900370e-02
5.406252e-03
6.106253e-04
1.594392e-02
5.854632e-03
3.402563e-02
-1.194573e-02
2.386543e-02
2.799548e-02
-3.759244e-02
3.223350e-03
-3.086047e-03
-3.034850e-02
-3.388926e-02
-5.832221e-04
8.425408e-03
-7.985716e-04
-3.115427e-04
4.606836e-03
1.040597e-02
-1.050432e-03
-8.487124e-03
3.883363e-03
4.124666e-11
-5.224554e-11
2.918953e-12
-7.482864e-11
-8.813642e-11
-7.380065e-11
3.708379e-11
-2.977021e-11
-8.067156e-11
-7.942505e-04
-4.121225e-03
9.530931e-05
-4.293207e-03
-3.516793e-03
-1.340966e-03
-4.998374e-03
-1.877125e-03
-7.943425e-04
3.756199e-03
-5.505668e-02
-1.073965e-03
3.453529e-02
1.043119e-02
6.729367e-03
7.873030e-03
7.699362e-03
-2.057830e-02
-6.614282e-03
-1.588161e-02
7.800475e-03
-2.089696e-02
-2.404579e-02
-2.832581e-02
-3.724543e-03
9.988426e-03
-1.586033e-02
1.634165e-06
9.749165e-07
-1.522583e-06
-1.632139e-07
-4.765955e-07
-2.480708e-06
4.359081e-07
8.082648e-07
-7.775579e-07
5.580223e-03
3.319987e-02
-9.823870e-03
1.041031e-02
2.133368e-02
-1.616171e-02
-1.472409e-02
-2.211562e-02
-3.278908e-02
-1.193314e-02
-3.617791e-04
2.153675e-02
9.109174e-03
2.698450e-02
2.995175e-02
1.006230e-02
3.147104e-02
3.016861e-02
1.656932e-02
-7.910141e-03
-6.494308e-04
1.919482e-03
5.057472e-03
1.046214e-02
-1.413208e-02
1.027043e-02
1.518251e-02
2.191560e-03
-2.690841e-04
6.332973e-03
9.800971e-03
6.885512e-03
-3.411872e-03
2.346310e-02
2.244938e-02
1.727423e-02
-3.758273e-02
-1.845307e-02
-1.604146e-02
-1.872915e-03
4.117584e-03
-1.068180e-02
2.602788e-02
3.713329e-02
1.424067e-02
6.168413e-03
1.833853e-02
-5.818105e-03
-8.269218e-04
3.287341e-03
1.552670e-02
-1.982937e-02
-2.651627e-02
-7.834145e-03
1.023093e-03
-3.419236e-03
-1.793154e-02
-1.264123e-02
1.235308e-02
1.741117e-02
-2.277664e-02
-1.872674e-03
2.187006e-02
-2.133331e-02
4.857723e-03
1.469701e-02
-2.665052e-02
-2.986701e-02
-1.601187e-02
-1.116533e-02
-2.849458e-02
-2.359888e-02
-6.539157e-03
4.506021e-05
1.404094e-02
-8.799386e-03
-6.069370e-03
3.368008e-03
6.841259e-03
9.624580e-03
2.080251e-02
-1.886809e-02
-1.911140e-02
-1.868609e-02
-1.694424e-02
-1.124914e-02
-1.083257e-02
-1.942434e-02
-1.181751e-02
-9.155113e-03
5.472093e-03
1.486859e-02
8.890040e-03
1.847546e-02
2.271583e-02
1.164491e-02
2.318803e-02
2.304975e-02
7.610423e-03
6.494924e-11
2.491256e-10
9.832622e-11
3.599042e-11
4.562904e-11
5.737143e-11
5.894368e-11
-2.200335e-11
1.894597e-11
4.721895e-03
4.419845e-03
3.886912e-03
4.636647e-03
5.268762e-03
5.621323e-03
4.082818e-03
4.286631e-03
4.675667e-03
-4.839332e-02
-2.069747e-02
-4.807488e-02
-3.660133e-02
-6.584304e-03
-3.942619e-02
6.675042e-03
4.215444e-02
-2.184689e-02
6.059000e-04
6.603155e-03
-2.893487e-02
9.050639e-03
1.885733e-02
5.999680e-04
-1.000664e-02
1.472490e-02
-1.524387e-03
5.047134e-06
2.887747e-06
6.335007e-06
1.255322e-06
-1.206922e-06
2.022817e-06
1.524198e-06
-9.117653e-07
1.785084e-06
-3.217631e-02
-1.348392e-02
-1.657962e-02
-8.144996e-03
-4.301354e-03
-2.070204e-03
-2.673373e-03
-1.452957e-03
6.000136e-03
1.242623e-02
1.676388e-02
8.508670e-03
2.338022e-02
3.026371e-02
2.983507e-02
2.403204e-02
2.637824e-02
4.183828e-02
-8.816973e-03
7.663161e-03
2.866254e-02
-9.216204e-02
-1.099074e-01
1.820816e-02
-2.573188e-02
-3.567988e-02
2.053485e-02
-5.871884e-02
-5.907037e-02
-3.068758e-02
-5.482250e-02
-3.420256e-02
-1.864763e-03
-6.029056e-02
-5.069701e-02
-2.852585e-02
2.399889e-02
1.491864e-02
-2.091740e-02
-5.023861e-03
3.810901e-02
3.610982e-02
-8.301666e-03
9.301024e-03
1.309162e-02
-8.449710e-03
-2.507650e-02
1.959359e-02
1.910766e-02
-9.417623e-03
2.072068e-04
-2.099122e-02
-1.285991e-02
-8.616396e-03
-1.648634e-02
-1.035694e-02
-6.964504e-03
-1.129614e-02
-1.825022e-02
-6.700006e-03
1.633983e-03
-1.856284e-02
-2.704586e-04
-2.627107e-02
7.385828e-03
-2.111733e-02
2.330218e-02
8.589884e-03
-1.937717e-02
-1.090471e-05
1.227751e-02
-1.720378e-02
-2.572447e-03
-6.385927e-03
-7.397354e-03
-1.269179e-02
2.124291e-04
1.288337e-03
7.573658e-04
6.882616e-03
2.081657e-02
-4.188450e-02
-5.382081e-02
-6.289087e-02
-3.445973e-02
-5.306239e-02
-1.336998e-02
-3.051993e-02
-7.835370e-02
-9.306136e-02
1.282160e-02
3.522722e-03
-2.649024e-02
6.720853e-03
1.263894e-02
1.589745e-03
-1.010229e-02
2.713306e-03
-9.101219e-03
1.374190e-10
9.783896e-11
2.132633e-11
-4.290551e-11
-9.877995e-11
-5.253547e-11
-1.013526e-10
4.578027e-11
-5.607753e-11
-1.707309e-03
-1.468281e-03
4.429746e-03
-1.148979e-03
-1.186892e-03
2.503560e-03
-4.042770e-03
-1.735412e-03
2.898635e-03
-6.514298e-03
-1.635830e-02
-2.595013e-03
1.176787e-02
-3.927855e-03
2.592474e-02
-4.520215e-03
-2.432809e-02
-9.648224e-03
2.075090e-02
-2.168485e-02
-1.325273e-02
-5.737114e-02
-2.043585e-02
5.806718e-02
2.670890e-02
-2.433559e-02
-4.095181e-02
5.051536e-06
8.260040e-07
4.474174e-06
7.568300e-07
-1.527074e-06
2.175462e-06
3.607066e-06
2.939396e-06
5.630707e-06
6.713070e-03
-5.690419e-03
-1.886415e-02
5.032862e-02
1.746416e-02
-2.712944e-02
9.710606e-03
-1.098936e-02
-2.540690e-02
-1.662100e-02
-5.049074e-03
1.317065e-02
-2.967712e-02
-1.930411e-02
1.695327e-02
-3.040907e-04
1.250714e-02
2.118328e-02
2.907891e-02
-1.724595e-02
-2.107891e-03
2.236643e-02
-1.241427e-02
-1.264903e-02
-1.709435e-02
5.407497e-04
-1.228840e-03
-4.113404e-02
-2.875167e-02
-3.689808e-02
-1.485703e-02
-2.487696e-02
-3.522381e-02
4.277756e-03
-1.095607e-02
-2.274963e-02
-1.954989e-02
-6.636328e-03
-3.100640e-03
-1.186193e-02
-1.012375e-02
-8.686035e-03
8.553104e-03
-7.513437e-03
-1.222774e-02
5.687477e-02
-2.110260e-03
-7.620811e-02
4.217113e-02
2.401553e-02
-7.377486e-02
4.409403e-02
4.589688e-02
-7.021059e-02
7.098127e-03
-1.972342e-02
2.807539e-03
6.541192e-03
-5.819005e-03
1.450629e-03
-1.215886e-02
-1.419519e-02
-2.344370e-02
-1.058379e-04
1.004827e-02
-4.428410e-03
4.154385e-03
-7.275569e-03
-2.520334e-02
3.040372e-02
6.326844e-03
-1.674451e-03
-1.266141e-02
4.606432e-03
5.192467e-03
-6.187702e-03
7.642351e-03
-2.177014e-03
8.116827e-03
1.212253e-02
-2.334107e-03
-1.680912e-02
-2.583962e-03
1.133709e-02
4.236827e-02
-3.196637e-03
-2.264170e-02
6.178091e-03
4.019226e-03
-6.981832e-03
6.344025e-03
-3.788663e-03
-1.500336e-02
1.214078e-02
2.171716e-03
-2.869632e-03
-3.404577e-04
-8.467767e-03
-3.778904e-03
6.356284e-11
5.926963e-11
-2.851556e-11
-1.255676e-11
6.705200e-11
3.415971e-11
-2.587465e-11
5.938388e-11
7.644715e-11
1.426227e-03
1.457458e-04
3.352125e-03
2.805908e-03
1.668388e-03
4.473165e-03
1.731400e-03
1.562355e-03
3.780388e-03
-5.305327e-03
-3.062383e-02
4.582395e-02
-3.167099e-02
-3.765341e-02
6.590751e-02
-3.644489e-02
-4.784920e-02
4.906452e-02
1.534610e-02
-2.032229e-02
-7.514577e-03
1.027300e-02
-5.062049e-03
-5.565622e-04
-1.380924e-02
-9.153995e-03
-7.053990e-04
2.263491e-08
-2.516592e-07
-3.281016e-06
-6.657575e-08
-2.167442e-07
-2.263781e-06
2.284562e-06
1.170557e-06
-7.661888e-07
-1.961328e-02
-9.233644e-03
-2.308596e-02
5.212863e-03
2.186500e-03
-4.647101e-03
2.278920e-03
-8.278213e-03
3.566697e-03
1.456044e-02
-9.820327e-04
1.047287e-02
4.406636e-03
7.709255e-03
2.112750e-03
-1.211621e-03
-2.315949e-03
-1.872798e-02
-2.081783e-02
1.896441e-02
-1.920969e-02
2.356458e-02
3.676017e-02
-4.114506e-02
1.262995e-02
1.471896e-02
-6.794470e-03
-7.092896e-03
-5.203103e-02
-1.957995e-02
1.601364e-02
-2.721450e-02
-3.737782e-02
-4.542536e-03
-1.935324e-02
-4.212018e-02
-1.714553e-03
-2.141564e-02
3.489827e-03
1.572869e-02
-1.599576e-02
-6.444543e-03
1.346955e-02
-1.464009e-02
-1.366190e-02
4.882801e-02
4.186913e-03
-2.247158e-02
3.446797e-02
-1.042848e-02
-2.017458e-02
1.746065e-02
-1.398410e-02
-3.296433e-02
1.943589e-02
6.447844e-03
-9.018450e-03
1.916511e-02
8.707265e-03
1.859002e-03
1.733912e-03
-1.471084e-02
-1.027837e-02
-2.463782e-02
-1.456287e-03
3.276771e-02
-3.823205e-02
-3.973709e-03
2.235208e-02
-2.295646e-02
8.801789e-03
3.297978e-02
-1.592701e-02
-1.215309e-02
3.850552e-03
-8.751819e-03
-1.173234e-02
2.582551e-03
-1.013207e-02
-1.019759e-02
-7.796576e-03
1.748551e-02
-1.505962e-02
1.697312e-03
7.008321e-02
-1.797984e-02
-4.461962e-02
1.341331e-02
-1.952459e-02
-2.922694e-02
-9.119132e-03
-3.816318e-03
1.077683e-02
5.204718e-04
-9.373323e-03
4.655691e-03
3.280674e-03
-5.548955e-03
2.115214e-03
8.287101e-11
1.151409e-11
-5.811751e-11
-8.544603e-12
-8.809920e-12
-9.726316e-11
4.367805e-11
5.895073e-12
-3.751694e-11
3.232433e-03
2.433466e-03
7.597342e-04
1.991747e-03
3.624102e-03
3.294456e-03
-1.412478e-04
5.604099e-03
2.496586e-03
-3.018624e-02
1.539197e-02
1.289268e-02
-2.212324e-02
2.007211e-02
3.082428e-02
-5.202835e-02
2.590962e-02
2.701399e-02
-7.267499e-03
3.710332e-03
-1.010561e-02
-4.326612e-03
-3.717094e-02
1.340248e-04
-6.737340e-03
-1.405878e-02
-9.704718e-03
1.951325e-06
9.593749e-07
-2.362679e-06
2.060718e-06
1.837609e-07
-3.106038e-06
3.396340e-06
1.828162e-06
-1.156102e-06
-1.674031e-02
-9.183849e-03
1.437791e-02
-2.624233e-02
-1.264799e-02
2.550722e-02
-1.560071e-02
-1.562379e-02
3.878083e-02
-7.526434e-03
1.897101e-02
2.318238e-02
4.953477e-03
2.872534e-02
9.155619e-03
2.207515e-02
2.081978e-02
-1.220001e-02
-6.842636e-02
-5.441344e-02
1.550108e-02
-1.023265e-01
-1.180992e-02
2.887220e-02
-1.714554e-02
1.112158e-02
1.914723e-02
-7.377248e-03
3.412825e-03
-8.348752e-03
-4.341056e-02
4.475174e-03
-4.407727e-02
-2.955141e-02
-5.667049e-02
-3.980502e-02
1.608092e-02
6.885146e-02
8.076243e-02
-1.295235e-02
2.300062e-02
1.142096e-02
-7.604316e-03
-6.004539e-02
-6.037560e-02
4.444113e-03
1.517221e-03
7.414244e-03
-1.664323e-02
-2.101960e-02
2.619736e-04
-4.290604e-03
-1.920019e-02
1.504100e-03
-1.792805e-02
-2.284511e-02
-7.871717e-03
-7.249988e-03
-3.228733e-02
-9.641308e-03
-2.357553e-02
-1.503527e-02
-9.524511e-03
-4.806265e-03
-1.413758e-02
-3.910571e-02
-8.101124e-03
-3.613733e-02
-5.270180e-03
-8.435439e-03
1.050276e-03
2.235776e-02
-2.515911e-03
1.486586e-02
4.005402e-02
-1.045178e-02
-2.632999e-03
1.246291e-02
-1.602083e-02
-2.184586e-02
-1.095098e-02
-1.000980e-03
-4.387372e-02
-2.618540e-02
-2.387467e-02
2.175190e-03
-5.379245e-02
-3.498440e-02
-4.249552e-02
-2.196966e-02
1.725780e-02
4.046720e-03
-1.928911e-03
1.968950e-02
1.960107e-02
5.684878e-03
8.162718e-03
4.858247e-03
1.328406e-02
-1.102783e-10
-5.116922e-11
-1.091219e-10
-9.595637e-11
-7.711241e-11
-1.452068e-10
-1.018575e-10
-8.968151e-11
-4.522440e-11
-7.078172e-03
-2.803907e-04
3.387841e-03
-7.067966e-03
-3.683353e-03
-1.347141e-03
-3.130035e-03
-1.733175e-03
2.896381e-04
-1.492972e-02
-1.067819e-02
4.584810e-03
-4.249131e-02
1.544756e-04
-1.573702e-02
3.023861e-02
-2.249968e-02
-1.298411e-02
-2.677787e-02
-7.241467e-03
1.309057e-02
-3.789467e-02
-4.698372e-03
-4.196827e-02
-4.973131e-02
-9.977998e-02
-7.522824e-02
2.646147e-07
-2.776510e-06
4.012131e-07
2.822444e-07
6.332108e-07
1.141870e-06
-6.352410e-07
-1.832174e-06
6.172825e-07
-4.636715e-03
-2.788005e-02
-3.781881e-02
-1.488230e-03
-2.036189e-02
-2.979020e-02
4.078287e-03
2.724848e-02
2.037030e-02
1.768960e-02
2.697978e-02
2.499339e-02
3.408764e-02
-5.852391e-03
7.222824e-03
4.558756e-02
-8.809189e-03
-1.071831e-02
1.015362e-02
5.315200e-02
3.987960e-02
2.834744e-02
-4.024858e-02
-4.210830e-02
-4.002001e-03
3.653430e-02
3.348719e-02
1.708356e-02
4.758611e-03
1.527170e-02
2.353644e-02
-4.971694e-04
2.414852e-02
-7.813129e-03
4.466187e-02
2.112779e-02
7.925926e-03
-2.373200e-03
1.708464e-02
-2.467556e-02
-3.266980e-02
2.208508e-03
5.810381e-03
2.978659e-02
2.448158e-02
-1.576624e-02
-5.264528e-03
1.839298e-02
-1.093695e-02
-4.687925e-03
-2.351741e-02
-1.070228e-02
6.073311e-03
-2.329486e-02
1.768848e-02
1.401129e-03
-1.756457e-02
1.180941e-02
-7.084629e-03
-1.039791e-02
1.577576e-03
-4.309821e-03
-1.206140e-02
3.856604e-03
-5.259899e-03
9.207359e-03
-1.043672e-02
2.785150e-02
-1.686066e-02
-1.609053e-02
-1.832524e-02
-7.177173e-03
-1.059378e-02
-1.876590e-02
-6.138335e-03
1.462704e-03
-4.169637e-03
-3.768574e-03
-4.473698e-03
-6.077880e-03
-4.980254e-03
-3.177988e-03
1.068897e-02
-2.542282e-02
-4.423860e-03
-7.206069e-02
3.509750e-03
-1.439629e-02
1.372133e-02
-5.485187e-02
2.298757e-02
4.259349e-02
2.686718e-02
-2.734219e-03
-1.559703e-03
9.715681e-03
1.124949e-02
6.739067e-03
-3.852953e-03
-1.656548e-10
-7.646461e-11
-1.350041e-10
-9.027597e-11
1.448324e-12
-1.216614e-10
-2.233323e-12
-1.825090e-10
4.295186e-11
-8.262144e-04
-4.148412e-03
-1.827213e-03
-7.202493e-04
1.877114e-03
2.223743e-03
2.663178e-03
2.394039e-03
1.092136e-03
-2.725780e-02
2.935405e-02
4.571175e-03
2.269569e-02
-2.991613e-02
-6.471723e-03
-5.646959e-02
3.924910e-02
-1.099971e-02
1.015465e-02
4.993255e-02
3.521628e-02
-1.077659e-01
-1.286221e-01
-7.594940e-02
3.124976e-02
1.121166e-01
3.550068e-03
-3.054130e-07
-1.504307e-06
8.781389e-08
-1.116189e-07
-1.780541e-06
4.010697e-07
4.409834e-06
5.081270e-06
5.894758e-06
2.473861e-03
-2.403436e-03
1.231721e-03
2.180342e-03
5.733439e-03
5.812127e-03
-1.226832e-04
-1.758639e-02
-1.378772e-02
2.054472e-02
2.713608e-02
1.897185e-02
-1.222039e-02
-7.533631e-03
-3.722949e-02
3.030483e-02
2.360678e-02
2.345596e-02
4.279865e-02
1.112037e-02
-2.859243e-02
4.285000e-03
-4.124618e-02
-7.951912e-03
1.699769e-03
3.129710e-03
2.785238e-02
3.843222e-03
2.515305e-02
-1.703380e-02
-1.749675e-03
-8.321708e-03
-1.041758e-02
9.949666e-03
2.474868e-03
3.895250e-04
8.443616e-03
2.312122e-02
9.147618e-03
3.183373e-03
1.235739e-02
-8.214363e-03
-1.211752e-02
-1.366039e-02
-1.263735e-02
-2.550086e-03
-2.698565e-02
-1.241632e-02
6.207828e-03
-2.070753e-02
7.262773e-03
1.259053e-02
-4.325081e-03
1.006691e-02
-7.888361e-03
-3.401407e-03
2.105861e-03
3.130109e-03
3.413870e-03
2.059276e-02
3.913599e-03
-2.615382e-03
2.083072e-02
-4.022772e-03
-2.788900e-02
1.127084e-02
1.670163e-03
6.106058e-03
5.603410e-03
-3.375232e-03
1.888505e-02
-1.180551e-02
1.300939e-02
1.708237e-02
6.425592e-03
1.131133e-02
1.315884e-02
5.286556e-03
-3.832977e-03
-1.296138e-02
-9.694919e-03
-2.393710e-02
2.239631e-04
-1.076622e-02
-2.868964e-03
-3.949549e-02
-2.679525e-02
-4.529587e-04
7.786911e-03
-8.547438e-03
-1.309585e-02
-4.968402e-03
-4.245630e-03
4.591375e-03
1.307168e-02
1.173386e-03
1.432767e-02
2.660717e-02
1.073189e-02
1.991984e-11
-3.528318e-12
6.261882e-11
1.969527e-11
3.118430e-11
-3.037307e-11
1.114633e-10
1.674091e-11
2.965611e-11
-2.103675e-04
8.439497e-04
2.680934e-03
1.464899e-03
1.491224e-03
2.866765e-03
1.366617e-03
9.028112e-04
2.811883e-04
-3.413721e-02
-1.945760e-02
-3.536480e-02
-3.501171e-03
-2.492280e-02
-1.164928e-02
-8.805450e-03
1.030686e-02
-2.167198e-02
-1.844710e-02
-4.020051e-02
-3.064541e-02
-5.906558e-02
-7.471055e-02
-5.202017e-02
-5.464759e-03
1.136896e-03
-2.044599e-02
3.907271e-07
-3.711061e-07
1.488933e-06
-7.889030e-07
-9.375817e-07
3.026256e-07
-1.617377e-06
-1.194972e-06
1.733387e-07
-1.110218e-02
-9.370858e-03
-2.392195e-02
1.674326e-02
1.761275e-02
-4.059202e-03
1.277005e-02
1.814357e-02
6.333163e-03
-3.253489e-03
-2.304921e-02
-7.132342e-03
-1.819606e-04
-1.111149e-02
-1.888669e-02
1.354503e-02
-3.210237e-03
-8.886536e-03
2.182139e-02
-3.842194e-02
-1.581555e-03
1.179476e-01
-3.708477e-02
1.047187e-02
-1.525258e-02
-1.535501e-02
3.416265e-02
-5.912216e-02
-7.979523e-02
-3.161028e-02
-4.514780e-02
-9.093228e-02
-4.151031e-02
-7.006974e-02
-7.079576e-02
-6.038412e-02
2.181690e-02
3.349679e-03
1.788686e-02
3.090919e-02
-1.442948e-02
1.765255e-03
-1.107042e-03
-6.198519e-03
-2.529894e-02
2.501714e-03
-9.982627e-03
1.599789e-02
1.657641e-02
1.907945e-02
2.355343e-03
-1.248278e-02
-1.160110e-02
-2.032724e-02
-5.136737e-05
-2.391087e-02
-2.191697e-02
2.651825e-02
-1.268576e-02
-1.142110e-02
1.848797e-03
-6.701758e-03
5.959477e-03
1.643069e-02
-2.079981e-02
-9.825427e-03
-1.541851e-02
1.746534e-02
-1.750160e-03
-1.517712e-02
5.470481e-03
2.044883e-02
-7.905891e-03
-4.313390e-03
1.621415e-02
-1.075114e-02
-4.756070e-03
2.217913e-03
-1.094967e-02
1.012278e-03
4.506579e-03
-1.724523e-02
-3.687064e-02
-1.136828e-03
9.448950e-04
-1.037275e-01
2.989743e-02
-2.597210e-02
-2.189663e-02
-1.214545e-02
-1.984885e-02
1.558820e-02
-1.156438e-02
-1.809181e-02
8.468861e-04
-7.489744e-03
-1.000972e-02
4.994184e-03
-4.483658e-03
4.060358e-11
-9.999090e-11
7.376683e-11
-9.576530e-11
-2.485034e-11
-8.171024e-11
1.822726e-11
2.001278e-11
8.328403e-11
5.297975e-03
2.485867e-03
6.644069e-04
3.332182e-04
2.863924e-03
6.817093e-04
2.539571e-04
3.020079e-03
8.314288e-05
6.187493e-03
1.109956e-02
-1.459022e-02
5.007026e-02
-1.109331e-02
6.165484e-04
-1.851829e-02
3.099998e-02
-1.451482e-02
-4.453876e-03
5.474412e-03
1.966768e-02
6.635113e-03
-2.741395e-02
-8.877479e-03
-3.492975e-02
3.016866e-02
-3.776233e-02
1.027114e-06
1.204225e-06
2.589539e-06
-7.024302e-07
-6.846352e-07
1.119695e-06
1.313828e-06
1.943689e-06
4.235560e-06
-8.162948e-03
2.767781e-03
-3.008871e-02
-7.943516e-03
2.392157e-02
2.463009e-02
-2.360256e-02
-1.799829e-02
-4.166294e-03
4.733333e-04
3.255631e-03
-1.737380e-02
2.164434e-02
3.496926e-02
-2.123921e-02
-2.949624e-02
-3.487571e-03
1.649727e-02
-3.411100e-02
-3.243550e-02
6.387482e-03
-2.029407e-02
1.004101e-01
2.714591e-02
-3.230158e-02
-8.557632e-03
2.711000e-02
-3.671116e-02
-3.625070e-02
-8.341512e-02
-5.808105e-02
-2.305378e-03
-7.835831e-02
-2.209255e-02
-3.134132e-02
-5.223422e-02
3.989663e-03
-1.365128e-04
-1.461835e-03
1.114693e-02
1.399453e-02
-2.872458e-02
1.916192e-02
3.690484e-02
1.752255e-02
1.444977e-02
-2.669535e-02
5.177246e-03
1.921086e-02
-1.407947e-03
4.445108e-02
-8.617551e-03
-2.513924e-02
1.303569e-02
-6.207058e-03
-6.426696e-03
-6.757077e-03
-8.535649e-04
1.143144e-02
6.614704e-03
1.683891e-03
2.911766e-03
-1.579873e-02
-9.293962e-03
2.386815e-02
-1.832024e-02
-2.028208e-02
1.144427e-02
2.227977e-02
-1.552719e-02
1.185786e-02
-2.531840e-03
1.757365e-03
-1.519704e-02
-1.354570e-02
-4.398875e-03
-1.403957e-02
-1.871078e-02
1.370055e-02
5.857356e-03
7.874944e-03
-6.123161e-03
-4.917255e-02
-2.075010e-02
-2.994565e-02
-1.331448e-02
-1.102951e-01
5.458320e-03
-3.334397e-02
-4.922868e-02
1.551516e-02
-8.281153e-04
3.237599e-02
1.349494e-02
-1.083096e-02
1.170043e-02
8.964002e-03
-4.972577e-03
2.029709e-02
5.280788e-11
1.668206e-10
3.015956e-11
-8.376296e-12
1.311198e-11
-1.569675e-11
1.602230e-11
2.355995e-11
-5.259995e-11
2.094381e-03
7.464724e-03
2.377002e-03
4.388212e-03
2.849319e-03
3.164530e-03
1.752486e-03
3.694699e-03
7.357373e-03
-2.167144e-02
-4.374413e-03
-7.953086e-03
-1.089284e-02
4.774396e-02
-3.003477e-02
-1.320402e-02
-2.562978e-02
2.349795e-02
-1.731288e-02
1.538850e-02
2.755830e-02
1.739876e-02
-1.022310e-03
-7.783425e-02
-3.858972e-02
-3.683482e-02
5.079988e-02
1.250919e-06
2.406870e-06
-7.919175e-08
-2.433767e-07
2.842902e-07
-2.702123e-06
3.984345e-06
3.401072e-06
4.693769e-07
-2.856420e-02
-2.181852e-02
1.739850e-03
-1.184740e-02
-5.390042e-03
4.978231e-02
-2.219621e-02
-2.433870e-02
1.498772e-02
5.533043e-03
3.692909e-03
-8.431277e-03
2.026514e-03
9.907870e-03
3.787528e-02
-3.089537e-02
-1.680841e-03
3.653070e-02
