-3.241887e-02
-7.596757e-02
3.565197e-02
-2.450370e-02
-8.570617e-02
-8.086369e-02
-3.187151e-02
-7.229818e-02
-7.860105e-02
-8.832923e-02
-3.833780e-02
-5.224299e-02
3.213448e-02
-3.404379e-02
-8.868706e-02
-1.683504e-04
-3.997535e-03
-3.234136e-02
-5.333168e-02
-9.125429e-02
-6.230739e-02
-3.416565e-02
-6.488691e-02
-1.225289e-01
-2.913048e-02
-3.439398e-02
-4.112373e-02
-3.548914e-02
-1.986583e-04
-7.804283e-02
-2.674508e-02
-1.058386e-02
-1.134710e-01
-7.268934e-02
-3.427043e-02
-2.409901e-02
-2.356072e-02
-6.350817e-02
-8.597651e-03
-8.028564e-03
1.748629e-03
-7.764542e-02
-4.629707e-02
1.910034e-02
-2.790435e-02
-2.839120e-02
-4.222067e-02
1.628340e-02
-5.677895e-02
-1.357938e-01
-8.147273e-02
-9.175494e-02
-6.236733e-02
-7.908200e-02
-8.306042e-02
-6.987126e-02
-6.475911e-02
-1.018408e-01
-1.300163e-01
2.605345e-02
-2.033661e-02
-6.368265e-02
-1.339348e-01
-1.018939e-01
