9.803111e-02
-1.396055e-01
-1.322877e-01
-1.926477e-01
-1.241499e-01
-1.300923e-01
-2.442230e-01
-2.208678e-01
-2.559046e-01
4.220560e-01
-8.709589e-02
-2.477266e-01
-2.810923e-01
2.258964e-01
-1.006596e-01
1.628009e-01
2.202829e-01
-2.145911e-01
-7.381430e-02
-1.050424e-01
8.920424e-02
-6.340065e-02
4.418004e-01
6.250659e-01
-7.632083e-02
3.959287e-02
-1.703041e-01
2.847129e-01
2.798792e-01
-1.570651e-01
2.484603e-01
2.926034e-01
3.476528e-01
-7.746154e-03
3.799981e-01
3.046032e-01
-2.044012e-01
-1.432361e-01
-7.404751e-02
-9.224857e-02
-9.361403e-02
3.596577e-01
-6.804500e-02
2.051141e-01
-4.030662e-02
-2.135010e-01
-5.046853e-02
-3.158612e-01
2.488493e-02
-2.120329e-01
-1.695077e-01
-1.196352e-01
1.609706e-01
-2.053043e-01
1.699261e-01
-3.629997e-03
-1.606151e-01
-9.371380e-02
-3.241801e-02
-1.322488e-02
1.132187e-03
3.512808e-01
-2.230136e-01
-3.120124e-01
8.042086e-02
2.818657e-01
-4.676778e-02
3.699673e-01
4.393696e-02
9.478366e-02
-6.989338e-02
6.210374e-01
-9.566341e-02
-1.253788e-01
-5.680134e-02
-1.359135e-01
-1.406081e-01
9.326352e-02
-2.179257e-01
4.703042e-01
-5.254894e-02
-8.475016e-02
-1.780401e-01
-1.016432e-01
1.939884e-01
-6.456200e-02
3.126804e-01
-1.244074e-01
-1.395045e-02
3.251642e-02
-1.226492e-02
-9.694692e-02
-1.454409e-01
-8.149361e-02
-9.763399e-02
4.299359e-02
-2.456451e-01
-2.083600e-02
-1.608837e-01
-1.364181e-01
6.006271e-01
-8.008228e-02
6.822417e-01
-5.706647e-02
-8.246606e-02
-5.019861e-02
-6.029848e-02
3.463847e-02
-5.071355e-02
-8.263710e-02
-4.883409e-02
-1.918291e-01
-1.152371e-01
-4.363320e-02
5.421960e-01
-9.528608e-02
-8.198249e-02
-1.221551e-01
-6.047490e-02
-7.866884e-02
-1.281335e-01
-2.411109e-02
-6.902784e-02
-3.422576e-01
-5.961123e-02
-1.176282e-01
-1.586417e-01
-9.738634e-02
5.844391e-02
1.870321e-01
-1.883888e-01
-1.113097e-01
2.091666e-01
-3.291596e-01
3.567488e-01
-1.817082e-01
-1.659020e-01
2.838159e-01
-1.326750e-01
-2.831172e-01
2.721472e-01
-1.849125e-01
-3.086163e-02
2.144227e-01
3.155030e-01
2.692939e-01
-2.836943e-01
-1.131170e-01
-9.233247e-02
3.019359e-01
-2.278840e-01
-2.480044e-01
1.096550e-01
6.752944e-04
-6.932829e-02
6.200168e-03
2.544002e-01
3.627954e-01
2.233849e-01
3.264050e-01
-2.702656e-01
2.221505e-01
2.708093e-01
1.878632e-01
-3.106402e-02
-7.211633e-02
-2.217066e-01
-8.423391e-03
-1.419904e-01
-2.985752e-01
-2.445220e-02
2.309346e-01
-1.644302e-02
2.476377e-01
-1.249978e-01
4.520594e-01
-3.090400e-01
5.779839e-01
-9.667567e-02
-2.093548e-01
1.943841e-01
-1.975671e-01
-1.525451e-01
-1.554729e-01
-2.635758e-01
2.856626e-01
-9.372873e-02
-1.392438e-01
-5.060855e-02
-5.505208e-02
1.762893e-01
3.559606e-01
-8.675075e-02
1.397599e-01
5.414899e-01
-8.562232e-02
2.534758e-01
-3.532481e-01
2.229953e-01
-1.152376e-01
2.703604e-01
-1.412168e-01
1.368618e-01
-1.662548e-01
1.004926e-01
3.024492e-01
-1.232470e-01
-7.225130e-02
-1.279445e-01
2.112656e-01
2.346000e-01
-1.191744e-01
2.040045e-01
-1.285229e-01
-2.170338e-01
-1.568918e-02
-8.720758e-03
-7.884870e-03
3.519517e-01
-8.681663e-02
-1.923651e-01
-2.194428e-01
-1.664602e-01
7.255694e-02
2.600673e-03
-1.219210e-01
1.265710e-01
1.284744e-03
-1.776105e-01
3.021713e-01
-1.313611e-01
2.374436e-01
2.912853e-03
3.337649e-01
1.402325e-01
1.667096e-01
-2.616682e-02
1.126763e-01
1.726765e-01
8.195326e-02
6.231561e-01
-2.782799e-01
-9.492184e-02
6.735407e-01
1.840413e-02
-2.437378e-01
-1.297248e-01
-3.105679e-01
-3.161885e-02
-2.045035e-01
-2.182981e-01
-1.711873e-01
-7.671695e-02
-2.645937e-01
-2.946630e-02
2.444292e-01
-8.321835e-02
-1.145267e-01
2.372030e-01
6.031014e-02
-6.196516e-02
6.491320e-01
-1.032507e-01
-1.497387e-01
-1.198607e-01
3.703600e-01
-1.216710e-01
6.287270e-01
4.507469e-03
-7.104239e-02
-8.906101e-02
-1.797614e-01
-1.131676e-01
-1.483027e-01
5.075158e-01
1.025469e-01
-1.185450e-01
-1.717591e-01
-1.391416e-01
-1.019238e-01
-9.117384e-02
-8.275582e-03
-7.986966e-02
-3.790856e-02
-1.449240e-01
3.305170e-01
-2.164346e-01
-5.060424e-02
2.898192e-01
-1.314367e-01
-1.846926e-01
-2.142672e-01
-1.540451e-02
-6.242794e-02
-1.656414e-01
8.947904e-02
1.873440e-01
-1.760237e-01
-9.008975e-02
-1.587396e-01
2.779019e-02
3.208731e-01
-1.076249e-01
1.215975e-01
-2.319010e-01
-1.774194e-01
-1.214471e-01
-1.388204e-01
-9.897243e-02
-2.063258e-01
-9.320637e-02
-2.270343e-01
-2.718590e-01
-1.036384e-01
-8.278141e-02
-1.713855e-01
-2.803700e-02
5.427011e-01
-2.062843e-01
5.269027e-01
-7.511608e-02
-1.031556e-01
3.460581e-01
-5.175317e-02
-6.113495e-02
-2.451324e-01
-1.038882e-01
-1.599075e-01
-4.103562e-02
-1.304176e-02
-2.497826e-03
7.379968e-01
2.097478e-01
1.607826e-01
-1.508422e-02
-4.324500e-02
-1.462970e-01
2.326761e-01
-1.779717e-01
-1.307471e-01
-7.404327e-02
3.368919e-01
-1.598293e-01
-4.611186e-02
7.018127e-02
-4.229195e-02
-2.150170e-01
-1.061921e-01
8.983462e-02
-1.589594e-01
-1.988477e-01
-1.725344e-01
-1.310752e-01
-1.082369e-01
-1.911642e-01
6.017345e-02
1.813186e-01
-1.299334e-01
-1.866062e-01
-1.113411e-01
1.256817e-01
4.582641e-02
1.781247e-01
-1.341718e-01
1.304424e-01
-1.816318e-01
1.621004e-01
-1.101277e-01
6.577003e-01
4.040931e-01
-1.368304e-01
-2.280579e-01
-1.162058e-01
4.261459e-02
7.115676e-02
1.368374e-01
5.343112e-01
2.911760e-01
5.517294e-01
-1.713347e-01
-8.920629e-02
-2.087298e-01
-2.626009e-01
-1.941356e-01
1.145454e-01
-1.410592e-03
-2.248466e-01
3.352355e-01
-1.091312e-01
-1.910227e-01
-9.557452e-02
7.467015e-02
-9.367456e-02
-1.963220e-01
1.820058e-01
-2.360797e-01
-2.381118e-01
-1.072988e-01
2.954605e-01
-6.901314e-02
-1.238412e-01
-1.932051e-01
4.989943e-01
-1.299391e-01
-9.195410e-02
9.137628e-02
-1.757219e-01
-2.323235e-02
3.486526e-02
-3.320767e-02
-3.524444e-02
-1.217745e-01
-1.469779e-01
2.730381e-01
3.200183e-01
-1.162061e-01
-1.510402e-01
2.928373e-02
-9.422600e-02
2.596159e-01
-1.040389e-01
-1.955472e-01
-1.106627e-01
-1.339426e-01
3.114169e-01
-1.676862e-01
1.907149e-01
-1.246337e-01
-3.265289e-02
1.112154e-02
2.058301e-01
4.631590e-01
-2.511651e-01
-1.858756e-01
-1.253662e-01
4.105869e-01
1.396148e-01
4.627439e-01
-1.045026e-01
7.040276e-01
-1.289414e-03
-8.628134e-02
-4.646103e-02
-2.163344e-01
1.663940e-01
-1.794527e-01
-1.402830e-01
-2.624677e-01
-2.347889e-02
-8.668498e-02
-2.553318e-01
-1.084800e-01
-5.933251e-03
8.718320e-01
-1.229079e-01
-2.053970e-01
-1.533710e-01
-2.137636e-01
-3.869962e-02
-1.918823e-02
4.048648e-01
-1.621021e-01
-1.122716e-01
-1.233798e-01
3.516943e-01
-1.140882e-01
-2.611290e-01
-1.177255e-01
-1.000651e-01
-1.223216e-01
-1.481703e-02
-5.903858e-02
1.097074e-01
2.319441e-02
3.622672e-01
-9.291396e-02
-1.374733e-01
-1.330359e-01
8.680005e-02
-1.091040e-01
-9.010258e-03
1.805528e-01
-1.919879e-01
-1.704299e-01
-9.443862e-02
5.356413e-02
-9.760265e-02
2.256601e-01
-1.616944e-01
2.484627e-01
-9.189718e-02
2.659052e-02
-4.610354e-02
-1.224300e-01
-7.005261e-02
-2.067935e-01
-8.473185e-02
-9.173693e-03
-1.873852e-01
-3.356813e-02
-5.699336e-02
9.062061e-02
3.063749e-01
1.827541e-01
6.176964e-01
1.636106e-02
-2.224508e-01
5.074140e-02
-1.191194e-02
-2.621238e-01
6.012538e-01
-6.654362e-02
-2.242004e-02
4.587297e-03
-1.441298e-01
-8.365864e-02
-4.386266e-02
-1.421934e-01
2.695681e-01
-3.078392e-01
6.458570e-01
-2.332568e-01
2.031482e-01
-1.362029e-01
-1.864538e-01
-1.160029e-01
-1.383841e-01
-1.599873e-01
-1.854289e-01
-4.244486e-02
-1.211196e-01
4.189015e-01
-2.134364e-01
-1.000241e-01
3.347831e-01
-1.937909e-01
-6.905377e-02
-4.879329e-03
-2.549609e-02
2.016224e-01
2.506592e-01
-1.606988e-01
-1.088782e-01
-1.809814e-01
-1.934345e-01
-2.549870e-02
2.218415e-01
-2.048520e-01
-1.416594e-01
-5.303881e-02
5.477018e-01
-7.497412e-02
-9.027881e-02
-2.386724e-01
-8.190770e-02
-1.196881e-01
8.602858e-02
-9.618038e-02
-6.217037e-02
-1.866342e-01
-1.456886e-01
-7.041566e-02
-2.146862e-01
-1.381342e-01
-1.067899e-01
5.547159e-01
-1.523131e-01
-1.376164e-01
-1.193944e-01
-7.408978e-02
-7.605330e-02
4.938856e-01
-2.498303e-02
3.434489e-01
-7.744873e-02
-1.441164e-01
-6.045753e-02
-1.678666e-01
-1.330000e-01
-1.320421e-01
-1.004015e-01
-2.249011e-01
-1.095718e-01
6.449891e-01
9.194353e-03
-1.532526e-01
-8.257492e-02
-1.422392e-01
-1.454948e-01
-1.410352e-01
5.320353e-01
-1.998924e-01
-1.382573e-01
8.414472e-02
-1.453469e-01
2.959370e-01
2.031785e-01
-7.961332e-02
-1.548385e-01
1.871333e-01
-6.519017e-02
5.592601e-04
-1.066957e-01
5.001781e-02
-1.075975e-01
-5.566375e-02
-9.041282e-02
-1.051289e-01
3.603941e-01
-1.631225e-02
-1.762721e-01
-8.757768e-02
-1.332663e-02
3.806432e-01
-2.423182e-01
-7.458863e-02
-5.731246e-02
-5.656143e-02
-9.238042e-02
-1.267538e-01
-3.187699e-02
4.066627e-03
-7.645950e-02
-1.075297e-01
-1.679758e-01
-5.244567e-03
6.046212e-01
-1.212778e-01
-5.243120e-02
-1.756062e-01
1.453057e-01
-1.106290e-01
-1.755193e-01
-6.863956e-03
2.894902e-01
6.803402e-01
1.735482e-01
-1.498429e-01
3.201964e-01
-5.063087e-02
