-2.581361e-02
-3.937839e-02
1.211672e-02
-2.948945e-02
-4.828951e-02
-3.279965e-02
-3.799172e-02
-2.634347e-02
-4.529477e-02
-3.557171e-02
-1.711620e-02
-2.967146e-02
-3.727483e-03
-1.613893e-02
-4.324656e-02
-7.929980e-03
-6.004959e-03
-2.368378e-02
-1.659507e-02
-4.432001e-02
-1.920886e-02
-3.149470e-02
-1.246282e-02
-3.478497e-02
-1.012194e-02
-1.697289e-02
-8.204006e-03
3.146752e-04
-6.767364e-03
-3.341662e-02
-2.951731e-02
-1.466855e-02
-2.192389e-02
-4.101399e-02
6.971181e-03
-7.053779e-04
-2.781958e-02
-2.337017e-02
-1.932786e-02
-1.905910e-02
-1.269493e-03
-3.275003e-02
-2.364242e-02
1.115385e-02
-4.379786e-02
-8.501541e-03
-1.237944e-02
4.752942e-02
-2.501191e-02
-5.782198e-02
-3.019835e-02
-4.296376e-02
-3.990656e-02
-3.579725e-02
-2.876550e-02
-4.238644e-02
-3.293830e-02
-4.999255e-02
-5.646316e-02
1.054440e-02
-3.656159e-02
-3.030238e-02
-5.211665e-02
-5.022030e-02
