-4.312566e-02
-8.932602e-02
-7.298874e-02
-8.922874e-02
-6.296822e-02
-6.887057e-02
-6.215464e-02
-5.899590e-02
-7.465418e-02
-4.511835e-02
-5.996953e-02
-6.635071e-02
-5.021825e-02
-6.860076e-02
-6.775685e-02
-5.471013e-02
-4.477073e-02
-3.549425e-02
-3.359552e-02
-2.440789e-08
-8.226360e-02
-8.050227e-02
-7.143100e-02
-6.692427e-02
-4.703024e-02
-5.084378e-02
-7.459494e-02
-4.628965e-02
-6.757621e-02
-7.085553e-02
-6.697420e-02
-4.660890e-02
-6.439220e-02
-3.376878e-02
-5.106821e-02
-4.264645e-02
-5.102782e-02
-8.816949e-02
-4.786738e-02
-6.145957e-02
-7.817091e-02
-6.773000e-02
-6.178407e-02
-7.888282e-02
-5.566441e-02
-9.162114e-02
-6.655197e-02
-6.746506e-02
-5.067968e-02
-5.182236e-02
-6.256200e-02
-6.617353e-02
-6.502645e-02
-5.942850e-02
-5.994689e-02
-5.492689e-02
-4.843973e-02
-5.791322e-02
-3.671362e-02
-4.789057e-02
-5.186015e-02
-5.782471e-02
-7.887284e-02
-7.104307e-02
