-9.567512e-03
-1.972000e-02
-2.438008e-02
-1.069817e-02
-1.953346e-02
-1.380406e-02
-1.301596e-02
-2.457143e-02
-9.015325e-03
-1.300328e-02
-2.341025e-02
-1.606763e-02
-1.679440e-02
-2.687562e-02
-1.007105e-02
-1.650833e-02
-1.691209e-02
-2.383094e-02
-1.041122e-02
-2.476486e-02
-1.926107e-02
-6.575593e-03
-2.850679e-02
-1.698661e-02
-1.203460e-02
-1.460857e-02
-2.074206e-03
-2.351070e-02
-8.373203e-03
-8.993558e-03
-9.666916e-03
-8.296113e-03
-9.936466e-03
-1.650220e-02
-2.879273e-02
1.346681e-03
-2.795348e-03
-1.428099e-02
-3.399590e-04
-3.369820e-03
-1.989070e-02
-1.264339e-02
-1.653443e-02
-2.059334e-02
-1.629126e-02
-2.174359e-02
-2.208599e-02
-1.976537e-02
-9.711809e-03
-1.271763e-02
-2.361205e-02
-2.087117e-02
-1.560906e-02
-5.039575e-03
-1.452527e-02
-1.430687e-02
-1.259664e-02
-1.894444e-02
-2.057297e-02
-1.105958e-02
-3.220795e-02
-2.503367e-02
-8.877150e-03
-1.452369e-02
