8.084311e-01
4.080449e-01
6.439790e-01
3.712647e-01
6.226910e-01
6.520280e-01
6.083279e-01
7.130370e-01
5.469596e-01
9.582505e-01
7.521408e-01
8.129639e-01
6.548255e-01
6.474258e-01
6.464508e-01
7.302489e-01
7.282935e-01
9.932979e-01
7.590571e-01
3.296978e+00
4.277977e-01
5.769485e-01
6.622072e-01
5.282260e-01
8.640997e-01
1.056534e+00
6.330854e-01
7.430629e-01
7.640389e-01
6.935933e-01
5.906081e-01
8.826658e-01
7.581927e-01
1.074137e+00
7.323778e-01
8.741793e-01
8.829921e-01
5.220827e-01
1.008493e+00
4.991351e-01
6.420343e-01
8.062367e-01
7.588818e-01
5.501878e-01
7.870339e-01
4.138233e-01
5.823147e-01
7.840319e-01
9.911559e-01
7.978048e-01
7.732667e-01
7.302235e-01
8.464860e-01
8.273989e-01
7.841166e-01
9.027823e-01
9.161792e-01
8.002952e-01
1.014579e+00
7.973216e-01
8.594133e-01
7.663576e-01
6.004105e-01
6.234242e-01
