-1.575621e-02
1.034705e-02
1.320727e-02
-1.376943e-02
9.848218e-03
1.783318e-02
3.645559e-03
9.449786e-03
3.521203e-02
1.894012e-02
1.949424e-02
7.396273e-03
4.342260e-03
3.992992e-03
-3.445084e-04
-1.602806e-02
-2.983468e-02
7.474355e-03
2.984310e-02
3.261808e-02
-1.392196e-02
3.173869e-02
2.648049e-02
-1.451894e-02
1.289219e-02
-4.935764e-03
-2.498503e-02
1.689144e-02
-3.937503e-02
-4.163180e-03
3.139001e-03
-6.277338e-02
-1.086511e-02
-6.668504e-03
-4.169561e-02
1.330139e-02
-2.308058e-02
5.828068e-03
1.993452e-02
-2.104906e-02
5.404305e-03
1.362422e-02
-1.063701e-02
1.162181e-02
5.904084e-03
-1.097099e-02
-2.506980e-03
1.224930e-02
-1.435276e-02
-1.495620e-03
1.527083e-02
-1.928490e-02
4.368902e-03
-3.096003e-03
1.063386e-02
1.400356e-02
1.248559e-03
1.839587e-02
2.688196e-02
1.380690e-02
1.243531e-02
1.803688e-02
5.898973e-03
-1.121750e-02
-1.878681e-02
-1.530155e-02
-1.315408e-02
-7.098986e-03
-1.957811e-02
-7.618016e-04
-1.689061e-02
2.183043e-03
9.492502e-03
8.099182e-03
9.134158e-03
8.704234e-03
7.924886e-03
7.258306e-03
6.154265e-03
7.707878e-03
5.632443e-03
-1.872815e-03
1.251661e-02
1.340292e-03
4.502731e-03
1.862675e-02
3.908716e-03
-9.608567e-04
7.615026e-03
-5.211898e-04
2.285291e-03
1.355433e-02
6.521123e-03
4.140769e-03
1.794234e-02
5.242303e-03
5.354825e-03
1.582235e-02
2.219513e-04
-2.906212e-02
2.170885e-02
9.865964e-03
-1.144805e-02
7.388482e-02
3.980153e-02
2.605623e-02
8.060162e-02
5.231657e-02
1.823512e-02
-2.246144e-03
-1.056895e-02
-8.551485e-03
-3.303142e-02
-2.063451e-03
-2.555280e-02
-3.508322e-02
1.766623e-02
-4.527029e-03
4.580634e-04
4.701784e-03
-2.722328e-03
1.996531e-03
7.610878e-03
-9.067853e-04
2.555622e-03
9.322475e-03
1.610318e-02
1.295707e-02
6.543228e-03
1.196946e-02
1.078793e-02
-4.413641e-03
8.939217e-03
7.697781e-03
-1.740692e-02
8.014945e-03
2.388171e-03
-2.762370e-03
2.692784e-03
-9.182913e-03
5.773337e-03
1.704754e-02
1.286068e-02
1.220309e-02
-5.035071e-02
-1.344553e-02
-5.468626e-03
-6.776050e-02
4.626599e-02
1.965792e-02
-5.593446e-02
-3.180438e-02
1.366796e-02
-1.219540e-02
-1.467916e-02
-2.243362e-02
-2.835535e-02
-1.266184e-02
-6.156833e-02
-2.640717e-02
-9.797211e-03
-1.644963e-02
-1.928014e-02
-1.846925e-02
-4.206304e-02
7.784986e-03
3.158016e-02
-1.289833e-02
-8.002268e-03
1.080304e-03
-1.774383e-02
-2.908896e-02
4.578471e-03
-2.654006e-03
-2.616350e-02
-3.125807e-02
-9.000077e-03
-2.342599e-02
-2.610419e-02
-1.494627e-02
-5.831620e-03
8.571909e-03
-2.249738e-02
-2.126023e-02
-1.770671e-02
-4.793737e-03
-6.610734e-03
-2.301471e-02
-2.109450e-02
4.269649e-02
-1.511750e-02
-7.155970e-02
4.619629e-02
-6.506421e-02
-7.608880e-02
5.852010e-02
1.194511e-02
-4.477769e-02
-1.887581e-04
6.208926e-03
-1.057148e-02
2.166183e-03
1.612976e-02
1.215506e-02
-1.708923e-02
2.205564e-03
1.454919e-02
-6.647908e-02
-6.950984e-02
-5.340969e-02
-1.988986e-02
-2.260244e-02
-5.054286e-02
-1.467806e-02
-4.787939e-02
-6.077889e-02
4.613416e-03
-5.305186e-03
2.626147e-05
2.111377e-03
-9.682467e-03
-1.060678e-02
-1.581591e-04
-6.705081e-03
-1.066668e-02
-5.971995e-04
-6.986792e-03
-1.581319e-02
5.665659e-03
6.031017e-04
-8.231252e-03
1.025905e-03
-1.008969e-05
-9.475598e-03
-6.136573e-03
-5.926387e-03
-1.058875e-02
-1.241056e-03
-3.746705e-03
-1.042368e-02
9.989924e-04
-1.508805e-03
-6.610713e-03
-2.568191e-03
-1.864775e-02
-3.781992e-04
-2.459406e-02
-2.104489e-02
-4.984029e-02
-5.631705e-04
-1.163964e-02
-2.903010e-02
5.038589e-03
-1.003192e-02
6.131615e-03
-3.406355e-02
8.648715e-03
2.887189e-04
-5.016304e-02
-8.027895e-02
5.072389e-03
-7.833975e-03
-2.340170e-03
-1.049506e-02
-9.426379e-03
1.577946e-03
-4.582225e-03
-1.275324e-02
-3.914823e-03
-5.715610e-03
7.579992e-03
-5.337812e-03
1.060401e-03
-7.556478e-03
-3.136840e-02
-2.038224e-02
1.552377e-03
1.981802e-02
-3.819582e-03
-1.269838e-02
-1.787196e-02
2.108483e-03
-4.133981e-02
-3.957288e-02
-1.153325e-02
-2.982974e-02
-5.192166e-02
-1.425852e-02
-1.565524e-02
-4.912797e-03
5.042122e-03
9.857635e-03
-2.453532e-03
-1.142044e-02
-2.640687e-02
-2.621617e-02
-1.699001e-04
1.317939e-02
2.091295e-02
8.099685e-03
2.049963e-02
2.316242e-02
5.263894e-03
-2.948050e-03
1.138883e-02
-7.013346e-03
8.553456e-04
2.481863e-02
2.503064e-02
-1.447211e-02
1.280907e-02
1.084712e-02
-1.752800e-02
1.460455e-02
6.893922e-04
-3.556926e-02
2.577073e-02
7.706862e-03
-2.398642e-02
7.552522e-02
4.382328e-02
-2.499848e-02
4.668755e-02
2.603766e-02
1.266929e-02
5.141028e-04
-1.076903e-02
1.233255e-02
-1.921907e-03
-2.327130e-02
8.894707e-04
1.153265e-02
-4.851928e-03
5.171020e-02
5.420860e-02
4.741535e-02
7.201154e-03
1.816727e-02
1.527060e-02
-4.173233e-02
-4.527986e-02
-3.422802e-02
9.640797e-03
8.630962e-04
4.641330e-03
6.387790e-03
-2.890849e-03
1.122205e-02
1.336197e-02
8.842944e-03
2.522090e-02
-2.239210e-02
-4.420360e-03
-1.405108e-03
7.366776e-03
2.174322e-03
-1.706352e-02
-1.034178e-02
1.320019e-02
-2.234297e-02
6.608741e-03
2.468571e-03
1.018003e-02
5.738737e-03
2.805228e-03
1.240378e-02
6.745293e-03
5.786243e-03
1.309719e-02
7.188986e-03
8.149582e-03
2.024733e-02
3.818425e-03
6.645224e-03
1.844441e-02
-1.040893e-03
5.430697e-03
1.209358e-02
3.579868e-03
5.194610e-03
6.544728e-03
-3.993592e-04
1.342259e-03
7.234256e-03
-2.582161e-03
-4.387425e-04
6.990486e-03
1.946105e-02
-8.076943e-03
1.051714e-02
2.530356e-02
-1.354527e-02
-1.189836e-02
1.636274e-02
1.924695e-03
1.030988e-02
2.176001e-03
-1.192041e-03
-1.328116e-02
1.420781e-02
-1.886523e-03
-1.204152e-02
-8.417292e-03
2.365219e-02
-4.565082e-03
8.315767e-03
6.952611e-03
1.178956e-02
6.855302e-03
6.910684e-03
1.141478e-02
2.784804e-03
5.138503e-03
1.058523e-02
-2.358956e-02
-3.532879e-03
6.337766e-03
-1.165979e-02
9.145679e-03
2.708205e-02
4.966994e-03
1.339827e-02
2.673703e-02
-3.968030e-03
-6.680897e-03
-5.009117e-03
-2.130737e-03
1.873319e-02
1.378476e-02
-5.397062e-03
7.648024e-03
1.500506e-02
1.595908e-02
-1.624211e-02
1.212843e-02
5.171104e-03
-4.826596e-02
-9.058266e-03
-4.453998e-03
-2.667637e-02
-3.046842e-03
-2.864117e-02
-1.971122e-02
7.996467e-03
-1.680030e-02
-2.204653e-02
4.025131e-03
-6.618518e-04
-4.873797e-03
1.034686e-02
-1.166258e-02
-8.292569e-03
1.377406e-02
-5.127582e-03
-3.957336e-03
1.419826e-02
-1.016029e-02
-7.475637e-03
9.149595e-03
9.822153e-03
-4.409228e-03
-1.375201e-02
2.507946e-02
1.606069e-02
-1.967346e-02
2.282946e-02
2.831105e-02
-2.838829e-03
-6.966933e-03
-1.872838e-02
4.274393e-03
3.990591e-04
-1.825490e-02
-6.263791e-03
1.543898e-03
-1.023244e-02
-1.182554e-02
3.789706e-02
3.293601e-02
6.513964e-03
5.134303e-02
6.197003e-02
2.167393e-02
3.177816e-02
4.674451e-02
1.984386e-02
4.204528e-03
1.961458e-03
-3.631195e-04
3.701272e-03
2.624136e-03
-3.152058e-03
5.770559e-03
3.717585e-03
-3.424349e-03
-2.041022e-02
-3.342919e-03
1.791424e-02
-2.002122e-02
-3.609753e-02
8.496999e-03
-4.346704e-03
-1.114218e-02
1.016163e-02
6.111411e-03
1.120412e-02
6.395048e-03
3.349788e-03
1.211992e-02
9.069969e-03
1.320438e-03
8.735297e-03
6.627845e-03
-8.837664e-03
3.017862e-05
7.219692e-03
-9.604450e-03
-2.992480e-04
9.231526e-03
-7.642003e-03
-2.144681e-03
3.964213e-03
-3.058802e-03
8.429627e-04
1.483471e-03
-5.856032e-03
1.028711e-03
2.903046e-03
-5.886527e-03
2.043073e-03
3.399821e-03
2.372385e-02
1.231806e-02
1.629711e-02
4.805194e-03
-4.511381e-03
2.859760e-02
-2.251155e-02
-5.712400e-03
3.055065e-02
4.150561e-03
-2.229410e-03
7.666376e-03
5.022450e-04
-2.190719e-02
-4.823175e-03
7.232289e-03
1.462042e-02
2.055252e-03
-2.376627e-04
3.136185e-03
1.751060e-03
5.038704e-05
2.496874e-03
1.728022e-03
7.474276e-04
2.569415e-03
1.297971e-03
3.137109e-02
3.027087e-02
-6.759928e-03
3.499145e-02
4.053043e-02
-8.702556e-03
1.449213e-02
1.854481e-02
-5.505807e-03
-1.478274e-04
-1.096408e-02
5.125825e-03
9.121994e-03
-1.205447e-02
-7.010279e-03
2.996135e-02
1.093728e-02
-7.642273e-03
-7.262845e-03
1.005672e-02
2.149202e-03
-6.410054e-03
1.638088e-03
2.508955e-03
-9.409596e-03
2.098360e-03
-4.863321e-03
2.734392e-03
-3.864014e-04
-1.767884e-02
-1.278658e-03
-8.580222e-03
-1.518319e-02
-5.479255e-03
-1.415883e-02
-5.921300e-03
-2.262462e-02
-3.374496e-02
-2.357374e-02
-2.190402e-02
-3.145481e-02
-2.654856e-02
-2.855514e-02
-3.021658e-02
-2.229661e-02
3.556864e-02
-4.758589e-03
9.935903e-03
4.544577e-02
4.813747e-03
1.580873e-02
3.729629e-02
1.298468e-02
2.553452e-02
-2.509938e-02
-8.998301e-03
3.878848e-03
-2.362950e-02
-1.130843e-02
-1.696420e-03
-1.005321e-02
-5.904767e-03
-1.130154e-03
-1.307402e-02
-1.043591e-02
-9.551334e-03
-3.804039e-03
4.913744e-03
-7.046934e-03
2.070876e-03
1.842828e-02
-3.085357e-04
2.946964e-02
3.260220e-02
2.976064e-02
2.713588e-02
3.560484e-02
2.692960e-02
2.118358e-02
3.479812e-02
2.730153e-02
1.774996e-02
1.626450e-02
-5.703213e-03
6.760745e-03
-8.619588e-04
-1.487824e-02
4.977423e-03
-1.305095e-02
-6.000447e-03
-2.245421e-03
-1.631260e-03
5.875084e-04
-4.317059e-03
-2.173560e-03
-3.643561e-05
-4.855408e-03
-2.118429e-03
6.229841e-04
-3.908836e-03
-4.654659e-03
-8.002309e-03
-3.391353e-03
-4.098946e-03
-9.068603e-03
-1.481064e-03
-1.471943e-03
-4.516754e-03
-8.244555e-04
1.583382e-03
5.936630e-05
-9.823263e-04
1.484427e-03
-1.719381e-03
9.084047e-05
1.603474e-03
-2.642849e-03
2.472956e-03
6.383650e-03
-8.862824e-03
1.117236e-02
6.191029e-03
1.114875e-03
-4.060346e-03
-1.389403e-02
-1.543069e-02
-3.823649e-03
-1.155305e-02
-5.156068e-03
1.140018e-02
-1.485465e-03
1.033834e-02
-9.341861e-03
-2.852237e-03
7.581925e-03
-4.186243e-04
2.576349e-04
1.963424e-03
-2.097985e-03
-8.483226e-04
1.081296e-03
-3.020746e-03
-1.282200e-03
2.594573e-04
8.768417e-03
-7.162811e-04
2.000572e-03
7.233796e-03
1.349209e-02
6.979810e-03
-2.641569e-03
6.632127e-03
1.857246e-03
-2.635487e-03
2.046452e-03
-4.168760e-03
3.092244e-03
2.419573e-03
1.667748e-03
1.083420e-02
1.518829e-02
9.936756e-03
-2.941941e-03
-1.547779e-02
-3.152699e-03
1.687634e-02
-1.394043e-01
-1.838486e-02
-6.346474e-03
-6.279216e-02
2.923024e-02
-3.198028e-02
-4.099403e-02
-4.611954e-02
-1.574835e-02
-9.477559e-02
-1.371526e-03
-4.873327e-02
-7.081860e-02
-5.213132e-02
3.102173e-02
2.069309e-02
2.335037e-02
-2.272572e-02
-3.140176e-02
-3.070452e-03
1.104654e-02
-1.329474e-02
6.968992e-03
1.796994e-03
-2.414847e-03
-8.125075e-03
4.636823e-03
7.771428e-03
-4.871257e-03
-6.999642e-03
-1.427096e-03
1.231993e-02
-2.042147e-02
-1.966890e-02
-1.614070e-02
-2.464538e-02
-5.789483e-03
-1.518771e-02
-6.574158e-03
8.527159e-03
9.853530e-03
2.262491e-02
2.612183e-02
4.039124e-02
-2.938139e-02
5.132755e-02
-3.811710e-02
-5.071876e-02
-4.636400e-02
-6.067774e-02
-1.962983e-02
5.696663e-03
3.362988e-03
-2.522581e-02
-3.220421e-03
-8.701720e-04
-1.751504e-02
1.134647e-02
3.693783e-03
3.593490e-03
5.816771e-03
-3.593805e-02
-2.357626e-02
-6.067164e-02
-1.392018e-02
8.018521e-03
-9.462458e-03
-1.011120e-04
-2.382018e-03
4.630557e-03
5.716018e-03
1.098415e-03
9.721029e-03
6.856047e-03
2.727820e-03
4.223647e-03
-1.576312e-03
-1.793181e-03
-3.325517e-03
-1.004640e-02
3.515304e-04
1.527835e-03
8.461844e-04
8.724525e-03
2.720547e-03
-2.547209e-03
-4.555033e-03
-1.408182e-02
-8.835396e-03
-7.265577e-03
-5.055314e-03
-2.785554e-04
-1.280568e-02
-7.840934e-03
-9.571726e-03
-7.744796e-03
1.474082e-02
-2.407621e-02
-4.905264e-03
-5.001587e-02
3.434487e-03
5.169922e-03
3.174049e-02
-2.204314e-02
2.469745e-02
-1.623275e-03
2.434590e-02
1.591849e-02
-5.033808e-02
6.836505e-03
-5.600760e-03
3.680442e-02
-1.223978e-02
4.065520e-03
5.840030e-03
-8.718064e-03
1.058490e-03
-3.158305e-03
-1.769550e-03
-3.508455e-03
-6.836086e-03
-5.678932e-03
-4.740737e-02
-7.718071e-03
-3.530007e-02
-1.441831e-02
5.408438e-02
-3.307097e-02
-7.138282e-03
1.863839e-02
-6.675165e-03
-3.375077e-03
-7.839064e-03
-4.611346e-04
-4.435347e-03
-9.555431e-03
5.912990e-03
4.022969e-02
9.835599e-03
3.079092e-02
7.604505e-03
-3.857932e-02
-6.767979e-02
-1.100353e-02
-5.256230e-02
-9.324151e-02
-6.475491e-03
-9.109928e-03
-5.597969e-02
-1.390697e-02
-3.095170e-02
-1.481662e-02
-8.927872e-03
-2.514672e-02
-6.258608e-03
-1.337704e-02
-2.234655e-02
-1.077650e-02
-2.524444e-02
-3.796129e-03
-5.434626e-03
-1.123996e-02
2.927730e-03
1.475722e-02
8.256009e-03
4.714711e-03
-1.890786e-03
1.088544e-02
1.498687e-02
-1.904294e-03
-6.093691e-03
3.142443e-03
-1.060323e-02
-2.985407e-02
-2.055972e-02
-1.670372e-02
-1.075302e-02
-2.563923e-02
-3.438449e-02
-4.700634e-03
-8.103961e-03
-2.083641e-02
-1.718942e-02
-7.594078e-03
-1.524557e-02
1.539628e-02
8.454496e-04
-3.037497e-03
1.786794e-02
-4.821509e-03
-1.603819e-03
6.328213e-03
-1.429751e-02
-3.520842e-03
-8.708803e-03
-5.187902e-03
2.029541e-02
-3.092928e-03
-7.387688e-03
2.479683e-02
1.407482e-03
-1.858280e-03
1.826336e-02
-4.169410e-03
-1.483686e-02
-2.128647e-02
-7.685467e-03
-8.889494e-03
-2.077075e-02
-2.205570e-02
-1.429008e-02
-2.284285e-03
-5.416457e-03
-1.142509e-03
3.905699e-03
-8.528957e-04
2.052950e-03
5.553888e-03
-1.030152e-02
-7.070048e-03
-3.173189e-03
-1.264487e-02
-7.320134e-03
-5.950590e-03
-4.906390e-03
-1.356641e-04
1.805863e-03
-3.466606e-03
-1.170524e-03
-8.061187e-03
-1.235422e-02
-6.848524e-03
-7.449635e-03
-9.660290e-03
-2.007255e-03
-1.428913e-03
-9.586634e-03
-2.288673e-03
-2.894261e-03
-8.275702e-03
-1.736376e-02
-1.388004e-02
-2.228277e-02
-9.968357e-03
-2.649004e-03
6.577272e-03
1.222720e-02
-7.854410e-03
1.333886e-02
1.545563e-02
-6.205365e-03
-1.498870e-02
-2.071786e-02
-2.714115e-02
9.731610e-03
4.833181e-03
-2.091534e-02
-3.534112e-03
-3.756244e-03
-1.321756e-03
1.143403e-03
1.188964e-03
6.769733e-04
5.474942e-04
1.003182e-03
-9.153364e-04
-1.152817e-02
8.547376e-03
6.114228e-03
-4.512166e-03
6.401875e-03
7.705579e-03
-3.879510e-02
-2.207401e-02
-1.883236e-02
-2.842742e-02
-3.114374e-02
-3.876711e-02
7.607694e-03
4.929220e-04
-6.039267e-02
-5.909804e-03
1.448644e-03
-4.476516e-02
-3.559951e-02
-2.071061e-03
-1.789864e-03
1.238132e-02
2.324531e-02
2.125235e-02
4.443143e-03
-1.073283e-02
6.917738e-03
1.500755e-02
-1.414376e-02
-7.993731e-03
-2.848664e-03
-1.059772e-02
2.832055e-03
2.303070e-02
3.554648e-03
4.284697e-02
1.673038e-02
1.286884e-02
-1.439609e-02
2.533623e-02
-7.975062e-03
-3.007444e-02
6.675195e-03
-3.551460e-02
-4.175163e-02
-8.202186e-03
-4.333292e-04
-2.515121e-02
-1.997419e-02
7.732214e-03
-1.397121e-02
-2.430443e-02
1.781242e-02
1.587786e-04
-5.287039e-03
-1.150897e-02
-1.724505e-02
1.657871e-02
-1.683085e-02
-4.508450e-02
4.179880e-02
8.758014e-03
-4.121382e-02
1.024829e-01
7.741588e-02
-1.113599e-04
3.455629e-02
-9.681460e-03
-8.512164e-02
-1.237342e-02
-6.631997e-02
-1.507009e-01
-1.626866e-02
-6.515146e-03
-6.588648e-03
3.246103e-03
3.792005e-04
-3.681978e-03
8.518263e-03
1.442228e-03
-3.699936e-03
1.116713e-04
2.409196e-02
1.752233e-02
5.591861e-03
1.362294e-03
-1.488254e-03
-6.115734e-03
3.264026e-03
1.165282e-03
-1.606159e-03
-5.368466e-03
-2.702666e-03
8.468180e-04
3.226893e-03
2.524808e-03
3.109585e-03
4.996253e-03
3.545227e-03
-1.560202e-02
-6.769747e-03
-1.166041e-02
-1.100905e-02
-1.053269e-02
-1.060094e-02
6.320770e-04
-6.067386e-03
-2.227966e-03
2.885231e-04
9.021155e-04
-1.930980e-03
1.627026e-03
6.180772e-04
-1.256754e-03
6.019322e-04
-3.338861e-03
-1.332765e-03
1.895060e-02
1.799735e-02
1.807634e-03
-5.508052e-03
1.939349e-02
2.887324e-03
1.851022e-02
-8.484655e-03
-1.299468e-02
8.581434e-04
-2.872957e-02
8.481008e-03
2.849092e-03
-1.658159e-02
-2.018311e-02
-3.062645e-03
-1.624676e-03
5.944987e-04
-2.414975e-03
1.780202e-03
1.358247e-03
-1.210787e-03
-2.330916e-03
3.669870e-03
-1.131572e-03
-3.733916e-03
4.326662e-03
-2.601489e-02
-1.929572e-02
-2.114713e-02
-9.057923e-03
1.604452e-02
-8.890712e-03
7.560001e-03
4.005475e-02
2.631514e-02
-2.043765e-02
-1.400146e-03
-8.281847e-03
-2.216150e-02
-2.123942e-02
-1.706637e-02
6.109565e-03
2.472877e-03
-7.323825e-03
-1.716616e-02
1.955762e-03
-1.108568e-04
-2.372006e-02
-9.577440e-03
5.412275e-02
4.166609e-04
-2.545858e-02
-2.924776e-03
4.934097e-02
2.850438e-02
2.955115e-02
1.943448e-03
-3.450704e-03
-1.477693e-03
1.407969e-02
-5.942476e-03
3.809633e-02
-1.298475e-02
1.074336e-02
1.159273e-02
2.075906e-02
4.158487e-02
2.894679e-02
-1.906238e-02
-2.728999e-02
-6.061373e-03
-2.022500e-02
-1.289387e-02
-2.384544e-02
-6.840214e-03
2.804508e-03
9.122037e-03
4.011200e-03
1.128212e-02
2.706908e-02
-8.653406e-03
1.406836e-02
1.653622e-02
2.285487e-03
-6.177291e-03
6.934226e-03
-1.376749e-02
-2.007804e-02
-2.458373e-02
-3.890707e-02
-1.956627e-02
1.906569e-02
-3.893306e-02
-2.347395e-02
1.086916e-02
-1.088409e-02
3.729161e-02
3.136063e-02
-3.249833e-02
-3.119113e-02
-2.638778e-02
-3.834511e-04
6.192974e-03
7.946305e-03
4.804245e-03
5.148734e-03
1.069199e-02
-3.058472e-02
-1.125850e-02
-1.668037e-02
3.589622e-02
1.613114e-02
9.609516e-03
7.535119e-03
1.608213e-02
1.247123e-02
-1.532603e-03
-4.579554e-03
-3.105632e-03
-2.842026e-03
2.033294e-03
4.374990e-04
6.291449e-03
1.588414e-02
1.368819e-02
3.996682e-03
1.422077e-02
9.249806e-03
-9.526061e-03
-1.229302e-03
-4.750588e-03
-1.840029e-02
-2.364711e-02
-1.913144e-02
3.767458e-03
7.670030e-03
6.260007e-03
5.423908e-03
9.529486e-03
3.424323e-03
5.377467e-03
5.342503e-03
-1.855112e-03
9.921032e-03
-2.558774e-03
-1.748251e-02
1.128963e-02
1.005758e-02
1.216801e-02
1.218756e-02
-7.203051e-03
4.963803e-03
-1.821820e-02
-2.652743e-02
-3.231001e-02
-2.028340e-02
-3.185380e-02
-1.259770e-02
-3.897985e-02
-8.864304e-02
-5.624665e-02
-6.010063e-03
-5.467229e-03
-7.012018e-03
-3.304502e-03
-5.671735e-03
-5.412458e-03
-1.810645e-03
-6.990829e-03
-3.337083e-03
-1.601400e-02
-2.786387e-02
-1.887599e-02
-2.081190e-02
-1.257392e-02
-3.878558e-02
4.131982e-02
7.450597e-02
2.834928e-02
-1.802264e-02
-1.252282e-02
-1.586558e-02
-5.259820e-02
-7.211256e-02
-5.146318e-02
-6.374058e-02
-7.121512e-02
-7.655554e-02
1.082019e-02
1.343389e-02
-7.679941e-03
3.996417e-02
2.638138e-02
2.846120e-03
3.478266e-03
1.836324e-03
1.241503e-02
3.549346e-03
-2.258090e-03
1.022187e-02
1.484238e-03
-4.890987e-03
-1.448216e-02
2.945689e-03
-6.700694e-03
-2.069089e-02
-2.691691e-02
-3.795478e-02
-3.672221e-02
-3.178502e-03
5.366785e-03
3.220694e-03
5.089438e-03
3.091251e-02
5.519429e-03
-6.187444e-03
-3.955243e-04
-9.895807e-03
6.413706e-03
1.599424e-02
-1.778625e-03
-2.836304e-03
1.172144e-02
-7.948891e-03
1.876417e-03
3.651516e-03
-1.651770e-03
5.854709e-03
6.174421e-03
-1.786184e-03
3.404076e-04
8.747686e-03
6.373202e-03
-1.109049e-02
-6.707541e-03
-6.794677e-03
-1.181067e-03
5.888566e-04
7.611271e-03
-3.903472e-04
7.608717e-03
1.536307e-02
1.821689e-03
4.159940e-04
-4.762476e-03
-2.377419e-03
-6.084166e-03
-7.958093e-03
1.814078e-03
2.884256e-03
-8.420248e-04
1.346208e-03
3.374619e-03
1.830885e-02
-3.821515e-03
1.637215e-02
2.410914e-02
2.690066e-02
9.977769e-03
1.713673e-02
1.901181e-03
2.640890e-03
7.289364e-03
-1.019309e-03
-1.666507e-03
2.953158e-03
5.448497e-03
2.441397e-03
4.801237e-03
8.271329e-03
5.756074e-03
6.478822e-03
6.875742e-03
1.184375e-02
1.423992e-02
1.897574e-03
1.426754e-02
1.233819e-02
2.503924e-04
3.670012e-04
-7.821525e-04
-4.039993e-03
-5.388110e-03
-2.622270e-03
-5.419548e-03
-3.185977e-03
5.428031e-05
9.098127e-03
8.821711e-03
1.417582e-02
-1.335465e-02
-4.018615e-03
-8.220702e-03
-6.134055e-03
-4.104829e-03
1.286286e-02
-5.965070e-05
-9.831444e-03
1.191680e-02
4.021993e-02
5.955457e-02
2.852312e-02
2.336035e-02
1.994944e-02
1.810647e-02
1.572256e-03
2.998195e-03
2.346104e-03
1.116292e-03
2.037392e-03
2.300427e-03
-2.879751e-04
1.734089e-03
9.056810e-04
1.242935e-02
4.920973e-03
7.924618e-03
1.735395e-02
6.631914e-03
1.664085e-02
2.736832e-02
1.326672e-02
2.352923e-02
4.311183e-02
4.446129e-02
2.695345e-02
3.907038e-02
6.340237e-02
3.684673e-02
1.274468e-02
3.337250e-02
3.258893e-02
-1.801318e-02
-4.626433e-02
-1.809272e-02
-9.094597e-02
-9.462149e-02
2.332925e-03
-3.809518e-02
-2.943377e-02
-6.091725e-03
-2.119572e-02
1.604784e-02
-1.309780e-02
-2.724725e-02
1.773210e-02
-1.049556e-02
-3.000214e-02
-5.780873e-03
-3.078277e-02
-6.928243e-03
2.549609e-02
1.035685e-02
-2.589618e-02
2.554842e-02
3.276755e-03
-2.798874e-02
-1.336491e-02
-2.859224e-02
-7.807812e-03
-8.142991e-03
-1.442422e-02
-1.015881e-02
-7.862240e-03
-2.133209e-02
-9.910163e-03
1.245588e-02
1.481189e-02
9.448395e-04
-1.235970e-02
-1.931835e-02
-1.157601e-02
-1.726694e-02
-3.204449e-02
5.307848e-03
-2.578170e-03
-2.373436e-02
-3.629109e-02
2.166109e-02
8.036325e-02
-5.169877e-02
-1.408457e-02
4.801216e-02
-7.516265e-02
-5.021138e-02
3.129207e-02
8.766727e-03
-6.000504e-03
4.878429e-03
4.544104e-03
-4.665131e-03
4.281453e-03
3.871860e-03
-1.424273e-02
-6.475248e-03
-1.065192e-02
-2.198466e-02
-4.298947e-02
-3.293385e-02
-1.109980e-04
-1.237176e-02
5.994274e-03
1.634682e-03
-4.189783e-02
6.392235e-03
6.571976e-04
-3.278755e-03
1.286643e-02
5.791225e-03
-2.090420e-03
6.640093e-03
-1.036449e-03
-4.583062e-03
-1.249412e-02
-1.299410e-02
-1.931773e-02
-8.248132e-03
-2.198354e-03
-1.336948e-02
-1.427643e-02
-1.171152e-02
-2.707861e-02
-1.724475e-02
-1.422182e-02
-1.840423e-02
-1.382404e-02
-6.489309e-03
-1.678871e-02
-1.200805e-02
-7.576364e-03
-2.069057e-02
-1.185955e-02
-6.181912e-03
-2.829126e-02
1.276255e-02
2.800311e-02
3.544013e-03
1.733233e-02
7.378742e-03
-1.859082e-02
-5.594908e-03
1.009282e-02
9.656891e-03
-1.046455e-02
-1.308005e-02
2.830135e-02
1.480794e-02
-1.249117e-02
-3.950144e-02
1.669862e-03
-1.085408e-02
5.532905e-03
-5.564130e-03
-6.810647e-03
5.169807e-03
-5.825271e-03
-6.629030e-03
-2.416004e-04
8.062651e-03
-1.740240e-02
-3.311693e-02
5.974495e-02
-2.736550e-03
-4.994862e-02
2.018637e-02
-8.175761e-03
-8.278009e-03
-6.653172e-03
-4.028396e-03
5.596999e-03
-2.069183e-02
-2.636861e-02
-3.389616e-04
-7.644878e-03
-1.782392e-02
-2.361824e-02
-9.134264e-02
7.132829e-03
-1.398284e-02
-2.041675e-02
6.074736e-02
5.136928e-02
3.160650e-04
1.098090e-02
-2.472205e-02
-1.650924e-03
3.232904e-02
-2.519405e-02
-1.096922e-02
1.612206e-02
-3.461119e-03
-1.719515e-02
-3.558589e-02
-1.978733e-02
2.523300e-02
1.010268e-01
-5.223544e-02
9.877844e-02
1.818183e-01
5.426358e-02
-1.842609e-02
2.782446e-03
-4.523755e-02
-1.020472e-03
-1.205991e-03
1.519129e-02
-9.675456e-03
1.014260e-02
-1.282704e-02
4.982130e-03
1.180033e-02
2.172009e-02
-1.740678e-02
-1.731452e-02
-2.619545e-03
7.451223e-03
-6.415360e-03
9.019980e-03
-3.941489e-03
-1.324384e-03
-9.022775e-03
2.707678e-02
2.250723e-02
3.320914e-02
-1.167387e-02
-1.790318e-02
-4.360119e-03
-1.378952e-02
-2.778940e-02
-6.078742e-03
5.807117e-02
5.418236e-02
2.385443e-02
3.095845e-02
3.206431e-02
3.129061e-02
1.968145e-02
1.414194e-02
2.853602e-02
-2.813355e-02
-4.866520e-03
-5.086057e-02
-1.509307e-03
2.277937e-02
-1.682496e-02
-2.473934e-02
-7.595159e-03
-2.278881e-02
1.019495e-02
9.242825e-03
9.448433e-03
3.214561e-04
9.284548e-04
2.439074e-03
-4.426820e-03
-1.737007e-03
-1.675278e-03
-2.000150e-03
8.619901e-03
9.349114e-03
-1.468528e-03
1.417162e-02
1.455004e-02
-5.222103e-03
-2.023812e-03
5.617469e-04
8.970358e-03
1.524921e-02
7.625637e-03
5.227980e-03
1.024922e-02
3.824118e-03
2.152582e-03
5.459751e-03
-4.636049e-03
1.040141e-02
3.123855e-02
1.864143e-02
-1.151740e-02
-2.322034e-03
6.855353e-03
-4.025378e-03
-6.374034e-02
-8.278547e-03
-6.012514e-03
-1.482469e-02
5.550402e-03
3.017600e-02
1.512171e-02
1.240006e-02
2.563342e-03
-4.220053e-02
-1.718565e-02
3.137423e-03
5.308948e-03
9.141275e-03
2.507709e-03
7.926503e-03
1.521663e-02
7.579686e-04
2.652635e-04
1.153138e-02
2.334155e-02
3.883085e-02
-1.620719e-03
-8.342359e-03
2.497001e-02
-1.848894e-02
-2.808811e-02
1.642305e-03
-3.503273e-02
-2.390283e-02
1.548479e-03
2.497624e-02
-1.240246e-02
1.073443e-02
1.620073e-02
-2.134359e-02
-3.479554e-02
-9.196468e-03
3.077709e-02
1.897501e-02
1.467814e-02
-2.131414e-02
-9.665482e-03
-1.609807e-02
7.826645e-03
3.640528e-03
6.604723e-04
5.119011e-03
1.642548e-02
2.498585e-02
-2.039544e-02
7.012245e-03
-3.162427e-02
4.440333e-03
-4.485069e-03
1.522749e-02
-3.520950e-02
-6.131601e-02
-6.486919e-02
2.362438e-02
2.669715e-02
2.074766e-02
1.914809e-02
8.386218e-03
3.388392e-02
1.320366e-02
9.195029e-02
2.483580e-02
-1.867675e-02
-5.689664e-02
-2.895998e-02
-3.254223e-02
-1.251127e-01
-2.664319e-02
5.419754e-03
-1.404510e-02
-2.102304e-02
-2.063315e-02
-1.093965e-02
2.467625e-02
-2.541234e-02
-9.389401e-03
6.285463e-03
3.379110e-02
2.452986e-02
1.704956e-02
5.846795e-03
-4.103632e-02
-8.576900e-03
-3.113115e-02
-3.827655e-02
-2.418262e-02
-5.486934e-03
-1.126885e-02
-5.258213e-03
4.273496e-04
-4.265530e-03
-2.699289e-04
-1.058746e-03
-1.249189e-02
6.873551e-04
3.015027e-02
1.058214e-02
1.241601e-02
-7.076766e-03
5.743289e-04
-3.167508e-02
3.816071e-03
-2.328905e-02
-1.227581e-02
-5.819370e-03
-6.918826e-03
-9.738262e-04
-5.048912e-03
-5.411526e-03
-4.322744e-03
-5.318773e-03
-2.922040e-03
-3.432601e-03
-3.142118e-03
-4.461698e-03
-1.024253e-02
5.402692e-03
1.212719e-02
6.474805e-03
1.248684e-02
1.641516e-02
1.782781e-02
1.855813e-03
1.328534e-03
2.670468e-03
-9.256086e-04
3.259400e-03
3.423825e-03
7.104673e-03
6.081619e-03
5.215864e-03
-5.513465e-02
-9.048121e-02
-1.536898e-02
-3.809616e-02
-3.482137e-02
-2.084976e-02
3.220807e-02
8.764035e-02
1.789561e-02
9.612245e-03
1.380976e-02
-6.696784e-03
9.969237e-03
-2.563638e-04
-1.817980e-03
1.840281e-03
-4.889860e-02
2.356909e-02
-3.973349e-03
1.618915e-04
1.732273e-03
-7.987639e-05
7.112490e-03
5.912500e-03
1.224980e-03
4.807827e-03
5.935964e-03
-1.642082e-02
-3.487767e-02
-2.313515e-03
-9.060489e-03
-2.375515e-02
3.834667e-03
1.218999e-02
5.284810e-03
2.671099e-02
-3.647913e-02
-1.580227e-02
-6.050784e-03
-3.493623e-02
-5.066786e-02
-3.177213e-02
-1.841583e-02
5.360701e-03
-4.564434e-03
-1.619950e-02
-8.267622e-03
-1.373563e-02
-7.138105e-04
-8.556175e-02
-4.055980e-02
-3.131524e-02
-1.340357e-02
-1.027891e-04
-3.162768e-02
-7.636239e-02
-2.268464e-02
-2.914487e-02
-9.261172e-02
1.459205e-02
-2.109177e-02
-5.983087e-02
-2.709758e-02
2.911372e-02
1.887077e-03
-3.112163e-03
3.564572e-02
-7.576314e-03
1.858443e-02
5.390304e-02
2.563460e-02
-3.917838e-04
-5.693638e-03
-1.172996e-02
6.287054e-03
1.948214e-03
9.412530e-04
-2.082973e-02
-9.565035e-03
-4.483460e-03
-1.564664e-04
-3.283311e-02
-2.371010e-02
-2.303589e-02
-1.680469e-02
-1.208999e-02
-2.247041e-02
-2.736244e-02
-2.479142e-02
-2.471401e-02
-1.827630e-02
-4.944187e-02
-2.159262e-02
9.248401e-03
3.770361e-02
-1.717151e-02
2.358573e-02
1.917143e-02
1.779047e-02
-3.495537e-03
1.459041e-02
1.364968e-02
1.609980e-03
2.028986e-02
1.919503e-02
5.600792e-03
3.083563e-02
1.493861e-02
-4.787096e-02
-2.448633e-02
-3.877129e-02
-3.586655e-02
-1.081245e-01
-2.295427e-02
-5.028972e-02
-4.278529e-02
-5.118475e-02
5.299292e-03
1.347214e-02
1.174535e-02
-3.621265e-03
1.387866e-02
1.409537e-02
-1.501358e-02
-3.337130e-04
2.999536e-03
-4.243134e-03
-1.886537e-02
-1.975470e-02
1.996223e-03
-8.211529e-03
-1.512510e-02
5.510937e-03
-8.969375e-03
-1.279208e-02
-2.478282e-03
-1.942217e-02
-1.028768e-02
-4.754343e-04
-4.188766e-03
-2.926721e-03
-3.248977e-03
-1.907105e-03
-5.309205e-03
1.058954e-02
-1.114140e-02
1.986874e-02
3.415282e-03
-4.070983e-02
-3.037393e-03
-4.271265e-02
-9.034012e-03
-2.679328e-04
-1.024174e-02
-9.302339e-03
-4.809113e-03
-5.655815e-02
-1.096719e-01
-4.364198e-02
-3.887755e-02
1.197723e-02
-3.860598e-02
-2.090414e-03
-1.596415e-03
-4.730795e-03
8.217630e-04
1.068714e-03
-1.803327e-03
-7.841914e-04
3.359164e-03
-2.063650e-05
-1.739852e-03
4.136551e-02
3.158551e-02
-3.502534e-02
5.749631e-02
9.320461e-03
-6.826223e-02
-4.065992e-02
-3.822408e-02
-4.582949e-02
-1.689615e-02
1.783944e-04
-1.819394e-02
-5.249477e-03
-2.239301e-02
-6.901269e-03
-3.906041e-02
-2.472085e-02
4.712536e-04
-1.292860e-02
-9.502515e-03
1.207017e-02
5.085987e-03
4.722119e-03
6.150665e-03
4.478568e-03
-1.603472e-03
7.318749e-03
2.040121e-02
9.391709e-03
3.947933e-03
2.377292e-02
6.089256e-03
4.880589e-03
3.429338e-02
2.343708e-03
2.139065e-03
-2.635066e-03
5.188991e-03
-7.628959e-04
2.961999e-03
3.105912e-03
-1.171961e-03
1.637548e-02
1.247067e-02
2.840271e-02
4.472305e-02
1.630498e-03
1.591475e-02
6.550586e-02
-8.934652e-03
-3.966456e-04
4.167078e-02
-1.878208e-02
1.056488e-02
1.760412e-03
3.336892e-03
6.395163e-03
5.534983e-03
5.181189e-03
-8.854973e-04
1.144315e-02
9.451296e-03
1.695477e-02
4.183581e-03
5.107052e-03
4.767165e-03
-6.510295e-03
-6.313397e-03
1.017141e-02
1.787148e-03
9.643484e-03
1.626973e-02
1.147104e-02
3.290281e-03
2.298260e-02
2.473099e-02
1.317070e-02
1.596179e-02
1.990490e-02
1.506237e-02
-1.497515e-02
1.114105e-03
2.182473e-03
-2.690285e-04
1.389155e-02
7.720801e-03
-1.125194e-02
2.215979e-02
-4.857644e-03
3.782830e-03
1.335387e-03
-1.684505e-04
6.598559e-03
3.403190e-03
3.154344e-03
7.572367e-03
4.583904e-03
5.387122e-03
9.013643e-03
4.143253e-03
1.219980e-02
8.284646e-03
5.551034e-03
9.518788e-03
3.575969e-03
4.818535e-03
7.361014e-03
4.259473e-03
8.388386e-04
5.138874e-03
4.837685e-03
1.630875e-03
4.740245e-03
3.257365e-03
1.745710e-03
4.314274e-03
-1.413198e-03
5.693063e-03
2.958931e-02
1.879089e-02
1.011635e-02
3.626673e-02
1.649353e-02
1.254601e-02
2.777113e-02
7.067594e-03
-7.943313e-04
-6.327129e-03
4.138478e-03
-6.788474e-03
-1.809585e-02
-9.663207e-03
-1.085030e-02
-3.278926e-02
2.772884e-03
3.259383e-03
1.560288e-03
4.635557e-03
6.605568e-03
1.334768e-03
3.859772e-03
6.836395e-03
1.144863e-03
3.460461e-02
2.212460e-02
1.190769e-02
1.649702e-02
1.793048e-02
2.146422e-02
2.727854e-02
3.013508e-02
4.645578e-02
-2.280799e-04
1.192776e-03
-2.232059e-03
-5.161894e-03
-5.362091e-03
1.169105e-05
-1.442817e-03
-3.844658e-03
-4.478131e-04
-3.100400e-02
-2.082754e-02
-8.238051e-03
2.570613e-02
1.840850e-02
3.748887e-02
-2.130654e-02
-9.682759e-03
1.137772e-02
-1.402934e-02
-1.934469e-02
-1.924835e-02
4.412798e-03
-2.582041e-02
-2.334979e-03
-2.044418e-02
-3.480789e-02
-1.106591e-02
7.527807e-03
-3.493942e-03
-4.454861e-02
4.960344e-02
7.460667e-04
-6.635772e-02
3.312292e-02
1.790922e-02
-2.003881e-02
-2.537005e-02
-1.299244e-03
-3.832198e-03
-5.083762e-02
-2.267701e-02
2.848796e-03
-3.231348e-02
-7.728229e-03
-5.674610e-03
8.438794e-03
3.962740e-03
-1.588119e-02
4.547979e-03
2.715105e-02
-5.829873e-03
-1.371240e-02
-9.345474e-03
-1.209880e-02
-2.023063e-02
2.612052e-02
8.405100e-02
-8.297984e-02
4.142085e-03
4.969062e-02
-8.759746e-02
-6.609895e-02
-2.056905e-02
-8.656550e-03
-2.415783e-02
-2.210194e-02
1.296055e-02
-1.111300e-03
-1.231009e-02
1.396441e-02
9.396615e-03
-1.677213e-03
-6.452786e-02
-5.235991e-02
-4.696578e-02
-2.845662e-02
-6.361810e-02
-2.559991e-02
-4.990640e-02
-1.806716e-02
-1.777785e-02
-9.748388e-03
-8.418236e-05
5.306481e-03
-1.791949e-02
-6.014784e-03
3.763418e-04
-2.094902e-02
-1.040142e-02
-6.877712e-03
-1.031347e-02
-1.197559e-02
-2.604428e-02
1.198862e-02
4.125014e-03
-2.151941e-02
4.503476e-03
2.246825e-03
-1.005907e-02
-1.306310e-02
-6.717181e-03
-6.262545e-03
-3.037562e-03
1.364007e-04
-7.976197e-03
-9.671823e-03
-9.741771e-03
-1.645191e-02
-3.136257e-02
-1.171403e-02
5.057182e-03
5.700425e-03
5.358807e-03
-2.045440e-02
1.834049e-02
1.988624e-02
-3.571887e-02
-1.142880e-02
7.047009e-04
-3.064801e-02
-2.745923e-02
-7.127723e-02
-3.766719e-02
-6.260057e-02
-2.909567e-02
1.987240e-03
-2.466265e-03
-8.983859e-03
-1.288990e-02
6.331436e-03
-1.448430e-03
-1.058916e-02
1.204895e-03
-7.736259e-03
-1.239704e-02
-1.428352e-02
6.459319e-03
2.071689e-02
-4.852480e-02
-7.409994e-03
-9.000751e-03
-3.046627e-02
-1.311987e-02
-2.590951e-02
-5.193537e-03
-2.180076e-02
2.774798e-03
-5.132241e-02
-4.070456e-02
-1.319620e-03
-1.768124e-02
-2.440512e-02
-2.430115e-03
