2.990332e-04
1.025918e-03
-2.944897e-03
-5.356862e-03
-2.868982e-03
8.625769e-03
4.170342e-03
-1.327051e-02
-1.481570e-03
8.430013e-03
-2.220782e-03
7.554874e-03
-8.179961e-03
-9.605903e-04
-5.554734e-03
-1.943633e-04
-2.237781e-03
5.193923e-03
1.070224e-02
-4.423158e-04
3.110319e-04
5.090249e-03
5.312871e-03
-5.604470e-03
1.319706e-03
-4.347523e-03
2.596595e-03
1.088039e-02
-1.068952e-02
4.167763e-03
-3.163076e-03
-6.392706e-03
5.055435e-03
-1.902512e-03
-2.272652e-03
5.876020e-03
-5.933393e-03
-2.326162e-03
3.130114e-03
7.125115e-03
3.704250e-03
3.801244e-03
-2.639264e-03
-2.534850e-02
-7.662019e-04
-2.456662e-03
-2.206678e-03
-1.650818e-02
6.366549e-03
7.459663e-03
2.349691e-03
7.318043e-03
-8.734819e-03
-3.355092e-03
-6.402351e-03
7.722922e-03
6.944360e-04
1.223484e-03
-2.300197e-03
1.355978e-03
-6.349409e-03
5.433600e-03
-5.704899e-03
2.415990e-03
