1.735909e-04
4.192460e-04
3.991146e-04
6.134588e-04
4.279448e-04
3.652609e-04
2.761733e-04
3.501223e-04
3.803332e-04
7.667993e-04
2.415183e-04
5.633313e-04
4.093404e-04
4.758032e-04
9.488714e-04
4.056628e-04
1.916735e-04
2.133982e-04
3.183285e-04
3.656845e-04
2.359204e-04
3.526503e-04
4.166806e-04
3.989129e-04
2.518230e-04
8.845323e-05
1.447544e-04
1.565089e-04
1.502219e-04
2.341446e-04
5.767990e-04
1.751701e-04
3.719800e-04
3.057950e-04
3.952147e-04
1.966699e-04
8.380336e-04
4.014184e-04
5.214203e-04
1.376708e-04
2.852000e-04
2.218248e-04
2.505234e-04
3.009876e-04
1.332247e-04
2.404938e-04
8.527422e-05
9.666141e-04
7.090919e-04
3.464980e-04
7.169300e-04
7.103353e-04
3.434301e-04
8.609107e-04
4.108337e-04
5.660948e-04
4.987395e-04
5.143170e-04
4.521323e-04
3.883170e-04
2.441137e-04
5.657387e-04
6.305837e-04
3.202353e-04
