1.978307e+00
1.959299e+00
3.267749e+00
2.185241e+00
1.814348e+00
2.515825e+00
2.224850e+00
2.432143e+00
2.361522e+00
2.927167e+00
1.986693e+00
2.833241e+00
3.108364e+00
2.386001e+00
2.427840e+00
2.709624e+00
2.239849e+00
2.484722e+00
3.115610e+00
2.029667e+00
1.745158e+00
2.353415e+00
2.635961e+00
2.499284e+00
1.865519e+00
1.917317e+00
2.740428e+00
1.987578e+00
1.984760e+00
2.151292e+00
2.079835e+00
1.678689e+00
2.909627e+00
1.720619e+00
3.196661e+00
1.859021e+00
2.135737e+00
1.894466e+00
2.370872e+00
1.805923e+00
1.874967e+00
2.450841e+00
2.095228e+00
2.231647e+00
1.768010e+00
2.428815e+00
1.830978e+00
2.520154e+00
3.074080e+00
2.360638e+00
2.118380e+00
2.293477e+00
1.841506e+00
2.474179e+00
2.262755e+00
2.754963e+00
3.027637e+00
1.781893e+00
2.107656e+00
2.737393e+00
1.870776e+00
2.886205e+00
2.686505e+00
3.123614e+00
