1.033014e-01
1.628699e-01
2.494789e-01
2.254348e-01
-1.760938e-01
3.064499e-01
2.259986e-01
2.818612e-01
2.669195e-01
2.764005e-01
1.581179e-01
2.864240e-01
2.374797e-01
2.136694e-01
2.412087e-01
2.270024e-01
2.293598e-01
-2.135183e-01
2.632864e-01
2.291314e-01
1.422776e-01
2.191839e-01
2.696575e-01
2.644284e-01
8.272490e-02
3.860643e-02
2.319298e-01
1.312422e-01
-1.885110e-01
-2.133680e-01
2.119961e-01
1.818159e-01
2.413045e-01
-1.358856e-01
2.428972e-01
1.661584e-01
2.207091e-01
1.935707e-01
2.765223e-01
1.367965e-01
1.611214e-01
2.617927e-01
1.457032e-01
1.774088e-01
9.805646e-02
2.233163e-01
1.416784e-01
2.629140e-01
2.786456e-01
-2.632382e-01
-2.615830e-01
2.860764e-01
-1.471588e-01
2.553647e-01
2.053149e-01
2.667494e-01
2.713521e-01
1.679515e-01
2.308188e-01
2.625274e-01
-1.420266e-01
2.659921e-01
2.545490e-01
2.601854e-01
