2.726201e-02
-6.702369e-03
1.397523e-02
8.144874e-03
2.898612e-02
2.062027e-02
2.034913e-02
1.246264e-03
-1.560125e-02
-2.001107e-03
-3.479686e-03
-1.172757e-02
-6.710548e-04
8.134561e-03
-6.393494e-03
2.939159e-03
-1.244078e-03
-6.992572e-04
1.069408e-03
1.666055e-02
1.217389e-02
-1.369619e-03
6.395039e-04
1.809760e-02
-1.692812e-02
-1.870813e-02
9.736110e-03
-1.001924e-02
3.221118e-04
-4.728162e-02
1.389232e-02
1.968882e-02
2.048706e-03
3.602996e-03
1.144454e-03
4.885091e-03
-2.068049e-02
-2.962627e-02
-1.612098e-02
4.202446e-03
-1.308801e-02
-1.121281e-02
6.492070e-03
1.366148e-02
1.195751e-02
4.719771e-03
-2.383205e-03
4.399199e-03
1.149795e-02
-5.319402e-03
-1.137199e-02
4.929883e-03
2.693275e-03
-1.682174e-02
-8.972779e-04
2.039382e-03
-7.224877e-03
7.891091e-03
3.861118e-03
5.799746e-03
6.459702e-03
-5.772014e-03
-3.818243e-03
9.995327e-03
-2.896198e-02
-5.400790e-02
-8.965061e-03
7.470402e-02
3.973464e-02
-1.727995e-02
-4.699575e-02
-6.644252e-03
5.494465e-03
1.260850e-02
1.476536e-02
-1.433937e-02
-9.894283e-03
3.434989e-03
1.841470e-02
3.511166e-03
6.354930e-03
-8.005907e-03
-2.855556e-03
-4.404393e-03
-1.737177e-02
-1.194243e-02
-1.088530e-02
-1.144746e-02
-2.835719e-03
7.749262e-04
1.644414e-02
2.065353e-02
2.457668e-02
1.466672e-02
1.669239e-02
1.922548e-02
1.393876e-02
1.511106e-02
1.606772e-02
6.199024e-02
8.619860e-02
6.020575e-02
-4.231702e-02
-2.745282e-02
-3.540917e-03
-2.009935e-02
-5.980083e-02
-5.778386e-02
2.245417e-02
4.609725e-02
-2.481210e-02
1.270119e-02
8.657251e-02
5.230893e-02
-4.827342e-02
-7.136173e-02
-2.562995e-02
-1.154479e-03
8.328284e-04
-3.182818e-03
-6.681571e-03
-3.154642e-03
-5.574659e-03
-9.959219e-03
-4.712224e-03
-7.247133e-03
-2.942551e-02
-3.231493e-02
-2.637322e-02
5.611205e-03
-1.738129e-02
-3.266035e-02
4.369541e-02
5.418698e-02
3.604000e-02
5.167672e-02
5.728997e-02
2.123074e-02
-2.035438e-02
-1.185568e-02
-2.308002e-02
-9.852860e-03
-1.356233e-02
-4.287151e-02
-2.245246e-02
-5.880108e-02
2.680841e-02
6.584895e-03
1.062747e-01
2.004117e-02
-7.711137e-03
-3.454792e-02
-2.894978e-02
-5.465088e-03
1.114468e-03
-1.449415e-02
-1.526548e-02
2.370301e-03
-1.196414e-02
5.153714e-03
-1.268688e-02
-1.408520e-02
9.635407e-03
1.083940e-02
-1.022300e-02
7.163979e-03
-4.373520e-03
-2.120791e-02
4.669505e-03
-4.018591e-03
-5.261213e-03
5.540517e-03
4.419892e-03
5.327513e-03
-9.214188e-03
-7.785527e-03
2.124369e-02
1.169594e-02
-9.173736e-03
-2.949336e-02
1.158917e-02
2.390418e-03
-4.863072e-03
-3.868106e-03
4.996612e-03
1.187690e-02
1.190525e-03
-9.926113e-03
1.288134e-03
-9.704739e-04
-3.095816e-03
5.597894e-03
-5.591778e-03
4.161839e-03
5.870968e-03
-6.778588e-03
-4.774664e-03
-1.426438e-02
5.286831e-03
-6.160174e-03
-2.017658e-02
-1.518335e-02
-2.106273e-02
-2.084402e-02
-9.034496e-03
-1.895045e-02
-1.559984e-02
-2.145111e-02
-4.375697e-02
1.066584e-01
1.270999e-03
6.731634e-02
-8.770078e-02
1.103493e-03
-3.945317e-02
4.632528e-02
-6.300168e-03
-1.610543e-02
-8.316829e-03
-4.592026e-03
-2.936854e-02
-1.894008e-02
4.315156e-03
-7.406569e-03
1.696380e-02
-1.696082e-02
-1.284370e-02
-1.356866e-02
-1.103608e-02
-8.236974e-03
-5.626187e-03
-1.272582e-02
-1.109086e-02
-8.664552e-03
2.125506e-02
2.948925e-02
2.265784e-02
2.624749e-02
3.061767e-02
1.879111e-02
1.866038e-02
1.896737e-02
1.355332e-02
-4.709568e-03
-3.285953e-02
-7.994207e-03
2.123795e-02
5.818902e-02
-4.674169e-02
-7.535691e-03
-2.991213e-02
2.926351e-02
-3.292509e-02
-1.776189e-02
7.210742e-02
5.122574e-02
4.350806e-02
-7.658491e-02
-2.982127e-02
-3.783475e-02
8.888340e-02
1.262838e-02
1.010536e-02
7.343937e-03
1.647639e-02
1.085385e-02
9.468257e-03
1.011219e-02
4.221223e-03
4.434084e-03
1.221693e-02
-5.862873e-03
-8.302537e-03
-5.164992e-03
-1.243739e-02
3.147639e-02
-2.659462e-04
-1.696237e-02
-4.369307e-03
1.726308e-03
-1.192329e-02
5.755003e-03
9.866760e-04
8.724149e-03
2.808149e-02
-4.248206e-04
-1.715622e-02
-6.163837e-03
-1.611501e-11
7.388727e-11
-9.223339e-11
6.693957e-11
5.314350e-11
6.884737e-12
9.440072e-11
1.086535e-11
1.145636e-10
-4.429873e-11
1.620304e-11
5.249399e-12
-6.965584e-11
-1.127026e-11
-2.779051e-11
-8.553663e-11
-2.791896e-11
-3.511886e-11
8.660897e-11
1.394281e-10
4.295445e-11
7.447536e-11
1.105470e-10
9.880255e-11
1.030531e-10
1.057242e-10
9.956425e-11
1.255962e-11
-7.836296e-11
-5.690268e-11
-1.088759e-10
-7.108205e-12
-5.017833e-11
-1.260641e-10
-4.843886e-11
1.787845e-11
2.056504e-10
2.510012e-10
1.309836e-10
2.821685e-10
2.429302e-10
2.832599e-10
3.181975e-10
3.239139e-10
2.215021e-10
1.339649e-10
5.751704e-11
-4.093998e-11
2.215311e-11
4.071065e-11
4.932627e-11
1.288656e-10
1.041420e-10
3.015008e-11
-8.283943e-12
-1.245713e-11
-6.970311e-11
2.850237e-11
8.091031e-11
1.816408e-11
3.893491e-11
-1.745106e-11
-2.192991e-12
-1.612935e-11
-4.800197e-11
-3.449474e-11
-6.785829e-11
-1.670614e-10
-5.875935e-11
-6.001273e-11
-3.554385e-11
-2.040059e-11
-1.483632e-11
3.480034e-11
-5.639249e-11
-7.043571e-12
1.363226e-10
7.325202e-11
3.204454e-11
2.061732e-11
1.114444e-10
6.575507e-11
1.360234e-10
3.262900e-11
5.922089e-11
1.724986e-10
1.544753e-10
1.934136e-10
1.542281e-10
2.121243e-10
1.619123e-10
7.318382e-11
6.427377e-11
1.639399e-10
1.779168e-10
1.075448e-10
1.500870e-10
1.381409e-10
1.230887e-10
-6.785323e-12
-4.334015e-11
8.508509e-11
-1.859055e-11
3.906092e-12
-5.348549e-12
-1.402059e-11
-2.802183e-11
3.616274e-11
-2.524270e-11
4.285469e-12
6.701843e-11
9.510563e-12
-2.571364e-11
2.307712e-11
-6.172427e-11
-3.110945e-11
1.115409e-11
7.185477e-11
1.111493e-10
1.256043e-10
2.455761e-11
1.897906e-10
1.893469e-10
1.478890e-10
2.459229e-10
1.844788e-10
1.562397e-10
1.529660e-10
1.103425e-10
1.360324e-10
1.547697e-10
1.596627e-10
1.071876e-10
2.423212e-10
1.882765e-10
1.333628e-10
1.217450e-10
2.023905e-10
1.021129e-10
1.446111e-11
1.605080e-10
5.128258e-11
9.148465e-11
1.393432e-10
3.406319e-02
-3.887707e-02
1.676264e-02
1.412802e-02
-2.896592e-02
1.958104e-02
-3.821798e-02
4.674936e-02
-2.763838e-02
-1.258461e-02
-5.658552e-03
-4.538618e-03
4.713020e-03
1.006888e-02
-2.925689e-03
-1.671082e-02
3.835982e-02
-4.289903e-02
-3.718762e-03
-1.079174e-02
-1.949612e-02
1.037829e-02
-3.303808e-03
-8.973780e-03
5.645753e-03
3.722159e-03
-1.261940e-02
1.403201e-02
-1.901943e-04
-1.857113e-02
1.010794e-02
1.347274e-02
-4.029901e-02
-2.083655e-02
2.164637e-02
-5.947405e-03
-2.866439e-05
-2.112665e-03
-8.853151e-03
1.595052e-02
-6.504061e-03
1.391841e-03
1.488462e-02
1.173426e-02
8.935104e-03
-9.925378e-03
5.047833e-03
8.586601e-04
-1.452413e-02
-1.587576e-02
1.184611e-02
3.382723e-03
-3.101176e-02
7.091103e-03
-1.568835e-02
1.112764e-04
-9.700883e-03
-1.899823e-02
-3.686511e-03
-1.048330e-02
-2.887423e-02
-2.044689e-02
-2.067760e-02
5.770381e-03
-4.278341e-02
1.727070e-02
6.648018e-02
-8.257223e-02
8.959588e-02
-3.898975e-02
5.173098e-02
-4.183994e-02
-1.098291e-02
-9.965290e-03
1.309064e-03
-1.041176e-02
-1.584945e-02
3.470374e-03
1.606053e-02
-2.522876e-02
1.173192e-02
-6.200181e-03
-8.426351e-03
4.169011e-03
1.134680e-02
3.949273e-03
1.302727e-02
2.849563e-02
2.424138e-02
2.569515e-02
-2.529147e-03
5.927785e-04
1.568300e-03
1.669886e-03
2.099751e-03
6.392084e-04
6.408276e-03
6.793808e-03
-4.293297e-04
2.233488e-02
-4.691484e-02
2.580947e-02
-7.667096e-03
-6.599458e-03
1.999964e-02
-6.853472e-02
1.000487e-01
-6.461093e-02
7.120807e-03
-2.965030e-02
5.209192e-03
-3.286060e-02
3.463361e-02
-4.658750e-02
-4.319483e-02
7.315580e-02
-3.857983e-02
1.852676e-02
1.223704e-02
1.454678e-02
1.679980e-02
1.671067e-02
1.366651e-02
1.513432e-02
2.032725e-02
1.339777e-02
-1.651139e-02
1.213781e-02
-2.878130e-03
1.020854e-02
-6.376722e-03
7.273701e-03
2.523946e-02
-4.210113e-02
9.881048e-03
3.264469e-03
1.467373e-02
3.065372e-03
-1.262928e-02
2.543033e-02
-3.256780e-02
-1.492565e-02
8.310998e-03
-1.353018e-02
1.103868e-02
-9.684899e-04
7.906009e-03
1.636098e-02
-1.384097e-02
-7.197765e-03
1.278927e-02
-1.955953e-02
5.373218e-03
-2.393438e-02
-2.030447e-02
-7.953518e-03
-2.345231e-02
-1.192770e-02
-1.529153e-03
-2.814648e-02
6.189379e-03
-8.000219e-03
1.383065e-02
-7.412563e-03
-1.788756e-02
-6.742098e-05
-9.053571e-03
-1.417562e-05
1.162788e-03
3.216910e-03
1.030430e-02
-6.589837e-02
-8.174975e-03
9.561194e-02
-7.325174e-02
-6.419760e-03
7.811741e-02
-9.015688e-02
1.643227e-03
7.509522e-02
-3.319797e-02
3.372417e-02
1.565204e-02
-2.568914e-02
2.556296e-02
-1.329178e-02
-1.013937e-03
2.487845e-02
-1.829208e-02
2.873225e-02
6.222330e-03
-2.768399e-02
-6.894898e-03
2.641458e-03
-7.215158e-04
3.301187e-03
2.227909e-03
1.011476e-02
1.195639e-02
6.662480e-03
1.725142e-03
9.423370e-03
7.216955e-03
-3.902369e-03
-5.241614e-04
8.365421e-04
-9.804674e-03
1.315894e-02
1.261432e-02
1.025481e-02
4.004246e-02
-1.789707e-03
1.222093e-02
7.126905e-03
-2.529088e-03
8.839986e-03
6.507903e-03
1.602373e-03
4.321689e-03
6.635028e-03
3.990940e-03
1.626524e-02
2.702239e-03
-8.190951e-04
1.375479e-02
-7.604425e-03
-4.271232e-03
7.851344e-03
-1.130129e-03
-6.415583e-03
-6.130897e-05
6.778282e-03
-2.686416e-03
-6.572410e-03
-6.374258e-03
-9.141632e-03
-5.825221e-03
-1.713625e-03
-7.220156e-03
-4.698095e-03
2.316257e-03
-2.800551e-03
-1.546036e-04
5.379423e-02
-3.626658e-03
-5.040156e-02
8.094991e-02
-1.467914e-02
-6.652016e-02
5.432412e-02
-6.175313e-03
-3.368003e-02
9.060782e-03
6.019396e-03
-8.779914e-04
5.060819e-03
1.220949e-02
5.130136e-03
-2.493435e-02
2.655013e-02
-1.140855e-02
6.746879e-03
3.450065e-03
1.400114e-03
5.809424e-03
1.533784e-03
7.727501e-04
4.137826e-03
3.312642e-03
3.520940e-03
-1.690936e-02
-4.403399e-03
1.980128e-03
-1.126641e-02
6.435129e-03
4.757318e-03
3.683020e-03
-7.542702e-03
-1.313757e-02
2.169613e-02
-1.616796e-02
-1.883079e-02
1.534256e-02
-9.884052e-04
-8.272544e-03
7.640599e-03
5.834583e-03
-5.659437e-03
-8.804292e-03
3.951024e-03
-2.400336e-02
-3.065983e-02
-5.093202e-02
-2.544486e-02
1.353261e-03
2.624557e-02
5.197169e-03
-8.525333e-03
1.472655e-02
3.309944e-02
2.152221e-02
5.606239e-04
1.118649e-02
1.913882e-03
-3.300821e-02
1.415742e-02
-6.624956e-03
-1.893784e-02
-9.842484e-03
1.211525e-02
-9.355504e-04
5.634178e-03
-9.232417e-03
-2.675558e-02
-2.621931e-03
5.543236e-02
9.516998e-02
-1.102475e-02
7.779460e-02
-5.154916e-02
-1.004499e-01
-2.199132e-02
-9.186930e-02
1.310291e-02
-4.449401e-03
-1.087129e-02
-2.582899e-02
-3.871529e-02
-1.901243e-02
-7.309918e-03
-7.327567e-03
1.644319e-02
3.049710e-02
1.185832e-02
-1.423256e-02
-1.517455e-02
-1.720282e-02
-1.535996e-02
-7.730707e-04
-2.020611e-02
7.820418e-03
2.907879e-02
-2.224801e-03
-1.898282e-03
-8.497590e-03
1.150140e-02
1.422148e-03
-1.189941e-03
1.012686e-02
-8.692537e-03
-5.531047e-03
8.038986e-03
-1.007479e-02
-1.897974e-02
-1.245585e-02
-2.026960e-02
1.435970e-02
2.506107e-03
1.963387e-02
6.586781e-03
5.033670e-03
-1.278798e-02
-5.884397e-03
1.343872e-02
2.964662e-02
2.204677e-02
-8.973744e-03
7.385549e-03
-6.619351e-03
-7.800421e-03
6.799658e-03
1.348064e-02
7.372876e-03
1.590615e-02
1.515104e-02
1.205295e-02
1.016008e-02
8.849304e-03
8.351584e-03
3.051965e-03
2.568303e-03
9.409309e-03
9.359046e-03
9.497663e-03
1.022944e-02
1.400710e-02
1.450317e-02
1.302415e-02
-1.187994e-01
-1.842122e-02
-9.520647e-02
-2.117233e-02
9.222963e-02
-2.744161e-02
9.368169e-02
3.175375e-02
1.747258e-02
-2.689570e-02
-2.995161e-02
1.864236e-03
-1.353332e-02
-1.043627e-03
1.545987e-03
9.762089e-03
1.071981e-02
-1.101655e-04
-1.711615e-03
-4.210620e-03
2.855360e-03
1.410254e-03
-4.912841e-04
8.532602e-04
-2.749764e-03
-2.437609e-03
-2.001529e-03
9.967748e-03
1.802011e-02
-1.707453e-02
-7.566774e-03
-1.321725e-02
-1.534441e-02
8.703640e-03
1.231393e-02
-5.581164e-03
-2.700547e-03
3.051446e-03
2.510639e-03
1.206319e-02
1.845112e-02
1.927207e-02
-5.092192e-03
-9.367773e-03
-1.624283e-02
-1.327641e-02
5.089245e-02
3.920423e-02
-4.347304e-02
-1.131847e-02
9.083265e-02
3.908111e-02
-3.060550e-02
-2.325483e-02
-1.222708e-03
2.458628e-02
-4.267216e-03
-4.930515e-02
-7.113057e-03
3.975909e-02
-2.606280e-04
-6.481715e-03
-1.970974e-02
7.506999e-03
1.531050e-02
-9.322410e-03
-2.245371e-02
-2.334471e-03
2.972667e-02
-3.029828e-03
-1.881264e-02
-2.469645e-02
-5.925317e-02
3.167632e-02
5.151588e-02
-4.445177e-02
-2.218325e-02
5.611292e-02
2.472784e-02
-3.501461e-02
-3.240060e-02
-5.831050e-03
2.627087e-02
-3.937718e-02
-3.515413e-02
1.128148e-02
-3.896366e-03
-1.517052e-02
-5.947583e-04
-1.414833e-02
-1.847937e-02
1.079140e-02
-7.706079e-03
3.231098e-03
1.444611e-02
-4.519294e-03
-8.208760e-03
1.115076e-02
-3.957990e-03
7.243564e-03
-9.982038e-03
1.680038e-02
2.162775e-02
-6.624675e-03
1.283701e-02
2.723430e-03
-3.097830e-02
-1.564614e-02
5.145238e-02
6.789085e-02
-5.762697e-02
-6.779506e-02
9.937679e-02
4.700667e-04
-9.162227e-02
-2.829821e-02
5.071317e-02
5.254259e-02
1.915020e-02
-3.454373e-03
1.302391e-02
2.505510e-02
-5.734053e-03
-3.794465e-03
2.868109e-02
-1.141997e-02
-1.336091e-02
-1.758131e-02
-7.865269e-03
-1.515583e-02
-7.248129e-03
1.133210e-02
2.977215e-03
2.148969e-03
1.151605e-02
8.209177e-03
1.011404e-03
6.946895e-03
6.025019e-03
-3.669684e-03
1.338113e-03
4.956540e-03
-7.702890e-03
-1.858812e-02
-1.832372e-02
-1.369193e-02
2.891933e-02
-2.610472e-02
-2.125499e-02
-5.080214e-03
3.223997e-02
-2.466615e-02
-3.062276e-02
2.993977e-02
3.710744e-02
1.582645e-02
-5.437896e-02
-9.103606e-03
7.525267e-02
-5.318045e-03
-3.321363e-02
1.250250e-02
1.997199e-02
1.726992e-02
1.533848e-02
1.568484e-02
8.814679e-03
2.517688e-02
2.366049e-02
7.198303e-03
4.696432e-04
-9.917344e-03
-4.242227e-02
1.097091e-02
5.433918e-02
7.421561e-03
-4.251886e-02
1.742741e-02
1.934334e-02
5.308593e-03
-4.684349e-02
-1.615042e-03
3.108345e-02
-3.500238e-02
-5.290428e-02
6.491587e-02
3.506040e-02
-1.914125e-02
-9.296693e-03
2.965428e-02
1.740318e-02
2.687820e-02
-9.523177e-03
-2.244137e-03
-8.757735e-03
-5.500156e-03
2.830229e-02
-3.635063e-04
-1.807628e-02
-1.664650e-02
2.370135e-02
9.782077e-03
2.555380e-02
9.705909e-03
-1.179555e-02
1.097374e-02
-8.798108e-03
-1.502223e-02
1.095387e-03
-8.498033e-03
4.892581e-03
6.648802e-03
1.045423e-02
4.230297e-03
3.103601e-03
-5.734719e-02
-7.669777e-02
-5.111613e-02
4.691616e-02
2.912634e-02
9.886960e-03
2.450400e-02
3.209707e-02
4.170921e-02
-1.129036e-02
-1.192117e-02
-1.129904e-02
-3.655447e-03
7.230612e-03
-7.457417e-03
-7.755288e-04
2.083988e-02
1.486338e-02
3.353437e-03
3.346027e-03
-1.289449e-02
-1.295542e-02
2.055888e-02
4.505932e-03
-2.427081e-02
-5.197575e-03
-5.054644e-03
-8.818031e-03
-1.957240e-02
-6.148743e-03
1.733775e-02
8.773437e-03
7.995319e-03
1.367397e-02
-7.358894e-03
-1.082159e-02
-7.515388e-03
6.416459e-02
5.108026e-02
-3.236258e-03
-3.839310e-02
-1.302823e-02
2.360867e-02
9.242484e-04
-3.623092e-02
1.705767e-02
1.433283e-02
1.593721e-02
-3.725655e-04
-9.207079e-03
-7.321601e-03
1.311041e-02
2.194443e-02
6.819305e-03
-1.615362e-02
-1.354622e-02
-1.282736e-02
-1.721073e-02
-8.638861e-03
-8.447031e-03
-1.365709e-02
-7.794743e-03
-1.168484e-02
2.300309e-02
2.717704e-02
1.781748e-02
2.322828e-02
2.712011e-02
1.712022e-02
2.659523e-02
3.096013e-02
2.004950e-02
2.301299e-03
1.244885e-02
2.239683e-02
1.445711e-03
-4.366038e-02
-2.708872e-02
-3.191555e-02
1.293446e-02
2.661733e-02
1.460930e-02
5.739252e-02
4.649920e-02
-5.502202e-02
-1.040017e-01
-6.011397e-02
4.934577e-02
8.723943e-02
1.846660e-02
-2.561329e-04
-2.170930e-03
-7.958697e-04
4.595175e-03
3.762483e-03
5.412557e-03
1.269298e-03
-2.433722e-03
-3.885704e-04
-9.693106e-03
-8.805636e-03
-9.585766e-03
1.492423e-02
5.455574e-02
4.253446e-02
-2.893084e-02
-3.479870e-02
-3.616707e-02
-4.359841e-02
-3.224236e-02
-2.500594e-02
1.798900e-02
-2.696353e-03
-1.206255e-02
1.920743e-02
5.201832e-02
5.663951e-02
2.679708e-03
5.392446e-02
3.880102e-02
-2.527240e-02
-3.046461e-02
6.243516e-02
1.062531e-02
-2.317793e-02
-2.824258e-02
8.244213e-03
2.115973e-02
-2.195827e-02
-2.566236e-02
-8.465600e-03
1.989529e-02
-5.355175e-03
-1.975326e-02
-1.169249e-02
3.059247e-03
1.006422e-02
-1.622481e-03
-1.638471e-02
-1.085914e-04
2.631491e-02
-8.521681e-03
-1.777287e-02
1.084049e-02
8.582522e-03
-1.389782e-02
-2.339842e-02
1.927526e-02
-3.482992e-03
-4.861673e-03
-1.486584e-02
1.926837e-02
1.020407e-02
-9.606070e-03
-2.110445e-02
-2.556736e-02
1.239277e-02
-1.870259e-02
-2.114867e-02
2.326786e-02
-7.659364e-05
-1.632102e-02
6.342338e-03
-1.570813e-02
-3.552780e-02
1.424932e-02
3.375771e-03
-2.528248e-02
1.635091e-03
2.583240e-02
1.658817e-02
-2.307436e-03
-3.964347e-03
1.659617e-03
-5.260656e-04
7.965184e-03
-3.993375e-03
-1.320195e-02
2.247738e-03
-2.681454e-03
5.089870e-03
8.251344e-02
-1.021855e-01
-8.928467e-02
1.913053e-02
8.819382e-02
1.869025e-02
-9.000591e-02
2.468096e-02
1.479117e-02
4.906307e-03
-2.021274e-02
4.924709e-03
1.830685e-02
-4.031115e-04
-4.617556e-04
-6.974709e-03
1.457179e-02
6.506405e-04
2.592392e-03
-7.183999e-03
1.268567e-04
-1.489972e-02
-8.112333e-03
4.146727e-03
-1.285695e-02
-1.269446e-02
9.435496e-03
7.618065e-03
1.072377e-02
1.226696e-02
6.403667e-03
6.280391e-03
6.172638e-03
1.674211e-03
3.435524e-03
-7.014181e-02
5.731384e-02
1.463753e-02
-4.291634e-02
-7.619373e-02
8.286852e-02
7.544404e-02
-1.756946e-02
-5.998200e-02
-3.671103e-02
5.624983e-02
1.096186e-02
-1.279093e-02
-1.701473e-02
2.515313e-02
4.443442e-02
-5.504876e-02
-8.998462e-03
1.271741e-02
1.919344e-02
1.472409e-02
5.643636e-03
9.409527e-03
8.372182e-03
9.746569e-03
1.064095e-02
5.679817e-03
1.303809e-03
-2.692263e-02
-1.353620e-02
3.569371e-02
1.695651e-02
-4.153611e-02
6.713022e-03
4.029713e-02
-3.547451e-03
-4.630130e-02
2.427251e-02
4.867753e-02
-8.133992e-03
-2.427673e-02
2.218375e-02
9.248594e-03
-2.702759e-02
-2.490600e-02
-3.882967e-02
-4.839430e-02
-4.153313e-02
-1.840634e-02
2.328506e-02
9.508727e-04
3.275625e-02
-4.531819e-04
-1.905207e-02
8.352088e-03
1.515670e-02
5.997714e-03
-1.615417e-02
-2.029522e-02
-1.930958e-02
-1.008642e-02
-2.789916e-03
2.536088e-02
1.280495e-04
1.089906e-02
5.532125e-03
3.865221e-03
-5.277912e-03
-1.144252e-02
-1.575004e-02
-3.596031e-03
5.376041e-03
1.131216e-02
1.178481e-02
2.146643e-03
-9.101397e-03
-1.224715e-02
-1.765064e-02
-4.340400e-03
5.493873e-03
5.514278e-03
2.198893e-03
7.513570e-03
1.166921e-02
-2.576035e-04
-4.765730e-03
-9.200616e-03
-3.889684e-03
-9.176310e-04
1.283462e-03
-1.105851e-02
-9.966488e-03
-1.143003e-02
-1.106421e-03
-8.097395e-03
7.394248e-04
-4.929047e-03
6.811827e-03
7.271043e-03
6.921481e-03
1.815351e-02
1.643685e-02
1.494281e-03
-2.572811e-04
-9.037476e-03
-1.606515e-02
-1.828518e-02
-2.153057e-02
2.113682e-02
3.373071e-02
5.577606e-02
2.669847e-02
4.659959e-02
2.809100e-03
3.263213e-02
1.091540e-02
-1.152401e-03
-1.140834e-02
-1.523585e-02
-8.235964e-03
-2.064749e-02
-2.675442e-02
-2.080837e-02
-2.612074e-02
-2.488821e-02
-2.573738e-02
-2.172663e-02
-1.353462e-02
-7.181331e-03
-2.016560e-02
-1.246218e-02
-8.455270e-03
-2.165502e-02
-1.280137e-02
-5.689191e-03
2.489932e-02
2.760488e-02
2.394835e-02
2.416409e-02
2.651124e-02
2.318515e-02
2.438616e-02
2.402968e-02
1.891266e-02
-2.374135e-02
-9.380187e-03
-8.773689e-03
9.724339e-03
2.395728e-02
-1.032147e-03
1.991142e-02
-1.683753e-03
3.900703e-03
-7.626618e-02
-6.853258e-02
-1.893696e-02
9.885802e-02
1.066775e-01
7.194459e-02
-1.873100e-02
-6.297933e-02
-5.286111e-02
-9.407359e-03
-4.189818e-03
-4.782218e-03
-1.231964e-02
-1.053184e-02
-1.064060e-02
-1.343745e-02
-1.133365e-02
-1.043309e-02
7.287091e-03
3.659421e-03
6.644713e-03
-3.566454e-02
-2.912393e-02
-7.354754e-03
9.905947e-03
2.786558e-02
2.809608e-02
1.175822e-02
1.224349e-02
2.392412e-02
2.306259e-02
9.546547e-03
2.977147e-03
-4.987768e-03
-1.098931e-02
5.900585e-03
-3.374501e-02
1.547591e-02
-5.989429e-03
6.404091e-02
6.015183e-02
3.262455e-02
-1.573413e-02
-3.622745e-02
-3.804051e-02
5.967777e-03
-6.368493e-03
4.001432e-03
2.403000e-03
-1.245364e-02
-4.101823e-03
2.793245e-02
1.446324e-02
8.868857e-03
4.970119e-02
1.438989e-02
-2.431994e-03
5.056852e-03
-1.071870e-02
-1.586527e-02
-1.540513e-02
-2.301781e-02
-3.761432e-02
2.555965e-02
3.521318e-02
1.166288e-02
-1.583900e-02
-3.099817e-02
-2.923915e-02
-1.200592e-02
-7.498000e-03
-3.379558e-03
7.431582e-03
2.900060e-03
2.197013e-05
-7.701664e-03
-5.714465e-03
1.424811e-02
8.401510e-03
-3.907305e-03
-1.149164e-04
-1.399395e-02
-3.330892e-02
1.390720e-03
-1.271543e-03
2.197796e-03
2.396647e-02
1.212931e-02
1.543344e-02
7.477030e-03
1.769254e-02
1.089403e-02
-1.244404e-02
1.644221e-02
-3.412269e-04
-9.488629e-03
7.876760e-03
-6.537225e-03
2.422515e-03
2.548149e-02
5.411290e-02
-3.211513e-03
2.238968e-02
2.951770e-02
7.256375e-03
-2.429573e-03
-4.315275e-02
-5.202035e-03
-1.338528e-02
-9.970559e-03
3.288405e-03
-3.653756e-02
-2.329946e-02
-1.028370e-03
-1.873666e-03
4.644808e-03
2.116448e-02
-7.164755e-04
-5.035174e-04
1.631477e-03
-1.105973e-02
-9.542675e-03
-4.703808e-03
-4.182602e-03
5.853968e-03
8.503918e-03
2.464299e-02
2.372084e-02
1.437995e-02
2.248156e-02
2.000463e-02
1.055335e-02
1.575004e-02
1.517576e-02
6.730618e-03
-3.137307e-03
1.062953e-02
-1.855630e-02
-2.650817e-02
-2.797200e-02
-4.175051e-03
1.106976e-02
2.386099e-02
5.164438e-03
1.584003e-02
8.955950e-02
6.213757e-02
2.744958e-03
-8.326019e-03
-6.095396e-02
-1.058983e-01
-6.313680e-02
-9.656432e-03
-4.211897e-04
-1.599338e-03
-7.448928e-03
1.769674e-03
-2.599417e-04
-6.422515e-03
8.888396e-04
2.471702e-03
-2.784416e-03
-5.606354e-02
-5.126245e-02
-3.228606e-02
-1.087120e-02
1.682426e-02
2.830864e-02
4.924070e-02
3.550220e-02
2.296967e-02
1.553316e-02
1.325869e-02
-2.472149e-03
-9.510958e-03
-3.315156e-02
-3.689634e-02
-8.854648e-04
1.267573e-02
-7.409123e-03
3.096784e-02
3.162279e-02
-3.020477e-02
4.782233e-02
-8.916028e-02
-5.472310e-02
-7.203939e-02
-4.179047e-02
5.159427e-02
1.129028e-03
-1.735992e-02
-3.019410e-02
-1.701053e-02
-3.943356e-02
5.311395e-03
-1.332913e-02
1.986812e-03
1.147347e-02
-3.669982e-03
-5.739755e-03
-1.741947e-02
1.288307e-03
3.438616e-04
8.372650e-03
1.139029e-02
1.556079e-04
3.654842e-03
-1.435074e-02
-1.593911e-02
2.084390e-02
-2.080951e-02
4.524517e-03
7.541141e-03
1.237116e-02
1.293766e-02
2.072425e-03
-1.912099e-02
-1.222892e-02
-5.674590e-03
-5.284247e-03
1.491392e-02
-2.963753e-03
-2.256061e-03
7.872950e-03
1.240814e-02
3.432602e-02
2.229945e-02
7.411598e-03
1.607301e-02
4.460290e-03
-2.507415e-02
2.841625e-03
-3.677111e-02
-1.376798e-02
3.515017e-02
1.944799e-02
9.088467e-03
1.838548e-02
1.617807e-02
7.048693e-03
-1.544178e-02
-8.784664e-03
-1.412506e-02
9.141057e-02
5.032348e-02
-4.835432e-02
4.091020e-02
-5.503065e-02
5.137768e-02
-3.286768e-02
3.394699e-02
8.751103e-02
-1.732534e-02
-2.449557e-02
-5.014446e-03
-2.259444e-02
3.570543e-03
1.562887e-02
9.300283e-03
9.666813e-03
8.771919e-03
-1.786426e-02
-5.628628e-03
5.423174e-03
-6.765754e-03
-7.489401e-05
1.117827e-02
3.340143e-03
-3.567686e-03
-2.993999e-03
5.013522e-04
1.007428e-03
2.551028e-03
-1.328586e-03
6.129821e-03
6.627048e-03
5.276090e-03
1.442358e-02
9.110654e-03
3.420406e-02
-1.289701e-02
-2.680787e-02
3.153701e-03
-4.686354e-02
3.200406e-02
-2.654315e-02
8.865821e-03
2.270584e-02
5.556909e-02
-3.142727e-02
-3.816899e-02
-6.264318e-02
-5.378282e-02
3.280380e-02
-5.288287e-02
1.146933e-01
7.742402e-03
2.027908e-02
1.973664e-02
1.527971e-02
2.242786e-02
2.537209e-02
2.441914e-02
2.026691e-02
2.572659e-02
2.248419e-02
-2.957560e-02
1.031359e-02
2.581866e-03
2.494258e-02
3.089917e-02
-1.548657e-02
8.639575e-03
-2.849158e-02
-2.295702e-02
-3.371784e-03
-2.161796e-03
2.610786e-02
-1.603014e-02
1.272823e-02
1.172981e-02
3.919348e-02
4.778639e-02
-9.568116e-03
-2.986164e-02
-8.187656e-02
8.025180e-03
-7.669740e-02
4.162521e-03
7.474729e-02
-5.683015e-02
7.831215e-02
-1.837573e-03
-3.410741e-02
-4.094956e-02
4.965647e-03
-1.619458e-02
6.765448e-02
7.137001e-03
1.818917e-02
4.156198e-02
-5.611220e-02
-2.358337e-02
-1.066026e-02
6.498277e-03
-1.023866e-02
3.205496e-02
8.989041e-04
2.545114e-02
2.471375e-02
-1.920282e-02
-2.745853e-02
-6.875969e-04
6.277151e-03
-3.052996e-03
7.037868e-03
1.676191e-02
1.702122e-02
-2.838238e-03
9.068647e-04
-3.130252e-03
-6.093464e-03
2.003040e-03
1.538774e-03
-1.490662e-02
3.172735e-03
-1.410362e-04
-1.539104e-02
-2.928965e-02
-1.363563e-02
1.773533e-02
1.715376e-03
7.522264e-03
-8.289503e-03
2.200244e-03
-6.594222e-03
1.758726e-03
9.307077e-03
-8.737639e-03
-1.234532e-02
-7.070253e-03
-4.636621e-03
-1.601111e-02
-2.530586e-03
1.710545e-02
-1.006163e-02
-4.037939e-03
-1.628164e-02
-6.146254e-02
6.047006e-02
-3.679586e-02
7.720040e-02
5.603608e-02
-1.307445e-02
7.067183e-02
-3.444045e-02
1.269052e-02
1.160705e-02
-8.435984e-03
4.223260e-02
1.723721e-02
-1.323330e-02
1.886022e-02
-2.354969e-03
-2.716681e-03
-1.725519e-02
-9.357084e-03
9.472852e-03
-1.775260e-02
4.274906e-03
4.479425e-03
-1.082653e-02
-1.161324e-03
-1.237626e-02
-8.796440e-03
-4.906900e-03
-5.006833e-03
2.270683e-03
4.430069e-03
1.387957e-03
8.117552e-03
6.546653e-03
6.477718e-03
1.508265e-02
2.017821e-02
1.590820e-02
-3.507699e-02
5.032401e-03
-2.055864e-02
6.851776e-03
-3.454067e-03
5.746082e-04
-4.193391e-02
2.369345e-02
4.734623e-02
-2.323416e-03
1.066590e-01
-3.457623e-02
8.295216e-02
-2.816005e-02
-8.293570e-02
4.163502e-03
2.261710e-03
9.363465e-03
1.057604e-02
1.345549e-02
1.180128e-02
1.321831e-02
1.409821e-02
5.234885e-03
6.973980e-02
-1.516843e-02
-1.950630e-03
1.498323e-02
-6.870075e-02
-2.688068e-03
-4.048836e-02
-3.907386e-02
4.805096e-02
3.936748e-02
3.772724e-02
-2.907934e-02
5.146442e-02
1.921683e-02
-2.109733e-02
2.373970e-02
-2.495905e-02
-2.959995e-02
5.916912e-02
-5.442732e-02
3.737849e-02
1.275467e-01
-8.104727e-02
3.655097e-03
7.775453e-02
-4.472631e-02
2.779258e-02
-4.276646e-02
-6.702511e-02
-2.155173e-02
-6.362896e-03
-5.807516e-02
8.796080e-03
6.984468e-03
-5.956247e-02
5.808955e-03
-1.479041e-02
-1.330886e-02
2.152773e-03
-6.354445e-03
-2.062478e-02
2.111151e-02
1.065153e-04
-2.003413e-02
1.570500e-02
2.569642e-02
-2.617920e-02
1.526965e-02
2.107575e-02
-4.458711e-02
-1.376241e-02
7.345352e-03
-1.901887e-02
1.360882e-02
-2.175626e-02
2.263332e-03
9.082537e-03
-5.043652e-04
-6.050171e-03
-2.160701e-02
2.068817e-03
-1.573751e-02
-2.202029e-02
-5.060219e-03
4.290821e-03
-2.176774e-03
-1.801309e-02
1.319993e-02
-1.836645e-02
6.665166e-04
1.615113e-02
-8.205363e-03
-8.329129e-04
2.270284e-03
5.555832e-03
2.035649e-03
6.204106e-03
1.189627e-02
-2.218835e-02
-1.877710e-02
-2.555290e-02
4.273323e-02
-4.538318e-02
6.577966e-02
8.883039e-02
-1.281192e-01
1.267714e-01
8.261264e-02
-6.284234e-02
7.880826e-02
-1.070906e-02
3.635756e-02
2.422176e-02
-2.727751e-02
2.431059e-02
1.854172e-02
-1.820196e-02
3.003898e-02
8.724630e-03
-1.734278e-02
-5.531529e-03
-1.153079e-02
-1.356579e-02
-1.442306e-02
-4.921612e-03
9.243027e-03
1.568313e-03
1.248177e-02
-9.120504e-03
5.274693e-03
-4.054273e-03
-8.049808e-03
4.226563e-03
-5.577622e-03
-3.853204e-03
6.698970e-03
-7.261024e-04
7.268726e-03
-3.349123e-02
7.245159e-03
5.752781e-02
-5.437918e-02
1.504500e-02
-1.054266e-02
4.724442e-03
-1.930233e-02
1.816749e-02
-6.663019e-03
1.460323e-03
-1.318938e-02
-1.197468e-03
5.125974e-02
-3.154518e-02
4.133414e-03
1.114690e-02
-3.263623e-03
6.602995e-03
3.460241e-03
-4.970284e-03
-2.049235e-04
1.085036e-03
-3.331649e-03
-2.893364e-04
2.080233e-03
-3.623694e-02
2.531419e-02
-1.239017e-02
-2.978412e-02
5.542765e-02
-2.329791e-02
-5.933236e-03
3.659455e-02
-2.116612e-02
3.771818e-02
2.515258e-02
4.222143e-04
2.970725e-02
2.304615e-02
-2.654600e-02
-2.444221e-02
-1.581181e-02
-1.558099e-02
-9.309559e-03
-3.898598e-02
4.683074e-02
-3.033411e-02
-4.048785e-02
8.669943e-02
-4.054165e-02
-3.408570e-02
3.529053e-02
-3.922136e-02
-6.619138e-03
9.450406e-03
-4.108527e-02
-1.972873e-03
4.387001e-02
-1.876137e-02
1.237281e-02
2.459566e-02
-3.111877e-02
-2.747885e-03
9.702873e-03
-4.492014e-02
9.583793e-03
2.862917e-02
-3.057014e-02
1.570098e-02
3.872253e-02
-1.865465e-03
-1.449751e-02
1.256264e-03
3.551476e-03
-2.709338e-02
8.719332e-03
5.619390e-03
-1.039004e-02
2.430150e-03
6.522316e-03
-1.082067e-03
1.198096e-02
-1.299318e-02
-1.795567e-02
2.224501e-02
-1.675655e-02
-6.530641e-03
1.396758e-02
-1.083580e-02
-7.053352e-03
9.722231e-03
1.391613e-02
-7.084278e-03
-3.052162e-03
8.549380e-03
-1.070923e-02
2.998980e-03
-2.686153e-04
4.861861e-03
-1.196522e-02
-3.978950e-03
7.986868e-03
4.811865e-03
-6.504032e-03
-3.062300e-03
-9.103522e-03
-3.602293e-02
8.564956e-03
4.349351e-02
-9.564575e-02
7.166086e-03
9.298883e-02
-5.426494e-02
1.117323e-02
7.081708e-02
5.474007e-03
2.320348e-02
-1.370605e-02
-1.572147e-02
1.291750e-02
-2.717868e-02
8.138368e-03
1.551647e-02
-5.834975e-03
-1.052490e-02
-1.297334e-02
-1.250585e-02
-1.733403e-02
-9.093053e-03
2.312946e-03
-7.684449e-03
5.585634e-03
1.871139e-02
2.748697e-03
3.481216e-03
-9.342423e-03
-2.787191e-03
1.576340e-03
-7.474999e-03
-1.545393e-03
2.681243e-03
-6.191181e-03
-1.926940e-02
-1.232442e-02
3.985836e-02
-3.470787e-02
-2.525555e-02
5.951384e-02
-4.107383e-03
-1.438455e-02
-1.363558e-02
-1.472988e-03
8.629986e-03
1.059258e-02
-5.640164e-03
1.996925e-02
-2.663740e-02
1.672754e-02
2.233254e-02
-1.213062e-02
5.928786e-03
3.951506e-03
-7.557618e-03
1.088121e-03
1.245542e-03
-8.466148e-03
6.066063e-03
7.041178e-03
-2.793213e-03
4.000600e-02
1.461064e-03
-4.963012e-02
6.190537e-02
6.710556e-03
-6.346627e-02
6.800253e-02
-1.706357e-03
-7.033169e-02
1.879538e-02
-1.197072e-02
-3.413214e-03
7.833501e-03
-3.512800e-02
3.923200e-03
-1.626068e-02
-9.084401e-03
3.616192e-02
9.355375e-11
1.350274e-10
1.638747e-10
1.224382e-10
4.659314e-11
4.041738e-11
6.251132e-11
2.263337e-10
1.303968e-10
4.943821e-11
8.628562e-11
4.892882e-11
1.009698e-10
8.238776e-11
4.084077e-12
1.792443e-11
-1.074780e-11
1.234414e-10
1.340659e-10
2.068477e-10
1.117921e-10
3.799792e-11
1.186703e-10
7.785626e-11
7.818244e-11
9.306875e-11
1.867692e-10
-2.360534e-12
3.277682e-11
3.063736e-11
3.630569e-11
1.774938e-12
2.262468e-11
2.361972e-13
-3.085703e-12
7.659433e-11
6.338972e-11
1.205794e-10
9.926001e-11
1.825909e-10
1.911493e-10
1.007084e-10
1.715795e-10
1.088401e-10
8.717920e-11
5.422213e-11
1.348802e-10
3.584906e-11
2.169321e-11
5.767517e-11
4.055018e-11
5.653930e-11
-7.072278e-12
6.575755e-11
1.505802e-10
2.511007e-11
7.284483e-11
1.623245e-11
5.952767e-11
1.034284e-10
2.215524e-11
5.642562e-11
3.926565e-11
2.316814e-11
1.201863e-11
1.060869e-11
-4.580352e-11
-4.723563e-11
-4.918209e-11
2.287992e-11
-2.538449e-12
-3.147562e-11
-7.464816e-11
8.826171e-12
-5.735315e-11
-5.844158e-12
-4.922181e-11
8.987685e-12
-3.447714e-11
-3.501048e-11
-5.908441e-11
-2.136344e-11
3.038922e-11
2.603573e-12
1.017457e-11
5.051864e-11
-3.043182e-11
5.804249e-11
-1.031706e-11
1.309585e-11
7.587551e-11
3.296261e-12
3.525881e-11
9.479991e-13
2.752678e-11
4.475303e-11
4.637809e-11
-2.741295e-14
3.586441e-11
9.900469e-12
-1.199701e-11
1.434501e-11
6.189225e-11
-1.517024e-12
3.965360e-11
2.000547e-13
-1.350341e-11
9.506919e-12
9.149406e-11
1.325595e-10
5.250700e-11
1.136918e-10
-4.214990e-12
8.005373e-11
3.153397e-11
6.220473e-11
5.896767e-11
1.914280e-11
2.131484e-11
6.260923e-12
-7.256135e-12
-6.885697e-12
2.971375e-11
7.881871e-11
-6.585082e-11
-5.222885e-11
7.103129e-11
5.489163e-11
3.932251e-11
-4.239156e-11
4.685733e-11
2.660187e-11
-8.296645e-12
-3.365819e-11
2.775144e-11
1.250473e-11
4.068086e-11
1.161508e-10
-2.581656e-12
7.627229e-11
3.711067e-11
-8.432499e-12
3.213384e-11
-4.859423e-11
