1.507442e-01
1.582014e-01
1.501822e-01
1.627787e-01
1.526224e-01
1.531805e-01
1.501516e-01
1.491305e-01
1.431177e-01
1.538529e-01
1.602039e-01
1.439729e-01
1.575943e-01
1.503271e-01
1.421961e-01
1.604302e-01
1.657138e-01
1.514453e-01
1.789654e-01
5.720678e-09
1.608027e-01
1.433002e-01
1.497203e-01
1.618454e-01
1.544921e-01
1.383363e-01
1.489359e-01
1.678123e-01
1.444309e-01
1.518609e-01
1.512159e-01
1.503855e-01
1.428679e-01
1.691273e-01
1.549377e-01
1.765223e-01
1.493310e-01
1.484305e-01
1.445713e-01
1.643670e-01
1.370722e-01
1.373294e-01
1.476510e-01
1.485524e-01
1.514203e-01
1.469791e-01
1.479295e-01
1.362979e-01
1.553600e-01
1.437130e-01
1.316460e-01
1.446363e-01
1.439386e-01
1.489607e-01
1.427926e-01
1.436682e-01
1.386709e-01
1.520739e-01
1.707488e-01
1.600903e-01
1.528005e-01
1.545572e-01
1.466749e-01
1.482962e-01
