1.069656e-02
1.688239e-02
6.743519e-03
8.897563e-03
1.219169e-02
1.506216e-02
9.522341e-03
8.996102e-03
9.706686e-03
1.355385e-02
1.310391e-02
1.316852e-02
8.898054e-03
1.413404e-02
1.461233e-02
8.727190e-03
1.090831e-02
8.185476e-03
8.812907e-03
8.157757e-03
9.535311e-03
1.090141e-02
1.587935e-02
8.746950e-03
1.097316e-02
8.339518e-03
1.478069e-02
1.081381e-02
1.615523e-02
9.229741e-03
1.476081e-02
1.045748e-02
9.501450e-03
1.023527e-02
1.880696e-02
1.205414e-02
9.627257e-03
1.033231e-02
1.035788e-02
1.006092e-02
8.790270e-03
8.620932e-03
9.302894e-03
1.185094e-02
8.352538e-03
7.071631e-03
1.427433e-02
1.106256e-02
1.025960e-02
1.753099e-02
1.017317e-02
6.528091e-03
1.126959e-02
1.370054e-02
1.099764e-02
1.126084e-02
9.638931e-03
1.277828e-02
8.941584e-03
1.190743e-02
1.425639e-02
8.221868e-03
9.486519e-03
1.636447e-02
