2.641942e-03
3.654450e-03
1.892022e-03
3.036687e-03
2.623916e-03
2.828600e-03
2.611850e-03
3.422185e-03
4.623590e-03
3.491810e-03
2.606231e-03
2.951401e-03
2.222273e-03
3.242142e-03
4.378788e-03
2.407670e-03
2.139029e-03
2.621602e-03
2.270491e-03
2.367819e-03
2.580913e-03
1.856976e-03
2.773330e-03
2.506316e-03
1.066888e-03
1.350409e-03
1.521157e-03
1.724600e-03
1.886494e-03
1.827375e-03
2.153012e-03
3.396720e-03
1.476186e-03
1.818026e-03
2.608280e-03
9.800234e-04
1.300434e-03
1.735303e-03
1.211153e-03
1.849718e-03
2.465551e-03
2.024806e-03
2.145053e-03
1.471000e-03
2.354236e-03
2.289752e-03
2.079744e-03
2.235672e-03
3.465239e-03
3.191516e-03
2.740048e-03
4.020893e-03
3.239224e-03
3.023080e-03
3.052610e-03
3.707763e-03
3.697480e-03
3.148367e-03
4.883158e-03
2.243621e-03
4.693761e-03
3.172219e-03
4.297318e-03
3.565673e-03
