2.351586e-01
2.209690e-01
3.873736e-01
2.986866e-01
4.180046e-01
2.433103e-01
3.744915e-01
4.214282e-01
2.613081e-01
3.006792e-01
3.770580e-01
4.155923e-01
4.308943e-01
3.396349e-01
3.923791e-01
3.426850e-01
2.039452e-01
2.301721e-01
1.764352e-01
1.257659e-01
1.882216e-01
1.884185e-01
1.682952e-01
1.456893e-01
2.301820e-01
2.248532e-01
2.490053e-01
2.361024e-01
2.102305e-01
1.712912e-01
1.090932e-01
1.989511e-01
1.532995e-01
2.344461e-01
2.332221e-01
2.401719e-01
2.004324e-01
2.357758e-01
1.874117e-01
2.399033e-01
2.010982e-01
2.086386e-01
2.046226e-01
2.813189e-01
2.981041e-01
2.138939e-01
2.335120e-01
1.370979e-01
2.807419e-01
2.367423e-01
3.187616e-01
3.316334e-01
3.150333e-01
3.410392e-01
3.200100e-01
2.930138e-01
2.835187e-01
3.386919e-01
2.404869e-01
5.387771e-01
5.481528e-01
4.215928e-01
2.801645e-01
2.875396e-01
