3.598099e+00
3.432260e+00
3.977368e+00
3.786281e+00
4.233528e+00
3.898740e+00
3.709144e+00
3.755803e+00
2.643450e+00
3.941548e+00
2.986872e+00
3.048394e+00
3.205359e+00
4.007134e+00
3.518273e+00
3.458961e+00
2.737848e+00
3.463533e+00
3.005464e+00
4.070891e+00
3.274929e+00
3.015588e+00
3.901351e+00
2.759807e+00
2.827487e+00
3.607861e+00
2.094899e+00
3.575099e+00
2.674131e+00
3.706281e+00
4.009816e+00
3.079803e+00
3.095518e+00
3.432536e+00
3.263003e+00
2.991155e+00
3.402214e+00
2.327583e+00
2.626594e+00
3.576812e+00
4.133898e+00
2.824358e+00
3.656615e+00
3.576850e+00
3.148372e+00
2.373466e+00
3.379051e+00
2.960142e+00
3.216600e+00
3.564178e+00
2.888694e+00
3.068496e+00
2.403606e+00
3.142174e+00
3.225209e+00
2.290579e+00
3.443293e+00
3.832355e+00
3.753333e+00
4.133072e+00
3.420779e+00
3.083002e+00
3.034439e+00
2.952452e+00
