-3.896853e-03
-3.745159e-03
-1.502358e-03
-7.416568e-03
-2.425186e-03
-2.572892e-04
7.999899e-03
-6.396947e-03
-2.669008e-03
2.882095e-03
3.259805e-03
-2.086679e-03
-5.161240e-04
5.006620e-03
-5.270818e-03
3.945772e-03
-3.264233e-03
-7.503927e-03
-1.010389e-03
1.909861e-03
1.731146e-04
-8.968154e-03
6.259101e-03
1.770554e-03
1.014745e-02
-1.512240e-03
6.185327e-03
-1.508485e-03
-3.229840e-03
5.978565e-05
-1.458795e-02
-6.466114e-03
1.160722e-02
-1.461688e-05
8.981096e-04
-6.854962e-03
-5.624803e-03
4.626045e-03
1.326406e-03
2.920602e-03
-3.491623e-03
-3.490120e-04
2.074411e-04
-3.490349e-04
-6.745044e-03
7.189808e-03
-1.039674e-04
-7.266309e-03
8.258205e-03
-3.482156e-03
-3.057581e-03
8.346002e-04
-2.449127e-03
3.403990e-03
-5.668551e-04
5.009629e-03
3.234441e-03
-5.048873e-03
6.717207e-03
6.722861e-03
-1.033955e-02
-3.697780e-03
8.721129e-03
1.301113e-09
