5.977874e-03
1.211056e-02
-1.895300e-02
3.063612e-02
-2.448251e-03
1.812057e-02
3.229982e-03
-1.082523e-03
5.599754e-03
1.443781e-02
1.427981e-03
-1.745545e-02
-2.252465e-04
1.858168e-02
1.868352e-02
3.711842e-03
-8.679607e-03
-8.455738e-03
9.634053e-03
9.911944e-03
-3.262973e-04
8.001052e-03
1.563760e-02
1.219615e-02
7.442966e-03
-5.072958e-03
1.178013e-02
-6.572629e-03
-7.360579e-03
1.856995e-03
2.336456e-02
-4.722111e-03
1.719081e-03
3.051427e-03
6.712585e-03
8.918933e-04
-3.870580e-03
-8.067274e-03
2.580816e-02
-4.385986e-03
9.681130e-03
8.875967e-03
1.117085e-02
-1.005989e-02
-3.824834e-04
-9.491277e-05
9.875887e-05
1.078269e-02
-4.229889e-03
1.410244e-02
2.658343e-02
6.769511e-03
2.773073e-02
7.438539e-04
1.891213e-02
2.111750e-02
1.932696e-02
9.916150e-03
1.507995e-02
-9.356466e-03
-6.694557e-03
8.944220e-03
2.125850e-02
1.095466e-02
