1.021789e-03
2.209121e-03
2.682728e-03
4.079970e-03
2.138169e-03
3.669784e-03
2.673818e-03
4.465020e-03
3.483289e-03
3.956427e-03
2.282152e-03
4.015774e-03
2.086815e-03
2.973875e-03
4.674322e-03
3.349714e-03
1.878169e-03
1.416869e-03
2.511199e-03
2.251886e-03
1.544428e-03
2.368799e-03
2.261897e-03
3.407070e-03
5.192123e-04
2.799278e-04
1.009565e-03
3.870210e-04
2.121849e-03
2.017877e-03
3.185405e-03
1.893014e-03
3.728501e-03
1.509108e-03
2.109434e-03
5.725508e-04
5.114239e-03
1.824050e-03
3.928965e-03
6.615254e-04
1.403339e-03
2.515580e-03
8.272367e-04
2.051659e-03
1.138192e-03
3.829883e-03
1.249276e-03
5.358377e-03
4.319789e-03
5.774474e-03
3.205820e-03
4.020327e-03
3.192985e-03
6.426580e-03
2.777888e-03
3.859259e-03
4.240935e-03
2.626203e-03
4.158306e-03
2.547040e-03
1.507317e-03
5.143991e-03
4.385899e-03
2.653700e-03
