1.594129e-04
1.184901e-04
5.655900e-04
4.447256e-04
6.076143e-04
2.071775e-04
2.674136e-04
1.122485e-04
2.395300e-04
8.914136e-05
1.209963e-04
2.232539e-04
3.157799e-04
1.163715e-04
1.838945e-04
2.055667e-04
1.929065e-04
2.369531e-04
6.615752e-05
3.560766e-04
6.631649e-05
6.491434e-04
1.524701e-04
1.004067e-04
5.287451e-04
2.274755e-04
1.329931e-04
2.070473e-04
2.276918e-04
5.852747e-05
2.702828e-04
2.986446e-04
5.035688e-05
3.177982e-04
7.602846e-05
3.237569e-04
1.615996e-04
3.479341e-04
7.190830e-05
3.907192e-04
1.536945e-04
9.551366e-05
2.316839e-04
2.350320e-04
2.077135e-04
1.048608e-04
6.310319e-05
2.071271e-04
2.476413e-04
1.950349e-04
3.560665e-04
3.277766e-04
4.291451e-05
2.104579e-04
2.573283e-04
2.339123e-04
4.683378e-04
1.597638e-04
3.074125e-04
2.386334e-04
1.906531e-04
3.285522e-05
1.407841e-04
1.430121e-04
