-7.568904e-03
-7.833933e-04
6.112911e-03
4.496474e-02
-7.698261e-02
-2.679866e-02
-1.984735e-02
3.407156e-02
1.530628e-02
1.452392e-03
-3.160466e-03
1.280583e-03
2.826247e-03
-5.669543e-03
3.814398e-04
-7.147613e-04
1.186544e-02
-4.024235e-03
-3.732617e-04
-2.399059e-02
2.904271e-03
3.077064e-03
-3.929095e-02
2.130627e-03
3.155801e-02
3.171190e-02
5.191563e-03
6.878322e-03
4.887980e-02
4.070383e-02
-4.097854e-02
2.157009e-02
-1.371971e-02
-7.040255e-02
-5.061750e-02
-5.830013e-02
-2.324154e-03
-5.470919e-03
-8.117334e-03
9.435345e-05
-6.079347e-04
-3.795695e-03
-3.140833e-03
3.077324e-03
4.441490e-03
-4.199209e-04
2.321718e-02
2.859917e-02
-2.475713e-02
4.589365e-02
-1.045079e-02
-1.643620e-03
-6.992536e-03
6.173837e-03
4.097051e-03
6.169564e-03
1.942530e-02
-4.107958e-03
-7.696738e-03
3.900751e-03
-5.202719e-03
-4.211136e-04
-6.544101e-03
-9.326879e-03
-6.777608e-03
-1.034858e-02
-7.487267e-03
-1.475985e-02
-5.770847e-03
-6.328851e-03
-6.609830e-03
-1.114885e-02
1.587204e-03
7.178416e-04
-1.081889e-03
3.974069e-03
2.882274e-03
1.795834e-03
3.384078e-03
-3.089653e-04
-1.522108e-03
-2.428837e-03
-4.455364e-03
-1.506703e-03
-1.107645e-03
-2.362344e-03
-7.813590e-04
2.286060e-03
4.709056e-03
4.107517e-03
3.054654e-03
1.354936e-03
3.711210e-03
2.712196e-04
-5.132065e-04
1.296135e-03
5.928159e-04
1.985274e-03
3.641331e-03
2.418305e-03
-5.701739e-02
1.624989e-02
-1.046410e-03
-1.174989e-01
-2.758552e-02
2.749168e-02
4.170141e-02
-2.896631e-02
9.051294e-03
-3.411234e-02
-1.287122e-02
-2.057678e-02
-3.469721e-02
-2.663010e-02
-2.271908e-02
5.187951e-02
-3.786841e-02
2.037116e-03
-2.170283e-03
8.703354e-04
-1.440708e-04
-3.452569e-03
-9.280486e-04
-1.861582e-03
3.062988e-03
2.866712e-03
-1.078450e-02
3.419198e-03
-2.954358e-02
-4.939224e-03
1.871061e-02
-5.359371e-03
-1.771743e-03
-3.058326e-02
6.968628e-03
-6.756878e-03
-6.006588e-03
3.851569e-03
7.021883e-03
1.305067e-02
-8.265752e-04
-2.826128e-03
1.900155e-02
1.021123e-02
2.885153e-10
-5.699541e-11
1.122228e-10
6.444280e-11
9.521991e-11
1.966153e-10
1.915984e-10
4.235994e-10
-4.273464e-10
1.370668e-11
3.347967e-11
7.407854e-11
4.638651e-11
2.177420e-11
-2.602937e-11
3.818376e-12
3.369065e-11
1.800722e-11
3.031696e-10
3.627510e-10
4.299645e-10
3.652840e-10
6.714868e-10
4.268659e-10
1.626860e-10
3.273977e-10
-1.456273e-10
-7.206801e-10
-9.488453e-10
-9.286877e-10
-5.402416e-10
-8.418832e-10
-9.029555e-10
-4.737898e-10
-9.184322e-10
-1.079011e-09
-4.151658e-11
-6.445014e-11
-8.809930e-11
4.759549e-11
2.429185e-11
-7.199849e-11
-5.650777e-12
-1.124552e-10
-4.192320e-11
-1.769968e-10
-1.835536e-10
-1.327116e-10
-1.838613e-10
-1.971717e-10
-1.996552e-10
-1.627966e-10
-1.937518e-10
-2.071511e-11
-8.095888e-12
-2.628274e-11
-2.616542e-12
4.019513e-11
2.929306e-11
2.261400e-11
7.261158e-11
6.906769e-11
7.931301e-11
-6.886409e-12
5.717041e-11
4.993772e-11
-2.515057e-11
-5.847042e-11
3.098929e-12
-9.437455e-11
-1.037161e-10
-8.208581e-11
1.812188e-11
-5.801224e-11
-2.577265e-11
-3.263917e-11
-3.932890e-11
-4.203957e-12
-1.391088e-11
2.359656e-11
-2.018024e-11
3.020421e-11
-7.013625e-11
-1.705210e-11
-1.087857e-11
-1.831340e-11
-7.352263e-11
1.523078e-11
5.373963e-11
-5.261418e-11
5.746674e-11
-5.730226e-12
1.015539e-10
-4.285257e-11
6.398890e-11
9.259524e-11
-3.034280e-11
3.262951e-11
1.955201e-11
-8.057496e-10
-3.437972e-10
-8.236397e-10
1.035405e-10
1.335950e-09
6.742992e-10
-5.394658e-11
9.576455e-10
4.515120e-10
1.022128e-10
1.115668e-10
2.509319e-10
-4.105591e-10
-5.559070e-10
-2.475215e-10
-6.239587e-10
-6.966248e-10
-3.612433e-10
1.027846e-11
-9.954865e-11
-8.905467e-11
3.681150e-12
-1.087937e-10
-3.564443e-11
-1.628446e-10
-7.517347e-11
-1.154140e-10
-6.310126e-10
-5.090922e-10
-3.246865e-10
-6.832943e-10
-6.267667e-10
-4.890614e-10
-5.743594e-10
-3.751098e-10
-4.274861e-10
1.651893e-11
3.835808e-11
6.343719e-11
-3.978488e-11
-3.666629e-11
-6.459616e-12
-4.666304e-11
-8.683575e-11
-7.241809e-11
-2.072681e-10
-2.327363e-10
-1.201907e-10
-1.755781e-10
-1.738148e-10
-1.389434e-10
-1.840963e-10
-1.313483e-10
-1.018619e-10
-2.152837e-10
-1.730957e-10
-1.108776e-10
-1.772926e-10
-4.605579e-11
-4.177100e-11
-1.743206e-10
-6.435090e-11
-2.987208e-11
-2.622748e-10
-2.012960e-10
-1.373187e-10
-1.770943e-10
-1.965265e-10
-2.192591e-10
-1.848907e-10
-1.313212e-10
-1.652283e-10
2.357292e-10
2.913663e-10
2.956009e-10
2.666297e-10
4.025112e-10
3.123891e-10
3.870858e-10
3.709986e-10
3.091511e-10
2.752427e-10
4.375764e-10
3.772664e-10
3.388044e-10
5.011763e-10
3.366263e-10
4.357367e-10
4.351391e-10
3.815303e-10
-1.222490e-10
-1.544865e-10
-5.220648e-11
-1.640027e-10
-1.715418e-10
-4.126013e-11
-1.732860e-10
-9.508971e-11
-1.073736e-10
1.748959e-10
1.517492e-10
1.154632e-10
1.762578e-10
1.134442e-10
2.280466e-10
1.291145e-10
2.336234e-10
2.703595e-10
-1.136969e-10
-5.595399e-11
-1.321528e-10
-7.784547e-11
-7.611762e-11
-9.579582e-11
-7.565021e-11
1.029150e-11
-2.145439e-11
3.193878e-10
3.668937e-10
3.569526e-10
3.931918e-10
3.270594e-10
3.245392e-10
3.828373e-10
4.040313e-10
3.053605e-10
2.637915e-10
3.079796e-10
3.422649e-10
2.966896e-10
2.179676e-10
2.898428e-10
3.076847e-10
3.229632e-10
2.667610e-10
-1.692310e-10
-1.503769e-10
-1.545300e-10
-1.495283e-10
-1.908050e-10
-2.138085e-10
-1.802131e-10
-1.493738e-10
-1.515592e-10
-1.728284e-10
-1.305644e-10
-2.173393e-10
-1.008228e-10
-1.932332e-10
-1.343082e-10
-2.188340e-10
-1.084557e-10
-2.246624e-10
3.559851e-10
3.979576e-10
2.716690e-10
4.097963e-10
4.620782e-10
3.398721e-10
3.709810e-10
4.604606e-10
3.944280e-10
-2.489905e-11
-7.849767e-11
-4.199784e-11
-2.550019e-11
-6.321377e-11
-6.212170e-11
8.130659e-11
-3.175937e-11
-3.749984e-11
3.342277e-10
3.677568e-10
4.482122e-10
3.591278e-10
4.041956e-10
3.696964e-10
3.505882e-10
3.823769e-10
4.677297e-10
2.794332e-10
2.452916e-10
2.032856e-10
3.443853e-10
3.290072e-10
2.618743e-10
3.128040e-10
3.439026e-10
2.921207e-10
-2.933844e-02
6.981362e-02
7.954785e-04
6.164117e-02
-1.313820e-01
-5.277542e-03
2.535098e-02
-9.746241e-03
1.490143e-02
-5.005027e-03
5.960387e-03
-1.661919e-03
4.532276e-03
-8.566624e-03
6.731226e-03
6.684929e-04
3.790698e-03
1.113579e-02
7.440673e-03
7.392760e-03
-1.403945e-02
-2.002881e-02
-6.108951e-02
1.071540e-02
1.046192e-02
-1.342053e-02
8.917216e-03
-3.886227e-02
-7.364109e-02
-1.944641e-02
7.615890e-03
3.818580e-02
-1.113624e-02
-3.548956e-03
4.793662e-02
2.119218e-02
2.345092e-03
1.247744e-03
4.937874e-03
4.684374e-03
7.980567e-04
2.311035e-03
5.718150e-03
-5.872520e-04
1.897003e-03
-4.206980e-03
-4.534481e-02
3.969371e-02
-2.319909e-02
9.621944e-02
-7.744695e-03
-5.223083e-02
-2.357492e-02
-1.262544e-03
3.208064e-04
-2.438175e-03
-6.133661e-05
4.526276e-03
-8.907750e-03
-2.543274e-03
1.556112e-02
9.183498e-03
1.697115e-02
-6.555123e-03
5.926037e-03
-8.208428e-03
5.297570e-03
-3.882263e-03
1.081746e-02
5.083484e-03
4.718327e-03
5.247248e-03
-2.973504e-03
3.812118e-04
-2.292071e-03
-3.739460e-03
2.075461e-03
1.819495e-03
-5.658200e-03
1.248658e-05
-1.184559e-03
1.337907e-03
1.164534e-04
3.138076e-03
9.954688e-04
-2.997183e-03
7.013948e-04
3.327480e-03
-1.152657e-05
4.094418e-03
5.021599e-03
1.861541e-03
4.824892e-03
3.402503e-03
-3.608616e-04
4.822415e-04
3.985357e-03
1.916315e-05
2.812218e-03
4.316549e-02
2.993434e-03
-5.135108e-03
4.435249e-02
-1.005209e-01
5.661028e-02
-3.863413e-02
-7.217727e-03
-2.992610e-03
4.254958e-02
-1.366371e-02
6.143622e-03
-1.011564e-03
-8.992946e-02
5.632491e-02
1.045346e-02
7.555189e-02
-2.157574e-02
6.701271e-03
2.647940e-03
5.382498e-03
2.697266e-03
-4.677815e-03
6.623946e-04
3.673360e-03
-5.107812e-03
-1.501458e-03
-1.721534e-02
-5.736052e-03
-7.621674e-04
-1.558779e-02
3.114065e-02
-2.769949e-02
-9.086039e-03
-1.375108e-02
-1.964341e-02
-1.233143e-02
-2.311410e-02
6.161153e-04
6.196456e-03
2.684571e-03
-2.142330e-03
6.159949e-03
1.184564e-02
1.844917e-02
3.544853e-03
5.478080e-03
7.470941e-03
1.572462e-02
-5.953864e-02
-4.125462e-02
-2.593510e-02
1.066898e-02
6.787329e-03
-5.815282e-03
2.470848e-04
3.027282e-03
-4.918861e-03
4.767035e-04
4.431380e-03
-9.701250e-05
5.244370e-03
-1.114363e-03
-3.244452e-02
-1.915919e-04
2.891695e-02
-3.779720e-02
-1.170610e-02
3.525666e-02
-7.024000e-03
2.409187e-02
3.242538e-02
9.685302e-02
1.991065e-02
-6.631628e-03
9.506816e-02
3.561807e-03
-7.095115e-02
8.033288e-03
-4.282093e-02
-4.960179e-02
8.898244e-04
1.578919e-03
6.879946e-03
1.638310e-03
1.611218e-03
5.018829e-03
7.155262e-03
7.753473e-03
5.369662e-03
4.824635e-02
-3.091677e-02
-7.014341e-02
3.444858e-02
4.084686e-02
-1.592595e-02
2.084912e-03
-4.779979e-03
1.662506e-02
1.299714e-02
1.000535e-02
8.300221e-03
3.455389e-03
-9.565888e-04
-6.811936e-03
3.436334e-03
-1.113961e-03
-1.172050e-02
-4.057175e-03
-1.215039e-03
-2.096890e-03
-3.862947e-03
-5.611437e-03
5.331677e-04
-2.881161e-03
-1.898389e-03
6.459281e-04
-4.302912e-03
1.043726e-03
5.095643e-04
8.723556e-04
3.447473e-03
1.506963e-03
-7.724051e-04
-6.064390e-04
-1.660341e-03
-3.851140e-03
-1.993595e-03
3.132451e-03
-4.250060e-03
-1.168218e-03
4.620587e-03
2.824202e-03
2.920598e-03
3.736502e-03
3.979547e-03
-1.818377e-04
-1.498681e-04
-3.744032e-06
-1.212914e-03
5.111507e-04
3.054683e-03
1.328196e-03
1.408165e-03
9.587551e-03
-4.559246e-02
-5.943782e-02
-1.610092e-02
-5.678130e-03
9.686565e-02
-4.793222e-02
5.400090e-02
1.117236e-01
-4.164350e-02
2.123924e-03
4.133776e-02
-9.224382e-03
-5.049380e-02
-5.699513e-03
-1.577161e-02
8.736927e-03
-6.158514e-03
2.155015e-03
-6.908552e-04
-9.127711e-04
-3.119305e-03
-3.166225e-03
-1.721788e-03
9.979643e-04
3.103212e-03
7.722807e-04
-3.368090e-03
-3.555686e-03
-9.697917e-04
-2.136619e-03
5.290418e-03
9.406694e-04
1.675021e-03
-1.561981e-02
2.225397e-03
-2.366306e-02
-1.468628e-02
5.834901e-03
-3.490002e-03
-2.236954e-03
-3.302076e-03
5.507897e-03
-1.708789e-03
-2.243053e-02
-7.972134e-03
-2.163478e-02
2.451118e-02
-7.922643e-02
-4.592450e-02
3.969309e-02
2.160533e-03
-2.858241e-03
1.728820e-02
-3.000977e-03
8.411320e-03
1.503616e-02
-3.467182e-03
8.112090e-03
1.117415e-02
4.131022e-03
-2.645690e-03
-1.928536e-03
-1.805505e-02
4.179191e-02
6.141515e-02
-4.795095e-02
4.701750e-02
8.422220e-02
-1.872344e-02
-8.279026e-03
-3.126994e-03
-2.848195e-02
5.884255e-03
-8.727725e-03
-6.788103e-03
-1.873269e-02
-4.010054e-02
4.802529e-03
-3.939763e-03
-2.816874e-03
-4.904666e-03
-9.224521e-03
-3.351324e-03
-3.156590e-03
-8.701248e-03
-5.937473e-03
1.217366e-03
-4.237469e-03
-1.023585e-02
-6.546050e-03
5.045520e-03
1.583903e-02
1.231629e-02
-2.585582e-02
-2.117423e-02
-7.413233e-03
-9.821841e-04
2.949455e-02
-1.438654e-02
1.088726e-02
2.921370e-02
-1.787063e-02
1.064989e-02
3.128051e-02
-6.408756e-03
-4.321477e-03
5.461476e-03
-7.719455e-04
1.229396e-03
2.377835e-04
-9.264067e-03
4.915411e-03
7.101677e-03
-7.234651e-03
-3.776235e-05
6.417109e-03
6.829198e-03
3.623850e-03
-5.541459e-03
8.646508e-03
3.742829e-03
-7.452557e-03
5.534201e-03
3.360673e-03
-2.050385e-03
-6.488394e-03
1.847986e-04
7.845947e-03
-6.629695e-03
-1.221124e-03
5.472320e-03
-3.633414e-03
-3.478659e-03
-2.432996e-03
-5.097706e-03
-2.005237e-03
4.124713e-03
-3.952342e-03
-6.695280e-04
4.815252e-03
-2.941919e-03
-1.565934e-03
7.871901e-04
1.202530e-02
2.276756e-02
-8.898358e-03
-3.248527e-02
-2.611510e-02
4.909285e-03
3.979526e-03
-2.740547e-02
-1.521159e-03
-2.185128e-02
2.975189e-02
-1.370848e-02
-2.839879e-02
1.387808e-02
2.816073e-02
2.517753e-02
-3.549656e-02
-6.209173e-02
-5.659913e-03
-8.217336e-03
-3.072217e-04
-6.044524e-03
-4.706490e-03
3.805353e-03
-1.300214e-03
-4.303998e-03
-3.033498e-03
3.217663e-02
-1.578157e-02
-3.697980e-02
3.797470e-02
-1.051742e-02
-4.989026e-02
8.671908e-03
2.346147e-02
1.232120e-02
-1.406749e-02
-5.468538e-03
1.624701e-02
3.385368e-03
-2.461399e-02
-2.107310e-02
2.108898e-02
-1.305983e-02
-4.204623e-02
1.951430e-02
4.220513e-02
-7.186454e-03
5.121094e-02
9.102166e-02
-1.831094e-02
2.662020e-02
-1.617493e-02
-2.914523e-02
7.974451e-03
5.772320e-03
-3.810566e-03
3.422456e-03
6.714583e-04
-5.834463e-03
-1.836115e-03
-1.847833e-03
3.165122e-03
3.789456e-02
1.825448e-02
-3.061814e-03
4.537676e-02
2.512047e-02
6.071130e-03
-1.244287e-02
-1.625486e-02
-1.026046e-02
2.355827e-02
1.856663e-02
8.853658e-03
-1.513194e-02
-1.729746e-02
1.315930e-03
-8.779361e-03
2.261208e-03
1.534743e-02
8.318826e-04
2.714556e-03
2.112841e-04
-8.409871e-04
1.343719e-03
-9.070095e-04
-3.337389e-03
-2.593808e-03
-1.542416e-03
-1.364100e-02
-1.021710e-02
3.723670e-03
-2.062797e-02
-2.168852e-02
1.210861e-02
9.179258e-03
2.742847e-02
1.292285e-02
2.705780e-02
1.508354e-02
1.287006e-03
2.014621e-02
1.122848e-02
-1.849026e-04
-9.282680e-04
-2.365010e-03
-3.492273e-03
1.216133e-03
3.080218e-04
4.177288e-04
6.625641e-03
4.074971e-03
-2.345814e-03
4.153136e-03
-1.768467e-03
-2.827435e-03
-8.279465e-03
-7.113175e-03
-4.128225e-03
-7.780137e-03
-6.189984e-03
-2.631125e-03
-1.644724e-03
8.284283e-04
7.058930e-04
8.003266e-03
5.698674e-03
3.969277e-03
3.705559e-03
2.183817e-03
1.216670e-03
-1.975236e-04
9.803343e-05
1.456111e-03
6.097748e-03
5.111867e-03
4.375342e-03
4.320570e-03
2.977627e-03
2.719101e-03
1.521609e-03
-4.009989e-05
1.445025e-03
-4.891141e-03
3.072933e-02
-4.781689e-03
-4.240745e-03
1.849132e-02
9.291701e-03
8.018222e-03
-1.247667e-02
5.180188e-02
-4.983511e-03
1.501501e-03
-3.390143e-02
3.109952e-02
1.281701e-02
2.393237e-02
-5.992496e-02
-5.325701e-02
1.213741e-02
3.404900e-03
5.427293e-03
3.560218e-04
6.809951e-03
6.956429e-03
2.496339e-03
-9.297700e-04
-2.535547e-03
-1.958100e-03
-1.449657e-02
-3.983305e-03
2.360456e-02
-1.551956e-02
-4.537828e-03
1.164028e-02
3.166652e-02
2.895179e-02
1.487815e-02
2.625101e-02
2.340371e-02
8.920920e-03
-1.444088e-02
-3.094584e-03
3.135907e-06
-1.823849e-02
4.883598e-03
1.820714e-02
-7.220990e-11
-6.710298e-11
-6.861762e-11
-2.450840e-11
-6.457047e-11
-1.091160e-10
-4.955297e-11
-9.590121e-11
-1.429559e-10
-5.430134e-11
4.861266e-11
3.914155e-11
-4.700928e-11
4.305867e-11
2.664816e-11
-1.316172e-12
1.140847e-10
3.613947e-11
-4.881999e-11
-2.420172e-11
-7.241881e-11
-1.756561e-11
-6.092627e-11
-8.820458e-12
-1.152182e-10
-9.565816e-11
-8.762004e-11
6.652380e-11
1.079345e-10
9.704142e-11
1.321106e-10
7.456340e-11
5.002546e-11
5.688627e-11
1.097154e-10
1.434335e-11
-1.128870e-10
-7.439629e-11
-8.867506e-11
1.787498e-11
-6.601197e-11
-2.926329e-11
-1.648363e-11
-4.169422e-12
-3.649398e-11
4.694464e-11
-1.482712e-11
-3.640347e-11
-9.455395e-11
-1.970069e-11
-2.753085e-11
-9.484299e-11
-6.331539e-11
-4.370912e-11
-1.382290e-11
-2.892996e-12
3.677465e-11
-4.283240e-12
1.177218e-11
-7.877712e-12
1.034282e-10
1.689421e-11
4.421663e-11
-1.374190e-10
-6.021046e-11
-1.185599e-10
-1.023686e-10
-1.050591e-10
-1.142129e-10
-7.192686e-11
-7.826044e-11
4.624043e-11
6.356146e-13
8.118674e-11
9.204455e-11
2.790809e-11
1.660182e-11
-9.743941e-12
2.181776e-11
3.695493e-11
7.537079e-12
-3.018877e-11
-7.296173e-12
2.034774e-11
-6.702025e-11
-8.882021e-11
5.770098e-11
-1.139818e-11
-3.436317e-11
-5.157761e-11
-3.020081e-11
-2.039632e-11
3.561872e-11
-3.138241e-11
3.708196e-11
3.057476e-11
-7.820725e-11
7.298405e-11
6.613368e-11
-2.652576e-10
-1.524400e-10
-1.351603e-10
-8.324869e-11
-9.658430e-11
-7.901047e-11
-1.714639e-10
-2.096112e-10
-1.719128e-10
3.213370e-11
8.900940e-11
6.979154e-11
1.674090e-10
1.022756e-10
8.964700e-11
1.343835e-10
5.157726e-11
5.655880e-11
-9.649153e-11
-1.546711e-11
-2.515830e-11
-9.084434e-11
-7.392384e-11
-1.237175e-10
-9.308841e-11
-9.395953e-11
-6.304365e-11
-6.565428e-11
-1.263910e-10
-7.586845e-11
-8.364903e-11
-7.277780e-11
-6.848920e-11
-1.053349e-10
-6.448986e-11
-3.126480e-11
2.750697e-11
2.216110e-11
-4.575547e-11
-2.889207e-11
-5.743515e-11
-2.346207e-11
6.113059e-12
-7.395610e-12
-4.207228e-11
-2.792747e-03
-8.468019e-05
5.750154e-03
-1.092601e-01
1.715985e-01
-2.844873e-02
-3.109527e-02
2.653866e-02
6.239614e-03
-1.191164e-02
1.486547e-02
-6.620934e-03
-1.421113e-02
2.630210e-02
-1.270640e-02
-5.304881e-03
1.062048e-02
-6.314919e-03
-4.254802e-02
3.336710e-02
-2.761475e-02
-1.369454e-02
9.443695e-02
-2.650686e-03
-1.310608e-02
4.147782e-02
-3.335587e-03
2.737441e-02
4.475208e-02
1.540804e-02
3.836789e-02
-3.395161e-02
1.488592e-02
-1.959398e-02
-4.888965e-02
1.629326e-02
1.498016e-03
1.444960e-03
3.829336e-03
-3.659995e-03
-4.189432e-04
1.023636e-03
-4.451982e-03
-3.835472e-04
-3.296620e-03
1.782385e-02
4.150745e-02
1.390602e-02
3.566898e-02
-1.275870e-01
7.521363e-02
-3.068406e-02
-1.770997e-02
2.768510e-02
-1.633730e-02
1.972018e-02
-6.845802e-03
9.661824e-05
3.565424e-02
9.323160e-03
-8.665724e-03
2.441894e-02
2.369565e-03
-1.963594e-04
-7.928462e-04
6.903174e-03
-4.050002e-03
1.375826e-02
-1.497188e-03
1.744037e-03
3.972365e-03
4.252241e-03
2.953595e-03
1.422926e-03
-2.315257e-03
-2.184189e-03
-3.610624e-03
-9.125136e-03
1.185840e-04
-3.012267e-03
-7.007955e-03
-6.893689e-04
2.047431e-03
3.294514e-03
4.019662e-04
4.371779e-03
4.683467e-03
1.301044e-03
4.052837e-03
2.215177e-03
-1.795749e-03
-3.345723e-04
-5.386138e-04
1.178142e-03
1.645313e-03
2.909410e-03
2.332997e-03
2.792187e-03
3.585496e-03
6.317120e-02
-2.875301e-02
2.581209e-02
-4.607953e-02
4.426308e-02
-8.129024e-03
1.425154e-02
-5.054103e-02
8.587380e-02
-7.125898e-03
1.522799e-02
1.225146e-02
2.889040e-02
7.276903e-02
4.693690e-03
-1.375174e-02
-8.070847e-02
1.099562e-03
-1.093022e-02
-2.057076e-04
-7.667910e-03
-3.020671e-03
6.312772e-03
-9.210620e-04
-3.786324e-03
4.202099e-03
-1.195302e-03
3.345765e-02
-3.908689e-02
2.326628e-02
1.679816e-02
-6.631394e-02
1.115898e-02
3.706111e-02
-2.421474e-03
2.301580e-02
3.409765e-02
2.361903e-02
2.543933e-02
-4.819783e-03
-1.235783e-03
4.429828e-03
-1.165621e-02
-8.945891e-03
-1.343666e-02
3.574885e-02
-2.974446e-03
-1.233001e-02
-7.193489e-02
-3.578636e-02
2.014647e-03
1.683843e-02
-5.871480e-03
2.960834e-02
-8.880185e-03
2.505572e-03
1.013252e-03
-1.027107e-02
5.091571e-03
3.785077e-03
-2.155370e-03
2.137132e-03
6.998718e-03
-9.995777e-03
1.298676e-02
2.015011e-03
-3.988214e-02
1.932498e-02
4.131348e-02
-1.926558e-03
1.637545e-02
1.812387e-02
-5.056027e-02
-4.144627e-03
9.349433e-02
-4.592197e-02
-2.377343e-02
7.885080e-02
2.200387e-02
-4.784348e-03
3.393148e-02
3.431534e-03
-3.011923e-04
-3.171948e-03
1.205075e-03
-6.049869e-04
-8.893217e-04
1.083999e-03
-2.478143e-03
-2.765274e-03
-3.650413e-02
-3.719770e-04
3.648781e-02
4.504654e-02
-1.791219e-02
-1.855263e-02
3.432306e-02
1.402600e-02
-7.710413e-03
-2.735182e-02
1.524353e-03
1.671494e-02
-4.137845e-02
-4.711466e-03
2.597007e-02
-2.998694e-02
-4.502203e-03
1.823843e-02
1.134642e-02
5.676617e-03
2.213674e-03
-6.723721e-04
4.152762e-03
4.777868e-03
1.312526e-03
1.119023e-03
4.864760e-03
4.120667e-03
1.847994e-03
-2.633570e-03
6.856313e-03
4.561285e-03
-4.182925e-03
5.495089e-03
3.727043e-03
-3.133566e-03
-2.659305e-04
1.183927e-03
3.663653e-03
-5.828287e-04
1.915771e-03
5.024810e-03
-3.961838e-04
2.454153e-03
5.935405e-03
-5.967496e-03
-2.191929e-03
3.263513e-03
-4.751278e-03
-1.480093e-03
3.282988e-03
-4.489396e-03
-2.598136e-04
4.982811e-03
-2.335251e-02
-1.155950e-02
2.753235e-02
1.083722e-01
1.939768e-02
-7.839166e-02
1.334116e-01
-1.346807e-02
-6.276702e-02
3.625923e-02
9.459518e-03
-8.417163e-03
-3.783944e-02
4.018734e-02
9.330873e-02
3.304165e-02
-1.841174e-02
-2.519557e-02
-3.684956e-03
-1.553133e-03
-2.428930e-03
-5.524252e-03
-1.678865e-03
2.010447e-03
-5.162751e-03
-3.442991e-03
-1.026653e-03
3.796862e-02
9.127049e-03
-3.890428e-03
5.222838e-02
-2.840541e-03
-3.359351e-02
9.803399e-03
6.940134e-03
2.940633e-03
-1.795208e-02
-1.244965e-02
1.281947e-03
-1.611086e-03
-3.268832e-03
-8.590303e-04
4.337378e-03
-3.864051e-03
-8.766190e-03
-9.367150e-11
1.956515e-11
-7.243723e-11
-2.271157e-10
-9.622887e-12
-7.596652e-11
-1.640291e-10
-3.987730e-11
2.944550e-11
4.306443e-11
-4.767503e-11
-1.150391e-10
-6.630543e-11
-9.191056e-11
-1.283520e-10
-1.500401e-12
-1.277205e-10
-1.760811e-10
-3.945102e-11
3.544346e-11
-2.055820e-10
-7.205071e-11
-1.306474e-10
-2.595403e-10
-1.855587e-10
-1.800276e-10
-2.550467e-10
1.909818e-10
1.996294e-10
2.273881e-10
1.977407e-10
2.420885e-10
2.570760e-10
2.651937e-10
2.482168e-10
3.288349e-10
2.108099e-10
2.759735e-10
1.958978e-10
3.192828e-10
3.069990e-10
3.085288e-10
2.767960e-10
3.152940e-10
2.564854e-10
-1.023071e-10
-1.453351e-10
-8.016358e-11
-5.326307e-11
-1.913940e-10
-2.101770e-10
-4.280408e-11
-1.986664e-10
-1.964800e-10
-6.182379e-13
-4.914991e-11
-1.082551e-10
1.387783e-10
-2.904918e-11
-6.700220e-11
1.202240e-10
5.183973e-11
3.546004e-11
-6.849585e-11
8.447501e-12
-4.943038e-11
-1.359021e-10
-3.573724e-11
-1.879897e-10
-1.564845e-10
-1.122537e-10
-1.946132e-10
2.348518e-10
2.373452e-10
2.682415e-10
2.982301e-10
2.421953e-10
3.018698e-10
2.470591e-10
2.578125e-10
3.185039e-10
9.614108e-11
1.609376e-10
2.281593e-10
1.827441e-10
2.517871e-10
2.514742e-10
2.262000e-10
2.655826e-10
2.942919e-10
-1.944273e-11
4.667624e-11
-1.638067e-10
-3.978244e-11
-1.326118e-10
-1.868808e-10
-2.048980e-10
-1.096059e-10
-2.354331e-10
-8.236564e-11
-3.117909e-11
-1.889688e-10
-1.048592e-10
-9.171948e-11
-1.553916e-10
-2.118374e-10
-1.096518e-10
-2.213052e-10
2.453603e-10
2.658598e-10
1.528144e-10
2.274417e-10
2.561608e-10
2.985407e-10
3.594992e-10
3.365409e-10
3.271111e-10
-1.499394e-11
2.296460e-11
-1.186240e-11
-1.109406e-10
1.499854e-11
1.440156e-11
-5.062181e-11
6.866809e-11
4.007108e-11
2.357040e-10
2.838949e-10
2.922542e-10
2.415234e-10
3.713275e-10
4.391563e-10
3.461607e-10
4.400678e-10
3.625591e-10
3.718018e-11
7.475837e-11
1.389768e-10
9.686470e-11
1.575888e-10
1.419792e-10
1.375477e-10
1.434068e-10
9.273613e-11
3.423331e-03
1.011410e-02
-2.718928e-03
-9.529002e-03
6.234063e-03
-1.446559e-02
-6.057392e-03
6.278909e-03
-2.120992e-02
-1.791329e-03
-1.766534e-04
2.606460e-04
-1.157722e-03
1.007214e-03
-6.381242e-05
-1.987493e-04
2.191579e-03
3.377660e-04
-2.329479e-03
1.989946e-03
4.658984e-03
-2.420907e-02
-1.711194e-02
-1.607185e-02
-1.463768e-02
-8.820095e-03
-5.786825e-03
2.029464e-02
3.024897e-02
1.673976e-02
5.143631e-02
5.398741e-02
3.680728e-02
3.554867e-02
3.229866e-02
1.761408e-02
-3.370723e-04
-7.227891e-04
-1.237708e-03
-1.211071e-03
-1.435275e-03
-1.486579e-03
3.292004e-04
-1.641740e-05
9.550442e-05
4.460211e-04
6.162337e-03
1.211511e-02
5.687792e-03
1.010970e-02
1.752339e-02
4.128931e-04
4.650458e-04
5.973505e-03
2.355917e-04
1.841749e-03
1.639915e-03
-1.516695e-03
1.422779e-03
-4.843021e-04
5.137722e-04
2.862685e-03
3.584808e-04
1.906814e-03
2.007585e-03
2.114491e-03
9.036318e-04
1.640091e-03
9.972821e-04
5.299426e-04
1.765409e-03
6.493473e-04
-2.863471e-03
-1.486514e-03
-1.803740e-03
-8.940845e-05
7.495131e-04
1.631594e-04
2.202357e-04
1.213056e-03
5.805684e-04
-5.598092e-04
-9.764915e-04
-1.714122e-04
-1.881437e-03
-2.071149e-03
-1.006931e-03
-9.859299e-04
-1.087908e-03
-2.392029e-05
1.190118e-03
2.071544e-04
1.069990e-03
6.992136e-05
-1.043216e-03
-1.737539e-04
-5.483665e-04
-1.905761e-03
-1.075541e-03
1.861100e-02
1.154415e-02
6.813905e-03
-2.155218e-03
-1.088801e-02
-7.722673e-03
-4.257480e-02
-4.268541e-02
-2.645798e-02
6.320846e-03
1.169786e-02
2.274902e-03
-7.512496e-03
-1.000502e-02
-2.074550e-02
1.829463e-02
1.372080e-02
1.102144e-02
2.445354e-03
1.268826e-03
1.428476e-03
-1.054964e-03
-1.394905e-03
-1.334501e-03
-6.351544e-04
-9.357142e-04
-9.295201e-04
-1.047850e-02
-1.445343e-02
-1.474697e-02
1.248861e-03
-2.088720e-03
-4.755266e-04
-5.461378e-03
-7.708295e-03
-7.050191e-03
-8.336156e-03
-4.696675e-03
-6.359175e-03
-7.385337e-04
-1.113181e-04
-2.029181e-04
6.802245e-03
6.413528e-03
6.907474e-03
-2.261456e-11
-7.101392e-11
3.785027e-11
-2.759763e-11
1.669214e-11
1.107136e-10
-2.556294e-11
-3.111946e-11
-6.197422e-11
-6.502854e-11
2.090271e-12
9.230577e-11
-5.745024e-11
-2.588990e-11
1.467263e-11
-1.675805e-10
-5.506142e-12
-3.435513e-11
-1.298993e-10
4.463588e-12
5.269796e-11
-1.192461e-10
-6.084930e-11
4.709022e-11
-4.741614e-11
-1.301335e-11
5.396228e-11
-4.074133e-11
-4.739248e-11
-7.723085e-11
-1.406736e-10
-4.525942e-11
-2.022732e-10
-1.261028e-10
-1.045613e-10
-9.529882e-11
-1.647114e-10
-6.648603e-11
1.000448e-12
-9.851830e-11
-1.228119e-10
-9.460821e-11
-1.376909e-10
-1.171743e-10
3.741468e-12
3.432499e-11
7.172916e-11
1.253728e-11
-3.052878e-11
2.629754e-11
-1.135470e-11
-1.161348e-10
-1.034030e-11
1.383187e-11
-3.204892e-11
2.559006e-11
-3.752074e-11
-4.467201e-11
-7.151374e-11
-5.062466e-11
-9.665842e-11
-4.009947e-11
-8.352740e-11
1.618931e-11
-1.221857e-11
1.296334e-10
-7.150340e-12
-8.958976e-12
7.195659e-11
-9.608522e-11
-9.567540e-12
8.895997e-12
-2.967624e-11
1.760523e-11
-1.682992e-11
-1.329254e-10
-1.134712e-10
-1.686247e-11
-3.244496e-11
-1.155672e-10
-1.055787e-10
-1.191068e-10
-1.935558e-10
-7.818454e-11
-9.471051e-11
-7.263216e-11
-9.156938e-11
-1.657976e-10
-1.282557e-10
-3.834345e-11
-4.972085e-11
-1.390288e-11
8.233741e-11
3.526562e-11
2.399070e-11
9.325692e-11
2.963623e-11
3.551760e-13
1.123091e-10
-9.168875e-11
-4.784849e-11
1.759536e-12
2.632195e-11
-4.468378e-11
9.009005e-11
-3.723719e-11
-4.984499e-11
-3.032655e-12
-1.165141e-10
-1.105624e-10
-1.040600e-10
-7.581792e-11
-1.698319e-10
-1.013255e-10
-1.103427e-10
-1.181828e-10
-1.022484e-10
-2.262625e-11
-4.502003e-11
4.627873e-11
-2.264753e-11
-2.505100e-11
7.470182e-12
3.075054e-12
6.930753e-11
5.488450e-11
-5.896907e-11
-1.083078e-10
-1.314580e-10
-9.820252e-11
-6.620845e-11
-6.943315e-11
-3.312275e-11
-2.350522e-12
-6.517925e-11
-8.525391e-11
-1.805617e-10
3.679659e-12
-1.101888e-10
-7.666964e-11
-1.273438e-10
-1.596574e-10
-5.453274e-11
-6.300043e-11
-1.158746e-02
-3.534037e-02
1.225540e-02
-6.108636e-03
3.387697e-02
3.330569e-02
-1.211032e-02
-4.230069e-03
-4.898415e-03
2.887963e-04
7.371329e-04
9.331108e-04
5.239461e-04
2.350353e-03
-2.976336e-03
2.281691e-03
2.181727e-03
-5.753078e-03
-2.448017e-02
-1.058359e-02
-1.040187e-03
-1.532629e-02
-4.824133e-03
-1.137508e-02
-1.542968e-02
-2.072619e-02
-2.921483e-02
1.377433e-02
7.533745e-03
-3.664168e-02
4.993714e-03
1.998347e-02
-1.634273e-02
-3.063893e-02
6.588312e-03
-9.257090e-03
-5.957884e-06
-5.196817e-04
3.755506e-03
1.121635e-03
-1.209932e-03
3.077201e-04
3.860558e-03
2.824229e-03
1.915838e-03
1.459323e-02
3.590364e-02
-1.116698e-02
-2.916358e-03
9.558563e-04
8.309722e-03
-2.615671e-02
-6.874674e-03
-6.641046e-03
4.261954e-03
3.366861e-03
-1.731261e-03
1.592729e-02
1.522445e-02
4.635730e-03
1.773410e-02
1.912556e-02
5.313737e-03
-1.550084e-03
-1.076558e-03
3.298722e-03
-3.020045e-03
4.001170e-04
-1.586769e-03
-5.105408e-03
-4.204724e-03
-4.911395e-03
3.431064e-04
-2.523372e-04
-2.345840e-03
-1.461427e-03
-1.977872e-03
-2.743162e-03
-1.567229e-03
-1.907422e-03
-1.768839e-03
-1.824888e-03
-4.669734e-05
2.022063e-03
-1.522655e-03
-1.825014e-03
-9.897006e-04
2.997294e-04
-1.275297e-03
-2.487239e-03
2.148827e-04
4.166552e-04
1.464976e-03
1.472925e-03
5.655097e-04
1.313985e-03
3.046566e-03
1.654134e-03
1.327533e-03
3.316589e-02
3.305417e-02
4.049013e-02
-1.338206e-02
5.360789e-02
6.980470e-02
-5.999646e-02
-6.563243e-02
1.474726e-02
-2.144963e-02
-3.011637e-02
-2.262545e-02
5.750752e-03
1.818568e-02
-2.399718e-02
-2.335474e-04
-9.984992e-03
-1.301839e-02
-5.143702e-03
-5.095428e-03
-1.217645e-03
-4.854680e-04
-8.598476e-04
6.196135e-04
1.997037e-03
1.926045e-03
2.323184e-03
-9.755732e-03
-3.930751e-03
2.458900e-03
-2.415303e-02
-3.039129e-02
-8.972378e-03
-2.183005e-02
-1.913017e-02
-8.170996e-03
6.978690e-03
1.003105e-03
-1.113604e-03
4.638539e-04
-7.782941e-03
-8.510375e-03
1.632680e-02
1.017984e-02
7.991608e-03
5.011847e-03
-1.207152e-02
-2.514173e-02
3.008364e-03
3.538288e-02
-4.281507e-03
-5.809442e-02
5.541833e-02
-2.536833e-02
-4.307411e-04
3.550658e-03
6.974498e-03
1.241229e-03
1.399646e-02
6.794190e-03
1.442857e-03
2.024198e-02
5.203747e-03
-9.566507e-03
1.233564e-02
1.442408e-02
1.362261e-02
4.362010e-02
2.430345e-02
7.284273e-03
4.898356e-02
6.435424e-03
-2.301186e-02
-1.062199e-02
-4.593403e-02
2.725860e-03
2.571420e-02
-2.769754e-02
-1.290917e-02
5.995590e-03
-2.230430e-02
-8.314389e-04
-1.191396e-03
-2.220650e-03
-1.517927e-03
9.110872e-04
-2.422855e-03
-3.309070e-03
2.028130e-03
-7.681003e-04
-1.803580e-02
1.253585e-02
-2.331778e-02
2.413547e-03
2.026448e-02
-1.025832e-02
-2.603677e-03
-8.138620e-03
-1.211573e-02
-1.916875e-04
1.677189e-03
9.136351e-03
4.668899e-03
1.176410e-02
1.077407e-02
6.851399e-03
2.406961e-02
1.501882e-02
-3.857107e-03
-7.801621e-04
-4.327231e-03
-7.975443e-04
2.449362e-03
-1.931608e-03
-3.013379e-03
2.375586e-03
-8.271746e-03
-3.280060e-04
-1.407826e-03
7.272009e-04
-1.466165e-03
-4.230874e-03
-1.272725e-03
1.242919e-04
-5.118934e-03
-1.839157e-03
-1.046089e-03
1.133229e-03
-8.000967e-04
7.809842e-04
3.780465e-03
1.645810e-04
-6.447895e-04
4.263355e-03
-1.777753e-04
2.937456e-03
2.707308e-03
2.010461e-03
1.916471e-03
2.706743e-03
2.540058e-03
2.990697e-03
4.656183e-03
3.603174e-03
-1.157934e-02
-1.293936e-02
-3.055085e-02
4.996045e-03
3.589908e-02
-2.855405e-02
-3.776253e-02
8.319597e-03
-4.065000e-02
-3.524634e-02
-3.092619e-02
-6.604679e-03
1.331185e-02
5.508376e-02
-2.354384e-03
2.173410e-03
4.250107e-02
-1.159523e-02
4.347233e-03
2.371473e-03
5.678782e-03
2.099803e-03
2.746822e-03
3.938340e-03
2.414530e-03
6.882788e-03
6.352079e-03
-2.502637e-03
-9.883938e-03
-2.211076e-02
-1.799409e-02
-4.299415e-02
-2.414211e-02
-1.617857e-02
-5.473155e-02
-2.304260e-02
-1.500679e-03
-2.570773e-03
6.916084e-03
3.012042e-03
1.327509e-02
3.070620e-03
-5.230166e-03
1.645471e-02
2.080560e-02
2.653449e-11
2.814105e-11
6.330619e-11
-7.307466e-12
5.856837e-11
2.437241e-11
9.459573e-11
1.250956e-10
-7.603902e-11
-3.916391e-11
-1.191324e-10
-4.841929e-11
-8.835353e-11
-8.323684e-11
-1.235670e-10
-9.241393e-11
-1.324643e-10
-5.063508e-11
-1.145870e-11
-1.554574e-11
-7.974725e-11
-8.660949e-11
-1.048425e-10
-1.083383e-10
1.856118e-11
-2.588968e-11
-3.729233e-11
-7.865503e-11
-4.174303e-11
-1.619102e-11
-7.306889e-11
-5.232648e-11
-3.518697e-11
-4.048892e-12
-1.367257e-10
-4.245067e-11
-2.120603e-11
-6.961759e-11
7.623270e-12
-8.407481e-12
-3.009866e-11
3.494459e-11
1.911811e-11
-8.028649e-11
-2.948031e-11
-1.009249e-10
-1.519494e-11
-6.615425e-11
-3.993484e-11
-9.308422e-11
-7.018787e-11
6.203012e-11
8.299897e-12
-4.662312e-11
2.633576e-12
-1.073956e-10
-5.440598e-11
2.345992e-11
-6.346794e-11
-4.220737e-11
-1.104357e-11
-6.001390e-11
-8.968645e-12
5.994336e-13
5.288357e-11
4.019034e-11
-7.010530e-11
-9.565283e-11
-7.359439e-11
2.586749e-12
6.407409e-12
-7.292966e-11
-1.046178e-10
-8.003866e-11
-7.397551e-11
-8.254764e-11
-6.212419e-11
-6.011228e-11
-1.767908e-11
-2.913335e-11
-1.790869e-12
-4.667227e-11
-1.210082e-10
-8.390076e-11
-7.723729e-11
-3.109694e-11
-1.239753e-10
-2.311966e-11
7.863729e-12
-6.485208e-11
2.991575e-11
6.548063e-11
-3.357944e-11
2.691386e-11
-3.187006e-11
-5.959631e-11
-3.193208e-11
-3.838590e-11
-9.557394e-11
-9.715919e-11
-7.778684e-12
-8.492826e-11
-3.803957e-11
-1.178627e-10
-3.396036e-11
3.270545e-11
4.726835e-12
-1.082160e-10
-1.262202e-10
-3.139549e-11
-1.209838e-11
-1.057538e-10
-8.159003e-11
4.217859e-12
-1.258914e-10
-1.262031e-11
-5.804931e-11
-4.677059e-11
2.898575e-11
2.934525e-12
-3.075387e-11
3.089517e-11
-1.145428e-10
-3.993980e-11
1.138356e-10
-5.065633e-12
-6.509299e-11
-6.609033e-11
-3.264191e-11
-3.364199e-11
-1.243444e-10
-4.173151e-11
1.049403e-11
-5.850656e-12
-6.780845e-11
-1.539884e-11
-4.692638e-11
-6.638713e-11
-5.264908e-11
4.433945e-11
-3.064820e-11
-3.477933e-11
3.155864e-11
1.949698e-11
