-6.987873e-03
-8.901587e-03
4.147142e-03
2.877610e-02
-1.080065e-01
-5.940095e-03
8.726549e-03
4.826931e-04
-9.627705e-03
-1.624675e-02
9.897102e-03
-3.794243e-02
2.684277e-02
-3.379700e-02
-6.312853e-02
1.845451e-02
-5.104007e-02
1.255008e-02
-3.029343e-02
-9.104594e-03
1.599304e-02
-2.516353e-02
-9.331682e-03
2.726385e-02
4.658837e-03
5.344608e-02
-3.867852e-02
-9.083929e-03
-3.317850e-02
6.437340e-03
-5.697550e-02
-2.836875e-02
1.466583e-02
-7.329770e-03
4.903510e-03
6.039208e-03
-3.590565e-03
-1.442900e-02
-2.407844e-02
2.017495e-02
-1.414552e-02
-3.411864e-02
2.948096e-02
-9.169700e-03
-1.703273e-02
2.610944e-02
-3.698833e-02
-1.435154e-02
-1.663231e-02
-2.493298e-02
-1.509358e-02
1.776410e-02
6.606134e-03
-1.602052e-02
-1.709990e-03
-1.774281e-02
-2.403341e-02
-4.575429e-02
-2.365128e-03
5.989429e-04
-3.218189e-02
-5.657762e-03
-1.175446e-02
-4.363704e-02
