1.375709e-01
1.381323e-01
1.152576e-01
1.157761e-01
1.528140e-01
1.591827e-01
1.123282e-01
1.074748e-01
1.166980e-01
1.481395e-01
1.354960e-01
1.584301e-01
1.064157e-01
1.520945e-01
1.575488e-01
1.157199e-01
1.664637e-01
1.178779e-01
1.470957e-01
1.272451e-01
1.197349e-01
1.246677e-01
1.435601e-01
1.202834e-01
1.367967e-01
1.129130e-01
1.704016e-01
1.270827e-01
1.564587e-01
1.149520e-01
1.470543e-01
1.338873e-01
1.343920e-01
1.238939e-01
1.428784e-01
1.432970e-01
1.301746e-01
1.408303e-01
1.428815e-01
1.215898e-01
1.220678e-01
1.183490e-01
1.119643e-01
1.355635e-01
1.283040e-01
1.166543e-01
1.532632e-01
1.462649e-01
1.275470e-01
1.788256e-01
1.560215e-01
1.125299e-01
1.301625e-01
1.531707e-01
1.209727e-01
1.345953e-01
1.340321e-01
1.481284e-01
1.161443e-01
1.371314e-01
1.421436e-01
1.361176e-01
1.261258e-01
1.489474e-01
