-5.327331e-02
-2.621658e-02
-4.561888e-02
-6.090130e-02
-3.564862e-02
-5.077086e-02
-3.470731e-02
-3.277431e-02
-3.327387e-02
-6.835777e-02
-4.190939e-02
-5.103252e-02
-3.954032e-02
-2.981106e-02
-5.769657e-02
-4.537797e-02
-6.347232e-02
-4.602647e-02
-4.231860e-02
-6.053706e-02
-6.343602e-02
-2.750964e-02
-4.030839e-02
-4.327033e-02
-5.804013e-02
-6.306829e-02
-5.835202e-02
-5.400832e-02
-5.624175e-02
-4.649910e-02
-2.711669e-02
-6.005553e-02
-6.023983e-02
-5.927139e-02
-4.732829e-02
-5.876612e-02
-5.434155e-02
-5.096800e-02
-7.250401e-02
-4.926335e-02
-4.965983e-02
-3.987828e-02
-5.685376e-02
-6.967769e-02
-4.390547e-02
-5.314830e-02
-3.052836e-02
-5.154251e-02
-4.407749e-02
-3.996899e-02
-3.782897e-02
-4.705943e-02
-5.353651e-02
-5.802646e-02
-3.703412e-02
-4.431767e-02
-6.455560e-02
-5.738674e-02
-3.149343e-02
-5.148911e-02
-5.542849e-02
-4.794058e-02
-5.430045e-02
-3.294768e-02
