-1.624182e-02
-1.217374e-02
-1.832970e-02
-1.122288e-02
-1.145023e-02
-2.901551e-02
-1.352845e-02
-1.298461e-02
-8.670256e-03
-2.273409e-02
-2.279236e-02
-2.360478e-02
-3.086150e-03
-2.358168e-02
-1.986219e-02
-2.392783e-02
-1.602156e-02
-1.707095e-02
-1.580102e-02
-1.950472e-02
-3.676702e-02
-2.114429e-02
-5.555524e-03
-1.840207e-02
-2.876872e-03
-2.081138e-02
-2.999903e-02
-1.857425e-02
-1.192116e-02
-1.789660e-02
-9.495052e-03
-9.845683e-03
-6.418812e-03
-1.950697e-02
-3.309160e-02
-7.664282e-03
-2.195686e-02
-1.435969e-02
-3.422079e-02
-2.346490e-02
-1.623160e-02
-1.263504e-02
-1.911584e-02
-2.785418e-02
-1.508662e-02
-1.330427e-02
-1.459959e-02
-2.960097e-02
-1.721670e-02
-1.585199e-02
-1.933417e-02
-1.706191e-02
-1.449674e-02
-3.391893e-02
-1.263159e-02
-2.944017e-02
-9.546044e-03
-1.116607e-02
-1.946990e-02
-1.404278e-02
-2.713477e-02
-5.784188e-03
-2.601763e-02
-2.482405e-02
