-8.332861e-03
3.019111e-04
-8.483535e-03
1.660995e-02
-1.520068e-02
1.697187e-02
-3.701589e-02
-1.777728e-03
1.471910e-02
1.330716e-03
6.051018e-03
-1.174817e-02
2.207550e-02
-1.342408e-02
1.006926e-02
-1.295890e-02
-9.946220e-03
1.950600e-02
-1.454785e-02
2.177972e-03
-8.428672e-03
1.042951e-02
-1.917833e-02
7.877533e-03
-7.006260e-03
4.240685e-03
6.790646e-03
3.498145e-03
-1.999843e-02
-7.025785e-03
-1.238000e-02
-2.659526e-02
-1.419320e-02
-1.735297e-02
2.576050e-02
4.098712e-03
1.046959e-02
5.931693e-03
-1.701402e-02
6.956163e-03
1.929834e-02
-2.310031e-02
-1.784328e-04
7.790246e-03
-1.082995e-02
-3.680188e-03
-4.163289e-02
-2.993933e-02
9.919361e-03
4.903499e-03
-7.548508e-04
2.068390e-02
9.227798e-03
1.282028e-03
3.496799e-03
1.186668e-02
1.713798e-03
-7.581390e-03
-6.999913e-03
-1.705813e-03
-2.602615e-02
4.115126e-03
2.570852e-02
-3.674376e-02
