1.783531e-01
1.735436e-01
1.388962e-01
1.454221e-01
1.519478e-01
1.525438e-01
1.499627e-01
1.414019e-01
1.512602e-01
1.343420e-01
1.792351e-01
1.247880e-01
1.505217e-01
1.446322e-01
1.155370e-01
1.485706e-01
9.871222e-02
1.234287e-01
1.273249e-01
1.126306e-01
1.330718e-01
1.190457e-01
1.063305e-01
1.212905e-01
1.242030e-01
1.228082e-01
1.234325e-01
1.366489e-01
1.463140e-01
1.402498e-01
1.581378e-01
1.750715e-01
1.169688e-01
1.455508e-01
9.597379e-02
1.522434e-01
1.518193e-01
1.370303e-01
1.113317e-01
1.318882e-01
1.197520e-01
1.253810e-01
1.236504e-01
1.141075e-01
1.102713e-01
1.221736e-01
1.448797e-01
9.779209e-02
1.415297e-01
1.818296e-01
1.608720e-01
1.504474e-01
1.580871e-01
1.319843e-01
1.302300e-01
1.425440e-01
1.452402e-01
1.728668e-01
1.768703e-01
1.391233e-01
1.332302e-01
1.400076e-01
1.281653e-01
1.646346e-01
