-1.133352e-03
-3.245890e-03
-1.903231e-02
-1.304926e-02
4.120979e-03
-2.328552e-02
-1.066079e-02
-1.995276e-02
-1.706051e-02
-1.270318e-02
-2.108211e-03
-2.185032e-02
-1.162596e-02
-1.016181e-02
-1.172942e-02
-1.006104e-02
-7.693701e-03
7.420228e-03
-1.627500e-02
-8.579785e-03
-2.402935e-03
-5.420474e-03
-1.737490e-02
-1.447799e-02
-2.831782e-04
-8.637797e-05
-8.162804e-03
-1.685386e-03
4.394233e-03
4.415334e-03
-5.913318e-03
-5.609284e-03
-1.225684e-02
4.702182e-04
-1.539878e-02
-3.955237e-03
-6.838425e-03
-4.073297e-03
-2.306060e-02
-1.270883e-03
-1.984344e-03
-1.010142e-02
-1.876122e-03
-8.260138e-03
-1.393837e-03
-9.816962e-03
-1.604462e-03
-2.446212e-02
-2.334648e-02
1.268381e-02
1.896471e-02
-1.708701e-02
3.110602e-03
-1.671614e-02
-4.683121e-03
-1.782401e-02
-1.563690e-02
-1.328198e-03
-6.854685e-03
-2.119353e-02
2.956191e-03
-1.731427e-02
-1.153750e-02
-1.825883e-02
