-6.315997e-03
-1.667450e-04
-1.892074e-02
-3.070184e-02
1.444487e-02
-2.959847e-02
-1.373396e-02
1.093979e-02
4.833513e-03
-8.004664e-04
2.451831e-02
-1.839293e-02
-1.093700e-02
3.161004e-02
-2.766534e-02
6.123296e-03
1.738619e-02
-1.008882e-03
-9.770380e-03
3.087066e-03
-2.307935e-03
-2.570657e-02
3.823962e-04
-9.305399e-03
-1.817224e-04
2.469803e-02
9.651339e-03
-7.489001e-03
3.330861e-03
-1.115971e-02
2.049370e-04
-8.773089e-04
1.444517e-02
-8.225410e-03
-8.654974e-03
1.146660e-02
-1.017553e-02
-3.222725e-03
-5.280827e-03
-1.887616e-02
-5.308002e-03
-5.831238e-03
1.848920e-03
1.260244e-02
9.954365e-03
-2.908421e-03
-5.760269e-03
-9.072483e-03
8.076145e-03
-2.262959e-02
3.851824e-03
8.799617e-03
6.233667e-03
-1.461542e-03
4.590598e-03
2.577924e-03
-2.186692e-03
-2.170848e-03
-1.639822e-03
-6.694968e-03
-8.255304e-03
-1.227115e-02
-1.212494e-02
-1.530300e-02
-7.646478e-03
1.983842e-02
-3.031494e-02
3.743835e-02
-2.158541e-02
-1.248106e-02
-1.070518e-02
-1.891032e-02
-2.189271e-03
-6.462254e-03
2.735289e-03
-6.368649e-03
-1.804314e-02
-1.255712e-02
8.121869e-04
-1.380005e-02
-1.111396e-02
6.570333e-03
2.989112e-03
1.119041e-02
4.539538e-03
1.064413e-02
8.865431e-03
4.359975e-03
1.311632e-02
9.666653e-03
-1.638706e-03
-4.513790e-03
-1.948638e-03
-5.723987e-05
-2.686404e-03
1.061919e-03
2.660363e-03
-2.812645e-03
2.894548e-03
-8.357550e-03
1.601266e-02
-5.782364e-03
-1.924420e-02
9.205235e-03
-2.354531e-02
2.282361e-02
-2.289882e-02
4.748078e-03
-4.247663e-03
-2.093411e-03
-1.314345e-03
-2.078477e-02
-6.277896e-03
-1.313289e-02
8.569213e-03
-5.769130e-02
8.324400e-03
-2.883958e-04
7.354454e-03
1.878128e-03
-3.544027e-03
7.788878e-03
9.109680e-04
-1.556736e-03
6.340367e-03
2.640330e-03
3.382077e-02
-1.448599e-02
1.909974e-02
1.620108e-02
-4.441789e-02
-2.206739e-03
5.145263e-03
-1.322217e-02
-2.435231e-04
-5.298443e-03
6.376391e-03
-6.408257e-03
1.991385e-02
8.980135e-03
1.653304e-03
-7.190211e-03
-7.567528e-03
-1.947891e-02
-9.182611e-03
-1.098401e-02
-2.536530e-02
-2.113013e-02
-1.445095e-02
-4.237791e-02
-8.608839e-03
-2.168062e-02
-3.000106e-02
-4.271394e-03
-1.207972e-03
-1.478644e-02
-8.782443e-03
-2.996731e-04
-1.911599e-02
8.816741e-04
1.182490e-03
-2.062626e-02
8.879756e-03
6.583863e-04
-7.584572e-03
3.848417e-03
-3.098755e-03
-6.134286e-03
1.583938e-03
-5.273449e-03
-1.512494e-02
-7.637426e-03
3.385772e-03
3.732002e-03
5.860232e-04
1.293901e-03
-4.374243e-03
5.612545e-03
2.580207e-03
-4.065642e-03
-2.800008e-03
-9.542645e-04
-5.736571e-03
-5.106459e-03
-5.773207e-03
-9.677200e-03
-7.389293e-04
2.889937e-03
-3.390516e-04
-9.014601e-03
-3.084930e-03
2.537024e-04
-4.655107e-03
2.101236e-03
5.747889e-03
-7.524765e-03
6.888703e-03
4.061671e-03
8.583698e-03
-7.419034e-04
-2.207448e-03
4.501088e-03
-2.838385e-03
-3.641294e-03
-4.642132e-03
-1.015379e-02
-9.959795e-03
2.014175e-02
9.322490e-03
1.635542e-02
-7.886410e-03
1.805791e-02
9.498757e-03
1.592448e-02
-1.228370e-03
1.260855e-02
-1.504308e-02
-1.785580e-02
-1.206977e-02
-1.338977e-02
-9.386823e-03
-4.616725e-03
-1.284327e-02
-1.246164e-02
-7.376683e-03
1.708743e-03
4.140629e-03
4.498341e-03
7.437658e-03
9.308059e-03
7.232169e-03
1.244636e-02
1.118301e-02
7.001725e-03
-1.015554e-03
-6.661968e-04
-3.121042e-03
-1.476826e-03
-9.159265e-04
-3.466970e-03
-4.177387e-04
-5.368191e-04
-2.475529e-03
1.875003e-02
1.350330e-02
3.403025e-03
-2.312586e-03
9.172401e-03
-9.501835e-03
4.895752e-03
-5.774830e-03
-2.852598e-03
4.641087e-03
-1.033591e-02
-3.830429e-03
-9.597666e-03
1.976230e-03
1.246313e-02
2.162525e-03
-1.409169e-02
-9.094504e-03
1.172555e-04
-2.672968e-04
-6.210867e-04
1.796160e-03
-6.008173e-05
-3.682445e-04
1.059461e-03
-1.258165e-03
-1.315973e-03
-9.180242e-03
9.246104e-03
9.796932e-03
-6.112765e-03
1.209679e-02
4.099862e-03
-2.822949e-02
-2.545318e-03
7.194277e-04
-1.114977e-02
-5.182179e-03
-5.509395e-03
-1.061748e-03
-3.303724e-03
-8.192032e-03
1.334859e-02
1.242709e-02
-9.323682e-03
2.274871e-02
1.913665e-02
1.136320e-02
2.553427e-02
2.625532e-02
1.488773e-02
3.436188e-02
2.434728e-02
4.684967e-03
8.696333e-03
1.139876e-02
2.740357e-02
7.280651e-03
9.111441e-03
3.077763e-02
5.566963e-03
6.916807e-03
2.158630e-02
-2.337144e-03
-7.545248e-03
-6.615919e-04
-1.503131e-03
-4.994674e-03
4.004274e-03
-2.993794e-03
-3.361556e-03
9.522100e-03
-2.397164e-03
2.595525e-03
1.666360e-03
-3.394118e-03
1.995023e-03
-7.384028e-04
-5.392364e-03
-2.598895e-03
-5.658392e-03
4.361266e-03
6.075173e-03
1.001506e-03
6.116839e-03
3.038744e-03
-1.723322e-03
5.022638e-03
-5.445857e-04
-4.429663e-03
4.903304e-03
-2.802208e-03
1.273680e-05
1.334308e-04
-5.659538e-03
7.808235e-04
-3.480537e-03
-1.187668e-02
-2.704400e-03
6.499062e-03
1.285836e-02
5.713514e-03
7.659577e-03
1.234505e-02
5.329723e-03
3.707284e-03
7.754994e-03
-5.120971e-05
-2.078403e-02
-8.287881e-03
-1.218350e-02
-2.817302e-02
-8.835729e-03
4.501890e-04
-2.523771e-02
-1.252919e-02
6.284372e-03
5.990823e-03
1.108972e-02
6.195316e-03
2.247037e-03
8.532395e-03
4.601758e-03
7.564953e-04
6.594400e-03
5.122983e-03
1.618498e-03
-8.422969e-05
-4.393736e-03
6.070089e-04
-3.154635e-03
-6.576716e-03
-4.196112e-03
-5.656636e-03
-7.386415e-03
3.163855e-03
2.682315e-03
4.198335e-03
2.278505e-03
1.827487e-03
3.526871e-03
1.818421e-03
1.759936e-03
3.635041e-03
-1.025272e-02
-1.067861e-02
-2.659414e-04
-8.017474e-03
-4.417147e-03
5.360840e-03
-4.965014e-03
-1.425793e-03
-4.608544e-04
-7.319627e-03
4.510634e-03
4.819727e-03
-5.372147e-03
2.795617e-03
-1.317177e-02
-3.312364e-04
3.736669e-03
-1.096797e-02
1.440758e-03
4.380816e-03
4.422435e-03
5.350375e-04
3.126549e-03
3.138327e-03
-3.367709e-04
2.913071e-03
2.358457e-03
1.363919e-02
1.259348e-02
-2.422464e-03
-3.704206e-03
-1.510457e-03
-8.147277e-03
-4.195562e-03
-6.054768e-03
-1.550916e-02
-4.790947e-03
4.197134e-03
9.332289e-03
2.409775e-03
1.870355e-03
2.063865e-04
-4.544473e-03
-8.976264e-03
-1.414337e-02
4.636058e-03
-3.517156e-03
-3.547850e-03
4.254578e-02
-6.650108e-03
-6.586005e-03
7.996587e-03
-1.432387e-02
-5.223456e-03
-4.547295e-03
-1.999666e-03
-6.899612e-03
4.880193e-03
8.794445e-04
-9.096194e-04
5.234506e-03
-1.916537e-04
-1.066308e-02
8.419595e-03
-2.825612e-03
-1.648024e-02
9.920935e-03
-1.437814e-03
-1.573678e-02
9.859912e-03
3.070293e-03
-1.021877e-02
-4.180875e-03
-9.425970e-03
-5.535604e-03
3.547669e-03
8.368316e-03
-4.519134e-04
-8.846817e-03
-5.081074e-03
-1.905426e-02
1.176560e-02
6.678788e-03
-4.493669e-03
9.787763e-03
5.338112e-03
-4.289167e-03
6.354107e-03
-1.234820e-04
-2.193875e-03
-2.704566e-03
-5.285681e-04
-7.611894e-03
-7.446188e-03
1.386443e-02
-1.755501e-03
-6.596013e-03
-1.198081e-04
-1.755204e-03
-3.450332e-03
-6.633044e-03
-1.054001e-04
-4.312314e-03
-8.223579e-03
-4.462160e-03
-3.043912e-03
-3.969887e-03
-3.251055e-03
-4.382406e-03
-8.065832e-03
-1.570796e-02
-1.945536e-02
-3.554245e-02
-5.366855e-03
-9.266471e-03
-1.318160e-02
-2.649257e-03
-5.212415e-03
1.886191e-03
-6.959090e-03
-3.208948e-03
7.022473e-03
4.093627e-03
-1.026591e-02
-1.969464e-03
-4.768800e-03
-1.263150e-03
-4.122866e-03
-6.164160e-03
6.963087e-03
1.604221e-03
1.853782e-03
9.453661e-03
6.625183e-03
4.100409e-03
-8.865559e-04
-4.690087e-05
-4.231769e-04
1.718839e-03
6.797592e-04
5.783927e-04
8.039531e-05
5.848416e-04
2.112087e-04
-5.158471e-03
-5.830370e-04
-6.353471e-04
5.152014e-03
-6.440354e-03
4.391251e-03
-2.362648e-02
-1.689270e-02
-1.979467e-02
2.749786e-03
9.265543e-03
1.745243e-02
-1.013093e-02
-2.297847e-02
-1.420633e-02
-1.341517e-03
2.109469e-02
-6.827350e-03
3.174699e-04
-4.523807e-03
-4.618851e-03
4.416643e-03
-2.678188e-03
-2.299150e-03
1.538129e-03
-3.511575e-03
-4.490442e-03
-8.797307e-03
1.829760e-02
6.678012e-03
-1.324170e-02
2.590317e-02
2.037046e-02
-2.892750e-02
-2.041863e-02
-1.838434e-02
-1.183444e-02
-9.944366e-03
-7.673447e-03
-3.157307e-03
5.035470e-03
-2.600554e-03
1.038134e-03
1.223535e-02
3.046224e-03
-1.848215e-03
-1.633252e-03
-1.761463e-02
-7.063493e-03
3.382802e-03
-5.247762e-03
-5.587069e-03
6.886101e-05
-6.483310e-03
-1.480084e-02
-5.709905e-03
-1.324813e-02
-1.461703e-02
-5.153819e-04
-1.011666e-02
-1.360863e-02
-8.810776e-03
-1.415953e-02
8.734826e-04
-4.099151e-03
2.625749e-03
5.929734e-03
-6.614621e-04
-4.077697e-03
8.582792e-04
-2.074991e-03
-7.869034e-03
-3.363038e-04
4.217193e-03
-3.011542e-03
2.244415e-03
1.764290e-03
-4.718393e-03
-6.520960e-03
-2.999120e-03
-1.362241e-02
-2.299145e-03
-2.296413e-03
-2.504287e-03
-4.132682e-03
1.863447e-03
-1.510830e-03
-3.111485e-03
-5.811154e-05
-1.644506e-03
5.492874e-03
1.062333e-03
-5.626575e-03
1.731236e-04
-1.898833e-03
-6.047843e-03
-5.919045e-03
-9.978174e-03
-4.793177e-03
7.998174e-03
6.956206e-03
-3.808715e-04
2.089881e-02
1.692932e-02
1.055754e-02
1.276674e-02
9.982771e-03
8.149924e-03
1.636659e-02
-2.578837e-04
-6.180064e-04
-1.184569e-02
3.007093e-03
-1.634950e-03
-2.412843e-02
1.281063e-02
3.218042e-03
-3.687515e-03
-1.019771e-02
-7.852443e-03
-5.290403e-03
-7.655662e-03
-5.380237e-03
-7.673056e-03
-7.486967e-03
-4.841199e-03
-1.030453e-03
1.133836e-03
4.387488e-03
5.658210e-03
4.717474e-03
4.866353e-03
9.676408e-03
7.216833e-03
2.588989e-03
-2.298230e-03
-1.348241e-03
-1.215388e-03
-1.216214e-03
-1.481883e-03
-1.515456e-03
-5.546338e-04
-1.893109e-03
-2.281174e-03
1.197576e-02
1.640049e-03
-8.958682e-03
3.479771e-03
5.446990e-03
3.955843e-03
-4.561913e-03
-5.045644e-03
6.360850e-03
1.028308e-02
2.909458e-03
-6.401066e-03
2.004701e-03
-3.969875e-03
5.620509e-03
8.961601e-03
4.557300e-03
1.561376e-02
-2.238119e-03
6.526210e-04
1.772087e-03
-1.062743e-04
1.611229e-03
9.539017e-04
9.471834e-04
1.764072e-03
2.884422e-04
5.132967e-03
-5.136849e-03
-4.977364e-04
4.224047e-03
4.123916e-03
9.762537e-03
-1.723680e-02
-5.833959e-03
6.143161e-03
-9.213061e-03
-1.131488e-02
-1.402364e-02
-7.892958e-03
-7.755990e-03
-4.899344e-03
2.071197e-03
-6.778079e-03
-5.497596e-03
8.206472e-03
1.822612e-02
-2.596858e-02
4.652570e-03
1.124016e-02
-3.821122e-02
-1.110645e-03
1.350230e-02
-3.385655e-02
2.611267e-02
4.411380e-02
2.957735e-02
1.772606e-02
4.257679e-02
2.717882e-02
1.135049e-02
3.478056e-02
1.921764e-02
7.648037e-03
-4.633817e-05
-6.485946e-03
-1.673257e-03
-7.471316e-03
-1.259897e-02
2.576869e-03
-1.333803e-03
-7.991441e-03
-5.812849e-03
-9.429383e-03
-7.804183e-03
6.613581e-03
1.169693e-03
3.081342e-03
-2.927169e-03
-2.960180e-03
5.752392e-03
3.936334e-03
8.512106e-03
7.217801e-03
2.308038e-03
5.199983e-03
7.037148e-03
2.869826e-03
6.623647e-03
9.035708e-03
3.732107e-03
-2.244678e-03
4.898980e-03
6.951618e-04
-6.787844e-03
3.575749e-03
-2.278462e-04
-1.285607e-02
-3.861935e-03
2.419196e-02
2.699644e-02
-8.399288e-03
2.444245e-02
2.506571e-02
-9.811242e-03
1.869152e-02
1.945319e-02
-1.526709e-02
-4.401080e-03
-6.115757e-03
-1.796636e-02
-1.561972e-02
-8.773614e-03
-2.583841e-02
-1.685590e-02
-1.892843e-02
-1.923932e-02
-8.216390e-03
1.807645e-03
2.950243e-03
-5.430077e-03
3.140608e-03
3.071384e-03
-5.413366e-03
-1.748111e-03
-3.361698e-03
4.431178e-03
1.100265e-03
-4.715618e-03
1.091489e-03
-1.558969e-03
-6.266683e-03
-3.750204e-03
-4.334753e-03
-1.018918e-02
2.444081e-03
2.825599e-03
-2.044189e-03
9.822432e-04
1.817874e-03
-1.222923e-03
-3.410678e-05
1.834073e-03
-1.316267e-03
-5.012304e-04
-1.530121e-03
-8.761752e-03
8.745195e-04
1.339789e-03
-1.173209e-02
2.005736e-04
9.073841e-04
-1.473305e-02
-9.402183e-03
-3.291753e-03
7.810540e-03
-9.868783e-03
-9.672568e-03
-1.424365e-02
-7.477350e-03
9.409951e-04
-4.155505e-03
1.519301e-03
1.029376e-02
8.508766e-04
5.279964e-04
8.755472e-03
6.880977e-04
-1.903744e-03
6.476151e-03
-1.856613e-03
2.695164e-02
1.210252e-02
-4.506479e-03
1.332414e-02
-9.975416e-04
-1.117961e-02
-1.293060e-02
-2.469836e-02
-2.819324e-02
-1.060307e-02
9.959326e-05
-1.957920e-03
4.515691e-03
4.569348e-03
-1.705051e-03
-6.260573e-03
-9.046959e-03
-1.549174e-02
-2.446368e-02
-7.957315e-03
-2.197586e-02
-1.916807e-02
-7.628193e-03
-1.959216e-02
-1.902390e-02
-4.342856e-03
-1.851996e-02
4.167029e-02
1.388282e-02
1.537060e-02
2.901279e-02
7.303233e-03
1.381757e-02
2.730881e-02
1.048261e-02
1.563434e-02
-1.685329e-03
-2.179456e-03
-2.530488e-03
-4.884397e-03
-3.964031e-03
3.212255e-03
-7.030795e-03
-7.451538e-03
-8.364651e-04
3.296566e-03
-1.281273e-02
-6.605760e-03
9.752390e-03
-4.344338e-03
-4.321303e-03
1.935836e-02
8.870678e-03
-4.081381e-03
4.331363e-03
1.863924e-02
8.397811e-03
4.151925e-03
1.204770e-02
6.976074e-03
2.440534e-03
9.116276e-03
2.676100e-03
-3.974547e-03
-6.337012e-03
1.974900e-03
4.152484e-03
2.365259e-03
-2.271381e-03
1.235348e-02
9.874456e-03
-4.726280e-03
7.709046e-03
7.245482e-03
8.050860e-04
3.346906e-03
4.354367e-03
-2.238501e-04
5.429329e-03
5.672318e-03
-7.860262e-04
6.338371e-03
-3.649163e-03
-1.088552e-02
1.723696e-02
-5.300171e-03
-1.552365e-02
2.774862e-02
-9.042716e-03
-5.173169e-03
-2.498527e-03
-1.339797e-03
-3.763683e-03
-4.161072e-04
-1.067825e-03
-7.893121e-03
-2.615940e-03
-3.160130e-03
-1.039272e-02
8.847947e-03
1.367772e-02
3.082928e-03
1.892941e-03
6.448440e-03
1.174557e-03
-2.975668e-03
8.996370e-04
-2.356134e-03
6.405853e-04
5.091862e-03
-2.979775e-03
-9.337495e-05
4.866189e-03
-2.904746e-03
-8.242038e-04
5.191269e-03
-2.705702e-03
6.046046e-03
4.769458e-03
-1.098324e-03
1.282754e-02
1.084040e-02
-7.493919e-03
8.309345e-03
5.803222e-03
-1.219915e-02
-1.626829e-02
-1.911238e-02
7.253691e-03
-7.862904e-03
-7.120369e-03
-1.360880e-02
-1.315739e-03
-2.739485e-03
-7.058492e-03
5.969945e-05
4.465049e-03
-1.662110e-03
-1.140004e-03
2.034941e-03
-1.025244e-03
-1.958811e-03
1.734947e-03
-1.104682e-03
9.340403e-03
9.324112e-03
-6.594562e-03
4.324543e-03
4.572294e-03
-1.550707e-02
5.099523e-03
2.818121e-03
-1.400909e-02
6.636090e-04
-1.287951e-04
8.375418e-04
5.358715e-03
-3.775419e-03
-5.597048e-03
-4.102840e-03
-2.781319e-03
-6.339210e-03
2.407568e-02
2.885582e-02
-5.017318e-03
1.249142e-02
3.880666e-02
1.663613e-02
4.235204e-03
3.860707e-02
2.845802e-02
-4.545646e-02
-1.331449e-02
-3.653447e-02
-4.064472e-02
9.755821e-04
-2.605194e-02
-2.989441e-02
7.598809e-03
-1.578409e-02
-5.161037e-03
4.428921e-03
-1.843935e-03
-3.215350e-03
3.424207e-03
-1.110546e-02
1.101950e-02
1.762009e-02
-2.788385e-03
7.017674e-03
-1.664197e-02
-1.324680e-02
7.000521e-03
-1.233079e-02
-1.083681e-02
7.258387e-03
1.056874e-02
4.086764e-03
-1.426122e-02
-1.360687e-02
-4.573633e-03
-9.533799e-03
-7.702635e-03
-6.897576e-03
-3.549198e-03
-2.622269e-03
-1.184927e-02
-3.711334e-03
-1.228892e-02
-1.741845e-02
-5.587565e-04
-1.255971e-03
-4.100439e-03
4.673085e-03
4.819623e-05
2.464022e-03
-5.920145e-03
3.801490e-03
-6.591651e-03
4.898211e-03
9.889134e-03
1.993414e-04
4.446421e-03
8.427593e-03
2.230623e-03
3.475618e-02
3.088571e-03
-1.067353e-02
1.123388e-02
1.871881e-02
1.572924e-03
-1.743342e-02
3.539909e-02
3.787639e-02
2.757657e-02
1.664550e-02
2.671932e-02
2.016484e-02
9.677152e-03
2.150569e-02
2.529833e-02
1.419528e-02
2.535509e-02
-9.620258e-03
-1.047851e-02
-3.821711e-03
-6.711808e-03
-1.032110e-02
-5.657773e-03
4.036548e-03
9.073399e-04
2.447935e-03
2.507796e-03
2.363539e-03
6.224853e-03
2.514984e-03
1.181083e-03
4.404549e-03
7.432747e-03
5.141783e-03
7.448711e-03
-1.912257e-03
-2.896812e-03
-2.982387e-02
-3.859860e-03
5.493354e-03
-1.952892e-02
-2.748378e-03
2.158649e-03
5.381783e-03
4.034698e-03
4.667296e-03
8.871662e-03
2.864844e-03
-6.384336e-03
2.035568e-02
-5.884193e-03
-5.050625e-03
3.988610e-02
-2.524225e-03
5.769320e-03
5.049673e-03
-1.894467e-03
5.915883e-03
2.889379e-03
3.506036e-03
9.741046e-03
6.366854e-03
9.415972e-03
-8.029493e-03
7.631292e-03
2.196095e-03
-2.150631e-02
8.480131e-03
3.591479e-03
-1.453250e-02
2.185426e-02
-1.490523e-02
4.347790e-03
9.793440e-03
-1.261444e-02
1.064644e-02
1.702874e-02
-7.083529e-03
5.935383e-03
9.111059e-03
3.067244e-03
-5.884422e-03
-2.977792e-02
-6.218337e-03
-3.553531e-03
-1.108562e-02
-4.326704e-03
5.339454e-03
-1.253911e-02
-2.834529e-04
-7.250598e-03
6.296404e-03
-6.985636e-03
-7.436238e-03
1.359561e-02
-7.162644e-03
-9.214872e-03
8.403717e-03
2.484784e-03
-9.024328e-03
2.888073e-04
1.750607e-02
-6.875928e-03
1.135558e-03
1.559410e-02
-8.969449e-03
2.747684e-03
2.199589e-03
-2.767674e-03
-6.937345e-03
-3.678529e-03
4.476625e-03
-8.980759e-03
-8.921658e-03
1.290595e-02
1.272296e-02
-5.752863e-03
-1.423971e-02
-3.918952e-03
-4.305852e-04
-4.136749e-03
6.232160e-04
-1.144638e-02
-8.125977e-03
-7.791147e-03
-1.750440e-03
8.105558e-03
-9.040525e-04
-5.726792e-03
1.424872e-02
1.179451e-02
-6.642121e-03
-1.340480e-03
9.580952e-03
-1.460068e-02
-6.479780e-03
-1.013485e-03
6.708040e-03
4.502992e-03
7.476913e-03
1.318221e-02
6.564052e-03
1.209583e-02
6.106456e-02
3.023647e-02
-2.446014e-03
2.924724e-02
1.537528e-02
2.874178e-02
1.200931e-02
3.646267e-02
5.649875e-02
2.251735e-02
9.811944e-03
1.386258e-02
1.098742e-02
8.057299e-03
1.537913e-02
9.115408e-03
7.604016e-03
1.618984e-02
-1.052712e-02
-9.251847e-03
7.802185e-04
-4.439107e-03
-1.172220e-02
-3.550971e-03
1.342308e-03
-6.314133e-03
-1.830280e-03
1.981006e-03
1.229043e-04
1.817250e-03
1.883653e-03
1.496356e-03
8.685383e-04
5.148801e-03
4.320363e-03
2.909875e-03
1.834359e-02
8.035938e-03
-4.970654e-03
3.998851e-03
-2.329842e-03
-6.342486e-03
5.123127e-03
-6.442679e-03
-9.650733e-03
2.268019e-02
4.292916e-03
-2.217832e-02
-3.669592e-03
6.575921e-03
1.760234e-03
-4.118836e-02
6.955135e-03
1.804098e-02
5.578555e-04
-3.829475e-03
4.537778e-03
4.902085e-03
-2.237029e-04
3.932617e-03
7.569212e-03
3.404882e-03
5.321336e-03
-5.032832e-03
6.855078e-03
-1.008991e-02
-1.138570e-02
3.015979e-03
1.734982e-03
-1.034096e-02
3.939601e-03
2.852769e-02
9.673267e-03
8.430123e-03
6.035359e-03
8.004594e-03
1.686896e-02
1.237650e-02
1.663787e-02
1.043246e-02
3.853614e-05
9.033154e-03
2.508746e-03
-9.171748e-04
-3.119021e-03
1.001505e-02
1.982488e-02
4.070212e-03
5.265621e-03
1.487872e-03
-1.394484e-02
-1.506793e-02
-1.532957e-02
-5.927980e-03
-1.594985e-02
-9.807284e-03
-4.039904e-03
-2.498060e-02
-8.359748e-03
1.205589e-02
4.757446e-03
1.085357e-02
-1.039937e-02
-1.832676e-02
-1.919749e-02
2.037494e-02
8.998295e-03
8.034240e-03
3.107267e-03
7.376412e-03
2.855530e-03
-4.294999e-04
-4.246528e-04
2.738647e-03
-7.064926e-03
-7.457095e-03
-1.450045e-02
2.291850e-03
-1.013242e-03
-1.006543e-02
-5.414597e-03
-2.132418e-03
-7.944307e-03
4.803468e-03
3.531224e-03
3.910413e-03
9.679729e-04
4.094908e-04
3.947743e-03
-3.220097e-03
-1.515061e-03
-8.914529e-04
-2.155228e-03
-2.886130e-03
-4.009637e-03
6.993956e-03
-2.700265e-03
-3.624632e-03
1.992382e-03
-7.380812e-03
-7.343743e-03
7.341546e-03
2.418818e-05
3.798464e-03
-1.897588e-02
-1.184339e-02
-2.045797e-02
1.453540e-02
8.382759e-03
1.849422e-03
-1.506642e-02
-9.529951e-03
-1.271769e-02
6.451199e-05
1.388509e-03
3.754574e-03
2.711319e-03
1.319781e-03
-2.461008e-03
2.453005e-03
2.732083e-03
8.189220e-05
-7.094566e-04
-1.240222e-03
-4.774239e-03
7.548068e-04
-2.846943e-03
-5.849136e-03
6.544905e-03
3.085564e-03
-2.042734e-04
-3.464076e-03
-3.307232e-03
-6.485329e-03
-3.801638e-04
-2.554717e-03
-5.656341e-03
-1.565470e-03
-3.042946e-03
-6.040514e-03
-1.649566e-03
-9.367491e-03
-4.236827e-03
-8.300666e-03
-1.404142e-02
2.142934e-03
8.639421e-03
7.252184e-03
9.240413e-03
5.476380e-03
-7.921286e-04
2.478644e-02
8.834051e-03
-8.335831e-04
1.262316e-03
2.671588e-02
1.109922e-02
1.044701e-02
-1.665841e-03
-1.015997e-03
-2.593468e-03
-9.740926e-04
-3.340060e-03
-4.411431e-03
3.232513e-04
-1.662541e-03
-1.990421e-03
5.023648e-03
-1.215515e-03
-3.623321e-03
-3.448377e-03
5.291347e-03
2.566436e-03
-6.393500e-03
7.317801e-03
3.781699e-03
-2.153368e-02
-1.548056e-02
-9.036872e-03
-1.723251e-03
-2.440963e-03
3.924658e-03
-1.021183e-02
-6.868802e-03
9.931347e-04
-3.567274e-03
8.235913e-03
5.599305e-03
1.086688e-03
2.987616e-03
3.059013e-03
-1.145524e-03
2.924830e-03
-7.417967e-03
-1.209276e-03
-4.006444e-03
2.553127e-03
-4.720124e-03
-6.218886e-03
-3.703962e-03
9.297463e-04
-8.080250e-03
-2.701763e-03
5.758109e-03
-5.006919e-03
-2.291192e-03
1.635126e-02
9.882495e-03
7.740627e-03
-7.069467e-03
-1.569541e-02
-1.443943e-02
-8.869990e-03
-1.087647e-03
-1.729968e-03
5.626850e-03
1.065735e-02
1.222667e-02
-1.472878e-02
-1.484649e-02
-3.825275e-03
-3.235616e-03
-7.313615e-04
-4.139429e-04
-2.001141e-03
1.183136e-03
1.796391e-03
-5.181355e-03
-1.929980e-03
7.152681e-04
2.148953e-03
1.745909e-03
4.246231e-03
-5.684264e-03
-8.965001e-03
5.229522e-04
-5.483884e-03
-1.146171e-02
2.388316e-03
2.052544e-02
1.070984e-02
7.592310e-03
1.875395e-02
9.546695e-03
7.189452e-03
-6.249774e-04
-4.675994e-03
-4.634249e-03
2.057062e-03
-3.716598e-03
3.793627e-03
-2.920230e-02
-2.186611e-02
-3.126092e-02
-9.647435e-03
-1.130082e-02
-1.228396e-02
-1.243314e-02
-8.374415e-03
-1.190761e-02
-5.854865e-03
-1.168409e-03
-2.276526e-03
-5.426895e-03
-6.955259e-03
-9.748247e-03
2.633205e-03
-4.866467e-03
-5.380763e-03
7.904777e-03
2.449180e-03
4.315429e-04
4.764307e-03
6.689496e-04
-3.693284e-03
2.941993e-04
-3.214565e-03
-3.591441e-03
7.653824e-04
-3.375646e-03
-3.762666e-03
1.206813e-03
-3.150002e-03
-3.702816e-03
1.475987e-03
2.089312e-03
2.408873e-03
-1.490691e-02
-3.173597e-03
4.505015e-03
-1.004685e-02
-1.289593e-02
-1.193207e-02
1.964025e-03
8.551219e-03
8.943496e-03
1.453963e-02
7.020137e-03
-1.404749e-03
1.556673e-02
-1.952579e-03
-6.872390e-03
7.656689e-04
-1.451786e-03
-4.601018e-03
3.622962e-03
1.623099e-03
-1.454454e-03
8.350487e-04
-5.595284e-04
-3.367343e-03
-8.683045e-04
-5.420895e-03
-7.509748e-04
6.815381e-03
4.517658e-03
9.110008e-03
-5.674895e-03
-7.066805e-03
-6.470590e-03
-7.721029e-03
-8.183708e-04
-3.317150e-03
-6.785489e-03
-3.837298e-03
-8.279379e-04
7.551556e-03
6.225888e-03
7.639549e-03
2.135101e-02
2.325315e-02
1.488453e-02
3.705731e-02
2.366541e-02
1.126950e-02
3.135862e-02
3.045883e-02
1.004558e-02
2.511499e-03
-1.115206e-02
2.191001e-02
1.156168e-02
-1.021321e-02
1.764041e-02
5.121387e-03
2.889287e-03
2.101198e-02
-8.153138e-03
-1.271589e-02
2.139121e-03
1.313539e-03
-8.906598e-03
1.971676e-03
6.490814e-03
6.249692e-03
1.702715e-02
5.497424e-03
-1.504745e-02
-5.070076e-03
1.359431e-02
-6.457197e-03
-2.246232e-02
7.400517e-03
1.243911e-03
-4.232097e-04
3.196970e-03
-5.492439e-04
3.882536e-04
7.795555e-03
-2.202701e-03
-4.495795e-03
7.698927e-03
1.092341e-03
-1.350205e-03
7.597734e-04
-5.444800e-03
-4.540091e-03
5.781800e-03
-2.302028e-03
-3.804911e-03
9.811956e-03
2.297143e-03
-2.138373e-03
-3.632042e-03
1.329907e-03
5.307180e-03
-2.255260e-03
2.403873e-03
2.579224e-03
-2.660502e-03
1.951269e-03
-1.856761e-03
-2.519334e-02
-7.756795e-03
1.464257e-02
-9.582499e-03
-9.512682e-03
-1.213866e-03
1.589753e-02
-1.258452e-02
-1.171382e-02
1.430721e-02
2.424174e-02
2.723747e-02
8.852480e-03
1.703344e-02
2.487347e-02
1.378109e-02
1.845306e-02
2.221053e-02
3.480272e-03
-2.057408e-03
-2.483329e-03
9.742063e-04
-2.592037e-03
-9.682263e-05
-3.869048e-03
-5.467194e-03
9.636708e-04
5.412873e-03
3.433751e-03
5.372226e-03
4.995011e-03
2.517166e-03
5.422012e-03
4.376819e-03
2.580213e-03
7.054415e-03
-3.835520e-03
-6.117104e-04
3.448399e-03
-3.683631e-03
-5.070341e-03
2.692660e-03
-3.593297e-02
-1.111439e-02
-3.457833e-03
-8.754497e-03
2.022874e-03
1.605597e-02
1.575777e-03
-1.098774e-02
-1.395684e-02
2.891003e-03
8.898902e-03
-1.509172e-02
3.040809e-03
1.865543e-03
2.902842e-03
2.374356e-03
1.567133e-03
4.074435e-03
1.881849e-03
1.334495e-03
4.420519e-03
-1.602430e-03
1.079058e-02
1.220679e-02
-1.204657e-02
-7.078361e-03
-4.074675e-03
8.437970e-03
-2.121388e-03
-7.219831e-03
-1.856898e-03
-1.904930e-03
-6.683408e-03
1.202491e-02
9.595578e-03
-1.522975e-03
-1.911129e-03
5.020105e-03
-1.612028e-03
2.321758e-02
-2.327220e-02
1.324155e-03
3.985389e-02
-1.559515e-03
-1.510479e-02
1.470453e-02
-2.683584e-02
-1.281541e-02
1.556515e-02
3.691534e-02
-8.328492e-03
1.191141e-02
4.168176e-02
-1.322968e-02
1.154038e-02
3.331723e-02
-2.472954e-02
-8.967286e-03
2.614771e-02
-1.010237e-02
-5.061345e-03
2.722396e-02
-7.875483e-03
-2.704072e-02
1.692091e-02
-2.785284e-02
-4.302557e-03
-6.311745e-03
-1.240790e-02
5.099405e-03
9.553120e-03
3.172342e-03
-4.025786e-03
-3.347982e-03
5.373816e-03
7.571346e-03
4.493028e-03
1.336742e-03
5.322831e-03
2.995680e-03
-1.102993e-03
-7.357632e-03
-2.328563e-03
4.499985e-04
1.521730e-03
8.767821e-03
-7.478997e-03
-9.195293e-04
8.344480e-04
-8.928594e-03
-1.240767e-02
-7.142442e-03
-1.335655e-02
1.135921e-02
3.074211e-02
7.311995e-03
1.384092e-02
2.998442e-02
3.009000e-03
-5.022132e-03
1.693093e-02
-1.255316e-02
8.223345e-03
9.473783e-03
1.177002e-03
-3.669275e-02
-5.036754e-03
-1.749491e-02
-7.626253e-03
-7.690721e-03
-2.014834e-02
-7.102211e-03
-4.217191e-03
-9.891384e-03
-7.321781e-03
6.212622e-03
6.265198e-03
-6.626687e-03
-2.800474e-03
-1.842737e-03
-1.107085e-02
-8.211364e-03
-4.651302e-03
-4.993416e-03
-4.956618e-03
-2.872105e-03
-4.102584e-03
-5.280669e-03
-6.051225e-03
-4.708308e-03
2.124896e-03
4.253658e-03
-6.018793e-03
-1.238063e-04
2.795812e-03
-5.855556e-03
-6.025207e-04
3.626436e-03
8.827740e-03
-5.754828e-03
-1.484289e-03
-5.404423e-03
1.345117e-02
-1.280565e-02
-7.044395e-03
2.738932e-03
-1.057292e-02
1.020062e-02
3.045294e-03
9.951179e-04
-1.000824e-02
1.473540e-03
6.207181e-03
1.376779e-02
1.489748e-02
6.414322e-03
7.490091e-04
4.092190e-03
-7.267930e-03
4.982757e-03
5.280019e-03
-7.149355e-03
1.785158e-04
2.787138e-03
-1.048028e-02
-4.722043e-03
4.325308e-03
-5.819320e-04
-1.577014e-04
1.589929e-02
2.072631e-02
-3.371054e-02
-2.433233e-02
-1.367567e-02
-1.124425e-02
-1.135257e-02
-2.057425e-02
-1.861254e-03
-5.171386e-03
-1.888428e-02
6.962002e-03
9.813931e-03
5.971266e-03
2.643475e-02
1.322419e-02
1.835253e-03
2.207841e-02
2.474010e-02
2.478388e-02
2.456137e-03
1.380487e-02
1.864537e-02
-1.190757e-02
-1.365755e-02
8.804776e-04
-9.381374e-03
-7.054674e-03
-8.205168e-04
1.537064e-03
-1.424194e-03
5.225491e-03
1.727108e-03
-2.689967e-03
2.369200e-03
4.576192e-03
-7.248158e-03
-1.211732e-02
1.319252e-02
8.887280e-03
1.291634e-03
5.835927e-05
1.281048e-02
1.754409e-02
-2.790397e-02
-1.278256e-02
2.104420e-02
-1.193879e-02
-1.676922e-02
-7.952718e-04
1.519568e-03
-1.003570e-02
-2.146510e-02
4.369377e-03
4.005645e-03
-1.564063e-03
-2.067089e-03
-5.448430e-03
6.627996e-04
-5.572979e-03
-3.794175e-03
1.475942e-03
-1.087149e-02
-1.006842e-03
1.221111e-02
-3.430219e-03
6.197996e-03
1.818994e-02
-9.215803e-03
-5.284698e-03
-2.728133e-03
-4.495868e-03
-5.384298e-03
-6.144254e-03
4.747545e-03
3.330043e-03
3.998138e-03
1.287046e-03
-2.264779e-02
-3.048252e-02
2.847599e-03
-5.155898e-03
-6.878189e-03
-1.176996e-02
-3.625816e-03
1.244489e-02
2.777326e-02
2.574409e-02
2.892951e-02
2.302405e-02
1.767790e-02
1.980403e-02
2.060182e-02
2.122648e-02
2.294668e-02
-4.589723e-03
-8.231411e-03
-8.221346e-03
-2.357977e-03
-8.237945e-03
-9.837855e-03
3.345683e-04
-5.418648e-03
-5.967687e-03
3.844673e-04
-6.440657e-04
1.072188e-03
1.719618e-03
7.468239e-04
9.890947e-04
3.992967e-03
2.353674e-03
7.887314e-04
-8.536260e-03
-3.067688e-02
-1.179386e-02
8.243962e-03
-1.218336e-02
-4.004086e-02
1.374703e-02
7.956358e-03
-2.067143e-03
1.919111e-02
9.955238e-03
3.817415e-03
-5.481800e-03
1.014460e-02
1.779841e-02
-1.350042e-02
2.995427e-03
3.745309e-02
-1.837231e-03
-2.828677e-03
-6.729006e-04
1.207333e-03
-1.456525e-03
-1.145259e-03
3.853731e-03
4.644399e-04
-6.333268e-04
-3.576124e-03
4.509289e-03
-3.222911e-04
-3.399689e-03
1.134386e-03
4.147947e-03
-1.269948e-03
-1.440743e-03
2.690777e-03
-6.023093e-03
3.978338e-03
3.395038e-03
-4.698991e-03
1.184295e-02
1.253197e-02
-1.243994e-02
6.921923e-03
8.642614e-03
1.008227e-02
-2.524119e-02
-4.374294e-03
-1.294647e-02
8.604340e-03
7.292593e-03
-5.941581e-04
-3.410086e-02
-1.602486e-03
1.313658e-02
3.138719e-02
1.244263e-02
-2.043577e-02
2.296916e-02
-1.978107e-02
1.820101e-02
2.290907e-02
1.702668e-02
-9.904368e-03
1.896602e-02
5.926496e-03
-6.058016e-03
1.155502e-02
9.322906e-04
-2.586501e-02
5.113100e-03
6.391057e-03
2.366098e-02
1.104422e-02
2.381470e-03
-1.275655e-03
-3.157435e-02
6.191499e-04
1.571917e-02
2.167163e-03
2.132536e-02
-4.742946e-03
1.377468e-02
1.419706e-02
-1.895799e-03
-3.981504e-04
4.825927e-03
1.307097e-02
1.059752e-02
1.124077e-02
-3.243789e-03
2.978862e-03
9.957573e-03
2.727437e-03
-3.033871e-02
1.780908e-02
1.275965e-02
3.598860e-02
-2.446874e-02
1.093493e-02
1.126117e-02
1.342167e-03
-5.039206e-03
1.420044e-04
-9.920231e-03
-1.607536e-02
-7.029840e-03
-6.309681e-04
-5.755555e-02
-3.907357e-02
-9.499192e-03
-1.721038e-02
4.770328e-02
-4.367917e-02
1.826308e-02
-6.421285e-02
-9.797281e-03
-9.177507e-03
-2.550710e-03
1.800118e-02
-2.000063e-02
-1.959385e-02
-1.798997e-02
1.600117e-02
3.569704e-03
4.895519e-03
2.313887e-02
2.167400e-02
2.098992e-02
1.050360e-02
1.330757e-02
2.160696e-03
1.295189e-03
4.486028e-03
1.258391e-02
1.826736e-03
-1.150098e-03
4.800036e-03
8.865846e-04
1.496275e-03
2.700252e-03
1.919495e-03
-2.520478e-03
1.456263e-03
1.664447e-02
-6.748016e-03
1.430479e-02
-3.001364e-02
1.551914e-02
-1.734714e-02
2.569506e-02
-2.358940e-02
3.045112e-02
-1.196107e-02
-6.113344e-02
2.672997e-02
-5.041458e-03
5.073732e-02
-6.396514e-03
3.183518e-03
-7.568792e-02
2.005683e-02
2.087626e-03
8.002623e-03
3.763504e-03
-4.154798e-04
2.881589e-03
-1.166393e-03
6.307635e-04
-5.612033e-04
2.296926e-03
-8.781770e-03
-1.065706e-02
1.744461e-02
-1.163126e-02
-3.079071e-02
7.555355e-04
3.084694e-02
3.983938e-02
8.846950e-03
-7.245547e-03
-7.965384e-03
4.852893e-03
1.346175e-02
-1.829487e-02
-3.275295e-03
-5.598168e-03
-3.590680e-04
1.114689e-03
4.461900e-03
-1.004630e-02
-1.086592e-02
1.253026e-02
2.935242e-03
-1.381284e-03
7.543402e-03
5.415400e-03
7.457996e-04
1.198025e-02
2.582413e-02
9.671723e-03
8.144354e-03
2.641121e-02
8.898386e-03
7.664871e-03
2.704341e-02
7.387744e-03
1.328687e-03
1.503062e-02
4.122306e-03
4.723925e-04
1.036433e-02
2.041348e-03
-7.524748e-03
4.813953e-03
-6.365926e-03
2.349266e-03
-1.257895e-03
-4.447832e-03
-1.823952e-03
6.507767e-03
1.087116e-03
2.674508e-03
1.681559e-02
1.085315e-02
2.237813e-03
7.460979e-03
9.495754e-03
3.375763e-03
8.226413e-03
7.589959e-03
-4.375779e-03
2.663127e-03
2.578127e-03
6.109565e-03
-3.021570e-04
5.745213e-03
1.805017e-03
-2.398928e-03
8.869073e-03
2.005810e-04
-5.716180e-03
4.452724e-03
5.112859e-03
1.628170e-02
6.435191e-03
8.229635e-03
1.540311e-02
4.188898e-03
2.586286e-03
8.659660e-03
-4.201591e-03
-4.139698e-03
-4.892329e-04
-1.317815e-02
-1.154715e-02
1.097754e-04
-4.045407e-03
-2.010115e-02
-6.505293e-03
-6.525765e-03
-1.260819e-03
2.248372e-03
7.555549e-04
-1.936775e-03
3.488870e-03
1.983181e-03
6.744200e-04
4.149624e-03
3.191896e-03
-2.057093e-04
3.550844e-03
2.613411e-03
-4.777540e-03
-3.727449e-03
-5.764930e-03
-6.726423e-03
-5.831604e-03
-8.106148e-03
-9.548801e-04
2.676449e-03
3.686224e-03
-1.984590e-03
1.564593e-03
2.324151e-03
-2.913700e-03
4.584590e-04
9.705073e-04
-1.202930e-04
-2.238250e-03
-4.298443e-03
3.966969e-03
7.680656e-03
-1.725749e-03
3.818035e-03
6.754477e-03
4.066948e-03
-3.802330e-03
-5.010935e-03
1.194374e-03
-1.066428e-02
-1.138836e-03
-5.324721e-03
-3.947209e-03
5.061897e-04
-3.500122e-03
3.305347e-04
4.791329e-03
8.824246e-04
4.230213e-04
3.663927e-03
-7.109392e-04
-1.432498e-03
2.262842e-03
-2.084823e-03
4.313891e-03
5.956895e-03
-2.300222e-03
1.986842e-03
5.449419e-03
4.993645e-03
-2.209341e-03
-8.441201e-04
-2.495435e-05
4.882247e-03
9.088199e-04
-3.184701e-03
1.080344e-03
-9.562546e-04
-6.549929e-03
-6.784711e-03
-6.620944e-03
-8.291729e-03
