3.005932e-03
3.003975e-03
2.433399e-03
3.543016e-03
2.783961e-03
2.830529e-03
2.445464e-03
3.303434e-03
3.361491e-03
3.012952e-03
3.899403e-03
2.872318e-03
4.011488e-03
2.895385e-03
2.801646e-03
3.639721e-03
3.585945e-03
2.714508e-03
2.668543e-03
2.597902e-03
3.566072e-03
3.997582e-03
3.121183e-03
3.855752e-03
3.135797e-03
3.671434e-03
3.864042e-03
2.941874e-03
4.286330e-03
3.528866e-03
2.827133e-03
3.193113e-03
3.269785e-03
3.364097e-03
3.395212e-03
4.456034e-03
3.405440e-03
3.266335e-03
4.122451e-03
3.023345e-03
2.688055e-03
3.588596e-03
3.263062e-03
4.033369e-03
3.985259e-03
3.743509e-03
4.039741e-03
2.983732e-03
3.452335e-03
2.710861e-03
3.549190e-03
3.492169e-03
3.339275e-03
3.329838e-03
3.671565e-03
4.021191e-03
3.112204e-03
3.056285e-03
3.080998e-03
2.980963e-03
3.566855e-03
3.657209e-03
5.663801e-03
3.794990e-03
