-1.281734e-03
-4.422112e-03
3.666458e-05
-1.371607e-03
-1.378738e-03
-1.853663e-04
-4.477809e-03
-3.698139e-03
-3.001154e-03
3.087417e-03
-2.214551e-03
2.502260e-03
-2.125136e-03
-9.519784e-04
-3.888956e-03
-7.641183e-03
-3.639745e-03
-3.507670e-03
1.602174e-03
-3.728973e-03
-6.024131e-03
-6.076481e-03
-4.765116e-03
1.491342e-03
1.359643e-05
5.506281e-04
-2.310656e-03
2.698891e-04
-1.769770e-03
8.443315e-03
-2.651856e-03
-2.770759e-03
-9.208136e-03
-3.670519e-03
-7.680614e-03
-3.560173e-03
4.660350e-03
-1.287832e-04
7.647808e-03
4.017537e-04
-3.672127e-04
-1.553175e-03
-1.130002e-03
-2.611295e-03
-9.159629e-04
2.983529e-03
-2.483778e-03
-5.669675e-03
-5.618257e-03
-4.198762e-04
-6.515660e-04
-4.292698e-03
6.698667e-03
6.894532e-04
2.822849e-03
-3.025690e-03
1.684880e-04
3.288980e-03
-6.388411e-03
-4.325303e-04
3.215957e-04
3.844733e-03
-3.183204e-03
3.015958e-03
