-1.292665e-02
-4.411637e-02
1.207522e-02
-2.922517e-03
-3.918582e-02
-1.599675e-02
-3.557185e-02
-6.093425e-03
-3.748540e-02
-3.917170e-02
-2.792714e-02
-3.831332e-02
3.914385e-03
-2.185168e-02
-5.242448e-02
1.442920e-02
-1.301010e-02
-3.310660e-02
-1.672029e-02
-1.990508e-02
7.180084e-03
-2.647656e-02
6.001035e-04
-2.810240e-02
-1.582474e-03
2.924185e-03
-1.248447e-02
-1.937130e-02
-9.201284e-04
-2.716192e-02
-3.518767e-02
-2.255979e-02
-3.341609e-02
-4.585503e-02
3.644615e-03
-4.921080e-03
-3.702204e-02
-2.212054e-02
-1.313432e-02
-2.422072e-02
-1.558829e-02
-2.149731e-02
-2.045892e-02
4.402979e-02
-3.471668e-02
-1.550156e-02
1.255402e-03
2.997011e-02
-1.625141e-02
-4.550134e-02
-1.168838e-02
-4.916701e-02
-2.909596e-02
-2.949556e-02
-2.787548e-02
-4.861729e-02
-2.955559e-02
-4.272668e-02
-4.012970e-02
4.397610e-02
-2.797423e-02
-1.615834e-03
-4.240064e-02
-1.327304e-02
