9.152203e-01
9.055789e-01
1.062924e+00
1.116521e+00
8.948575e-01
7.060830e-01
9.508469e-01
1.204785e+00
1.140870e+00
7.425550e-01
9.621757e-01
6.727629e-01
1.170267e+00
7.870243e-01
6.039572e-01
1.034325e+00
4.793030e-01
1.005368e+00
7.408825e-01
8.362483e-01
9.078746e-01
1.021260e+00
7.579260e-01
1.076661e+00
8.700820e-01
1.044307e+00
5.086726e-01
1.034641e+00
6.953540e-01
9.578527e-01
8.502450e-01
8.205697e-01
8.015746e-01
9.131105e-01
8.312598e-01
8.499259e-01
9.067146e-01
7.985752e-01
5.062214e-01
1.079924e+00
1.016313e+00
9.697905e-01
1.126981e+00
6.036730e-01
9.513978e-01
9.262596e-01
8.744587e-01
6.673251e-01
8.587101e-01
7.443491e-01
8.042250e-01
1.009612e+00
8.564804e-01
6.771448e-01
1.046354e+00
8.530642e-01
7.379813e-01
7.616055e-01
1.149846e+00
8.170077e-01
7.406825e-01
8.373571e-01
9.395782e-01
8.446879e-01
