1.479182e-01
6.306981e-02
1.214765e-01
6.482466e-02
1.062130e-01
1.041919e-01
6.082412e-02
8.796995e-02
4.257922e-02
9.273648e-02
1.274466e-01
8.958039e-02
1.014581e-01
1.448664e-01
8.677252e-02
1.232842e-01
9.797551e-02
9.672076e-02
5.621605e-02
5.292968e-02
1.213172e-01
1.006925e-01
5.847720e-02
7.384234e-02
1.394921e-01
1.188324e-01
1.367503e-01
1.246420e-01
1.103829e-01
9.268891e-02
9.415937e-02
9.184808e-02
3.782981e-02
1.130441e-01
1.302553e-01
2.030083e-01
9.962300e-02
1.357361e-01
9.160522e-02
1.390845e-01
1.612288e-01
8.088882e-02
5.142241e-02
1.391608e-01
1.112432e-01
1.017487e-01
1.485110e-01
1.647469e-01
5.919722e-02
7.027167e-02
7.050771e-02
9.636148e-02
9.887824e-02
9.838814e-02
9.549794e-02
7.637592e-02
5.176901e-02
8.162336e-02
7.670169e-02
1.014951e-01
1.110158e-01
8.807376e-02
8.292720e-02
4.437081e-02
