-6.215345e-02
-5.809912e-02
-6.104862e-02
-6.427397e-02
-6.000419e-02
-6.589811e-02
-5.856166e-02
-6.732238e-02
-9.849099e-02
-6.647964e-02
-4.731026e-02
-4.544168e-02
-4.710346e-02
-4.615962e-02
-6.958397e-02
-3.229379e-02
-4.823561e-02
-5.515154e-02
-5.243275e-02
-5.176202e-02
-7.022585e-02
-3.213988e-02
-4.994238e-02
-4.462199e-02
-4.344112e-02
-6.595104e-02
-4.750581e-02
-5.748797e-02
-6.157994e-02
-2.618345e-02
-5.726983e-02
-5.875286e-02
-5.275664e-02
-6.400990e-02
-5.147375e-02
-1.506306e-02
-6.292564e-02
-2.470507e-02
-2.748599e-02
-6.024685e-02
-6.091984e-02
-6.447745e-02
-5.495163e-02
-8.225862e-02
-6.006470e-02
-7.768730e-02
-4.664518e-02
-5.740374e-02
-4.089642e-02
-6.703878e-02
-6.371463e-02
-7.174966e-02
-5.797872e-02
-6.304837e-02
-6.801927e-02
-4.954726e-02
-2.768262e-02
-6.720500e-02
-7.108181e-02
-6.868334e-02
-6.215021e-02
-5.541120e-02
-1.008077e-03
-6.010624e-02
