1.000826e-02
5.142490e-04
-5.397535e-03
5.405721e-03
-1.010657e-02
-6.453589e-04
-2.209409e-03
3.365973e-03
8.916384e-03
6.038696e-03
-2.312352e-03
-2.920357e-02
-8.236660e-03
-4.761695e-03
1.591393e-02
8.800316e-03
4.633015e-03
-3.327450e-03
1.939692e-03
-3.519701e-03
7.004367e-03
3.558266e-03
7.098123e-03
-8.193078e-03
-1.113464e-03
-2.560503e-03
8.375525e-03
-1.148983e-02
-6.001017e-06
4.705257e-03
-2.084094e-03
1.763421e-02
1.850246e-02
2.242912e-03
4.440546e-04
1.262146e-02
1.190099e-02
-5.709277e-05
1.457244e-02
1.166805e-02
1.140165e-02
4.605981e-03
-8.439668e-03
3.274268e-03
6.264615e-03
7.555054e-04
1.158908e-02
-1.348837e-03
-2.320808e-03
8.907201e-03
-1.559139e-02
-7.167389e-03
1.998979e-02
1.000623e-02
-6.783023e-03
7.192965e-03
9.378460e-03
8.096130e-03
6.065328e-03
-1.794858e-02
1.315278e-02
-1.218366e-02
2.066201e-02
2.521623e-02
