9.727617e-03
-3.032000e-03
-2.405147e-02
1.485756e-03
-2.092706e-02
-3.844637e-02
6.252119e-03
-1.432071e-02
-3.132804e-02
-6.039888e-03
-3.952472e-02
1.154639e-02
-1.649354e-02
-6.868288e-02
-2.063320e-02
2.360084e-02
-1.342932e-02
2.344568e-02
-2.000102e-02
1.627941e-02
-2.169079e-02
3.856941e-03
2.138997e-02
-3.043235e-03
5.533094e-03
2.910195e-03
2.053974e-03
-3.371274e-04
-2.676430e-02
-3.953601e-02
3.900958e-03
-4.130879e-02
-2.312296e-02
-1.321490e-02
-3.964968e-02
-2.376924e-02
-3.824144e-03
-3.648302e-03
6.988132e-03
1.918352e-03
1.228824e-02
2.612863e-02
1.223232e-02
1.703959e-02
-1.833854e-02
1.130171e-02
-4.642535e-02
2.428512e-03
9.871548e-03
-1.613628e-02
7.865730e-03
-4.636747e-03
3.477244e-03
1.281683e-02
2.744526e-02
1.892167e-03
2.493301e-03
3.595025e-02
-2.971788e-02
2.256919e-02
1.477725e-02
-4.565142e-03
1.528327e-02
-1.149499e-02
-1.172644e-02
-2.963905e-03
-6.925606e-03
-2.530938e-02
-5.194973e-03
-1.040239e-02
-1.276270e-02
-2.794058e-02
2.106795e-02
3.826967e-03
-1.789624e-02
-7.777513e-03
-5.177370e-02
-8.864344e-02
-9.966850e-03
1.423773e-02
1.485397e-03
-8.180691e-03
2.499346e-02
1.400855e-02
8.790733e-05
-4.279763e-03
6.770033e-03
1.793893e-02
-8.335054e-03
8.256408e-03
-4.038626e-03
1.873811e-02
-1.159971e-02
-2.287166e-03
1.502586e-02
-5.412863e-03
1.824516e-04
3.920150e-04
-1.126269e-02
-1.990121e-02
-5.090937e-04
4.631520e-02
8.393665e-04
-4.182863e-04
-7.148395e-03
-6.016621e-03
-1.341814e-02
-2.159243e-03
4.070198e-03
1.432280e-02
-1.692145e-02
-4.031799e-03
-2.387661e-02
-1.039777e-02
-9.417174e-04
1.271676e-02
1.381495e-02
4.192384e-04
3.935738e-03
6.303382e-03
3.218220e-03
1.060464e-02
1.494095e-02
-1.771643e-03
4.205524e-03
7.164839e-03
-2.369876e-02
-1.417554e-02
7.873343e-03
7.536146e-03
-1.683941e-02
4.451492e-02
-9.684226e-03
-1.009096e-02
1.227344e-02
-7.205730e-03
1.556216e-02
-1.247333e-02
4.005899e-02
5.355858e-02
5.603646e-02
1.482634e-02
3.196640e-02
-2.552337e-02
-1.656676e-02
-1.653244e-02
-4.495458e-03
-9.638031e-03
-2.184446e-02
-1.489730e-02
4.727454e-03
-8.103960e-03
1.690646e-03
-5.968926e-03
-2.672525e-02
5.984591e-03
-2.715773e-02
-4.875279e-02
-1.329761e-02
-2.333532e-02
-3.574670e-02
-5.732546e-03
5.551611e-03
-5.289905e-03
-2.826711e-02
2.178767e-02
2.065256e-02
-3.816013e-03
1.839126e-02
3.366131e-02
4.919844e-03
-2.688437e-02
-3.290518e-02
-1.395728e-02
-8.527210e-04
-1.917097e-02
1.253975e-02
4.983386e-03
-8.975141e-03
1.776987e-02
-9.889422e-03
-2.392224e-02
-1.913846e-02
-4.076073e-03
-1.343701e-02
-1.246295e-02
-1.285139e-02
-4.434713e-03
-5.160014e-03
-6.006940e-03
-1.770660e-02
2.035892e-02
9.632507e-03
-2.790453e-03
2.486690e-02
5.281319e-04
8.583425e-03
3.781852e-02
1.649971e-02
3.865087e-03
-1.713726e-02
2.021347e-02
2.209565e-03
-6.339166e-03
1.633808e-02
1.133051e-02
-1.566919e-02
1.067129e-02
1.333765e-02
1.298823e-02
-3.787655e-03
-1.209892e-02
-6.094408e-03
-8.034337e-03
-5.976376e-03
-2.148116e-03
1.007656e-02
2.279450e-02
3.880761e-03
1.533186e-02
1.739603e-02
-3.380041e-02
9.457253e-03
1.021914e-02
-1.772357e-02
-1.598452e-02
1.652267e-02
-7.644216e-04
-1.604021e-02
2.175327e-02
1.219602e-02
1.451900e-04
2.909353e-02
2.177892e-02
-1.936043e-02
1.811598e-02
-9.401133e-04
-1.688605e-02
3.317864e-02
8.870157e-03
-1.586736e-02
3.453292e-02
1.696757e-02
-1.144412e-02
-1.340551e-02
-6.336290e-03
-8.725158e-03
-1.783370e-02
-2.560823e-02
2.098743e-02
7.702806e-03
1.891408e-03
-3.039301e-03
6.764719e-03
-1.806056e-03
-1.222643e-02
9.738270e-03
-1.410626e-02
-6.044249e-03
-1.418385e-02
-6.734723e-03
3.733266e-03
-9.244521e-03
-6.170821e-03
1.733026e-02
4.031956e-03
7.932750e-04
-1.450841e-03
-1.584106e-02
-8.603500e-03
9.537392e-03
8.302833e-03
1.755792e-02
9.526074e-03
-4.587825e-02
2.226193e-02
5.872931e-03
-3.244963e-02
1.816247e-02
1.520630e-02
7.901826e-03
1.219275e-03
-1.405967e-02
2.658607e-02
4.882852e-04
-6.362815e-03
2.968474e-02
2.844620e-02
3.440613e-03
1.426759e-02
1.980799e-02
-6.112361e-03
4.230317e-03
-4.641053e-03
-7.074110e-03
3.379681e-03
-1.415608e-03
-7.703769e-04
-3.423909e-02
3.435940e-03
-2.733716e-02
-5.680034e-02
-1.742145e-02
-4.445161e-04
-2.422021e-02
1.009436e-02
-2.346986e-02
-1.152570e-03
1.497270e-02
-7.447648e-03
1.740052e-02
2.457579e-02
-2.850062e-03
7.145602e-03
1.596398e-02
8.320341e-03
9.802014e-03
-8.389148e-04
1.297082e-02
9.736788e-03
-6.717932e-04
6.519971e-03
4.201058e-03
2.240272e-03
-7.054416e-03
-1.866031e-02
-2.098953e-02
-1.442627e-02
-2.738256e-02
-2.159113e-02
3.210782e-03
-2.171134e-03
-8.577698e-03
3.540124e-03
-3.150631e-04
-7.010152e-04
-2.472597e-03
3.529359e-03
9.304018e-05
-3.979795e-03
-4.881030e-03
1.379568e-03
1.400472e-02
8.200439e-03
-2.226974e-02
3.681235e-02
1.839517e-02
-2.864221e-02
2.666973e-02
1.095965e-02
-3.688696e-02
-1.494602e-02
-3.520211e-03
4.267026e-04
1.825876e-03
1.142846e-02
3.479698e-03
2.057604e-02
2.613052e-02
1.307257e-02
4.161477e-03
1.400550e-02
1.161124e-02
3.713848e-03
2.701668e-03
-5.779525e-03
9.940442e-03
-1.549690e-02
-1.820131e-02
-7.415290e-04
-1.764911e-03
-1.034424e-02
1.239806e-03
-1.665707e-02
-1.818560e-02
5.415492e-03
-1.392608e-02
-2.397044e-02
1.513545e-02
1.020379e-02
-6.842332e-03
1.139534e-02
2.875702e-03
-5.988022e-03
6.077464e-03
-5.160725e-03
-7.074548e-03
-1.938462e-02
-1.785738e-02
-1.144462e-02
-2.484346e-03
5.012506e-03
2.960554e-03
3.690336e-03
-7.640344e-03
2.731035e-03
9.278065e-03
1.611785e-02
9.759909e-03
-6.172557e-03
2.204739e-02
1.009089e-02
-2.119233e-02
-1.213757e-02
-2.893145e-03
-4.905322e-03
-1.600402e-02
-8.055701e-03
-2.681408e-02
-3.097683e-02
-2.059939e-02
-2.587555e-03
4.808758e-03
1.783118e-02
2.666827e-03
-1.480588e-02
1.904585e-02
-7.033200e-04
-2.841866e-02
1.543871e-02
-2.881873e-04
-2.607842e-02
1.069343e-02
8.833800e-03
1.454174e-02
6.689194e-03
-1.247321e-02
1.215672e-02
-1.327558e-02
-1.017699e-02
-6.768276e-03
-4.462181e-03
1.627359e-02
3.396734e-03
-1.841145e-03
3.595184e-02
7.474843e-03
-8.996207e-03
3.998226e-02
2.269006e-02
1.588812e-02
-7.078183e-03
-1.541592e-02
-2.284753e-02
1.527085e-02
7.650584e-03
6.825663e-04
-8.888235e-03
-1.068384e-02
-1.189388e-02
2.622274e-03
-1.180603e-02
4.227966e-03
1.358633e-02
-1.978964e-02
-1.576124e-02
7.511329e-03
-2.393096e-02
-6.937117e-03
-1.317582e-04
2.959849e-03
-8.516508e-03
-7.578701e-03
-4.438563e-03
-1.380389e-02
-2.465618e-02
-2.039289e-02
-2.428722e-02
5.015352e-02
7.432812e-02
1.080431e-02
4.905013e-02
5.378352e-02
1.456318e-02
-2.927418e-02
-4.594137e-02
-3.079537e-02
6.173003e-03
2.114292e-03
1.211432e-02
-2.454086e-03
-1.624612e-02
-1.621759e-02
-1.108145e-02
-6.542385e-03
-1.120269e-02
-2.139341e-02
1.709026e-02
2.205259e-02
-3.293801e-02
-1.209387e-02
1.390795e-02
-3.360189e-02
-2.662178e-02
-2.418731e-03
2.275196e-02
3.248726e-02
3.526332e-02
1.658162e-02
3.585132e-02
3.231093e-02
-1.021374e-02
3.316297e-03
4.459943e-03
1.429593e-02
2.316319e-02
1.747017e-02
-1.484457e-02
-1.883088e-02
-1.500282e-02
-2.716058e-02
-2.467415e-02
-2.033176e-02
-6.195827e-03
3.034940e-02
2.194413e-02
-1.023744e-01
3.113114e-03
3.975311e-02
-8.050906e-02
-9.833464e-03
3.756418e-02
-1.034501e-02
8.612289e-03
1.252891e-02
-5.098540e-02
-2.963850e-06
2.610110e-02
-4.419558e-02
5.109346e-03
3.353938e-02
1.234301e-03
-9.609076e-04
-9.636392e-04
-4.154434e-03
-1.640009e-02
-1.029500e-02
9.403078e-03
1.911701e-03
1.464946e-02
5.800565e-03
1.167673e-02
2.520928e-03
-1.823064e-03
-1.348118e-03
-5.317400e-03
-3.388651e-02
-3.006514e-02
-2.136333e-02
-1.473091e-02
-2.132724e-02
-1.789518e-02
-3.967883e-03
-1.427431e-02
-2.991402e-02
-3.210921e-04
1.248658e-03
-2.764393e-02
-4.338958e-03
-3.224019e-03
-4.658132e-03
1.982753e-02
9.908206e-03
2.323036e-03
8.375691e-03
-2.254206e-03
-8.587272e-03
-3.444385e-03
1.141458e-02
9.040801e-03
2.367625e-02
9.302210e-03
-1.090052e-02
2.340176e-02
-5.759504e-03
-1.019359e-02
-9.765780e-04
2.764271e-03
-1.385181e-03
1.271074e-02
1.636566e-02
2.511068e-03
7.343485e-03
5.698288e-03
-4.417606e-03
-2.517957e-03
-1.204895e-02
-5.282559e-03
1.357177e-04
-6.551062e-03
2.946544e-03
-9.852275e-03
-1.927707e-02
-1.044314e-02
-1.102929e-02
-6.766552e-04
5.239879e-03
-1.195790e-02
1.093493e-02
-2.728332e-03
-1.035140e-02
-4.399722e-03
-1.430382e-02
9.375582e-03
7.679516e-03
-8.136320e-03
4.239846e-03
-3.889698e-03
-1.474029e-02
1.596740e-04
-9.238993e-03
-1.708303e-02
-5.175075e-04
2.021210e-02
3.122927e-02
-8.835954e-03
2.519311e-03
1.466410e-02
1.332345e-02
-6.180280e-03
-9.842669e-03
2.515036e-04
-1.251272e-02
-1.053585e-02
8.160943e-04
-1.052980e-02
-9.630115e-03
2.890915e-03
-7.563690e-03
-1.416441e-02
-4.928039e-03
-1.127077e-04
6.810516e-03
1.604382e-03
1.711813e-03
5.054831e-03
-1.197119e-03
7.089649e-03
2.040199e-03
-2.055275e-03
-1.233515e-02
-6.587546e-03
2.463741e-02
9.603882e-03
7.405763e-03
1.093723e-02
1.686085e-03
-8.404190e-03
5.720653e-03
1.680632e-02
1.634587e-02
1.260161e-03
4.849185e-03
4.402916e-03
1.289855e-02
3.742369e-03
-4.705463e-03
-1.977904e-02
-3.222311e-03
2.850391e-02
-3.160366e-02
-4.096020e-02
1.790054e-03
-3.917419e-03
-3.059518e-02
-1.789425e-02
-1.627077e-02
-1.867143e-03
9.553851e-03
-1.287200e-02
-2.050051e-02
1.548940e-03
-6.006738e-03
-2.192477e-02
-2.121725e-03
2.349453e-03
-2.327838e-03
-4.407804e-03
-1.202849e-02
-1.236676e-02
-6.689122e-03
3.112179e-03
2.703144e-03
7.623766e-03
-1.026411e-02
8.956445e-04
4.047256e-03
-8.720863e-04
1.434439e-02
1.391499e-02
4.249504e-03
-4.183498e-03
-4.716019e-03
-3.731282e-03
-1.065572e-02
-2.248923e-02
1.546659e-02
1.346950e-02
4.011564e-04
3.324077e-03
6.097194e-03
7.863515e-03
1.047489e-02
1.226165e-02
2.107688e-03
1.809440e-02
1.639218e-02
7.137191e-03
2.053734e-02
4.386873e-03
-1.830694e-03
3.992259e-03
-1.600274e-02
1.451561e-03
1.466744e-02
-6.709941e-03
-6.465788e-04
9.610310e-03
-8.235805e-03
-6.282903e-03
1.180500e-02
9.935448e-02
2.088614e-02
3.129336e-02
1.039452e-01
2.882735e-02
-1.640568e-02
4.043002e-02
-8.348904e-03
2.201937e-02
1.811965e-02
2.277920e-02
-5.001889e-03
-1.308845e-02
-1.993247e-03
1.193666e-03
3.024546e-03
3.047428e-03
1.631824e-02
1.174793e-02
1.177508e-02
1.122614e-02
1.056970e-02
-5.101454e-03
-6.515928e-03
5.990926e-03
-1.462342e-02
1.427638e-02
1.064314e-02
1.084103e-02
8.811279e-03
5.150587e-03
6.290454e-03
9.195173e-03
8.988105e-03
8.190807e-04
3.126212e-03
-2.505371e-02
-1.642571e-02
-8.126953e-03
-1.750428e-02
-1.926823e-02
1.372400e-02
8.328764e-03
1.378556e-02
2.169132e-02
2.341878e-02
2.422106e-02
2.113680e-02
3.493604e-02
2.888742e-02
4.554627e-03
1.349421e-02
3.395088e-02
8.871357e-03
7.134779e-03
-9.561822e-03
-2.227202e-04
-2.431686e-03
-1.144832e-02
1.686049e-02
1.742052e-02
9.081175e-03
1.103982e-02
1.957732e-02
2.116146e-02
-1.258401e-03
-1.200266e-02
-1.217253e-03
-2.786015e-02
-1.613693e-02
-1.313182e-02
3.815577e-03
4.761971e-03
1.043599e-02
7.518194e-03
1.128832e-02
-1.149477e-02
1.977682e-03
-4.496519e-03
-2.723446e-03
-9.076284e-03
-9.703933e-03
3.397491e-03
-1.339169e-02
-3.029995e-02
-1.903458e-02
7.295611e-03
7.245644e-04
4.209734e-03
-4.425918e-03
-2.454216e-02
-1.120935e-02
-1.073678e-02
-2.058924e-02
-1.053514e-02
-3.469140e-03
4.003558e-03
1.328947e-02
5.561852e-03
-2.469191e-03
7.631684e-03
-3.626622e-03
-4.130955e-03
1.305284e-02
-4.601552e-04
1.015335e-02
1.913261e-03
8.424170e-03
1.060132e-02
1.590044e-02
-1.037405e-02
7.267569e-03
5.859706e-03
-8.701442e-04
9.016871e-03
2.836578e-02
-2.809138e-02
-3.480268e-02
-3.478166e-02
-3.663908e-03
-7.265100e-03
-2.163744e-02
-1.334432e-03
-2.447463e-03
-1.046875e-03
9.810970e-03
-1.307893e-04
-2.041607e-04
-4.834550e-03
-1.231746e-02
-2.584972e-02
-1.252019e-03
1.379280e-03
2.419111e-04
4.292454e-03
1.513556e-02
-5.373788e-03
-1.776725e-02
4.712217e-03
-1.370584e-02
7.002789e-03
1.568289e-02
-1.064421e-03
-3.150729e-03
-2.370626e-04
-5.113526e-03
1.658758e-02
1.676102e-02
9.170863e-03
1.846282e-02
2.324784e-02
2.238084e-02
-1.343185e-03
1.240463e-02
1.477106e-02
2.845778e-02
3.676785e-02
4.570188e-02
3.278476e-02
4.613421e-02
5.282684e-02
-1.417133e-02
-3.153407e-03
-1.359884e-02
-9.532995e-03
7.381061e-03
-1.048892e-02
-1.696797e-02
4.252873e-04
-2.062199e-02
-8.646685e-03
-4.242753e-03
-1.321284e-03
-1.127546e-02
-1.060199e-02
-1.089006e-02
-1.589059e-02
-1.914705e-02
-1.984071e-02
3.341254e-02
5.708612e-03
-5.374409e-03
2.465779e-02
3.955082e-03
3.000518e-03
1.870328e-02
1.058913e-03
8.062865e-03
-1.852029e-02
-1.157084e-02
-1.978562e-02
-2.784012e-02
-1.369405e-02
-1.793249e-02
-2.781285e-02
-1.013020e-02
-3.343357e-03
-5.623792e-03
7.453158e-03
1.037397e-02
-1.526837e-03
1.714417e-02
1.640485e-02
-6.449774e-03
1.409042e-03
-3.282439e-03
3.089529e-03
3.548674e-03
2.523010e-03
3.034531e-02
2.892913e-02
2.528206e-02
1.984072e-02
2.415040e-02
9.257800e-03
-7.067165e-03
8.749627e-03
1.437986e-02
-4.135763e-02
-6.260187e-03
3.875036e-03
-3.267057e-02
-2.816797e-03
-8.842343e-03
-3.106756e-03
-1.178084e-02
-1.830898e-02
-4.470053e-03
-7.079586e-03
-1.013540e-02
-3.901193e-03
-1.378649e-02
-2.090629e-02
1.772157e-02
9.948787e-03
1.602942e-02
1.594111e-02
8.800392e-03
1.393903e-02
8.904381e-03
-3.535980e-03
-7.510201e-03
7.684904e-03
9.565541e-03
2.060444e-03
-1.297820e-02
-1.793514e-02
-1.391064e-02
-2.442561e-02
-1.873616e-02
-1.621411e-02
7.824559e-03
1.314618e-02
1.120596e-02
2.807758e-02
3.059499e-02
1.062374e-02
4.752079e-03
5.043968e-03
-4.409527e-03
2.091223e-02
1.069880e-02
1.806227e-03
9.864903e-03
6.354753e-03
-1.745573e-03
1.225054e-02
8.281925e-03
2.074325e-03
-7.232337e-03
7.338201e-03
9.561999e-03
9.247112e-03
1.203318e-02
1.744887e-03
8.019947e-03
6.407490e-03
-7.902561e-03
-8.568238e-03
-3.701380e-03
-1.326551e-02
-1.461261e-02
-2.990842e-02
-3.887435e-02
-1.406857e-02
-2.460942e-02
-2.111375e-02
-1.295586e-02
3.305765e-04
2.113200e-03
-6.832587e-03
-4.813284e-03
-3.269850e-04
-1.532748e-03
9.448668e-03
4.020800e-03
1.817793e-03
-3.667105e-02
-6.800184e-03
-3.977890e-02
-9.308318e-02
-2.840055e-02
1.320466e-02
-3.119585e-02
2.039000e-02
3.335206e-02
-3.995898e-02
4.048905e-03
2.700749e-02
-2.146418e-02
5.779869e-03
8.070027e-03
-1.318829e-02
-4.467370e-02
9.325998e-03
-8.365848e-03
-1.549729e-02
2.234093e-02
-1.540062e-02
4.314268e-03
1.439925e-02
-2.613763e-02
-1.353783e-02
3.132213e-02
-2.262544e-02
-3.913625e-03
1.330496e-02
9.443072e-03
8.438287e-03
-1.399801e-02
-8.235753e-03
-1.029438e-02
2.523234e-02
-1.630305e-03
-1.342208e-02
-8.614650e-03
-3.224428e-03
1.350986e-04
-5.416150e-02
-6.008537e-03
1.085438e-02
2.148958e-02
-3.074255e-02
-1.565252e-02
4.616770e-02
-3.874362e-02
-2.833194e-03
3.092990e-02
-2.602586e-04
-2.642556e-02
1.344289e-02
7.375814e-03
-1.982215e-02
1.499171e-02
-6.901116e-03
1.400950e-02
-2.007102e-02
7.831801e-03
-6.465137e-03
-1.304205e-03
-2.163447e-03
-2.777573e-02
6.839278e-02
4.872476e-02
-6.178401e-02
-1.761113e-02
1.696696e-02
2.094296e-03
-9.008019e-03
1.762793e-02
-1.607909e-02
1.628993e-02
-1.815348e-02
2.857657e-02
-7.131094e-03
-9.721739e-04
3.685110e-03
-3.053296e-02
2.934644e-02
-1.397867e-02
-3.388825e-02
3.962369e-03
-6.994121e-03
-2.998032e-02
-7.298959e-03
-4.519478e-03
7.649367e-03
-3.848189e-02
-1.924444e-02
1.974547e-02
3.528823e-02
-2.493966e-02
-8.799069e-03
8.356159e-03
5.494521e-03
-2.454821e-02
5.844563e-02
9.869649e-03
-4.715594e-03
-7.948545e-02
1.530238e-02
1.697645e-02
2.899691e-02
1.202652e-02
5.359396e-04
1.402541e-02
9.308184e-03
2.115328e-02
-4.510090e-03
-1.290399e-02
-8.140452e-04
2.678600e-02
1.792356e-02
8.703857e-03
-1.610666e-02
-2.126666e-03
3.144606e-02
-1.042853e-01
1.029162e-01
2.176954e-02
8.009518e-03
8.093528e-04
-2.453306e-03
1.508927e-02
-1.252264e-02
-9.969842e-02
6.002575e-02
-9.970816e-03
3.357892e-02
3.162588e-03
1.674125e-02
2.421010e-02
2.284673e-02
1.297646e-02
1.201275e-02
1.553670e-02
1.028106e-02
2.163441e-02
2.979313e-02
2.709473e-02
5.194551e-03
1.174000e-02
-1.331455e-02
-1.205336e-02
-5.367109e-03
-2.147568e-02
3.366321e-04
1.112830e-02
-1.135034e-02
1.741219e-02
1.021913e-02
7.635897e-03
2.231003e-03
5.630765e-03
-8.348204e-04
9.360837e-03
1.441860e-02
1.694465e-03
-5.946464e-04
6.504240e-03
5.077707e-03
2.606188e-03
5.963328e-03
-4.750669e-03
-5.230725e-03
-5.535394e-03
-1.581044e-02
5.735776e-03
-6.324926e-04
1.320020e-02
6.724985e-03
4.708439e-03
8.042356e-03
6.196200e-03
1.341597e-02
1.641671e-02
2.116645e-03
-3.696117e-03
-2.288873e-02
1.497182e-02
-1.567683e-02
-3.506366e-02
3.252609e-03
-1.691765e-02
-2.784622e-02
9.754376e-03
1.327423e-04
2.060465e-04
3.529925e-02
1.610881e-02
-1.077642e-03
3.322538e-02
2.060627e-02
-1.429804e-02
-1.358208e-02
-1.988234e-02
-1.466785e-02
-1.829337e-02
-1.322344e-02
-7.779095e-04
-1.131867e-02
-1.449801e-02
-3.174715e-03
1.162900e-02
2.027382e-02
4.068505e-03
3.183243e-02
4.246233e-02
3.671345e-02
1.776270e-02
1.857099e-02
2.575011e-03
-1.798955e-05
2.105069e-03
-1.793267e-02
4.356587e-03
-1.598326e-03
-1.471909e-02
4.198286e-03
1.166080e-02
1.904023e-03
-1.012108e-02
-1.149430e-03
-1.778736e-03
7.190268e-03
-6.660432e-03
-9.230863e-03
5.703101e-03
-8.330154e-03
-1.196002e-02
-1.420467e-02
-1.627356e-02
-1.012513e-02
-6.043428e-03
2.420559e-04
3.053739e-03
1.517729e-03
1.046416e-02
6.105786e-03
3.099965e-03
4.492805e-03
2.320916e-02
-1.064404e-02
-2.946339e-03
9.375986e-03
-1.531332e-02
1.667852e-03
9.272556e-03
2.969170e-03
8.034522e-03
1.448171e-02
-6.950085e-03
-1.096969e-02
-5.254211e-03
-2.935046e-02
-3.021134e-02
-3.178415e-02
6.086082e-04
9.780417e-03
-1.051726e-02
-2.520438e-03
1.758590e-02
-2.186246e-02
-1.154784e-02
3.025771e-03
-1.029305e-02
6.829325e-03
6.667166e-03
1.632316e-02
-1.568579e-02
-2.427619e-02
-1.226071e-02
-2.993211e-02
-1.228603e-02
1.299468e-02
-9.343636e-03
-8.845595e-03
-3.276154e-03
1.135989e-02
5.562047e-03
6.726471e-03
1.307853e-02
5.107659e-03
5.504364e-03
4.223552e-03
1.657615e-02
9.029296e-03
1.850307e-02
3.344056e-02
2.453024e-02
1.909583e-02
3.272402e-02
2.341995e-02
-1.437037e-02
7.424070e-04
-1.325191e-03
1.888855e-03
-8.377581e-04
-5.151325e-03
4.054479e-03
9.560566e-03
-2.754712e-03
6.136486e-03
7.561856e-03
1.673430e-02
1.076163e-02
1.021797e-02
1.936315e-02
1.229242e-02
1.080259e-02
1.922965e-02
-6.504286e-03
-2.674338e-03
2.026187e-03
5.549418e-03
7.514313e-03
1.001512e-02
6.505634e-03
1.076366e-02
1.404635e-02
-1.036652e-02
-1.504799e-02
-1.560668e-02
-2.096197e-02
-2.495581e-02
-2.174664e-02
-8.308014e-03
-5.999297e-03
-1.634365e-02
-7.318449e-03
8.614467e-03
-5.386775e-03
-4.660908e-03
7.691232e-03
3.734691e-03
-5.826300e-03
4.480101e-04
-6.781380e-03
9.499832e-03
-2.190761e-03
-5.934961e-03
1.393762e-02
4.925868e-03
4.551668e-03
4.131366e-03
-6.451189e-03
-2.664259e-03
-7.688349e-03
1.702473e-03
5.798048e-03
-1.396520e-02
4.256607e-03
1.040478e-02
-1.634006e-02
-6.954492e-03
2.524607e-03
-1.486969e-03
1.613746e-02
2.710428e-03
-1.185916e-02
9.247171e-03
-4.935317e-03
-1.323472e-02
5.177690e-03
2.646190e-03
5.091506e-03
-7.077852e-03
-7.497514e-03
-3.411183e-03
-7.465845e-03
-1.634457e-02
-1.197944e-02
-1.275974e-02
-1.710650e-02
1.493666e-03
-3.173243e-03
1.408530e-03
3.472815e-03
2.258966e-03
7.692329e-03
-2.762340e-03
-5.030572e-03
-6.433213e-03
-1.163380e-02
-1.232448e-02
-6.410846e-03
1.476809e-02
8.096947e-03
1.769172e-02
2.096434e-02
1.070033e-02
9.244333e-03
1.149083e-02
1.233982e-02
1.341587e-02
-6.386451e-04
-2.879024e-03
-5.130514e-03
2.795469e-03
-1.286402e-03
-8.383130e-04
4.700432e-03
1.847612e-03
-2.145207e-03
9.046891e-03
2.037221e-02
9.021207e-03
-6.243322e-03
2.443072e-03
-3.229114e-03
-1.641807e-02
-1.066645e-02
-1.015042e-02
-1.200961e-02
-4.636856e-03
-1.698079e-02
-7.406518e-03
-1.669718e-02
-2.352396e-02
3.026314e-03
9.420172e-04
9.889673e-03
4.186050e-03
9.565069e-04
6.790688e-03
-3.034849e-03
-2.642899e-03
6.539698e-03
-1.779463e-02
-2.856420e-02
-2.345285e-02
-2.250860e-02
-3.571143e-02
-2.994310e-02
-1.624254e-02
-2.792770e-02
-2.261236e-02
-8.082056e-03
-6.786722e-03
-4.387068e-03
-4.261473e-03
-3.676769e-03
-1.662382e-03
2.647666e-03
8.670363e-04
3.873558e-03
-1.346038e-02
-6.817772e-03
-9.605321e-04
-9.538020e-03
-7.844362e-03
-4.319444e-03
-1.082744e-02
-6.013145e-03
-3.443046e-03
4.027325e-03
6.648746e-03
1.893102e-04
-7.135311e-03
-9.192519e-04
5.049877e-05
-2.276561e-02
-9.897721e-03
1.574547e-03
-1.247347e-03
-6.753517e-04
-7.464718e-03
-1.944046e-03
-2.480944e-03
-4.555282e-03
-4.880964e-03
-1.078139e-02
-7.127673e-03
-1.017256e-02
3.794025e-03
2.231224e-03
-2.456050e-03
1.068267e-02
1.034409e-02
3.068666e-03
1.031189e-02
1.097888e-02
5.365435e-03
1.147384e-03
1.726185e-03
-1.365892e-02
-1.690300e-02
-2.214946e-02
3.904823e-03
2.093178e-03
-2.993193e-03
-1.779803e-02
-3.862111e-03
6.690173e-03
-5.723087e-03
1.483181e-02
1.752575e-02
-8.113503e-03
9.373002e-03
1.683855e-02
-6.266144e-03
1.254798e-02
6.768090e-03
-1.108711e-02
1.218629e-02
4.214195e-03
-1.226501e-02
5.450119e-03
-8.768643e-03
1.762546e-03
4.882129e-03
-3.538690e-03
6.718533e-03
1.165138e-02
-5.983746e-03
4.284831e-03
9.153008e-03
-1.395315e-02
-3.156995e-03
-7.210273e-03
-4.627611e-03
-8.472608e-03
-5.849475e-03
2.127677e-03
-6.651649e-03
-2.432007e-03
5.132687e-03
-7.390788e-03
5.238167e-03
2.087590e-03
-1.289108e-02
4.555935e-04
2.329215e-03
4.184894e-03
1.502883e-02
1.519941e-02
7.037685e-04
2.362093e-03
-2.521339e-03
-3.527111e-03
-2.753020e-03
-8.115134e-03
-1.446620e-02
-7.493043e-03
-6.760058e-03
-1.233827e-02
-4.226433e-03
-9.845933e-03
-5.948117e-03
2.300285e-03
8.578086e-05
-5.047627e-04
5.451497e-03
7.311428e-03
-9.980608e-03
-2.034349e-03
-2.116406e-02
-8.539795e-03
5.697814e-03
-1.184602e-02
-4.552771e-03
-6.156579e-04
-8.296199e-03
-1.487356e-02
2.053875e-02
2.395387e-02
9.310823e-03
4.553369e-02
3.699383e-02
1.089079e-02
1.750776e-02
4.005581e-03
1.160087e-02
9.756352e-03
2.673562e-02
-5.300188e-04
-2.462916e-02
-1.385469e-02
6.961070e-04
5.054849e-03
-1.374159e-02
1.246746e-02
-1.335433e-02
1.612932e-02
-4.491493e-03
-2.602117e-03
1.886305e-04
-1.114023e-02
-1.466035e-03
-2.742087e-02
1.390900e-03
4.654603e-03
-2.070635e-02
-4.137816e-03
-1.643621e-02
-4.021107e-03
-1.472757e-02
-3.875339e-02
-9.347101e-03
-7.595774e-02
-7.680602e-02
1.165432e-03
-3.921177e-03
1.360001e-02
3.133818e-03
4.786857e-02
4.884354e-02
1.737017e-02
2.205200e-02
-2.764608e-02
6.587026e-03
-2.320235e-02
-1.913340e-02
-1.208627e-02
-4.470953e-02
-1.226940e-02
1.876185e-02
1.620314e-02
-7.064634e-03
-3.293041e-02
1.339833e-03
-2.908251e-02
-3.072953e-02
1.081197e-02
-1.919138e-02
-1.928957e-02
1.531508e-02
2.514394e-02
-1.697777e-02
4.098494e-02
2.239058e-02
1.340129e-02
1.357492e-03
1.495971e-02
3.893099e-03
-9.638974e-03
-1.209325e-02
-5.627698e-03
-1.888634e-02
-2.216774e-02
-6.144992e-02
3.933853e-03
2.697437e-02
-1.579006e-02
3.355800e-03
2.117117e-02
-3.949513e-02
5.956269e-02
1.689018e-02
-2.277065e-02
2.451043e-02
-2.451246e-02
-2.781466e-02
-1.954002e-02
2.380343e-02
-1.820830e-02
1.846565e-02
1.409786e-02
-2.477418e-02
6.904656e-03
-1.467309e-03
-2.578806e-03
-1.646929e-03
-3.446297e-02
1.064706e-02
-3.466315e-03
-2.246397e-03
-4.622062e-03
1.192935e-02
1.765922e-02
-1.775635e-02
9.512865e-04
1.949028e-02
-2.293001e-02
2.346064e-02
-1.970418e-02
-2.224935e-03
4.267948e-03
-7.195814e-04
1.527292e-03
4.245539e-04
1.783935e-02
2.284984e-02
7.042199e-03
-8.723869e-03
1.890817e-02
-9.008073e-03
4.312260e-03
-2.115840e-02
-9.365555e-03
3.626819e-02
1.816285e-02
-1.181974e-02
-2.333488e-03
4.960972e-02
-2.034644e-02
3.511597e-03
3.918374e-02
6.758625e-03
-1.138690e-03
1.915878e-02
-3.879811e-02
3.912012e-02
4.677931e-02
-9.518556e-03
1.239809e-02
-5.713918e-03
-1.694517e-02
3.646596e-03
-2.206673e-02
-2.424823e-02
-8.134743e-03
-2.086940e-03
5.773062e-03
9.949369e-03
9.094803e-03
1.132256e-02
6.742725e-03
-1.085818e-02
-3.624016e-02
-3.994044e-02
-3.761868e-02
-1.747370e-02
1.764084e-03
-1.679778e-02
4.789688e-02
3.866283e-02
2.144665e-02
-6.948429e-03
2.529052e-02
-1.251083e-02
7.783870e-03
3.568952e-03
-2.799705e-02
-7.697085e-03
2.368964e-02
-1.273444e-02
-4.240718e-03
-1.500034e-03
-1.464912e-02
-5.634702e-03
-2.556117e-02
-3.134186e-03
9.370524e-03
3.542073e-02
-6.497312e-03
7.516782e-04
1.514026e-02
-8.051211e-03
4.836532e-03
-9.799408e-03
-9.560071e-03
4.866927e-02
-6.036547e-03
-8.131417e-04
8.528626e-03
-1.770608e-02
-2.515238e-02
-2.658003e-02
1.811385e-02
3.771628e-02
3.835347e-03
2.544011e-02
1.206966e-02
-1.808046e-02
-1.974578e-03
-2.767635e-03
2.405224e-02
-7.599007e-03
-1.366766e-02
-3.953693e-02
1.957306e-02
3.994118e-02
-3.297305e-02
-3.175949e-02
1.199050e-02
-1.400317e-02
7.174541e-03
2.067028e-02
1.820147e-02
-2.039880e-03
5.527755e-02
3.737849e-03
3.061393e-02
2.770952e-02
-1.490151e-02
-2.681794e-02
8.913209e-03
-1.452179e-03
-4.786482e-03
-3.249114e-03
-3.088740e-03
-2.203253e-02
1.043425e-02
-2.614881e-03
-2.302436e-02
8.114272e-03
6.174150e-03
-3.012745e-02
-6.205107e-02
-4.234684e-03
-2.286511e-02
2.519992e-02
-6.472122e-03
-1.241036e-02
-1.098687e-02
2.600788e-04
-1.056148e-01
1.094027e-02
-2.242316e-03
2.671289e-02
1.439157e-02
7.615099e-03
3.270621e-02
-5.391563e-03
-1.158449e-02
9.984250e-02
8.085939e-03
-2.096829e-02
-8.452091e-02
-5.219559e-02
1.432505e-02
4.347333e-02
1.088825e-02
-3.953897e-03
-6.228380e-04
1.225424e-02
1.859747e-02
-4.196411e-02
-1.107880e-02
-2.013035e-02
7.494144e-02
3.937630e-02
-2.542385e-02
-1.141542e-02
-5.274236e-02
3.136417e-02
-2.279228e-02
-9.055900e-03
1.889448e-02
-1.964868e-02
-2.158464e-02
3.136656e-02
1.651670e-05
-9.945938e-03
1.322133e-02
3.529532e-02
-2.079620e-02
1.164198e-02
7.840667e-03
-2.560060e-02
2.517524e-03
6.819751e-04
2.026174e-03
3.198592e-03
-1.474462e-03
1.093674e-03
-1.937735e-03
-6.606387e-03
-4.164179e-03
8.251398e-03
-7.086046e-03
-5.396004e-03
1.456347e-02
-2.617955e-03
-4.589099e-04
5.309433e-03
-1.031122e-02
-8.431031e-03
-7.640533e-03
-2.736909e-03
8.796198e-03
-7.496620e-03
-3.046885e-03
3.497255e-03
-6.381344e-03
-2.014705e-03
1.009798e-03
4.255097e-03
8.936924e-04
-3.045297e-03
3.032418e-03
-1.983412e-03
-4.087724e-03
4.114842e-03
-4.668499e-04
-2.462791e-03
-2.565265e-03
-7.490291e-04
-2.944635e-03
2.288851e-03
2.205445e-03
-1.229017e-03
8.844541e-04
-1.256798e-03
-2.528760e-03
6.813383e-03
-1.727994e-04
3.721037e-03
1.424608e-03
-6.229533e-03
6.355415e-04
4.827902e-03
-4.618255e-03
2.992714e-03
-1.668375e-03
7.645297e-04
3.108489e-03
-4.648552e-04
2.797286e-03
-5.209621e-04
-2.788036e-03
-1.570987e-03
-2.882161e-03
1.845570e-03
1.215696e-03
8.056929e-04
5.172585e-03
5.378900e-03
5.772059e-03
-1.159469e-02
-1.187667e-02
-1.176733e-02
-1.080006e-02
4.135687e-03
-4.624608e-03
-2.978466e-03
1.161959e-02
-1.156606e-03
-1.033058e-02
5.813062e-04
-1.209707e-02
-3.660855e-03
-2.563482e-03
-5.070745e-03
3.661392e-03
3.265180e-03
2.619776e-03
-8.290195e-06
-7.143916e-04
-1.598967e-04
1.391138e-03
1.687039e-03
-2.603096e-03
-7.249088e-04
-2.046780e-03
-3.168678e-03
-3.673274e-03
-2.649803e-03
-4.085235e-03
8.403709e-03
5.556493e-03
7.011209e-03
-9.241533e-03
-8.800287e-03
-8.015898e-03
2.262064e-03
4.326770e-03
4.164838e-03
1.456139e-03
4.872442e-03
-1.668528e-03
1.492402e-02
1.537482e-02
1.149207e-02
-1.289487e-02
-1.172595e-02
-1.365810e-02
5.177460e-03
4.663811e-03
-1.420904e-03
7.109584e-03
3.717405e-03
-1.109402e-04
-6.752690e-03
-9.229677e-03
-1.012278e-02
2.281224e-04
1.372556e-03
-5.600207e-03
5.384364e-03
8.861050e-03
-3.442315e-04
3.689798e-03
-9.252220e-04
-3.432488e-03
6.567512e-03
-4.751770e-03
-4.110243e-03
1.936309e-03
4.079186e-04
5.887308e-04
-8.687558e-04
-7.123937e-05
1.697342e-03
9.570252e-03
1.248291e-02
-7.532889e-03
4.079666e-02
5.168077e-02
3.640290e-02
5.488085e-04
1.381008e-02
5.764268e-03
-3.377356e-02
9.015033e-03
-3.564692e-02
1.647089e-02
3.844967e-02
4.483238e-03
-1.212671e-02
1.704613e-03
-2.950222e-02
2.753129e-02
-2.856409e-03
-1.457817e-02
2.542283e-02
-7.951178e-03
-2.933608e-02
2.331133e-02
-1.587599e-02
-2.077477e-02
-9.348964e-03
-1.050834e-02
7.744043e-03
-2.088229e-03
-1.525908e-03
5.522027e-03
-2.863150e-03
1.032928e-03
-8.343644e-03
-2.305296e-02
-1.002643e-02
3.714837e-03
-1.910054e-02
3.278654e-03
-7.767052e-03
-1.201023e-02
-3.953763e-03
-6.618887e-03
-2.272378e-03
1.915852e-02
-7.342003e-03
-7.603694e-03
1.387129e-02
2.356079e-04
2.211877e-02
3.283105e-02
1.993172e-02
-3.576772e-02
-2.043852e-02
1.576283e-02
-2.153751e-02
1.060524e-02
4.660530e-02
-1.966935e-02
5.897061e-03
5.246464e-02
-3.764803e-03
-1.117623e-02
-9.958208e-03
1.216847e-02
5.726391e-03
5.889005e-03
1.170271e-02
7.980115e-03
-5.998165e-03
-2.080619e-02
-1.838581e-02
1.858518e-02
-4.288227e-02
4.812946e-03
5.185650e-02
-1.866067e-02
-1.179227e-03
2.728103e-02
2.057254e-02
-6.040192e-03
-1.695622e-02
-1.242350e-02
-2.416060e-02
-3.067501e-02
6.108021e-05
-9.588255e-03
-7.996970e-03
-1.003248e-02
1.275370e-02
8.319320e-03
-5.849340e-03
2.450107e-02
1.735605e-02
-1.452419e-03
3.308682e-02
1.554246e-02
2.008706e-02
3.296306e-02
-3.836162e-03
1.752218e-02
1.799074e-03
-1.136307e-02
-4.509036e-03
-2.918433e-02
-6.866171e-03
-4.887944e-03
-1.532536e-02
1.063779e-02
1.727563e-02
-1.625423e-03
1.090786e-02
-7.894928e-03
-1.776768e-02
-1.012264e-02
1.299081e-02
3.363288e-02
2.761914e-02
1.538210e-02
2.498949e-02
3.853679e-02
1.423158e-03
1.212414e-02
5.720522e-03
-2.933688e-03
-4.285671e-04
-1.348141e-02
1.823883e-02
1.566046e-02
-4.515072e-03
1.852808e-02
-4.196912e-03
-9.284390e-04
1.461530e-02
-5.589992e-03
-8.673417e-03
1.908361e-02
-2.018644e-02
-2.731377e-02
1.095785e-02
9.630209e-03
-3.722875e-03
-9.481503e-03
-1.187237e-02
-2.801935e-03
-8.765478e-03
-2.202835e-02
-2.220944e-02
3.256534e-03
-1.310147e-02
-1.001476e-02
2.935693e-03
1.837432e-02
2.267487e-02
-4.647113e-03
1.216322e-02
-7.295555e-03
-3.568613e-03
2.320078e-02
4.448459e-03
4.765063e-03
7.983346e-03
-9.913125e-03
2.031524e-03
2.247993e-03
-2.758339e-02
9.395359e-03
1.864840e-02
-1.506001e-03
-5.876609e-03
-6.589491e-03
-1.624621e-02
-1.236795e-02
-7.692244e-03
-2.271278e-02
-2.117185e-02
-1.276982e-02
-5.204070e-03
1.718088e-02
1.358676e-02
2.869121e-03
8.786781e-03
-8.753420e-03
-1.328019e-02
-1.628213e-02
-3.053520e-02
-7.807662e-03
-1.254448e-02
-1.812898e-02
6.572347e-03
-2.280247e-02
-2.617128e-02
-1.748073e-02
-2.483452e-03
-1.594591e-02
6.152231e-04
-1.688165e-02
5.702995e-03
7.966883e-03
-3.084800e-02
-1.042646e-02
-3.552932e-03
1.040537e-02
2.479083e-03
1.240666e-02
3.686087e-03
-1.684480e-03
2.170829e-03
-2.058055e-02
-4.218202e-02
-5.079246e-02
1.568257e-02
-9.150638e-03
-1.764051e-02
1.290867e-02
-2.976817e-03
3.252716e-03
-7.056935e-03
-2.389914e-03
4.639570e-03
-4.736910e-03
2.631115e-02
2.165457e-02
-9.758168e-03
-2.710630e-03
3.464640e-02
2.142016e-03
3.425080e-03
2.491930e-02
1.749989e-02
-4.190475e-03
1.574824e-02
-6.042453e-03
-2.236613e-02
-2.248740e-02
-5.387794e-03
-1.479360e-02
-1.300345e-02
1.582578e-02
5.295411e-03
1.116000e-03
-1.671454e-02
-8.238630e-02
-2.609421e-02
-1.997973e-02
-8.926611e-02
-3.714757e-02
-1.176749e-02
-3.719715e-02
-3.361695e-02
2.778545e-02
2.486804e-02
-7.334230e-03
2.070523e-02
1.032100e-02
3.564819e-03
-1.867728e-02
-1.053819e-02
-2.119918e-02
7.112262e-03
-2.098167e-03
1.104835e-02
1.553302e-02
-3.124743e-03
2.411249e-02
-3.419291e-02
-5.989767e-02
-5.820633e-02
8.469615e-03
1.290447e-02
1.098030e-02
9.417597e-03
2.337375e-02
1.966306e-02
-3.124778e-02
1.388183e-03
2.636439e-02
9.609897e-03
4.912001e-03
6.808752e-03
4.253273e-02
3.166230e-02
3.676089e-02
5.884832e-03
2.794933e-04
-1.249774e-02
