1.881197e-02
-5.342287e-03
-4.588225e-03
-2.257818e-02
-2.693290e-02
1.683316e-02
-7.484795e-04
3.960093e-03
3.065692e-02
6.502654e-10
7.235366e-10
1.743839e-10
-1.159751e-11
-1.229776e-10
-1.074418e-10
-4.259374e-10
1.089821e-11
2.550630e-10
-7.239119e-11
-1.161598e-10
-6.985463e-11
4.599546e-12
-1.575413e-11
6.781942e-11
1.387507e-11
2.769217e-11
8.585049e-11
-1.250402e-02
1.906403e-03
-2.804609e-03
-4.001416e-02
-3.807552e-02
1.722091e-02
2.311892e-02
2.685827e-03
-1.021978e-02
2.893269e-02
-1.277215e-03
-5.311173e-03
-8.817243e-03
-2.879407e-02
1.376754e-02
-4.655105e-03
1.390679e-02
9.689362e-03
-2.373833e-02
-2.046760e-02
-3.739849e-02
-1.212565e-02
-5.388570e-02
-9.215221e-02
-1.080713e-02
-2.070995e-02
-3.524493e-02
2.104591e-02
-1.851613e-02
-1.673834e-02
3.077191e-02
-3.482776e-02
6.432024e-03
2.718844e-02
-4.580549e-02
-7.733096e-03
5.202624e-11
2.140794e-11
7.119008e-11
9.991410e-11
9.989119e-12
-5.067498e-11
2.084750e-11
2.402105e-11
6.851404e-11
-5.776030e-04
-5.543870e-03
-1.583382e-02
7.993903e-03
1.822091e-02
-1.240515e-01
-7.697240e-03
-2.276982e-02
-6.812415e-02
-8.789159e-03
2.543585e-02
-1.887410e-03
-9.552277e-03
-3.794008e-02
-5.660040e-02
-5.780565e-03
1.712725e-02
9.834283e-03
-3.536764e-11
-3.537512e-11
-8.688777e-11
-2.074239e-11
-4.776749e-11
-2.744667e-11
3.304498e-11
1.454351e-12
-1.801654e-11
8.447588e-03
9.628956e-03
-4.448883e-04
-9.454997e-04
5.800170e-04
4.450224e-03
3.213862e-03
-1.999033e-04
8.700142e-03
1.155071e-10
1.081470e-10
4.251216e-11
2.945414e-11
4.614308e-11
1.288232e-11
8.618412e-11
9.158922e-11
7.147340e-11
1.896341e-03
3.885841e-03
-1.276258e-02
2.151530e-02
2.630193e-02
4.735467e-03
3.553227e-03
-2.526125e-03
2.718391e-03
1.326266e-02
1.127903e-03
-2.212078e-02
2.604326e-02
1.136252e-02
-2.811025e-02
2.419810e-03
-1.164010e-02
-1.085625e-02
4.869323e-11
-1.076602e-11
1.066210e-11
1.557954e-12
-4.212026e-11
3.346225e-11
8.420225e-12
-7.848922e-11
1.851812e-11
-2.094814e-02
3.112369e-03
-7.847141e-03
3.542702e-02
-5.334470e-02
2.540611e-02
3.426043e-02
-4.088165e-02
-2.030139e-03
-3.412207e-10
4.445260e-10
2.062404e-10
-5.328086e-10
-3.558142e-12
1.855045e-10
-5.936204e-10
-6.867880e-10
-2.619293e-10
-1.350914e-11
-1.747276e-13
-2.832774e-11
-5.988574e-11
-8.271786e-11
-3.133161e-11
3.823243e-12
6.405769e-11
6.242534e-11
1.867226e-02
-3.621753e-02
1.545806e-02
6.059779e-02
-1.007133e-01
4.838033e-02
-1.180857e-02
5.021386e-03
-7.660425e-03
-2.683772e-03
2.313783e-03
3.292597e-03
8.567900e-03
-1.737218e-02
8.800440e-03
2.012941e-02
-6.078076e-03
-1.302485e-02
1.009659e-02
-1.080340e-03
-2.143242e-02
3.183569e-02
7.624668e-03
-7.167588e-02
5.046528e-02
7.655985e-03
-4.605116e-02
-6.299158e-03
-1.506712e-02
1.032961e-02
-4.068030e-02
-6.616526e-03
9.940112e-03
-3.270727e-02
3.295024e-03
2.730410e-02
-9.577224e-12
-1.696249e-11
-4.721880e-11
5.342369e-11
4.850487e-11
8.754030e-11
-7.581821e-11
-4.782597e-11
-4.855042e-11
1.073048e-03
8.604540e-03
-7.815261e-04
-1.093879e-01
1.005232e-01
-5.163699e-02
-1.740682e-02
5.765644e-02
-1.297064e-02
3.549749e-02
-5.371935e-03
-2.584990e-02
5.560324e-02
1.610876e-02
-7.639915e-02
1.276818e-02
-5.188603e-03
-3.314067e-02
1.876448e-12
5.919795e-11
-2.514544e-11
2.659811e-12
2.947884e-11
-8.238153e-11
1.590844e-11
-2.701348e-11
-4.821158e-11
2.200700e-02
7.212739e-03
7.191604e-03
7.622884e-03
-1.395610e-02
-8.483627e-03
1.350998e-02
-3.284271e-03
7.457707e-03
2.527220e-11
-2.734844e-11
-5.221255e-12
3.795506e-11
-7.496299e-12
6.136040e-11
4.203005e-11
-1.205321e-11
-9.623301e-12
-1.182068e-02
1.421873e-02
-1.678461e-03
-8.274914e-03
2.283980e-02
-5.968274e-04
5.301317e-03
-3.005555e-03
9.421683e-03
-3.162267e-03
1.904751e-02
8.229129e-04
1.283967e-02
2.503305e-02
1.076820e-02
1.110107e-02
-1.298046e-02
-2.294153e-02
9.924197e-11
-2.261344e-11
-2.902678e-11
1.553733e-11
1.242733e-11
-4.564129e-11
2.008237e-11
-6.640097e-11
-1.841610e-11
-5.522789e-03
-3.624246e-03
6.254073e-03
-1.464417e-02
-1.052012e-02
6.220071e-04
-2.344512e-02
-2.361337e-02
-2.140445e-02
-9.468889e-11
2.776564e-10
5.013876e-11
-5.591173e-10
-1.624107e-10
-3.127419e-10
-8.742865e-10
-5.513867e-10
-6.967540e-10
2.952009e-11
-9.791462e-11
-4.331472e-12
1.610380e-11
-9.167330e-11
-6.558607e-11
-7.121392e-11
-8.132375e-11
-2.965017e-11
-2.157402e-02
-1.054615e-02
2.549654e-02
-1.508115e-02
-2.033912e-02
1.174477e-02
-9.476836e-03
-1.180667e-02
5.250257e-03
-7.637085e-03
-2.288867e-02
-1.272246e-02
1.654260e-02
-2.353449e-03
1.033759e-03
1.210970e-02
-1.248756e-02
-2.360098e-02
-3.313115e-03
-3.279433e-02
-3.774172e-02
2.223646e-02
-2.642619e-03
-2.984613e-03
3.479989e-02
-3.389570e-04
4.478087e-03
-5.408334e-02
-2.768752e-02
-2.698231e-02
-4.414187e-02
1.041033e-02
6.667272e-03
-4.635326e-02
4.413229e-03
1.306638e-02
5.777887e-11
2.956378e-11
-1.485381e-11
-8.718146e-12
-2.877769e-11
2.297980e-11
4.726212e-11
5.989561e-11
5.150686e-12
1.710359e-02
1.392752e-02
-1.282921e-03
-1.522165e-03
1.449656e-02
-1.526184e-02
1.269094e-02
7.474180e-03
-2.502580e-02
1.927809e-02
-7.338026e-03
-2.534841e-03
4.099233e-03
-2.632769e-03
3.016702e-03
-8.522060e-03
-1.715589e-02
-1.316475e-02
7.639472e-11
4.221819e-11
5.958850e-11
7.956490e-11
3.458462e-12
5.678261e-12
4.249769e-11
4.010872e-11
1.755762e-11
4.356843e-03
1.802427e-03
-6.484119e-03
8.099424e-03
4.087266e-03
-2.950499e-03
3.898956e-03
1.487002e-03
-4.244449e-04
1.553441e-11
-5.031188e-11
3.270557e-11
-1.335146e-10
-5.127270e-11
3.067426e-11
8.513688e-11
2.101741e-11
3.570163e-11
4.159958e-03
4.762940e-03
1.314647e-02
-2.985276e-03
-1.147850e-02
2.133289e-03
2.053532e-02
1.132016e-02
3.291312e-02
1.787993e-02
3.453300e-02
8.994753e-04
2.870402e-02
3.113580e-02
-1.023552e-03
1.651615e-03
-1.260014e-02
-3.914709e-02
-5.635519e-12
4.735430e-11
2.565528e-11
4.234869e-11
-3.771275e-11
1.353701e-11
-6.942094e-11
2.851923e-11
3.002523e-11
-2.056350e-02
-3.694688e-02
-4.662016e-02
2.232416e-02
2.117960e-02
-2.010755e-02
1.915324e-03
4.899291e-02
2.830060e-04
8.411738e-10
1.586512e-10
1.516415e-10
1.605110e-10
-4.877731e-10
-4.318551e-10
1.767545e-10
-3.120377e-10
-2.013750e-10
-1.090808e-10
-1.230290e-10
-1.490207e-10
-5.793989e-11
-2.852288e-11
-1.217551e-10
1.418560e-11
-5.989137e-11
-1.574076e-10
2.086040e-02
1.784145e-02
3.529477e-02
-7.213954e-03
1.927686e-02
2.683294e-02
-2.332366e-02
-1.258673e-02
-1.849443e-02
-2.546699e-02
1.592626e-02
6.598415e-03
-1.308161e-01
-1.993690e-02
5.729524e-02
-2.570237e-02
1.586753e-02
1.818444e-02
-1.924750e-03
-1.646688e-03
-2.495809e-02
8.606928e-03
2.991097e-02
7.342841e-03
1.529872e-02
3.968958e-02
-5.388517e-03
-4.941484e-03
7.478241e-04
-5.500921e-03
5.716946e-03
1.185200e-02
-3.437123e-03
-2.164545e-03
6.557766e-03
1.234181e-02
3.274951e-11
7.493750e-11
1.035028e-12
1.039326e-10
4.474982e-11
8.498564e-11
1.145595e-10
5.338692e-11
5.537445e-11
2.298037e-02
8.112370e-03
-4.718488e-03
-2.173781e-02
2.708903e-02
3.280850e-02
-1.424483e-02
2.170277e-02
9.147968e-04
1.893280e-02
-8.579406e-04
1.930732e-02
8.715919e-02
-2.687022e-02
-1.476774e-01
3.253295e-02
6.753379e-03
-9.094778e-02
-5.117322e-11
3.812564e-11
-4.116997e-11
-3.268153e-11
4.915453e-11
-1.088456e-10
-2.988711e-11
-9.466598e-11
-8.446457e-11
-3.967857e-02
-4.427092e-02
-2.437158e-02
-4.246751e-02
-4.583943e-02
-3.604435e-02
-2.506573e-02
-3.538268e-02
-1.986180e-02
8.181356e-11
1.265049e-11
-2.014049e-11
8.447575e-11
2.236011e-11
8.213508e-11
1.180473e-10
-3.046984e-12
-7.630827e-11
3.542032e-02
6.149699e-02
1.363773e-02
-2.394479e-02
3.121127e-02
2.621528e-02
-6.412682e-02
-2.461208e-02
2.100009e-02
1.188400e-02
1.656845e-02
2.127770e-02
-3.658470e-03
-6.416123e-04
3.290436e-03
-1.993219e-03
-1.337608e-03
1.032631e-03
-8.018825e-11
8.362216e-12
-9.996601e-11
-4.136603e-11
-1.402589e-10
-3.792023e-12
-5.231742e-11
-7.921129e-11
-5.372001e-11
3.031127e-02
-5.416031e-03
4.197221e-03
9.023495e-03
1.034019e-02
1.901003e-02
-2.818830e-02
4.857491e-03
3.566419e-02
1.107115e-11
-5.130851e-11
2.330965e-10
-2.231440e-12
1.152260e-11
2.901105e-10
-3.610987e-11
-9.862639e-11
2.211947e-10
6.215391e-11
1.134629e-10
-5.146077e-11
3.293490e-11
1.630060e-11
-6.617382e-11
-7.586922e-12
7.523450e-11
-3.818240e-11
-1.806259e-02
-1.042314e-02
3.670764e-02
-5.568731e-02
-1.016641e-02
2.809725e-02
6.814757e-03
8.499850e-03
7.885999e-03
5.670896e-03
-1.247129e-02
-4.528740e-03
1.282535e-02
-6.897605e-02
-5.772400e-02
2.958434e-02
-5.186038e-02
-4.150687e-02
2.953335e-02
9.702989e-03
1.798134e-02
1.439693e-02
-1.084098e-02
-8.857098e-03
2.624772e-02
-9.447617e-03
-2.701038e-02
2.392073e-03
1.662658e-03
-1.062581e-03
5.263314e-03
4.160195e-04
1.486756e-02
3.167327e-03
7.245643e-03
1.812630e-02
3.572697e-11
3.267271e-11
3.163315e-11
1.989193e-11
4.424260e-11
2.724065e-11
-1.067328e-11
2.655149e-11
1.540850e-10
1.837595e-02
3.006761e-02
-3.423855e-03
7.619764e-03
-9.852586e-03
-7.313161e-03
1.275615e-02
-7.227119e-03
-5.391612e-04
2.751681e-03
-8.025225e-03
-3.244844e-02
3.330390e-02
5.115434e-02
1.454844e-04
9.048231e-03
4.992767e-02
1.221499e-02
-4.838683e-11
8.947083e-11
5.432460e-11
4.434324e-12
3.399314e-11
1.173178e-10
5.448056e-11
2.989861e-11
-4.747289e-11
-4.739339e-03
-1.146575e-02
-2.506473e-02
-1.277864e-02
1.956524e-03
3.784925e-04
-1.280157e-02
7.489189e-04
1.216390e-03
-3.817697e-11
-1.602437e-11
4.221682e-11
8.543998e-11
1.318037e-12
5.093162e-11
6.029150e-11
8.416277e-11
5.483574e-11
-4.774386e-04
1.832040e-02
3.464014e-02
-3.770117e-02
-3.617723e-02
1.149641e-03
-1.031712e-02
-4.002016e-02
-2.991465e-02
-4.263052e-03
-1.229916e-03
-2.210762e-02
2.273065e-02
2.055772e-02
5.057313e-03
-7.261271e-03
-1.297136e-02
-1.877196e-02
5.435676e-11
-8.586807e-12
1.745227e-11
4.430879e-11
3.427726e-11
5.417672e-12
-2.055974e-11
1.269591e-11
6.807657e-11
3.737169e-03
-1.148192e-02
-7.499950e-03
3.503106e-03
-4.076616e-03
1.270197e-03
-6.046534e-03
-1.479403e-03
-1.380843e-03
-4.272076e-11
-3.529074e-11
4.742133e-12
5.476475e-11
-5.202763e-11
6.643969e-11
4.526192e-11
-8.853981e-11
-4.186758e-11
4.872940e-11
-4.183547e-11
2.591497e-11
1.614398e-11
5.297791e-12
1.733889e-11
-1.762838e-11
1.305891e-11
2.109316e-11
1.449044e-02
-6.737223e-03
2.562954e-03
-1.842204e-03
-1.534652e-02
-4.328837e-03
5.075172e-03
1.189689e-02
5.855956e-03
2.513883e-03
-1.232288e-04
-3.139155e-03
-3.672629e-03
-4.426362e-03
4.207659e-03
-1.728393e-03
4.929554e-03
1.027203e-02
2.903962e-04
2.519850e-03
2.835660e-03
1.753031e-03
1.247086e-03
2.604688e-03
-1.183361e-03
-1.646712e-03
9.028197e-03
-2.417546e-03
7.037117e-03
-1.356142e-04
4.104282e-03
1.152085e-02
-9.228078e-04
1.116778e-03
4.382611e-03
-6.110563e-03
7.959661e-11
5.763761e-11
4.609549e-11
9.014965e-12
7.621402e-11
4.184144e-11
5.537941e-11
5.905225e-11
1.307261e-11
-2.666646e-02
3.063351e-02
-1.776456e-02
-1.400539e-02
3.714483e-02
-1.323496e-02
-4.182768e-03
1.783913e-02
-1.200020e-02
-3.906329e-03
5.416157e-05
5.064740e-03
-8.184094e-04
-1.556911e-04
-4.040207e-03
-1.044696e-03
-3.442725e-03
6.022868e-03
9.826450e-11
1.423513e-10
8.251081e-11
8.174483e-11
1.994159e-10
7.647837e-11
8.798603e-11
1.080141e-10
5.418160e-11
-1.278928e-02
-1.182677e-02
-1.225749e-02
-2.079680e-02
-1.548529e-02
-1.808841e-02
-1.448229e-02
-8.556162e-03
-1.245036e-02
2.029034e-11
-1.044569e-11
-2.610235e-11
4.987427e-11
-6.807657e-11
-2.219680e-11
2.287103e-11
-7.076924e-11
8.379624e-12
3.804791e-03
1.474356e-03
4.272935e-03
2.500194e-03
4.566029e-06
2.049627e-03
3.599311e-05
-7.669760e-03
-2.350014e-03
1.137158e-03
2.339920e-02
-3.830044e-03
3.288671e-03
2.203392e-02
1.664113e-03
-6.125705e-03
1.139792e-02
-8.627583e-03
7.055060e-11
8.101902e-11
9.193145e-11
1.069816e-11
1.492491e-10
5.052647e-11
9.102117e-11
3.747189e-11
3.005528e-11
1.137251e-02
1.395189e-02
1.664883e-02
-3.216591e-03
-8.591305e-03
-1.113155e-02
7.093001e-03
4.306994e-04
6.433414e-03
-3.076454e-10
-1.343233e-10
-5.736664e-10
-1.842500e-10
6.455674e-11
-3.711833e-10
-4.270172e-10
-2.250669e-10
-7.278780e-10
3.872300e-11
1.320977e-10
1.663523e-10
5.443468e-11
4.486296e-11
1.224635e-10
4.851830e-11
7.072105e-11
1.758982e-10
4.519472e-04
-2.226665e-02
-1.545621e-02
-1.155651e-02
-5.948895e-03
-9.727729e-03
1.419855e-02
3.573660e-02
4.138560e-02
1.097682e-02
-1.647213e-03
1.350847e-02
2.585412e-02
-1.274935e-03
-1.714312e-03
3.165568e-02
1.114858e-02
2.857830e-02
7.338281e-03
-6.065641e-03
2.862121e-02
2.180115e-02
-1.599978e-02
1.290373e-02
2.115775e-02
-2.595424e-02
-4.123182e-03
7.992323e-04
-2.251408e-02
-2.609895e-02
-2.837178e-03
-8.830128e-03
8.785061e-03
-1.769620e-03
-4.012685e-03
1.101864e-03
9.107846e-11
7.238056e-11
-5.800915e-11
6.904374e-11
1.551562e-10
3.023843e-12
2.617603e-11
1.257455e-10
-1.327575e-10
-2.427858e-02
-4.902200e-02
3.369382e-03
3.680044e-03
-3.475099e-02
4.069846e-03
2.069810e-02
-2.574877e-02
4.276025e-03
2.371781e-02
-4.113989e-03
-9.645122e-03
4.010874e-02
3.785820e-03
9.307892e-04
3.031642e-02
2.087500e-03
4.071074e-04
1.286309e-10
1.717425e-10
2.132380e-10
9.636406e-11
7.993373e-11
1.412008e-10
-1.815665e-11
6.416347e-11
1.057761e-10
-8.221178e-03
-9.453978e-03
-1.097855e-02
-5.457389e-03
-3.438388e-03
-4.302597e-03
-7.176148e-03
-2.620811e-03
-3.976992e-03
5.118246e-11
1.630689e-12
-3.342737e-11
6.990247e-11
9.936377e-11
-7.288199e-11
-4.375342e-11
-2.377738e-11
-8.919850e-11
4.719595e-05
1.277555e-02
1.604199e-02
-2.096842e-04
7.044279e-03
1.191617e-02
-1.506635e-02
-1.033795e-02
-1.376199e-02
-1.831963e-02
-4.094555e-02
-3.775997e-02
-5.031972e-03
-4.997179e-02
-5.400488e-02
3.435229e-03
-3.928909e-02
-2.675616e-02
-3.082396e-11
4.096944e-11
1.116157e-10
-1.477822e-11
2.314904e-12
2.636595e-11
5.401415e-11
6.928113e-11
1.276580e-11
5.744379e-03
1.568386e-02
4.118839e-02
3.337201e-02
-1.031849e-01
1.816289e-02
-2.879888e-03
2.555344e-02
1.861602e-02
-1.558338e-10
1.793553e-11
-3.796881e-10
-2.295285e-10
-8.662982e-11
-4.325115e-10
-2.220438e-10
-1.923006e-10
-7.783125e-10
-6.467003e-12
1.349548e-11
-1.168718e-12
-8.004434e-11
-1.087850e-10
6.031770e-11
-2.932146e-11
2.368228e-12
-7.554535e-13
-1.787019e-02
9.164282e-03
4.882981e-02
6.389661e-02
-1.229183e-01
-6.766165e-03
-6.659153e-02
1.053906e-01
1.085258e-02
1.927702e-02
3.426997e-02
-1.038959e-02
7.964545e-03
-3.859082e-02
7.657160e-04
2.781567e-03
5.062873e-02
2.395834e-02
1.546281e-03
-5.924153e-04
-8.809044e-03
5.620668e-02
3.328666e-02
-5.032670e-02
8.500483e-03
9.860026e-03
3.363156e-02
1.802857e-02
8.127696e-03
3.902693e-02
-7.330669e-02
2.687263e-02
2.301683e-02
-1.711761e-02
-1.271515e-03
-9.750061e-04
2.169740e-11
4.421717e-12
-1.704748e-10
-8.012091e-11
-1.001586e-11
-1.119639e-10
-6.033999e-11
-1.065834e-10
-1.420386e-10
1.755062e-02
2.268489e-02
9.671436e-03
-1.021045e-01
1.905277e-01
-5.875747e-02
-3.451743e-03
-1.183621e-01
-1.056336e-03
1.400412e-02
-9.346017e-03
1.998294e-02
5.012774e-02
4.219260e-02
-7.715115e-02
-5.368402e-02
-3.843796e-03
3.822218e-02
-9.688966e-11
-8.167889e-11
-1.366755e-10
-7.642513e-11
1.680532e-11
1.244660e-11
-4.269437e-11
-2.201252e-11
-2.226191e-11
-1.938776e-02
-2.472125e-02
-2.523853e-02
-4.597191e-03
-1.518929e-02
-1.506846e-02
4.963784e-03
8.784796e-03
1.973779e-02
-1.214973e-10
-3.272708e-12
-1.343412e-10
-1.482720e-11
-4.104110e-11
-5.746853e-11
-2.553436e-11
2.313987e-11
-4.317432e-11
8.727355e-03
-4.408265e-03
6.154109e-03
-1.044580e-03
3.816791e-02
1.366507e-02
2.076291e-03
-4.111545e-02
-1.437188e-02
-3.831436e-02
2.769607e-02
1.361608e-02
-8.497942e-03
-1.674789e-03
2.520745e-02
4.132235e-02
-7.664124e-02
-1.660750e-02
8.622933e-13
2.929905e-11
-1.301455e-10
-1.061784e-11
-2.175741e-12
-1.457915e-10
-7.848441e-11
-1.362403e-11
-5.298455e-11
3.740623e-03
4.299116e-03
-4.555633e-03
-8.690625e-03
-3.013490e-03
5.584903e-03
-7.572050e-03
4.697880e-03
1.723995e-02
-8.594152e-11
-1.804583e-11
4.157814e-11
1.670991e-11
1.449122e-11
9.531849e-11
-9.669730e-11
1.333380e-11
3.950624e-11
-1.333585e-12
-2.801017e-12
-2.730565e-11
1.114707e-10
4.661762e-11
-5.326032e-11
1.232822e-10
4.551729e-11
-3.836138e-11
-4.338942e-03
-1.728093e-03
7.340829e-03
-1.631129e-02
-1.834475e-02
1.886031e-02
-3.808640e-03
-4.040134e-03
6.502659e-03
-1.157453e-02
-5.969089e-03
-3.804603e-03
-2.560867e-02
-2.081726e-02
-4.092685e-03
-1.386137e-02
-1.014092e-02
7.208206e-03
-3.273437e-03
3.782679e-03
-2.222851e-04
-5.705598e-03
-1.071579e-02
-1.413930e-02
-2.873317e-04
1.281722e-03
-4.662013e-03
-1.707641e-03
2.709855e-03
-2.603533e-03
1.667936e-02
1.693028e-02
7.017076e-03
1.145121e-02
1.186253e-02
4.700555e-03
3.607053e-12
5.557468e-11
-3.358085e-11
-3.215480e-11
9.672206e-11
-5.327219e-11
-3.287865e-11
-9.862072e-11
-5.797259e-11
5.193479e-03
1.847901e-02
3.569009e-03
1.098691e-02
2.727670e-02
-7.248335e-03
-2.843990e-03
1.609810e-02
-8.078088e-03
-2.024665e-02
-7.504994e-03
-9.403038e-03
-3.861673e-03
-7.864767e-03
-1.880360e-02
-4.735306e-04
2.679798e-03
2.939576e-03
6.289511e-11
1.078711e-10
1.242944e-10
1.557658e-10
1.362652e-10
6.625857e-11
2.477441e-11
8.329722e-11
6.766430e-11
-1.238155e-02
-1.470170e-02
-1.894994e-02
-2.146826e-02
-2.165819e-02
-2.187364e-02
-1.437174e-02
-1.885965e-02
-2.114620e-02
-7.144017e-11
-7.455727e-11
-1.537539e-10
-6.800380e-11
-1.095279e-10
-3.708689e-11
-3.362515e-11
-1.144508e-11
4.846806e-11
4.380163e-03
8.271243e-03
1.090629e-02
1.166406e-03
6.175887e-03
5.270945e-03
-5.324213e-03
-6.086019e-03
-6.657412e-03
-1.091927e-02
-1.091281e-02
-3.666819e-03
1.088511e-03
-1.477166e-03
1.195459e-03
-3.024607e-03
-9.033483e-03
-7.193208e-03
-6.084012e-11
-5.462296e-12
3.572228e-11
-6.123903e-11
-1.479385e-11
3.670230e-12
-1.557903e-11
-7.679755e-11
3.283508e-11
6.845996e-03
3.051979e-03
2.173713e-02
1.933058e-02
9.670797e-03
1.754087e-02
1.889461e-02
1.389062e-02
2.429820e-02
-2.556131e-10
-3.684101e-11
6.264637e-11
-1.461817e-10
1.584861e-11
1.524724e-10
1.288172e-10
3.347355e-10
3.948612e-10
-2.884091e-11
-2.833894e-11
-3.591476e-12
4.615113e-11
5.398227e-12
-7.930192e-13
-4.305894e-11
-7.429559e-11
-2.678190e-11
6.106837e-03
-1.023797e-03
6.922120e-03
4.370753e-03
-1.156683e-02
-1.749939e-02
-2.664316e-02
-1.761844e-02
-2.820172e-02
3.304545e-03
1.310281e-03
9.931730e-03
2.538595e-02
7.273806e-03
-1.936193e-03
1.566686e-02
5.698116e-03
-9.160950e-03
5.051278e-03
-1.689322e-02
-1.602476e-02
3.469403e-02
6.294213e-03
-8.583087e-03
4.609731e-02
1.922727e-02
3.395718e-03
-9.701710e-03
-5.169637e-05
4.927835e-03
-1.330624e-02
1.053943e-02
2.281001e-02
-4.257988e-03
1.877724e-02
1.636994e-02
-4.491767e-11
5.562942e-12
2.599081e-11
-1.935980e-12
7.685774e-11
1.127115e-10
1.182109e-10
1.583191e-10
3.121226e-10
8.677809e-03
1.206055e-02
1.365064e-02
8.168099e-03
2.262093e-02
2.084636e-02
2.435022e-02
1.170842e-02
1.925084e-02
8.202818e-03
-5.868894e-03
-6.473587e-04
-5.967303e-03
-3.771384e-03
-1.013818e-02
-1.142206e-02
-1.916356e-02
-1.799349e-02
2.175168e-11
1.450664e-10
1.608364e-10
1.641372e-10
2.979888e-10
3.138925e-10
1.991492e-10
2.424980e-10
3.106581e-10
-1.066873e-02
-1.754786e-03
-4.905971e-04
-5.575876e-03
4.904437e-04
2.534349e-03
-1.115514e-03
4.726767e-03
3.816346e-03
-4.457309e-11
-4.548502e-11
-5.263498e-11
-9.291522e-11
4.436625e-11
-1.333942e-11
3.032296e-11
8.341348e-11
-2.936148e-12
-3.412436e-03
-1.061648e-02
-7.986034e-03
-2.954241e-03
-7.504738e-03
1.121005e-03
1.320983e-02
8.959297e-03
1.283036e-02
9.867030e-03
1.716624e-02
1.304788e-02
3.717300e-03
1.035094e-03
4.324656e-03
2.379635e-02
1.398548e-02
1.276636e-02
-7.456161e-11
7.565221e-11
8.104720e-11
-4.733911e-11
1.199852e-10
1.111982e-10
-3.553322e-11
8.663137e-13
4.992797e-11
4.773478e-03
4.821714e-04
-2.499563e-02
3.896697e-03
2.426048e-03
-1.810924e-02
1.069681e-02
9.074058e-03
-8.877494e-03
2.362276e-10
-1.737349e-10
5.438925e-10
4.412985e-10
-1.234084e-10
5.080869e-10
4.451594e-10
3.577494e-11
5.758823e-10
-1.339737e-10
-4.710410e-11
6.112316e-12
-7.759506e-11
-1.816292e-11
6.743983e-12
-5.936474e-11
2.371742e-11
-2.537938e-11
-8.249881e-03
-9.369683e-03
-9.305030e-03
1.138286e-03
-1.993775e-03
-3.059397e-03
-5.881505e-03
-1.540707e-03
-2.613606e-03
2.812964e-02
7.190298e-03
-4.284982e-03
1.695483e-02
-2.190337e-03
-9.341280e-03
8.001248e-03
-8.403461e-03
-7.946068e-03
3.597391e-02
9.811142e-03
6.070391e-03
2.641208e-02
-4.435132e-04
-9.129759e-03
2.297189e-02
-1.008153e-02
-2.604129e-02
-2.310149e-02
-1.189634e-02
-2.924163e-03
-2.171506e-02
-9.511234e-03
1.274737e-03
-1.603332e-02
-7.759118e-03
2.574354e-03
3.224708e-11
-1.054195e-10
2.011794e-11
-8.818674e-11
-5.033256e-11
9.171536e-11
1.217404e-10
3.877065e-11
8.160793e-11
1.028642e-02
-5.736215e-03
1.016547e-02
1.080133e-02
-5.943946e-03
3.074597e-03
2.308956e-02
-8.681988e-04
2.548683e-03
-2.538214e-03
-1.533582e-02
3.148885e-03
-1.275663e-02
-1.357643e-02
-3.100685e-03
-1.090705e-02
-6.878447e-03
1.289709e-04
-3.077099e-11
-3.246559e-11
-1.748822e-10
-2.469486e-11
-4.607108e-11
-1.336717e-11
-3.552233e-11
-5.677797e-11
-1.043641e-10
-1.837794e-04
-9.371533e-03
-1.147618e-02
6.882215e-03
-3.205500e-03
-3.234814e-03
1.873154e-03
-6.079771e-03
-1.988334e-03
-7.802996e-12
6.072556e-11
8.437220e-11
9.659936e-11
-5.559000e-11
1.350866e-10
7.169317e-11
-5.128611e-11
7.140469e-11
-5.205718e-03
-1.256111e-02
-1.028858e-03
4.280486e-03
-2.223394e-03
6.900908e-03
8.969979e-04
-8.591037e-03
-1.456624e-03
2.151817e-02
3.106151e-02
-5.429371e-03
7.993774e-03
1.773750e-02
-2.039115e-02
1.552743e-02
2.161014e-02
-1.444598e-02
8.274148e-11
4.870030e-11
-1.405609e-11
-1.070356e-11
2.335726e-12
-4.756294e-11
-4.709767e-11
2.790771e-11
9.786305e-12
-2.475921e-03
5.234079e-03
3.774532e-02
-1.013025e-02
-5.236716e-02
2.374929e-02
-2.205012e-02
-8.601861e-02
-2.441504e-02
4.408153e-10
1.239686e-09
6.217555e-10
2.074193e-10
5.399066e-10
6.564703e-11
-3.015693e-10
-1.601914e-10
-7.723503e-11
1.085021e-10
1.835064e-10
1.802654e-10
4.279338e-11
1.609645e-10
6.261720e-11
9.942042e-12
5.018172e-11
5.463036e-11
2.318360e-02
-2.901809e-03
4.352294e-02
9.749343e-03
-7.860620e-02
1.443860e-02
1.801266e-02
-2.448864e-03
1.772090e-02
-2.003185e-02
-8.025742e-03
-8.090092e-02
6.414052e-02
1.375744e-02
-5.680808e-02
-2.348592e-02
-4.286459e-02
-2.387049e-02
1.382036e-02
1.471781e-02
2.020783e-02
2.135057e-02
-2.960310e-02
-2.002277e-02
-2.378684e-03
7.775928e-03
-9.451947e-03
-8.847148e-04
-2.223894e-03
5.220626e-03
-1.911821e-02
-1.426870e-02
-6.221717e-03
3.099483e-03
-7.058169e-03
1.495821e-02
4.713753e-11
4.362946e-11
9.506273e-11
2.185930e-11
1.122781e-10
1.202840e-10
1.326180e-11
1.664423e-10
5.444654e-11
2.525869e-02
-4.915634e-03
2.315805e-02
-1.901291e-02
1.230981e-02
-7.216474e-02
-4.210716e-02
1.824812e-03
-1.877301e-03
-4.792803e-02
-2.194094e-02
1.448836e-02
-8.803952e-02
-2.064417e-02
3.469067e-02
1.808564e-03
-7.740058e-04
-5.594885e-03
9.075795e-11
2.731623e-11
-1.157787e-11
-7.002275e-12
1.317228e-10
1.229572e-11
1.654046e-13
5.896650e-11
9.288965e-12
-2.686014e-02
-3.905194e-02
-3.941641e-02
-1.408621e-02
-1.520924e-02
-9.972636e-03
3.726300e-03
-1.269508e-03
-6.396004e-04
-3.969533e-11
-5.959320e-12
-6.741999e-11
-2.441063e-12
-5.062830e-11
-5.520162e-11
-6.878861e-14
1.774555e-11
-8.911985e-11
-7.880773e-04
-1.515066e-02
-1.246961e-03
-3.240003e-03
3.180871e-04
-3.418486e-02
-2.360219e-02
-2.485409e-03
-1.445710e-02
1.391257e-02
-7.204596e-03
-3.810042e-04
-8.915950e-04
-1.008442e-02
-1.731869e-03
-2.257956e-02
1.053544e-02
-1.040516e-02
1.281259e-11
1.467445e-11
4.137050e-11
2.512025e-12
-1.092389e-10
-6.628017e-11
-6.359363e-11
2.301878e-13
-5.613868e-12
1.570813e-04
3.864480e-02
-1.328076e-02
3.289943e-04
-1.489761e-02
6.185321e-04
1.547612e-03
-4.869755e-03
1.585103e-02
1.895246e-10
1.265639e-10
-4.949114e-11
-3.618274e-11
-6.540821e-10
-7.159662e-10
5.176806e-10
-5.493547e-11
-2.757324e-10
-4.686377e-11
-4.520304e-11
-8.223493e-11
3.045031e-11
-6.111059e-11
-4.109233e-11
2.465550e-11
-1.440924e-11
-5.594463e-11
-2.606633e-02
6.284399e-02
5.852892e-04
3.396416e-02
-1.466346e-01
-1.246258e-02
-8.956079e-03
3.532124e-02
2.854628e-02
2.329150e-02
7.883331e-03
-1.409913e-02
-1.818052e-02
-3.991100e-02
1.749848e-02
2.367177e-02
3.918109e-03
-7.071775e-03
-7.719875e-02
-3.603794e-02
3.525915e-02
1.234115e-02
3.353363e-02
1.369821e-02
-8.855825e-04
4.651818e-02
1.852849e-02
-2.421089e-02
-6.911269e-02
-6.858902e-02
-1.816072e-03
6.777082e-03
4.005587e-02
-1.390332e-02
1.874668e-02
-3.063150e-03
-7.308734e-11
-2.021173e-11
-6.645402e-11
1.042279e-10
1.024558e-10
1.135144e-10
4.355714e-11
2.009041e-11
1.801094e-12
1.200331e-02
-1.162566e-01
2.067913e-02
8.468923e-04
7.275575e-02
2.520359e-02
2.336187e-03
-3.605130e-02
-1.896294e-02
-3.473164e-02
-2.689959e-02
5.692500e-02
2.679669e-02
2.277980e-02
-2.877234e-02
-4.599450e-02
-1.800912e-02
1.677487e-02
-3.664807e-11
-4.417475e-11
1.266616e-10
6.142312e-11
-9.747790e-12
1.206114e-10
-5.302084e-11
-1.062608e-10
4.489605e-11
-1.716536e-02
-1.156130e-02
-1.281551e-02
1.189321e-02
-7.006278e-03
7.325532e-03
-1.332099e-02
-2.708733e-02
-1.024190e-02
2.264150e-11
-5.982909e-11
-6.847012e-11
-3.554200e-12
9.060907e-11
-5.439158e-11
6.302215e-11
1.025352e-10
-1.022920e-10
-3.090878e-03
-1.473372e-02
5.192833e-03
-5.171275e-03
4.649891e-02
2.290284e-02
6.764976e-03
-4.777099e-03
-5.307718e-03
5.704033e-03
3.900006e-02
1.169306e-04
-1.852806e-02
2.900762e-03
2.642525e-02
4.686608e-03
-4.822924e-02
-2.419958e-02
-1.500965e-10
-1.025626e-10
-8.351039e-11
-1.304080e-11
-5.080128e-11
-1.034138e-11
-3.980209e-11
-1.297156e-10
-8.310701e-11
1.940190e-03
-6.135846e-03
-9.670224e-03
1.031306e-02
-1.587227e-04
7.328931e-03
-1.032461e-04
1.497673e-03
3.078689e-03
4.218026e-10
4.795487e-10
1.105869e-09
2.675822e-11
-9.984102e-11
7.302635e-10
3.685838e-10
2.896957e-10
9.912315e-10
8.136080e-11
-2.972611e-11
-3.663968e-11
1.278756e-11
9.756937e-12
-1.411166e-10
5.590068e-11
-9.268873e-11
-8.709691e-11
1.103333e-02
-2.495807e-02
-1.407171e-02
1.006578e-02
-3.018581e-02
-8.078996e-03
1.804750e-02
6.638092e-03
4.620797e-03
-1.122314e-02
-1.320498e-02
8.776662e-03
1.175151e-03
-7.103926e-03
1.782169e-02
-5.954099e-03
-1.178783e-02
1.136157e-02
-8.639713e-04
-1.719913e-03
2.961023e-03
1.106369e-02
9.279232e-03
1.505568e-02
4.062060e-03
4.601381e-03
1.194722e-02
-5.032924e-03
3.657476e-03
-1.821444e-04
-8.069116e-04
9.132994e-03
-2.398361e-03
-1.244881e-02
2.769219e-03
-1.618283e-03
1.778745e-10
1.831204e-10
3.203368e-10
2.187692e-10
1.470956e-10
2.582684e-10
1.616760e-10
2.299669e-10
2.010964e-10
-1.943468e-02
1.555868e-02
-2.713212e-03
-1.480903e-02
2.501616e-02
-1.145453e-02
-1.396875e-02
6.203567e-05
-1.583787e-02
2.701805e-03
-8.010655e-03
1.299290e-02
8.944470e-04
-1.300238e-02
1.268760e-02
1.071342e-02
-1.722134e-02
1.261846e-02
1.091831e-10
2.400999e-11
1.312499e-10
2.446862e-11
5.528596e-11
1.045240e-10
1.015828e-10
2.308855e-11
8.525377e-11
-1.286392e-04
4.917107e-03
9.371408e-03
6.152723e-03
9.047238e-03
1.298400e-02
3.108873e-03
5.292330e-03
9.078514e-03
2.334621e-10
8.462081e-11
1.575566e-10
5.387721e-11
-4.919140e-11
1.568573e-10
6.975364e-11
8.882912e-11
2.285227e-10
5.544754e-03
-8.952383e-03
7.897703e-03
-7.318515e-04
-1.370402e-02
3.516475e-04
1.978675e-02
7.399556e-03
2.200047e-02
1.087991e-02
4.632777e-02
-2.551065e-03
-9.231356e-03
3.801340e-02
-4.697813e-03
-4.563508e-03
3.011515e-02
-1.438249e-02
-5.149633e-11
-1.472617e-11
1.785615e-11
-5.906486e-11
-7.790889e-11
-4.346416e-11
-4.717646e-11
-4.265535e-12
-4.794605e-11
2.874357e-04
-1.388960e-02
-6.441590e-03
1.057479e-02
3.046825e-02
-8.582891e-03
8.855701e-03
1.860583e-02
5.101009e-03
1.201392e-10
2.950808e-11
2.611950e-10
5.888068e-10
4.658767e-10
6.071839e-10
9.159348e-10
7.350730e-10
7.723741e-10
-9.093848e-11
2.108524e-11
-9.296230e-12
-7.549050e-13
4.078600e-11
4.153649e-11
7.908799e-11
1.561647e-10
3.904533e-11
-4.218237e-03
1.101110e-02
-5.129541e-03
-1.525331e-02
3.648217e-02
-5.819855e-03
2.363741e-02
-7.193475e-03
3.191670e-03
1.233017e-02
9.249260e-03
9.798514e-03
-1.064830e-02
1.157167e-02
9.275012e-03
1.083023e-02
1.779579e-02
4.641930e-02
8.060467e-03
1.603998e-02
4.591206e-03
-3.651075e-02
1.933611e-03
2.332498e-02
-5.309447e-02
-3.502116e-02
-9.658637e-03
-4.122912e-02
-3.975757e-02
-3.822692e-02
-1.379814e-02
2.045131e-02
1.416781e-02
-1.729403e-02
1.161618e-02
-1.015405e-02
1.928637e-11
2.213857e-11
-3.210357e-11
7.924044e-11
4.290420e-12
2.094126e-11
4.736583e-11
-9.460883e-11
2.100700e-11
-2.168395e-02
-4.707798e-03
-7.263018e-03
-2.343831e-02
-7.717818e-02
9.107954e-03
-2.275792e-02
-5.217027e-02
-6.496430e-04
-2.441445e-02
-2.953435e-02
-1.354440e-02
-4.012001e-02
-1.544048e-02
3.257006e-02
-1.249782e-02
1.406962e-02
3.322518e-02
5.963562e-11
9.011674e-11
5.390050e-11
3.460191e-11
6.220465e-11
6.313389e-11
-5.726765e-12
-1.563452e-11
-3.413467e-11
1.798216e-02
7.356384e-03
1.698311e-02
2.151041e-02
2.225923e-02
2.355198e-02
2.821829e-02
3.483072e-02
3.204458e-02
2.551743e-11
2.244944e-11
3.698340e-11
6.491266e-11
6.117938e-11
6.710064e-11
1.057652e-11
-1.112895e-11
-5.698194e-11
1.367517e-02
7.423194e-03
-1.363462e-03
1.338040e-02
8.985851e-03
9.649122e-03
5.346732e-03
8.655013e-03
-2.533873e-03
2.198622e-02
2.068271e-02
5.754491e-03
8.584533e-03
1.363409e-02
-8.882191e-03
-1.066506e-02
-3.214727e-02
-3.819728e-02
-3.868882e-11
2.750790e-11
-1.869406e-11
4.105666e-11
1.183059e-11
1.013502e-10
-3.418226e-11
5.856389e-11
-3.331470e-11
-1.989403e-03
-3.376507e-02
-4.844601e-02
4.057399e-02
8.828095e-03
-6.680048e-03
1.234923e-02
2.910822e-02
-2.104255e-03
4.624133e-12
1.305404e-10
-1.313682e-10
9.121597e-12
8.842498e-11
-5.519553e-11
-1.904631e-11
1.452894e-10
-2.644666e-11
-6.066201e-11
-2.454464e-11
-6.875463e-11
-5.589067e-13
-4.615261e-11
-5.916591e-12
-1.066115e-10
-4.998398e-12
-7.000377e-11
-2.937654e-03
-1.887073e-02
-2.025576e-02
-1.723877e-02
9.039465e-03
5.460469e-03
-2.979906e-02
2.547387e-02
-2.804387e-03
9.077472e-03
-1.728315e-02
-4.382454e-02
1.435881e-03
-6.521645e-03
-2.348779e-02
-1.266516e-02
6.466911e-03
4.725326e-03
5.473389e-02
3.574825e-02
-4.048811e-02
2.389633e-02
6.096634e-02
1.320300e-02
-2.058255e-02
9.430783e-03
2.554508e-02
-1.130882e-02
2.203679e-02
5.379118e-02
4.399484e-03
3.870894e-02
4.614092e-02
-6.256785e-03
-1.839048e-03
-2.538157e-02
1.219133e-10
3.639462e-11
2.175035e-11
4.667892e-11
1.015057e-10
7.489799e-11
9.621436e-11
6.399348e-11
1.831575e-11
1.977723e-02
6.044076e-02
5.351578e-02
-1.248480e-02
3.042002e-03
1.693008e-02
-1.863466e-02
-5.859623e-02
-1.453637e-02
7.610715e-03
8.107456e-03
-2.364147e-02
3.771715e-03
1.797500e-02
-1.163272e-03
-1.376045e-02
-1.436475e-02
-1.687355e-02
-6.965663e-12
5.455932e-11
-6.199858e-12
-8.860281e-12
5.855792e-11
-2.864470e-11
-4.497059e-12
1.214096e-10
-1.327531e-11
-1.181713e-02
-2.994534e-03
5.358459e-04
-1.072041e-02
6.561426e-04
9.864466e-04
-4.852301e-03
1.350713e-02
7.983040e-03
5.216741e-12
5.627878e-12
-6.119316e-11
1.957758e-11
9.262434e-12
-1.834410e-12
7.081415e-11
2.813513e-11
8.693662e-11
4.172530e-03
2.012946e-02
1.001635e-02
-1.072516e-02
-2.468695e-03
-4.439185e-03
-1.963320e-02
-1.736305e-02
-4.174919e-03
1.293863e-03
-1.330393e-02
1.254253e-02
8.774665e-03
-2.454449e-03
2.859016e-02
-5.587398e-03
-2.086399e-02
-2.293218e-02
2.187843e-11
7.049358e-11
1.507947e-11
-4.881386e-11
-3.403690e-11
4.139194e-12
-5.468401e-11
3.937319e-11
2.666538e-11
