-1.318303e-01
-2.373828e-01
-3.196393e-01
-1.940766e-01
-2.286259e-01
-1.760678e-01
-2.451073e-01
-2.101281e-01
-1.203088e-01
-2.573304e-01
-1.958445e-01
-2.222655e-01
-2.599997e-01
-2.184726e-01
-2.619508e-01
-2.310182e-01
-2.224103e-01
-1.865025e-01
-1.877435e-01
-2.439229e-01
-2.167543e-01
-1.887923e-01
-1.715106e-01
-2.372138e-01
-1.588991e-01
-1.693242e-01
-2.243379e-01
-1.947139e-01
-2.411124e-01
-1.487355e-01
-1.215066e-01
-2.031783e-01
-1.878877e-01
-1.978762e-01
-1.946875e-01
-1.660516e-01
-2.653266e-01
-2.915917e-01
-2.042456e-01
-2.409643e-01
-2.349273e-01
-1.485808e-01
-1.575571e-01
-2.281483e-01
-2.076717e-01
-1.913966e-01
-1.425637e-01
-7.194804e-02
-2.049342e-01
-2.727285e-01
-2.207863e-01
-2.012608e-01
-2.238280e-01
-1.688035e-01
-2.210690e-01
-2.952663e-01
-2.282571e-01
-2.777782e-01
-1.542249e-01
-3.438860e-01
-2.085109e-01
-2.059450e-01
-2.364715e-01
-1.691604e-06
