2.657329e-01
2.324572e-01
2.442741e-01
2.841125e-01
2.188886e-01
2.560785e-01
2.421298e-01
2.754875e-01
2.934352e-01
2.614845e-01
1.653716e-01
2.155521e-01
1.913122e-01
2.337890e-01
2.710627e-01
2.482453e-01
7.555728e-02
1.502507e-01
2.101449e-01
1.539365e-01
1.493209e-01
1.592968e-01
1.585912e-01
2.217816e-01
1.809196e-01
2.051426e-01
1.706650e-01
1.980865e-01
2.097682e-01
1.188298e-01
2.491581e-01
3.186279e-01
2.446207e-01
1.514844e-01
2.110910e-01
2.348799e-01
1.734725e-01
1.214758e-01
1.898897e-01
2.329459e-01
2.047816e-01
1.231938e-01
1.453991e-01
1.258398e-01
1.479838e-01
1.298822e-01
1.894873e-01
1.324563e-01
2.349566e-01
2.726383e-01
2.380629e-01
2.545566e-01
2.571115e-01
3.188805e-01
2.152804e-01
3.188382e-01
2.615536e-01
1.995343e-01
3.081200e-01
2.650539e-01
2.472582e-01
2.393596e-01
3.440669e-01
3.037245e-01
