4.654970e-04
1.598580e-03
1.953317e-03
2.432388e-03
1.169861e-03
4.148938e-03
2.147147e-03
4.867459e-03
1.839309e-03
3.111961e-03
1.852010e-03
2.651228e-03
1.079030e-03
1.002536e-03
2.998955e-03
2.155528e-03
4.471985e-04
6.734931e-04
2.502463e-03
1.954126e-03
9.580493e-04
8.623712e-04
1.357242e-03
2.648209e-03
5.712669e-04
8.937418e-04
8.388447e-04
6.145207e-04
8.521248e-04
1.356571e-03
1.749202e-03
1.794585e-03
6.062494e-03
6.596377e-04
1.737254e-03
1.034243e-03
3.218496e-03
9.640891e-04
1.737634e-03
3.969874e-04
9.962393e-04
1.274274e-03
6.336887e-04
2.526596e-03
7.357282e-04
1.145893e-03
7.414342e-04
6.537049e-04
1.803521e-03
4.570487e-03
1.733789e-03
2.645971e-03
1.642141e-03
3.663565e-03
1.289338e-03
2.168483e-03
2.256960e-03
2.141931e-03
2.623443e-03
2.063422e-03
1.044287e-03
4.051412e-03
3.172576e-03
3.142873e-03
