-3.904244e-02
-3.543358e-02
-1.745939e-03
-2.273979e-02
-1.805378e-02
-1.945839e-02
-2.778391e-02
-3.069882e-02
-1.257689e-02
-1.260300e-02
-1.538948e-02
3.608595e-03
-2.407497e-02
-3.666909e-02
-2.794985e-02
-6.243050e-03
-1.607338e-02
-2.158329e-02
-2.154293e-02
-4.093671e-02
-2.142729e-02
-1.512445e-02
-1.620129e-02
-2.713252e-02
-2.288300e-02
-2.149374e-02
-2.778045e-02
-2.127314e-02
5.074468e-03
3.599113e-02
-3.395884e-02
-2.387604e-02
-7.413033e-03
-2.509517e-02
-4.393348e-02
-5.967251e-03
-1.044177e-02
-7.592796e-03
-2.011188e-02
-2.246470e-02
-2.651470e-02
-2.060064e-02
2.108631e-02
5.594880e-02
-1.553864e-02
-1.469654e-02
-3.124464e-02
-1.753437e-02
6.700290e-03
-1.571798e-02
-3.764331e-02
-1.560208e-02
1.411416e-02
-8.025829e-03
-5.468114e-03
-1.224767e-02
-2.025773e-02
-4.776017e-02
1.682416e-02
2.521149e-02
-2.637161e-02
6.807884e-03
-2.927176e-02
-1.100756e-02
