-3.090600e-01
1.045870e-01
-2.301891e-02
-1.116429e-01
-2.375037e-01
-1.250368e-01
-3.031528e-01
-1.123523e-02
-6.956594e-02
-1.535699e-01
-1.914021e-01
-1.184617e-01
-2.096365e-01
-1.970714e-01
-1.516110e-01
-1.966738e-01
-1.357091e-01
-4.472815e-01
-1.533207e-01
-2.814919e-07
-6.820660e-02
-1.332279e-01
-2.031732e-01
6.580545e-02
-2.405619e-01
-5.160794e-02
-1.181529e-01
-2.616269e-01
2.174471e-02
5.832849e-02
-1.898523e-01
-1.956307e-01
-4.185635e-01
-2.286080e-01
-3.101588e-01
-2.069712e-01
-2.571844e-01
-1.457001e-01
-2.734786e-01
-2.694711e-01
-9.005810e-02
-7.871177e-02
-2.365371e-01
1.412334e-02
-3.008766e-01
2.349163e-01
-1.291816e-01
-9.052146e-02
-2.902877e-01
-3.660738e-02
-4.392564e-02
-1.916712e-01
3.382402e-02
-7.693282e-02
2.487026e-02
-1.540389e-01
-2.215537e-01
-1.850965e-01
-1.972344e-01
-1.977202e-01
1.270795e-02
-1.674968e-01
-4.216317e-02
-6.361867e-02
