8.292534e-02
7.362308e-02
9.809065e-02
8.121929e-02
8.431589e-02
7.554781e-02
1.164783e-01
6.811688e-02
9.523429e-02
7.413489e-02
8.541112e-02
8.162368e-02
8.196150e-02
8.743588e-02
1.031213e-01
8.471512e-02
8.613363e-02
7.038597e-02
6.805646e-02
9.256817e-02
7.697936e-02
9.781256e-02
7.933335e-02
9.054986e-02
6.542643e-02
6.760087e-02
8.159818e-02
6.434470e-02
8.944646e-02
1.003069e-01
1.217199e-01
7.582238e-02
8.434001e-02
7.480713e-02
7.985276e-02
9.651882e-02
8.034994e-02
7.723799e-02
7.604941e-02
7.649144e-02
6.909552e-02
7.096387e-02
1.127863e-01
8.937652e-02
9.142847e-02
7.747810e-02
9.359179e-02
9.890295e-02
6.622034e-02
7.522730e-02
8.065499e-02
8.853761e-02
1.040193e-01
8.969399e-02
8.686113e-02
9.351692e-02
7.586315e-02
7.900173e-02
7.798605e-02
9.634761e-02
1.072818e-01
8.128377e-02
7.113008e-02
5.856103e-12
