-1.892440e-01
-1.765033e-01
-1.845461e-01
-2.595090e-01
-1.765528e-01
-2.013209e-01
-1.821294e-01
-2.120094e-01
-2.927035e-01
-2.044871e-01
-1.880228e-01
-1.616837e-01
-1.579452e-01
-1.384555e-01
-2.350256e-01
-7.284050e-02
-1.319770e-01
-1.948356e-01
-2.081473e-01
-1.780470e-01
-2.276895e-01
-9.242126e-02
-1.242385e-01
-2.093481e-01
-1.237787e-01
-1.662023e-01
-2.266294e-01
-1.538636e-01
-2.003985e-01
-5.946680e-03
-1.922539e-01
-2.185897e-01
-1.643235e-01
-2.146932e-01
-1.555053e-01
-2.159613e-02
-1.967261e-01
-1.665470e-01
-9.584828e-02
-1.685547e-01
-1.761707e-01
-2.142147e-01
-2.447546e-01
-2.549836e-01
-2.211342e-01
-3.409056e-01
-2.026411e-01
-1.392453e-01
-1.186996e-01
-2.292554e-01
-1.835248e-01
-2.295331e-01
-2.300540e-01
-2.684104e-01
-2.310246e-01
-1.926756e-01
-8.683661e-02
-2.082502e-01
-2.881523e-01
-2.449426e-01
-1.674912e-01
-2.103398e-01
3.251138e-02
-1.889837e-01
