-1.346606e-02
-4.710400e-02
5.365673e-02
1.541193e-02
-9.081610e-03
-3.020327e-02
2.062898e-02
-8.490828e-02
-2.143708e-02
-4.890814e-02
-7.278435e-02
-8.248623e-03
1.361682e-02
2.455365e-02
-8.283345e-02
4.498847e-02
-8.599343e-03
-2.888136e-03
-6.566270e-02
5.008886e-03
-2.692831e-02
-3.465465e-02
-3.849074e-02
-8.256726e-02
-2.668817e-02
-3.154922e-02
-3.445437e-02
-2.565356e-02
7.080308e-03
-2.609367e-02
-2.692282e-02
1.011574e-03
-1.786873e-01
-2.193225e-02
-9.312905e-04
3.991313e-02
-1.005861e-02
-2.511957e-02
1.609581e-02
-1.757097e-02
-2.045357e-02
-4.293581e-02
-4.013503e-02
1.127416e-01
-1.601558e-02
-2.262186e-02
1.003209e-03
6.192460e-04
-4.198576e-02
9.822425e-03
3.811173e-02
-5.312736e-02
1.896909e-02
-2.955844e-02
-3.825734e-02
-2.251080e-02
-3.476769e-02
-3.483617e-02
-1.061103e-03
3.966323e-02
5.082059e-03
1.938955e-02
-1.376323e-02
7.603107e-03
