3.753873e-03
3.341379e-03
2.655154e-03
4.115979e-03
2.907184e-03
3.328784e-03
2.794072e-03
4.647575e-03
4.137204e-03
3.870327e-03
2.629772e-03
2.806578e-03
2.880624e-03
3.725021e-03
4.352646e-03
3.115778e-03
9.969935e-04
2.304572e-03
2.464405e-03
2.313299e-03
2.029232e-03
1.600063e-03
2.299703e-03
2.452542e-03
1.210700e-03
2.159666e-03
1.803256e-03
2.189726e-03
2.144200e-03
9.596683e-04
2.761199e-03
3.545269e-03
2.730864e-03
1.889899e-03
3.145574e-03
2.260611e-03
1.245216e-03
1.508563e-03
1.708545e-03
1.949114e-03
2.383539e-03
1.200574e-03
1.742003e-03
2.436134e-03
1.835307e-03
1.751494e-03
2.236622e-03
2.152198e-03
3.054563e-03
3.829779e-03
2.871989e-03
3.540827e-03
2.807715e-03
4.064833e-03
2.615744e-03
4.740942e-03
3.194672e-03
2.339927e-03
5.141981e-03
2.541205e-03
3.619638e-03
2.700864e-03
4.544806e-03
4.246333e-03
