-1.198125e-03
6.858676e-02
-2.942436e-01
-1.580494e-01
-1.381132e-01
-6.044838e-03
-1.087395e-01
-3.260818e-01
7.053881e-01
-1.755021e-01
-2.595203e-01
-1.312108e-01
-6.877044e-03
-3.855838e-01
-1.439703e-01
-3.234551e-01
-1.052719e-01
-1.878539e-01
2.232466e-02
-2.742961e-01
-2.050220e-01
-1.551736e-01
-3.127473e-01
-4.119846e-01
-3.177734e-01
-8.057334e-02
-5.011474e-02
-3.335519e-01
-3.149966e-01
-2.432309e-01
-3.242369e-01
-2.463379e-01
-2.464390e-01
-2.254622e-01
-2.780102e-01
-2.446437e-01
-1.109397e-01
-1.074585e-01
-2.837220e-01
-3.363975e-02
-2.550987e-01
-3.801212e-01
7.483646e-03
-2.963796e-01
-1.699478e-01
-8.859623e-02
-2.944007e-01
-1.778824e-01
-2.496937e-01
-1.074887e-01
-9.209446e-02
-2.592585e-01
8.026721e-02
-1.155656e-01
-1.427311e-01
-9.003931e-02
-1.695786e-01
-5.395410e-02
-9.130341e-03
-3.864514e-02
-4.049319e-01
-1.380642e-01
-9.699236e-01
-2.342721e-01
