-1.467207e-01
-2.144939e-02
1.058510e-02
-8.420645e-02
-1.457564e-02
-1.770936e-02
-6.854793e-02
-3.846390e-03
-5.543618e-02
-9.762187e-02
1.804882e-02
-6.882983e-03
-3.466227e-02
-5.198979e-02
-5.779726e-03
-7.937716e-02
-2.258642e-02
1.007793e-02
-1.264829e-01
-5.426916e-02
5.804521e-03
-5.190865e-02
-2.904195e-02
-8.539599e-02
-1.459858e-01
-1.590537e-01
-1.112273e-01
-4.654270e-02
-3.133288e-02
-6.228835e-02
-1.523489e-01
-1.434077e-01
-1.705751e-01
-7.411437e-02
-1.385365e-02
-1.575557e-01
-1.587771e-01
-9.784331e-02
-8.357166e-02
-8.718829e-02
-1.707813e-01
-5.800948e-02
-4.510943e-02
-7.983031e-02
-5.103080e-02
1.895986e-02
-2.998459e-02
6.050043e-02
-1.222150e-01
-6.733632e-03
-9.912861e-02
-1.185343e-01
-5.316808e-02
-1.866436e-03
-6.121061e-02
-8.197694e-02
-9.223627e-02
-6.003711e-02
-1.744232e-01
-4.108384e-03
-2.743213e-02
2.874399e-02
-1.277678e-01
-8.403078e-02
