-1.280267e-01
-1.527999e-01
-3.110109e-02
-1.128483e-01
-1.784126e-01
-2.297945e-01
-1.511726e-01
-1.886741e-01
-1.914006e-01
-1.859406e-01
-6.124464e-02
-1.522782e-01
-5.965068e-02
-1.258973e-01
-2.071968e-01
-9.740412e-02
-7.697036e-02
-1.324906e-01
-9.968413e-02
-2.242106e-01
-1.477290e-01
-1.353353e-01
-1.569811e-01
-2.179547e-01
-1.116613e-01
-1.147501e-01
-1.336773e-01
-1.151676e-01
-7.482201e-02
-2.266520e-01
-1.508956e-01
-7.204249e-02
-7.241956e-02
-1.665996e-01
-1.168013e-01
-1.047535e-01
-1.205780e-01
-1.671632e-01
-1.105382e-01
-9.598204e-02
-5.886780e-02
-1.567941e-01
-8.769436e-02
-7.043667e-02
-1.354733e-01
-7.674052e-02
-1.368007e-01
-1.181540e-01
-1.252099e-01
-2.957441e-01
-1.482795e-01
-2.108134e-01
-1.652200e-01
-1.696027e-01
-1.158185e-01
-2.071388e-01
-1.506999e-01
-2.126488e-01
-2.838133e-01
-6.018106e-02
-1.214229e-01
-1.872556e-01
-3.131582e-01
-2.770369e-01
