2.343571e-01
2.035026e-01
2.096441e-01
2.165325e-01
3.307533e-01
2.337377e-01
1.883517e-01
1.863406e-01
1.984325e-01
2.116437e-01
2.240570e-01
2.799165e-01
2.162265e-01
2.652998e-01
2.373208e-01
1.924974e-01
2.523838e-01
1.965744e-01
2.356530e-01
2.068157e-01
2.292342e-01
2.020885e-01
2.279368e-01
2.126245e-01
2.222134e-01
2.163120e-01
2.597356e-01
2.281710e-01
2.437372e-01
1.923171e-01
2.004848e-01
2.355793e-01
2.227683e-01
2.366447e-01
2.067335e-01
2.342588e-01
2.333986e-01
2.558647e-01
2.502182e-01
1.885246e-01
1.886861e-01
2.306689e-01
2.100188e-01
2.035437e-01
2.113599e-01
1.893811e-01
2.340753e-01
2.074054e-01
1.940808e-01
2.829373e-01
2.462001e-01
2.029723e-01
2.067221e-01
2.357579e-01
2.090220e-01
2.160208e-01
2.238683e-01
2.514739e-01
2.037439e-01
2.300987e-01
2.279508e-01
2.380661e-01
2.015863e-01
2.371613e-01
