1.573127e-01
2.148503e-01
3.109459e-01
3.108609e-01
2.111827e-01
3.962718e-01
2.704667e-01
4.156316e-01
2.488911e-01
3.258035e-01
2.219241e-01
3.021307e-01
2.039253e-01
-1.676888e-01
3.529189e-01
3.096670e-01
9.453733e-02
1.501823e-01
3.285990e-01
2.866067e-01
1.885807e-01
1.828281e-01
1.998693e-01
3.135240e-01
1.688727e-01
1.553055e-01
1.662828e-01
1.227296e-01
1.907747e-01
-2.204099e-01
2.927079e-01
2.806529e-01
4.905236e-01
1.428743e-01
2.408531e-01
2.131771e-01
3.882426e-01
1.849036e-01
2.602011e-01
1.386868e-01
1.667592e-01
2.225143e-01
1.432553e-01
3.474714e-01
1.362409e-01
1.552304e-01
1.780950e-01
1.138697e-01
2.286574e-01
4.121632e-01
-2.156410e-01
2.699738e-01
-2.236236e-01
3.885246e-01
1.563991e-01
2.769724e-01
3.162039e-01
2.968647e-01
3.138278e-01
3.205203e-01
-1.687182e-01
4.412203e-01
3.531261e-01
3.773310e-01
