3.698147e-03
-2.118038e-03
-1.334549e-02
5.306426e-03
1.078149e-02
-1.709895e-02
-7.644030e-03
1.827774e-03
-1.558176e-03
2.702738e-03
-1.974669e-03
7.471275e-04
-1.248995e-02
-2.657270e-03
-2.789847e-03
7.584050e-03
-1.351512e-03
7.345898e-03
-4.668541e-03
-5.112052e-05
-5.393348e-03
5.438739e-03
9.447211e-03
1.689688e-03
-2.543232e-03
-4.564156e-04
-1.938518e-02
4.611453e-03
-1.059548e-02
-5.822983e-04
3.960412e-03
1.455318e-03
-7.986804e-03
1.750916e-03
5.526622e-03
6.656381e-03
7.639788e-03
-1.514143e-02
6.613409e-03
-1.395494e-02
3.059017e-03
-9.729112e-03
7.449533e-04
-8.748253e-04
1.827756e-03
-7.969438e-03
-8.771596e-04
-3.671734e-03
-6.243608e-03
-3.102866e-03
-4.888502e-04
-2.307092e-02
-8.683694e-04
5.389171e-03
6.752762e-04
5.584216e-03
-2.600110e-03
3.199316e-03
8.948971e-03
-4.135645e-03
6.350285e-04
2.614041e-03
-1.770718e-02
-1.567293e-02
