-3.688422e-01
-1.384566e-01
-3.049275e-01
-2.762335e-01
-1.449176e-01
-3.199399e-01
-2.299181e-01
-1.798294e-01
-2.595673e-01
-8.435225e-02
-2.281278e-01
1.387082e-01
-8.718214e-02
-1.696675e-01
-2.637216e-01
-1.962055e-02
-4.312434e-02
-2.434716e-01
-1.306163e-01
1.797668e-02
4.940541e-02
-3.050080e-01
7.684474e-03
-1.481407e-01
1.928017e-02
-1.539979e-01
-8.214144e-02
4.330827e-02
-2.056316e-01
-2.560633e-01
-4.692027e-01
-8.975925e-02
-1.576521e-01
-8.805556e-02
-1.323040e-01
-1.890932e-01
-2.089069e-01
2.117079e-02
-2.360383e-01
-1.030496e-01
-1.996557e-02
-8.182853e-02
-2.645878e-01
-2.656729e-01
-2.401238e-01
-1.337255e-01
-1.747998e-01
-2.183892e-01
-1.268029e-01
-2.656145e-02
-1.634115e-01
-8.559962e-02
-1.284836e-01
-2.633673e-01
-5.523264e-02
7.823496e-02
-1.052862e-01
5.463626e-02
-2.122201e-01
-9.062423e-02
-4.028973e-01
2.102427e-02
-2.121068e-01
-9.977307e-07
