-1.840457e-01
-1.731692e-01
-9.780993e-02
-1.234971e-01
-1.187802e-01
-1.897527e-01
-1.926953e-01
-1.688943e-01
-1.766579e-01
-1.904063e-01
-1.471439e-01
-1.967888e-01
-1.229249e-01
-1.901510e-01
-1.352554e-01
-2.234183e-01
-1.447163e-01
-2.124690e-01
-1.715833e-01
-2.407291e-01
-2.810731e-01
-1.569751e-01
-7.585711e-02
-7.782435e-02
-1.325804e-01
-1.487449e-01
-2.501006e-01
-7.820018e-02
-1.718905e-01
-2.142588e-01
-1.346132e-01
-1.181277e-01
-1.017685e-01
-1.776734e-01
-3.305910e-01
-1.075529e-01
-2.061470e-01
-1.854196e-01
-2.239626e-01
-1.942262e-01
-1.402698e-01
-1.694982e-01
-1.907624e-01
-1.705795e-01
-2.048527e-01
-1.997961e-01
-2.077245e-01
-1.661379e-01
-1.964893e-01
-1.795641e-01
-1.727002e-01
-1.422907e-01
-9.758042e-02
-3.035218e-01
-1.016753e-01
-2.513789e-01
-6.792108e-02
-9.716576e-02
-1.859301e-01
-1.413652e-01
-2.351337e-01
-3.355447e-02
-2.283220e-01
-1.429681e-01
