-1.445025e-01
-2.359878e-01
-2.135660e-01
-2.616259e-01
-1.932490e-01
-2.176838e-01
-1.401591e-01
-1.881279e-01
-2.263962e-01
-1.664105e-01
-2.005105e-01
-2.156875e-01
-1.718404e-01
-2.267994e-01
-1.761815e-01
-1.695750e-01
-1.164555e-01
-8.518209e-02
-1.564782e-01
-1.975133e-07
-3.021063e-01
-2.628172e-01
-2.141528e-01
-2.063593e-01
-9.175856e-02
-1.647619e-01
-2.445349e-01
-1.096393e-01
-2.178602e-01
-2.455721e-01
-1.889888e-01
-1.450044e-01
-2.119747e-01
-1.430011e-01
-1.262761e-01
-1.119870e-01
-1.234505e-01
-2.522672e-01
-1.287726e-01
-1.287695e-01
-2.246655e-01
-1.771835e-01
-1.384731e-01
-2.366524e-01
-1.497141e-01
-2.590286e-01
-2.133197e-01
-1.763931e-01
-1.390336e-01
-1.295010e-01
-1.386987e-01
-2.107565e-01
-2.039428e-01
-1.879618e-01
-1.689874e-01
-1.255902e-01
-1.201941e-01
-1.360688e-01
-1.059485e-01
-1.432427e-01
-1.601779e-01
-1.702569e-01
-2.603673e-01
-1.994329e-01
