2.105015e-01
2.554896e-01
2.063427e-01
2.228252e-01
2.156644e-01
2.355443e-01
2.024450e-01
1.847833e-01
2.310210e-01
2.202581e-01
1.716603e-01
2.279918e-01
2.162316e-01
2.333342e-01
2.780753e-01
1.993642e-01
1.596151e-01
1.880532e-01
1.988257e-01
2.197083e-01
1.236951e-01
2.282147e-01
1.575307e-01
2.089402e-01
1.910501e-01
1.522901e-01
1.562379e-01
1.699835e-01
1.617738e-01
-2.679766e-01
2.977003e-01
2.303594e-01
2.476674e-01
2.089783e-01
1.888672e-01
2.306807e-01
3.052594e-01
1.855226e-01
2.205730e-01
1.624937e-01
2.092597e-01
1.265577e-01
-1.837637e-01
1.654019e-01
1.320141e-01
1.480606e-01
1.412166e-01
1.815401e-01
2.885747e-01
2.462976e-01
2.408750e-01
2.520327e-01
-2.095910e-01
3.130909e-01
1.950958e-01
2.801174e-01
2.768800e-01
2.700959e-01
2.483998e-01
2.623191e-01
1.856346e-01
2.700959e-01
2.746574e-01
2.620463e-01
