-8.128808e-03
-1.607875e-02
-1.079484e-02
1.472302e-03
1.322804e-02
-1.703423e-03
2.921724e-02
5.696628e-02
-8.269835e-03
-4.266267e-02
-2.645155e-02
3.520128e-02
9.221461e-02
8.618012e-02
-1.260615e-01
-5.595696e-02
-8.469041e-02
1.755299e-02
-2.238370e-02
-7.066210e-03
2.288599e-02
-3.518627e-02
1.024337e-02
3.028996e-02
-5.209181e-02
-1.639306e-02
3.607634e-02
1.067949e-03
-2.371871e-02
-4.230083e-03
1.348502e-02
-2.475078e-02
-2.538148e-02
8.583437e-03
4.162523e-03
1.299475e-02
1.619489e-03
-1.090015e-02
1.293908e-02
-2.399688e-02
-3.934923e-02
-8.095514e-03
-2.459084e-02
-4.785856e-02
-3.698476e-02
5.912196e-02
-5.400613e-02
-2.697885e-03
-4.368388e-02
-1.659612e-01
1.779550e-01
-2.085727e-02
-5.155776e-02
1.945191e-02
-6.814964e-02
5.776349e-04
-7.307520e-03
-7.436017e-02
1.373223e-02
2.695809e-02
2.465160e-03
-5.967858e-03
4.841870e-02
-1.792831e-02
-4.532762e-02
3.929463e-02
5.535446e-02
2.896102e-02
4.620957e-02
6.458091e-03
2.925887e-02
1.700074e-02
-4.779489e-02
-2.960206e-03
9.513377e-02
9.737803e-02
2.842362e-02
1.057730e-02
1.378385e-02
-2.361631e-02
1.613621e-02
1.118698e-02
-2.462189e-02
-1.015492e-02
5.306402e-02
4.984340e-02
2.981777e-02
2.934351e-02
4.888630e-02
5.521429e-02
-1.461542e-02
7.430848e-02
-2.522964e-02
4.523291e-02
-4.879712e-02
-1.196746e-01
2.890332e-03
7.068480e-03
7.158636e-02
-2.114322e-02
5.930135e-03
4.254877e-02
8.430935e-02
7.892018e-02
-1.117629e-01
7.031097e-02
9.397324e-02
-5.627785e-02
-4.500416e-02
2.091541e-02
-8.898578e-03
5.179230e-02
4.916915e-02
-3.144211e-03
-2.840117e-02
-2.097361e-02
-1.464439e-02
2.361426e-02
-7.964050e-02
-6.466830e-02
-1.329976e-01
-8.010939e-02
2.534597e-01
-4.398464e-02
1.914068e-02
1.335679e-01
-2.703224e-02
2.519080e-03
1.278999e-02
-2.198017e-02
-1.533858e-02
2.736983e-03
3.731441e-03
-2.078455e-02
-1.384114e-02
1.996662e-02
-5.356332e-02
-3.752664e-02
-1.513843e-02
3.245431e-02
1.363450e-01
-1.144774e-03
2.255472e-02
-5.622239e-03
-7.560971e-03
-3.591059e-03
-1.339166e-02
-1.244492e-02
-1.085106e-02
-3.059709e-02
-1.145098e-02
-1.040488e-02
-1.007320e-02
-3.906561e-03
1.590928e-02
-3.659469e-02
-7.737676e-03
6.843416e-02
-8.403399e-02
-9.954349e-03
2.210124e-02
-6.078931e-02
-1.482008e-02
5.936975e-03
2.384572e-02
-2.321577e-02
-1.043730e-02
2.809908e-02
-3.937185e-02
-3.176915e-02
1.391765e-02
-6.694824e-03
-1.172898e-02
7.009854e-03
-9.144818e-03
-1.472769e-02
7.149499e-03
-3.966077e-02
-2.723014e-02
-8.032219e-03
-2.157674e-03
-2.758097e-02
-3.219355e-03
-1.209162e-02
-2.706265e-02
-1.051288e-02
8.950422e-03
5.959906e-03
1.380799e-03
7.574828e-02
-8.132076e-02
-2.804926e-02
1.464630e-01
-1.835009e-01
3.536566e-03
3.981536e-02
-7.082698e-02
7.729243e-03
2.494858e-03
-1.252594e-02
3.617451e-02
6.708872e-03
-5.647292e-05
3.847201e-02
-6.832266e-03
-1.100339e-02
2.837653e-02
-1.272570e-03
-1.975524e-02
7.126409e-03
-1.808231e-02
-2.570220e-02
-1.882798e-02
-4.051154e-02
3.014585e-03
-1.654795e-02
-2.316012e-02
-1.005559e-02
1.407761e-02
-4.391285e-03
2.114737e-02
-2.658624e-02
-2.494930e-02
1.293620e-02
-1.122592e-02
-8.971000e-03
-1.069533e-03
4.805361e-03
-5.515405e-02
-2.638413e-02
-1.073514e-02
-1.254643e-02
-1.666522e-02
5.277577e-03
-1.682581e-03
7.269990e-02
-3.664372e-03
-1.327087e-02
8.736169e-02
-3.641142e-02
2.967304e-03
5.238223e-02
-1.626548e-02
-2.390475e-02
-3.296151e-02
-9.079891e-03
-1.740662e-02
4.560691e-02
2.135812e-03
6.145199e-03
1.157609e-01
1.701444e-02
-4.095912e-02
-2.653916e-02
-7.342969e-04
-3.478997e-02
3.775483e-02
-1.640426e-02
-2.689262e-02
4.620910e-02
-1.366053e-02
1.443204e-02
-3.469815e-02
3.020420e-02
6.791237e-02
-1.267014e-01
2.657848e-02
3.925477e-02
-7.252020e-02
2.903657e-02
4.948239e-03
-5.293753e-03
7.733969e-03
-6.673965e-04
-9.965684e-03
6.248306e-03
-1.423656e-02
-7.039263e-03
-1.866096e-03
1.069649e-02
4.225467e-02
-1.736842e-02
-1.415708e-02
1.048792e-02
3.634608e-02
-1.835407e-02
5.819407e-02
5.997733e-02
-1.478773e-02
-1.144794e-03
-1.360325e-03
-1.779866e-02
-8.734521e-03
-1.330957e-02
-3.841737e-02
-1.061322e-02
-7.058757e-03
6.206868e-03
-3.708388e-03
1.825791e-02
-1.885039e-02
1.104451e-02
3.347294e-02
-1.690769e-02
3.717478e-02
8.034208e-02
1.715627e-02
1.242416e-02
6.965299e-03
-1.625118e-02
-1.009219e-02
3.562722e-03
-2.829079e-02
-3.286111e-02
-1.096820e-02
1.268823e-03
-1.297643e-02
-1.669589e-02
1.891867e-02
4.770555e-03
-2.225617e-03
2.251239e-02
1.228506e-02
9.729835e-03
7.096646e-02
5.124494e-02
5.780842e-02
1.693512e-02
-5.646208e-03
-4.222968e-03
-4.313029e-03
-3.336603e-02
-3.154709e-02
4.297059e-04
4.643676e-02
-2.147027e-02
3.852300e-02
-1.562348e-03
-4.165556e-02
1.531748e-02
-2.831347e-03
-6.756198e-02
7.307947e-02
4.835983e-02
2.939534e-02
4.440166e-02
1.338909e-02
7.974950e-03
5.669529e-02
6.680462e-03
-3.111480e-03
-2.753900e-03
-8.819179e-04
-1.487585e-03
1.663156e-02
2.910355e-02
3.699575e-03
1.064036e-02
2.500281e-02
4.569443e-02
-1.179234e-01
-1.169776e-01
-1.125798e-01
-2.757456e-02
1.881164e-02
-1.591437e-02
2.965081e-02
9.510244e-02
9.165997e-02
-2.433073e-02
-1.521963e-02
-6.445638e-03
1.095667e-02
2.994516e-02
3.527850e-02
4.130906e-02
4.415759e-02
3.928424e-02
1.567665e-02
-2.351128e-02
-5.769345e-02
4.881385e-02
-1.178120e-02
-4.069766e-02
7.784137e-02
1.398018e-02
-2.771823e-02
-6.769683e-02
-1.052576e-01
-5.345356e-02
1.599265e-02
2.689037e-02
4.985845e-02
4.115468e-02
1.090131e-01
9.920109e-02
2.441816e-02
3.535760e-03
5.720101e-03
3.652894e-03
1.890407e-02
1.412337e-02
-3.457655e-02
2.371765e-03
8.752771e-03
-3.131619e-02
-5.100090e-03
1.058043e-03
-1.565358e-02
-1.014030e-01
-5.785122e-02
-7.347302e-03
-5.071932e-02
-8.549319e-02
3.142816e-03
4.665813e-04
2.408543e-02
-3.799501e-03
-1.370608e-02
1.395753e-02
-5.798139e-03
-1.538635e-02
6.442761e-03
-4.827012e-02
-1.756989e-02
1.427796e-02
-4.009232e-02
-1.195000e-02
4.917031e-02
-4.533169e-02
-6.003437e-03
5.501398e-02
1.269533e-01
9.317027e-02
7.394589e-02
5.481117e-02
8.460077e-03
1.364936e-02
5.004521e-02
3.484538e-02
4.851714e-02
-4.246706e-02
-7.684917e-02
-6.013132e-03
2.995885e-02
-1.971258e-02
-8.284567e-02
9.653397e-02
1.014918e-01
-2.305293e-03
-1.049259e-01
-6.728158e-02
-3.691279e-02
-4.769417e-02
-2.485562e-02
1.153541e-03
-1.543518e-02
1.484136e-03
3.036678e-02
-4.736829e-03
2.543434e-02
8.190019e-02
-5.788455e-03
1.694497e-02
7.360726e-02
-3.948621e-03
1.090983e-02
6.112387e-02
-3.880701e-02
-3.599020e-02
-5.656824e-02
1.963086e-02
2.817545e-02
7.781803e-03
-5.143999e-03
2.442249e-03
7.121336e-04
2.880515e-02
-2.465611e-02
-2.407280e-02
1.736112e-02
-5.536379e-02
5.548917e-02
1.381551e-02
1.186990e-02
4.460787e-02
-4.458762e-02
-9.319501e-03
-6.369079e-04
-4.578759e-02
-6.639047e-03
2.331430e-02
-4.920560e-02
-2.200508e-02
2.759771e-02
9.593157e-02
1.262843e-01
6.981771e-02
6.104617e-02
4.328307e-02
1.174517e-02
-7.401539e-02
-1.116024e-01
-8.504336e-02
-2.234900e-02
5.912070e-02
5.613175e-02
-1.879780e-02
-2.010040e-02
4.302190e-03
-4.992519e-02
-2.787582e-02
-2.023271e-02
3.244923e-02
4.522715e-02
2.335511e-02
4.057902e-02
4.554493e-02
1.225996e-02
4.722643e-02
6.259504e-02
4.471295e-02
6.143418e-02
8.322388e-02
4.481355e-02
-2.423336e-02
7.910916e-03
1.329594e-02
-1.229066e-01
-8.456852e-02
5.296830e-03
-6.305701e-02
-9.615076e-02
-2.930320e-02
1.915840e-02
-3.594175e-02
-1.489478e-02
4.231092e-03
4.742260e-02
-2.144519e-02
-1.314563e-01
-1.798448e-01
-1.049614e-01
-9.910201e-02
-5.074908e-02
-5.517666e-02
9.197178e-02
2.231111e-01
1.230755e-01
8.518096e-03
5.666397e-02
4.521961e-02
-1.342292e-02
3.224625e-03
5.785628e-02
-4.028022e-02
-2.953795e-02
-1.617327e-02
-2.257374e-02
-5.670501e-02
-2.286213e-02
-7.427612e-03
-6.245958e-02
-2.608493e-02
-6.071589e-04
-6.367368e-02
-3.693153e-02
5.095754e-02
2.011739e-02
-2.970175e-02
1.370492e-02
1.762636e-03
-2.341870e-02
-2.736019e-02
6.341006e-02
6.020275e-02
-2.429439e-03
9.886618e-03
3.549430e-02
-3.418663e-02
-1.963165e-02
4.368959e-02
-2.553226e-02
-4.497914e-02
2.016739e-02
-8.062277e-02
2.549279e-02
7.765060e-02
-1.026963e-01
-1.780438e-02
8.824495e-02
-6.296985e-02
-9.404300e-02
-4.508717e-03
-2.786499e-03
2.801675e-02
5.798113e-02
-6.574088e-03
8.686647e-03
4.813118e-02
-2.320667e-03
6.597329e-03
4.245833e-02
1.130306e-02
-4.919313e-03
-3.821260e-02
-6.023122e-03
1.728598e-03
-1.707132e-02
-4.392485e-02
5.396793e-03
9.584877e-03
4.541506e-03
-1.430313e-02
-1.191756e-02
1.158484e-02
6.633216e-04
-1.018550e-02
-8.575649e-03
7.517777e-03
6.374162e-03
-3.547710e-03
-5.787730e-03
1.254345e-02
5.988177e-03
-4.476449e-03
-7.205268e-03
2.533648e-02
2.067721e-02
1.262882e-02
4.532477e-03
1.095493e-02
2.313514e-02
6.258775e-03
1.325537e-02
1.958418e-02
2.011214e-03
1.491738e-02
1.920214e-02
-2.309313e-02
-3.666598e-03
2.550793e-02
1.120900e-02
5.408271e-02
2.339122e-02
-3.531401e-02
3.774032e-02
4.651512e-02
1.351707e-02
2.470324e-02
-2.617368e-02
2.610975e-02
3.972743e-02
1.606778e-02
-5.460606e-02
3.103469e-04
2.383614e-02
-3.632107e-02
-1.352528e-02
-6.050397e-03
-6.066159e-03
6.924551e-03
1.790289e-02
1.399314e-02
9.759750e-03
8.265616e-03
-1.328763e-03
-4.135561e-02
-2.272800e-02
-4.402013e-03
-5.778936e-02
-2.481344e-02
1.761369e-02
-2.264281e-02
3.473117e-03
2.555260e-02
1.476003e-02
-3.816102e-03
3.467934e-02
2.762148e-02
2.171400e-02
2.314419e-02
9.435011e-03
-1.350317e-02
-9.210010e-02
9.829189e-03
8.082462e-02
-1.170104e-01
-4.875454e-02
3.950647e-02
1.376290e-02
-6.362209e-02
-7.178582e-02
-1.687177e-02
8.312246e-03
-5.532505e-03
-6.631606e-03
2.049137e-02
1.624625e-02
-5.453948e-03
1.635841e-02
1.182171e-02
2.378725e-03
-2.419516e-03
3.902623e-03
1.758561e-02
1.024562e-02
1.076175e-02
2.025972e-02
1.685391e-02
1.927572e-02
-5.457613e-02
-1.944800e-02
3.808556e-02
-6.256378e-02
-7.619426e-02
-2.360887e-02
4.978194e-05
-7.719625e-02
-7.987580e-02
9.164890e-03
-1.516114e-02
7.112161e-05
1.823760e-02
9.651070e-03
1.837752e-02
5.554360e-02
6.127522e-02
5.582612e-02
-1.771191e-02
1.743715e-03
4.305725e-03
-8.538932e-02
3.879178e-02
3.043646e-02
-3.948337e-02
2.602006e-02
5.223707e-02
-1.580876e-02
-1.083567e-02
-3.084452e-02
-2.248884e-02
-1.793251e-02
-4.277315e-02
-4.436386e-02
-4.903314e-02
-7.850188e-02
-5.496627e-02
-1.832862e-02
-6.483980e-02
-5.047609e-02
-1.382556e-02
-5.941771e-02
-7.550878e-02
-7.432199e-02
-1.063870e-01
3.939432e-02
3.297643e-02
5.153658e-02
3.415631e-02
2.605129e-02
4.847350e-02
6.376707e-02
5.462528e-02
7.532953e-02
-2.290025e-02
-9.177193e-02
-4.193023e-02
4.078632e-02
-7.320015e-02
-4.274043e-02
7.032996e-02
1.262572e-01
7.320424e-02
-2.274989e-02
7.776794e-03
1.726332e-02
-6.341876e-02
-3.866162e-02
-2.388823e-02
-8.067580e-02
-4.825716e-02
-3.299828e-02
-1.676775e-01
-1.852436e-01
-5.668202e-02
-1.061056e-01
-1.482843e-02
7.744937e-02
2.158591e-02
1.461268e-01
1.819030e-01
6.120124e-02
3.976418e-02
1.451861e-02
6.075018e-02
6.870973e-02
-3.436611e-02
-2.151443e-02
2.995499e-02
-1.058101e-01
3.045029e-02
6.044344e-02
4.975499e-02
2.381122e-02
5.095863e-02
3.989911e-02
4.869258e-03
2.047496e-02
2.904834e-03
4.798650e-02
-2.330954e-02
-1.791749e-01
1.366322e-01
1.444018e-02
-2.270571e-01
1.375852e-01
5.503182e-02
-1.132281e-01
2.228737e-02
3.886486e-02
-2.938883e-03
-1.523308e-02
-5.561098e-03
-2.993834e-02
-2.740093e-02
-1.448297e-02
-1.644717e-02
1.304313e-03
1.019511e-02
-2.694943e-02
-2.093314e-02
-9.539290e-03
-3.766890e-02
3.304321e-02
6.561411e-02
1.063212e-01
-2.009072e-02
7.244602e-02
7.032312e-02
-4.639971e-03
-1.228031e-02
3.780601e-02
-4.300191e-02
-3.109487e-02
-2.105730e-02
-6.281579e-03
-5.589447e-04
1.114229e-02
4.647442e-03
8.050380e-03
4.398471e-03
1.464827e-03
1.117080e-03
-1.255337e-02
4.505414e-02
-3.704262e-02
-9.602781e-02
1.052515e-01
4.466566e-03
-5.829771e-02
1.628243e-01
1.422506e-01
5.432601e-02
-1.479099e-02
-1.900648e-02
-2.083822e-02
-8.096081e-03
-1.025436e-02
-1.420711e-02
-3.315821e-02
-2.871169e-02
-3.082840e-02
-2.734573e-02
1.551309e-02
1.450686e-02
-1.225511e-03
1.984295e-02
4.008564e-02
-3.815446e-02
-2.379815e-02
2.470826e-03
-1.246894e-02
1.460936e-02
-2.147881e-03
-1.144167e-02
2.179539e-02
-4.627140e-03
-6.783253e-03
2.580797e-02
1.167915e-03
5.572487e-03
1.809097e-03
1.913354e-04
1.237628e-02
8.869142e-03
7.002755e-03
2.791354e-02
2.248018e-02
2.103746e-02
-4.187042e-03
-1.680432e-02
-1.973694e-02
6.347690e-05
-1.022168e-02
-1.347362e-02
2.853215e-03
-7.421197e-03
-1.235637e-02
1.148593e-02
2.544329e-03
1.307631e-02
-1.232645e-02
-7.731390e-03
2.886335e-02
-7.744635e-03
-9.943873e-03
8.078444e-03
-2.870495e-03
-1.492800e-02
-3.131388e-02
-1.721815e-03
-1.315908e-02
-3.356297e-02
8.718388e-03
-8.304585e-04
-2.157261e-02
-1.851150e-02
-5.077851e-03
-2.472634e-02
9.497289e-03
1.008535e-02
1.194771e-02
1.294114e-02
2.116644e-03
1.933104e-02
-1.785481e-02
6.620484e-03
-2.360143e-02
1.078005e-02
-4.779599e-03
-1.702569e-02
1.055673e-02
-2.532521e-02
-2.103122e-02
-1.080935e-02
-2.862228e-02
-3.712860e-02
4.522077e-02
3.776594e-02
2.424979e-02
-3.156469e-02
-2.262910e-02
-2.174204e-02
-1.304133e-03
-5.958362e-03
-7.094780e-03
-2.410363e-02
2.648472e-04
1.255839e-02
-1.005264e-02
9.902124e-03
1.996855e-02
3.873004e-02
7.525437e-02
5.333719e-02
1.360943e-01
1.420419e-01
1.185925e-01
9.699032e-02
1.328718e-01
1.165172e-01
-3.337858e-02
-5.241118e-02
2.142438e-04
1.922092e-02
-3.131164e-02
2.073514e-02
1.676737e-02
-4.071997e-02
8.518875e-03
9.847528e-03
-1.408884e-02
-2.288228e-02
-1.029728e-02
-1.458695e-02
-5.519885e-03
2.757983e-02
1.815731e-02
2.896684e-03
-1.780123e-03
1.995030e-02
1.403128e-02
-1.284566e-03
2.375809e-02
1.591091e-02
6.111683e-03
3.962043e-02
2.699568e-02
1.338186e-03
-1.178155e-03
1.064037e-02
-9.135751e-03
-2.562727e-02
-1.184254e-02
1.907036e-02
3.185249e-03
6.184730e-03
-4.361644e-03
8.627070e-03
-1.651805e-02
-2.118534e-02
-2.059300e-03
-1.860359e-02
-2.527568e-02
2.042024e-02
2.901215e-02
3.782658e-02
9.241990e-03
-3.351334e-02
-3.363913e-02
1.516788e-01
2.596497e-02
-7.434870e-03
-6.277586e-03
7.767441e-03
-1.669375e-02
1.061509e-02
7.300206e-03
-1.856479e-02
4.387761e-03
2.235987e-02
-1.154555e-02
-1.868082e-02
8.295714e-03
-2.009508e-02
-2.102202e-02
-1.184581e-02
-1.148178e-03
1.501986e-02
1.912225e-02
-1.794779e-03
2.632626e-02
5.644523e-02
-3.175114e-02
7.345285e-04
2.542826e-02
-2.488243e-02
9.785402e-03
2.106231e-02
-1.136019e-02
2.009416e-02
2.775436e-02
3.757574e-02
-6.284112e-02
3.935969e-02
2.158543e-01
-1.622901e-01
1.218574e-01
-3.297569e-02
2.864586e-02
-9.414242e-03
-3.499463e-02
-2.749904e-02
2.269625e-02
-1.511069e-02
-2.797020e-02
2.586584e-02
3.552528e-02
-8.575675e-03
-5.540471e-03
8.433140e-02
8.239036e-03
2.786059e-02
1.838806e-02
1.938794e-02
-3.404854e-02
-1.327983e-02
-3.499527e-02
-3.029287e-02
6.571812e-02
-2.395016e-02
-6.462684e-02
4.670419e-02
4.184382e-02
-1.968149e-02
-9.413029e-03
-3.013108e-02
1.749972e-02
-7.251985e-04
-7.350295e-03
2.366287e-02
-1.293537e-02
1.945477e-02
-1.244665e-03
-6.962648e-03
-1.836300e-02
-1.355316e-02
7.365250e-03
4.235241e-03
-8.054586e-02
-1.036035e-02
5.284949e-02
-6.986507e-03
-3.390536e-02
5.739877e-03
4.346881e-02
1.963354e-02
-4.288036e-02
1.866606e-02
-5.787853e-02
2.218665e-02
-2.808624e-02
3.047745e-02
1.662397e-02
4.629627e-02
-2.991515e-02
7.395444e-03
-1.747251e-02
7.029984e-03
1.127707e-01
-4.050659e-02
-1.535631e-02
1.682678e-02
1.909012e-02
-6.628182e-02
8.099747e-03
5.370903e-02
1.899595e-01
-8.797345e-02
3.212403e-02
7.039847e-02
8.236316e-02
6.831732e-02
-2.034182e-02
-2.232923e-02
1.608458e-03
-7.540901e-03
-2.073378e-02
-5.944257e-04
5.876724e-03
-1.100410e-02
-5.430525e-04
9.270297e-03
5.621028e-02
-2.597154e-03
3.331367e-02
-4.015377e-02
2.521475e-02
-8.373422e-02
1.930667e-02
3.369185e-03
2.908473e-02
6.459805e-02
4.321834e-02
3.389806e-02
8.716561e-02
6.453586e-02
2.039570e-02
6.014815e-02
6.012461e-02
-2.354263e-02
-2.973039e-02
-3.922340e-02
-3.081269e-02
2.367853e-02
5.307302e-02
-6.703278e-03
-1.274074e-02
3.685672e-02
6.144562e-03
8.524137e-04
-1.324395e-02
1.229521e-02
-3.543351e-03
-1.030068e-02
1.303535e-02
6.903512e-04
2.060305e-03
4.165926e-03
1.040498e-02
3.225116e-03
2.062392e-02
3.090721e-02
1.645437e-02
4.544812e-02
5.297789e-02
4.096019e-02
3.986024e-02
3.300948e-02
1.525432e-02
4.658966e-02
4.181714e-02
2.961336e-02
4.106792e-02
3.048853e-02
2.713449e-02
-6.472655e-02
2.113095e-02
-2.171395e-02
6.850376e-03
2.695994e-02
-5.270942e-02
-2.820609e-02
3.467768e-02
-6.761600e-02
2.481840e-02
1.783346e-03
-6.132646e-03
4.352632e-02
5.077245e-04
-1.053748e-02
4.612176e-02
1.241150e-02
2.787199e-02
-1.704416e-02
-2.938636e-02
-2.709627e-02
1.899337e-02
2.808327e-02
-1.849317e-03
3.438296e-02
1.949305e-02
-4.465065e-02
-1.105488e-01
-1.062917e-01
-1.092379e-01
-8.680701e-02
-3.733905e-02
-3.991089e-02
-6.095519e-02
-1.541261e-02
1.904634e-02
-1.170472e-02
7.246224e-03
1.800455e-02
-4.044152e-02
-3.226256e-02
-1.607066e-02
9.404101e-03
-3.616481e-03
-1.571934e-02
-3.989590e-02
-5.727809e-02
-3.889378e-02
3.759972e-02
2.734719e-02
2.120897e-02
1.749538e-04
9.761174e-03
1.025079e-02
2.587590e-02
-4.263868e-03
-4.651485e-02
-2.605548e-02
-3.503830e-02
-1.481478e-02
-1.373077e-02
-4.563638e-02
-2.063473e-02
2.503967e-02
5.694828e-02
7.624605e-02
5.038328e-02
4.763431e-02
-1.282479e-03
-1.021254e-02
-4.426141e-02
-4.353851e-02
4.004169e-02
9.497133e-03
7.350531e-03
2.368129e-02
-2.486996e-02
-8.184810e-02
-4.629305e-02
-1.628674e-03
-6.491506e-02
1.638244e-02
-1.159861e-02
-5.586642e-03
1.050167e-02
-6.587803e-03
-1.304769e-03
-8.188185e-04
-5.857360e-03
-6.982582e-03
-4.222718e-02
2.567476e-02
7.142491e-02
-3.512847e-02
-1.676899e-02
1.356243e-02
-2.711141e-02
-2.306476e-03
7.751353e-03
-4.318153e-10
-6.999033e-10
1.435581e-10
-8.699020e-10
-1.299829e-10
3.766842e-10
5.581112e-11
-6.145268e-10
-5.556482e-11
1.480161e-10
-5.409364e-10
9.682914e-11
-1.133898e-10
-4.293108e-10
-3.493376e-10
-4.428268e-10
2.022725e-10
6.426071e-11
6.628886e-10
-2.775735e-10
2.890046e-10
8.274655e-10
1.475860e-10
7.296861e-10
4.059081e-10
1.738928e-11
-2.484044e-10
5.130782e-10
7.498332e-10
1.257594e-09
6.908336e-10
1.462949e-09
1.158767e-09
1.524452e-09
1.547437e-09
8.215225e-10
1.479108e-09
7.793755e-10
9.126759e-10
1.766801e-09
1.249165e-09
1.232348e-09
1.683728e-09
1.304248e-09
3.645306e-10
7.781921e-10
9.881798e-10
4.802371e-10
8.105660e-10
1.317902e-10
5.057685e-10
6.325235e-10
2.868876e-10
-4.933358e-11
7.870651e-10
1.077608e-09
1.506995e-09
1.570512e-09
1.241876e-09
1.526976e-09
9.707025e-10
8.806266e-10
1.268769e-10
9.186265e-10
2.229002e-10
-6.085488e-12
-9.909647e-11
1.671332e-10
-4.696828e-10
4.748969e-10
2.341474e-11
-7.525544e-11
1.026120e-10
-2.462603e-11
-7.380200e-10
-1.030384e-09
-3.672729e-12
-1.397880e-10
-3.865992e-10
-3.789761e-10
-1.940472e-10
1.354262e-09
7.044685e-10
9.219522e-10
1.030620e-09
1.573424e-09
7.534601e-10
7.212562e-10
8.140726e-10
6.755725e-10
1.210261e-09
8.566474e-10
9.639372e-10
1.365117e-09
1.095643e-09
6.022299e-10
1.351083e-09
1.035378e-09
1.247650e-09
-4.366467e-10
-4.159549e-10
-5.122008e-10
-1.472184e-10
-1.012948e-09
-9.831927e-10
-4.227840e-10
-7.022962e-10
-1.527120e-10
1.359639e-09
1.082667e-09
8.461869e-10
9.458884e-10
7.902531e-10
1.997411e-11
8.441702e-10
8.032785e-10
1.150011e-10
1.198961e-10
-2.466493e-10
-2.395718e-10
-6.662521e-10
-1.364834e-10
-2.920214e-10
-5.883258e-10
-6.371576e-10
-7.572219e-11
1.025359e-09
1.161342e-09
3.248174e-10
1.732602e-10
9.903680e-10
2.170465e-10
8.567047e-10
9.108289e-10
7.590336e-10
2.885657e-10
8.322522e-11
-1.456158e-10
-2.320520e-10
-5.957639e-10
-4.978115e-10
-5.591772e-11
1.744147e-10
1.019708e-10
-1.480044e-03
-8.681052e-04
-1.011659e-03
-1.584628e-04
9.844779e-04
7.681063e-04
1.138131e-03
2.105675e-03
1.062524e-03
-1.082991e-03
1.624703e-03
4.121718e-03
4.793406e-04
2.758131e-03
4.887030e-03
-3.589198e-03
9.664042e-04
1.452673e-03
-2.868964e-05
-1.851035e-04
-4.837305e-05
-3.913403e-04
-1.166209e-03
-2.607231e-04
-3.116041e-04
-1.673675e-03
-7.043742e-04
-1.246664e-03
-1.490154e-03
-9.125334e-04
-1.223397e-03
-1.265642e-03
-8.613247e-04
-6.896494e-04
-9.536506e-04
-1.337019e-03
2.106229e-03
2.332444e-03
2.028853e-03
3.360796e-03
2.801990e-03
2.116532e-03
2.928549e-03
2.881547e-03
1.936782e-03
6.026472e-03
1.164575e-03
5.930976e-04
2.721937e-03
1.500976e-03
7.839560e-04
4.795787e-03
5.373449e-04
-3.590766e-04
5.455387e-04
-3.988167e-04
-4.766664e-04
1.427885e-03
3.545925e-04
2.214114e-04
1.163082e-03
6.446160e-04
1.057567e-03
1.442803e-03
-2.707348e-03
-4.175014e-03
-4.900992e-04
-4.368678e-03
-4.477702e-03
-3.638144e-03
-4.878956e-03
-2.897970e-03
-2.433812e-03
-1.825926e-03
1.972466e-03
-4.003099e-04
-6.455311e-04
4.451594e-03
-3.874780e-03
-3.586673e-03
5.141614e-05
-1.613278e-04
-2.272211e-04
-8.143170e-04
-5.880566e-04
-1.351635e-03
-1.774725e-03
2.250553e-04
1.564507e-04
5.385348e-04
7.862711e-04
4.395853e-03
2.925919e-03
9.317983e-04
2.846086e-03
1.793240e-03
-3.973624e-04
1.474163e-03
1.116918e-03
-3.482789e-03
-2.786169e-03
2.991332e-03
-2.654036e-03
-2.316009e-03
2.698138e-03
-4.058322e-03
-1.031086e-03
-6.236605e-05
-3.702111e-03
1.251782e-03
3.253383e-03
-1.633907e-03
1.892088e-03
3.558660e-03
3.058928e-03
3.168067e-03
2.572157e-03
4.040703e-03
-1.440425e-03
-2.288796e-03
1.851880e-03
1.774021e-03
4.381843e-04
6.143795e-03
4.788262e-03
6.137950e-04
-2.990871e-05
-1.119602e-04
-8.041905e-04
-2.410788e-04
-2.497144e-04
-1.159226e-03
-1.983093e-04
-6.385096e-04
-1.816806e-03
-1.458505e-03
-2.132888e-03
-1.530617e-03
-2.362381e-03
-6.162085e-04
5.660374e-04
-6.213883e-04
-8.447851e-06
2.552353e-03
-1.217927e-01
-3.513582e-02
-3.894728e-02
-4.089351e-02
1.857145e-02
-1.515275e-02
-4.515044e-02
-3.267080e-02
-3.032918e-02
1.578972e-02
-3.479448e-02
1.904749e-02
1.060200e-02
6.319065e-02
-6.116899e-02
-3.736115e-02
-4.411343e-02
-3.020139e-02
7.508754e-02
7.266928e-02
4.598478e-02
4.355275e-02
6.984730e-02
7.098627e-02
-3.835083e-03
1.210727e-02
5.409063e-02
-4.741491e-03
-4.154442e-03
2.614874e-02
4.603549e-02
3.770234e-02
1.163842e-02
4.330490e-02
4.957398e-02
3.157828e-02
-6.841046e-03
4.814288e-02
5.876269e-02
-1.256080e-02
3.581144e-02
3.781163e-02
-3.052099e-02
8.019978e-03
2.579064e-02
-2.869539e-02
6.454828e-02
-2.124404e-02
4.095788e-02
-1.547544e-01
1.669220e-01
-4.959829e-02
-5.116338e-02
-7.006480e-02
1.696753e-03
7.483730e-02
6.098562e-02
-3.700481e-02
4.943909e-02
2.070623e-02
-6.373760e-02
-2.570884e-02
-1.923383e-02
5.301885e-02
-9.778348e-02
-4.275341e-02
1.053790e-02
-6.638014e-02
-7.806111e-02
-4.906672e-02
-2.296907e-02
-7.301053e-02
-3.475680e-02
-9.719253e-02
3.118307e-02
2.421508e-02
-3.887568e-02
4.646119e-03
7.935389e-02
8.009144e-02
5.143010e-02
2.724844e-03
-3.020351e-02
-6.302541e-03
-2.984899e-03
1.476790e-02
1.218646e-02
2.569186e-02
4.966058e-02
5.070845e-02
-1.155955e-01
-1.006017e-02
2.300476e-02
-4.427856e-02
3.841511e-02
4.919285e-02
-7.035906e-02
2.727047e-02
-1.553500e-02
-1.442683e-02
-1.317947e-01
5.130940e-02
3.762554e-02
-8.051027e-03
-1.105883e-01
-7.248660e-04
1.110029e-01
-4.281024e-02
2.687608e-02
7.346968e-02
4.612594e-02
3.436480e-03
-6.667184e-03
-7.773912e-02
-8.837629e-02
-1.337663e-01
-1.382760e-01
2.222178e-02
4.373674e-02
3.739482e-03
-9.805938e-03
-7.984130e-02
6.359594e-02
1.759092e-02
-6.352327e-02
5.279424e-04
-7.037657e-03
2.688346e-02
2.197012e-02
-1.626448e-02
1.579589e-02
2.333714e-02
-3.065331e-02
-7.784303e-03
5.692074e-03
-4.162111e-02
2.568860e-02
7.294840e-02
1.856915e-02
1.569571e-02
9.558208e-02
-3.037918e-02
8.445762e-03
-2.511751e-02
-2.675256e-02
-1.858023e-02
-3.358305e-02
-1.931273e-02
-3.024002e-02
-2.149559e-02
-5.253106e-02
-5.979099e-02
-2.322521e-03
-1.530663e-03
-1.077368e-01
-6.592951e-02
1.369435e-02
1.772140e-01
7.939857e-02
-3.978031e-02
-5.883380e-02
-7.983413e-02
5.392029e-03
-3.093420e-02
-3.660227e-03
8.026757e-03
-1.410091e-02
-1.695172e-02
8.985856e-03
-4.789419e-02
-1.698711e-02
-6.333180e-03
-4.270013e-04
3.953679e-03
1.524416e-03
8.287369e-03
-6.425979e-03
3.096580e-02
4.250129e-02
4.175578e-02
3.558126e-02
1.059516e-02
-7.041225e-03
-2.201385e-03
-8.322575e-03
-1.757036e-02
-1.838480e-03
3.509940e-03
7.320019e-03
9.145112e-03
7.141263e-02
-3.874439e-02
2.801842e-02
-8.815637e-02
3.276334e-02
-2.494492e-02
-3.124485e-02
7.594100e-02
1.832869e-02
-1.918041e-03
7.827006e-04
-4.084907e-02
-7.070567e-02
-2.397231e-02
1.059828e-02
5.233381e-02
7.339466e-02
6.667352e-02
5.485315e-02
2.480264e-02
1.502960e-02
8.421947e-02
1.885925e-02
-1.526141e-02
-6.057200e-03
-5.628772e-02
-7.735448e-02
-9.309679e-02
-1.646771e-02
5.456502e-02
2.078116e-01
1.363749e-01
-5.814530e-02
4.248575e-03
7.295419e-02
-2.183712e-02
-1.787501e-02
1.629882e-02
-1.087091e-01
-5.936438e-02
-7.252160e-02
-5.501977e-06
-2.834144e-03
1.376264e-02
-3.862461e-02
3.288599e-02
4.956242e-02
4.494645e-02
5.756118e-02
-3.174325e-02
-2.159931e-02
-4.863719e-02
2.323592e-02
-1.367267e-02
-1.350821e-01
-6.158636e-03
6.397217e-03
9.190304e-02
1.161640e-01
7.790186e-03
4.361269e-02
4.066480e-03
4.903775e-02
5.295517e-03
-4.932735e-03
8.813235e-03
9.966603e-02
-3.570738e-02
-1.956655e-02
1.448357e-01
7.059272e-02
-2.126117e-02
1.341921e-01
5.327335e-02
-2.758068e-02
-1.166127e-01
-1.255987e-01
4.910076e-02
5.073035e-02
9.765442e-02
-1.243709e-03
-1.684946e-02
-2.743158e-02
6.807089e-03
-1.810821e-02
-3.390459e-02
9.747618e-03
-1.784890e-02
-5.013679e-02
2.905058e-02
6.308188e-02
2.106912e-02
2.970236e-02
-9.225895e-02
-2.703388e-02
-2.784214e-02
1.647641e-02
2.793809e-02
-7.909109e-05
-6.635600e-05
-5.152216e-05
-3.233867e-05
-2.913283e-05
-2.611460e-05
8.400065e-06
7.873757e-06
3.392191e-06
-1.227786e-04
7.075472e-05
7.006787e-05
-1.465112e-05
9.859274e-05
8.219419e-05
-4.520298e-05
1.244488e-05
3.963821e-05
2.704364e-05
2.636261e-05
2.068912e-05
3.132067e-05
4.309034e-05
3.248262e-05
1.229894e-05
2.641523e-05
2.809709e-05
-1.594136e-05
4.436290e-06
4.289931e-06
-1.683228e-05
-7.416155e-06
-9.430599e-06
-1.988622e-05
-1.603914e-05
-1.560358e-05
8.986500e-06
8.647258e-07
2.781091e-06
1.594722e-05
8.662015e-06
1.725803e-05
2.138195e-05
1.798413e-05
2.859754e-05
1.279720e-04
4.891912e-05
4.639404e-06
1.051214e-04
9.068739e-05
2.355575e-05
-1.678167e-05
7.498676e-05
-1.939044e-05
8.582684e-05
7.550420e-05
6.341741e-05
6.935655e-05
6.086619e-05
5.585128e-05
6.910886e-05
3.862378e-05
3.706145e-05
-1.162763e-04
-2.480065e-05
1.841894e-05
-4.617903e-05
3.324089e-05
4.374394e-05
-1.376339e-04
-7.562543e-05
-4.392978e-05
-1.755487e-04
-2.623368e-05
6.666797e-05
-1.130366e-04
1.125459e-05
4.570933e-05
-2.092592e-04
-1.113529e-04
-7.517319e-05
3.998069e-06
-1.722007e-06
-3.945773e-06
1.493397e-06
4.616279e-06
3.116297e-06
-2.203655e-05
-1.622105e-05
-6.211420e-06
-1.646389e-04
-2.975518e-05
-8.968149e-05
-1.312324e-04
-4.840770e-05
-6.494455e-05
-1.033523e-04
-7.931636e-05
-5.018429e-05
-3.937686e-05
7.363267e-05
8.503912e-05
6.189820e-05
1.304150e-04
1.324483e-04
2.879099e-05
5.724242e-05
7.307569e-05
-7.927810e-05
3.615098e-05
-3.091767e-05
-2.312413e-05
4.621455e-05
-1.300643e-05
3.527155e-05
1.537504e-05
2.826377e-06
7.765496e-05
-2.922435e-05
-1.547834e-04
7.855637e-06
-4.209143e-05
-9.588770e-05
-6.760618e-06
3.039947e-05
-7.044184e-05
2.851438e-05
2.865475e-05
1.805735e-05
3.249490e-05
3.004734e-05
2.258195e-05
3.027542e-05
2.339692e-05
2.367637e-05
-4.631784e-05
-4.128633e-05
-7.234888e-05
-7.501108e-05
-4.305169e-05
-2.961457e-05
-8.172014e-05
-5.114684e-05
-4.366511e-05
5.093574e-02
7.676619e-02
4.510169e-02
6.077240e-02
6.773008e-02
4.525881e-02
6.653434e-02
5.856553e-02
3.765796e-02
1.703886e-02
6.905329e-02
-1.459651e-02
-1.415008e-02
-2.332211e-02
-7.672545e-03
3.903814e-03
-1.224696e-02
-4.345179e-02
-4.754902e-03
1.114471e-02
-3.088069e-02
4.240394e-02
5.261207e-02
6.080105e-03
5.023752e-02
7.208409e-02
1.490452e-02
1.739029e-02
2.047678e-02
9.099841e-03
2.829662e-02
2.409056e-02
1.825636e-02
4.140464e-02
3.553284e-02
1.774351e-02
-1.058613e-02
9.167436e-04
-1.532666e-02
1.815630e-02
3.290036e-02
1.341447e-02
3.232013e-02
5.054419e-02
2.932571e-02
2.495838e-03
-2.598540e-02
2.439970e-02
-6.450918e-02
5.264305e-02
3.380505e-02
-6.107578e-02
-1.174784e-02
-1.011976e-02
-6.058758e-02
-1.875007e-02
-2.576870e-02
4.016935e-02
7.027557e-02
3.211914e-02
2.116648e-02
4.968062e-02
1.933315e-03
3.912542e-02
3.464952e-02
-1.489996e-03
-4.796247e-03
1.137490e-02
2.135233e-02
-5.621604e-02
-2.687699e-02
-1.408247e-02
8.799090e-02
1.480313e-01
7.849171e-02
-3.319788e-04
4.378140e-02
-4.063462e-03
-6.287854e-02
-6.403488e-02
-1.453141e-01
-3.386945e-02
-2.847863e-02
-2.661244e-02
-1.187317e-02
-3.082025e-03
-1.126637e-02
-2.527585e-02
-8.675762e-03
-4.951481e-02
-3.680588e-02
2.635598e-03
1.141030e-02
-6.526605e-02
2.119762e-03
7.845089e-02
2.435321e-02
3.986796e-02
5.975579e-02
2.583757e-02
1.222425e-01
7.041474e-02
-2.541691e-03
-3.733343e-03
4.477017e-02
-2.156679e-02
-6.747938e-02
2.067611e-02
-2.433179e-02
2.292855e-02
-1.059138e-02
4.220975e-02
3.582943e-02
2.400933e-02
6.729062e-02
3.368889e-02
-9.788333e-03
-4.864702e-02
-4.019601e-02
8.472494e-03
7.265924e-03
1.208653e-01
5.205317e-02
5.486223e-02
1.181921e-01
7.909493e-02
-1.561848e-02
-5.644211e-03
-2.765675e-02
5.183448e-03
2.363446e-02
-1.999615e-03
-1.357563e-02
1.317049e-02
-2.840095e-03
6.685559e-03
5.702014e-02
6.790175e-02
-1.585986e-02
7.951257e-03
-1.695606e-02
-4.261894e-02
-4.548619e-02
-7.834569e-02
3.362231e-02
-1.923156e-02
-4.813079e-03
2.480801e-02
-3.003449e-02
-2.773247e-02
2.328988e-02
-2.306996e-02
-2.991173e-02
-4.419163e-02
-1.070093e-01
-6.902427e-02
2.918979e-02
-5.621557e-02
-3.101056e-02
1.115590e-02
7.796872e-03
3.728187e-02
-4.220251e-02
-3.599950e-02
-7.148502e-03
-3.868336e-02
-2.054723e-02
-1.946489e-03
-1.870523e-02
2.207502e-02
3.102566e-02
-4.828835e-02
-6.676161e-02
-2.835615e-02
-1.605936e-02
-2.931568e-02
-2.340351e-02
4.444189e-02
5.579474e-02
4.239578e-02
-1.326551e-02
-1.606902e-02
-1.769611e-02
-3.041834e-02
-3.623858e-02
-2.433706e-02
-2.880532e-02
-4.844079e-02
-4.696867e-02
-5.155186e-02
1.810421e-02
1.076867e-02
-5.987066e-02
4.083476e-02
-1.051508e-03
9.153642e-03
-2.795244e-02
-9.647522e-03
5.011696e-02
5.746238e-02
1.875824e-02
8.245859e-03
2.232043e-02
-1.307271e-02
-4.469220e-02
-2.115802e-02
-1.260935e-02
2.320527e-02
1.172693e-03
1.751461e-02
2.514295e-04
-2.896635e-02
1.079011e-02
7.031627e-05
-5.298006e-02
-7.906449e-03
-1.424323e-01
-1.911020e-01
-1.512957e-01
-2.241015e-02
-1.257205e-01
-1.498724e-01
2.632751e-02
-4.815163e-02
-8.884057e-02
-3.810168e-04
-1.035201e-02
-3.487888e-02
-6.826978e-02
-9.565898e-02
-1.187766e-01
-6.723372e-02
-7.364101e-02
-5.849013e-02
-4.409117e-02
-4.205363e-02
1.146688e-02
-1.492862e-02
-3.149918e-04
-1.778386e-03
-5.045345e-02
1.899806e-02
4.249390e-02
-4.841841e-02
-9.026311e-02
-8.973151e-03
6.544038e-02
-3.241833e-02
-3.014419e-02
1.023643e-01
7.870942e-02
1.453949e-02
-1.096447e-02
-2.214731e-03
3.184750e-02
-1.547920e-02
-1.640763e-02
-2.957679e-02
-3.710987e-02
-1.169182e-02
-5.378359e-02
-5.048713e-02
6.996277e-02
4.406197e-02
-1.336750e-01
-2.890363e-03
9.786193e-03
-4.680240e-02
-5.257640e-02
-4.940983e-02
7.333807e-03
1.036823e-02
7.318727e-03
-4.951060e-03
3.415534e-03
1.780283e-02
-7.494065e-03
-2.877673e-03
8.841590e-03
3.525252e-02
-2.317465e-02
-7.605927e-02
3.628911e-02
4.121208e-02
1.321016e-02
2.485652e-02
9.806546e-03
-2.398402e-03
