9.568234e-02
1.065738e-01
9.326890e-02
1.323487e-01
1.270359e-01
8.124845e-02
8.839952e-02
9.365189e-02
1.081514e-01
9.148140e-02
6.585309e-02
6.952089e-02
8.937693e-02
9.636424e-02
1.129584e-01
9.984377e-02
6.505830e-02
8.198612e-02
7.710491e-02
1.296449e-01
8.016337e-02
1.495836e-01
6.849550e-02
6.837821e-02
1.082561e-01
1.055631e-01
9.242141e-02
9.836046e-02
9.219521e-02
7.347135e-02
1.039359e-01
1.182634e-01
7.892376e-02
1.043176e-01
6.066765e-02
1.084195e-01
9.626703e-02
1.177325e-01
7.928091e-02
1.548478e-01
7.385556e-02
5.561748e-02
9.182445e-02
1.098365e-01
8.972657e-02
9.533154e-02
9.376784e-02
1.270287e-01
1.103891e-01
1.227569e-01
1.251099e-01
9.146129e-02
5.894358e-02
1.342404e-01
8.195790e-02
1.052195e-01
1.667878e-01
8.632685e-02
9.407713e-02
7.862550e-02
1.057865e-01
1.226759e-01
7.581658e-02
8.739577e-02
