1.205031e-01
1.928899e-01
2.941494e-01
2.113912e-01
1.422023e-01
4.867270e-01
2.306727e-01
3.729913e-01
2.837240e-01
2.893196e-01
1.265068e-01
4.496834e-01
2.562578e-01
1.994039e-01
2.372646e-01
2.367885e-01
2.296156e-01
1.868870e-01
3.810107e-01
2.394749e-01
1.815321e-01
1.816216e-01
3.255414e-01
1.864387e-01
8.581282e-02
1.988496e-02
1.758363e-01
1.566063e-01
2.535411e-01
3.159111e-01
2.453001e-01
1.831822e-01
2.496507e-01
1.297458e-01
2.619161e-01
2.490357e-01
2.191670e-01
1.752390e-01
3.812042e-01
1.300821e-01
1.938093e-01
2.715509e-01
1.273655e-01
1.127063e-01
5.200850e-02
1.786827e-01
1.241644e-01
3.447513e-01
4.062593e-01
2.888154e-01
3.388103e-01
3.208667e-01
1.401419e-01
3.493436e-01
2.158555e-01
2.911222e-01
3.717018e-01
1.676117e-01
2.305137e-01
3.782407e-01
7.474662e-02
3.599379e-01
3.206270e-01
3.637507e-01
