-1.797043e-01
-1.836567e-01
-1.551957e-01
-8.782606e-02
-1.589635e-01
-1.996031e-01
-1.746483e-01
-8.595695e-02
-2.140527e-01
-1.899084e-01
-1.646426e-01
-1.738553e-01
-1.143729e-02
-7.176442e-02
-2.508279e-01
-1.355814e-01
-5.813221e-02
-1.593647e-01
-1.861696e-01
-1.600259e-01
-1.410564e-01
-1.405877e-01
-1.482133e-01
-1.676031e-01
-7.534932e-02
-1.077160e-01
-1.645201e-01
-1.367034e-01
-1.036997e-01
-2.014315e-01
-2.111433e-01
-2.032903e-01
-2.077660e-01
-1.684725e-01
-1.215697e-01
-1.573640e-01
-1.925832e-01
-2.217278e-01
-1.508123e-01
-1.168235e-01
-1.311859e-01
-1.050542e-01
-1.484063e-01
-4.840339e-02
-1.226797e-01
-9.044854e-02
-1.398694e-01
-1.529609e-01
-2.259252e-01
-2.584241e-01
-2.075502e-01
-2.130749e-01
-1.669697e-01
-2.389305e-01
-2.015663e-01
-2.165022e-01
-2.872984e-01
-2.215550e-01
-2.647442e-01
-9.704922e-02
-3.614085e-02
-4.038978e-02
-1.697363e-01
-2.612940e-01
