2.530927e-04
7.624205e-04
2.461716e-03
1.064181e-03
7.469185e-04
5.462273e-03
1.526040e-03
2.852201e-03
2.471868e-03
2.653014e-03
5.310538e-04
5.214276e-03
1.217546e-03
1.285950e-03
1.953089e-03
1.220607e-03
1.396927e-03
9.624056e-04
2.948808e-03
1.134527e-03
7.088078e-04
1.157989e-03
1.991009e-03
2.498541e-03
1.783037e-04
3.748061e-05
1.504145e-03
5.972296e-04
1.213956e-03
1.711317e-03
1.333651e-03
1.259848e-03
2.201610e-03
4.847207e-04
1.895274e-03
1.296215e-03
1.271107e-03
1.251971e-03
2.477814e-03
6.465353e-04
7.723200e-04
2.143180e-03
4.576117e-04
8.616683e-04
1.589949e-04
1.151429e-03
5.202622e-04
2.198039e-03
4.163122e-03
2.567148e-03
1.996866e-03
3.514524e-03
4.616299e-04
2.566844e-03
9.352449e-04
3.119331e-03
3.310731e-03
9.423944e-04
2.386243e-03
3.255000e-03
3.267723e-04
2.828738e-03
2.487137e-03
2.921062e-03
