1.570568e-01
-1.916464e-01
-1.857080e-01
-2.284653e-01
-1.827518e-01
-1.719437e-01
-3.341875e-01
-2.636346e-01
-3.211622e-01
6.109430e-01
-1.201861e-01
-3.569378e-01
-4.014610e-01
2.930834e-01
-1.423279e-01
2.170805e-01
2.960655e-01
-3.040217e-01
-1.346681e-01
-1.144264e-01
1.382503e-01
-1.036852e-01
6.787258e-01
1.011796e+00
-1.056493e-01
6.936833e-02
-2.326953e-01
4.505310e-01
4.198201e-01
-2.111356e-01
3.402271e-01
4.434237e-01
5.322331e-01
-1.613756e-02
5.990664e-01
4.490090e-01
-2.450471e-01
-1.972863e-01
-8.461661e-02
-1.362671e-01
-1.324010e-01
5.262141e-01
-9.747348e-02
3.021658e-01
-6.096067e-02
-3.027343e-01
-8.058814e-02
-4.319357e-01
-6.572431e-02
-2.819403e-01
-2.045834e-01
-1.871685e-01
2.237487e-01
-2.722522e-01
2.117650e-01
-4.927698e-02
-2.307285e-01
-1.269639e-01
-7.569829e-02
-2.567277e-02
-2.166565e-02
4.444390e-01
-2.862914e-01
-4.284181e-01
1.124780e-01
4.413595e-01
-8.153600e-02
5.564260e-01
1.828300e-02
8.804838e-03
-1.012861e-01
8.815436e-01
-1.233717e-01
-1.761682e-01
-6.791628e-02
-1.816309e-01
-1.635537e-01
9.159254e-02
-2.838324e-01
7.142666e-01
-5.936775e-02
-1.220160e-01
-2.410910e-01
-1.446782e-01
2.713199e-01
-1.070190e-01
4.323293e-01
-1.583190e-01
-2.708308e-02
4.700387e-02
-3.921105e-02
-1.347321e-01
-1.988883e-01
-1.361804e-01
-1.323436e-01
1.698528e-02
-3.520683e-01
-3.403169e-02
-2.182270e-01
-1.919303e-01
9.090211e-01
-1.068568e-01
9.494360e-01
-7.628751e-02
-1.085119e-01
-7.917012e-02
-8.319758e-02
7.059997e-03
-6.455576e-02
-1.256485e-01
-5.330647e-02
-2.598904e-01
-1.607635e-01
-1.034207e-01
7.371722e-01
-1.414211e-01
-1.112673e-01
-1.486229e-01
-6.532205e-02
-9.804019e-02
-1.509174e-01
-5.877379e-02
-1.054252e-01
-4.314178e-01
-8.408674e-02
-1.847527e-01
-2.121368e-01
-1.607423e-01
7.346644e-02
2.474094e-01
-2.841557e-01
-1.378046e-01
3.139646e-01
-4.518363e-01
5.349195e-01
-2.610805e-01
-2.218809e-01
3.936892e-01
-1.898119e-01
-4.028798e-01
3.932910e-01
-2.660196e-01
-7.462358e-02
2.228325e-01
4.655451e-01
4.095595e-01
-3.848166e-01
-1.819965e-01
-1.503515e-01
4.538543e-01
-3.452080e-01
-3.091508e-01
1.732561e-01
3.547468e-03
-9.055644e-02
-1.307007e-02
3.526184e-01
5.255651e-01
3.242237e-01
4.891984e-01
-4.048781e-01
3.424862e-01
3.571737e-01
2.800015e-01
-7.256687e-02
-1.005015e-01
-3.371749e-01
-4.828256e-03
-1.948508e-01
-4.342233e-01
-3.586867e-02
3.300031e-01
-3.438190e-02
3.561005e-01
-1.761161e-01
6.899602e-01
-4.152675e-01
8.804456e-01
-1.737607e-01
-2.919896e-01
2.732929e-01
-2.648925e-01
-2.132883e-01
-1.960312e-01
-3.373183e-01
3.980377e-01
-1.441250e-01
-2.047838e-01
-6.587287e-02
-6.042162e-02
1.682235e-01
4.897556e-01
-1.403351e-01
1.674583e-01
8.445635e-01
-1.314119e-01
3.852758e-01
-4.952551e-01
2.895444e-01
-1.919781e-01
2.731819e-01
-1.863046e-01
1.671374e-01
-2.444319e-01
1.220139e-01
4.871660e-01
-1.690590e-01
-1.088262e-01
-1.996646e-01
2.893213e-01
2.654089e-01
-1.696255e-01
2.867967e-01
-1.824499e-01
-3.173302e-01
-7.581209e-02
-2.197078e-02
-1.892225e-02
4.873113e-01
-1.317112e-01
-2.774805e-01
-3.029395e-01
-2.419294e-01
2.342969e-02
-2.584962e-02
-1.771766e-01
1.140862e-01
-2.925552e-02
-2.190830e-01
4.169893e-01
-2.090487e-01
3.431685e-01
-1.106202e-02
4.603481e-01
1.915779e-01
2.177117e-01
-4.239310e-02
1.262933e-01
2.391542e-01
7.048297e-02
8.960651e-01
-3.863282e-01
-1.365810e-01
9.970824e-01
6.952568e-03
-3.345940e-01
-2.065236e-01
-4.054457e-01
-1.165158e-01
-2.921450e-01
-2.806894e-01
-2.178999e-01
-9.726909e-02
-3.531393e-01
-7.009052e-02
3.041328e-01
-1.311566e-01
-1.619123e-01
2.963896e-01
-1.426514e-02
-7.712173e-02
9.110076e-01
-1.453935e-01
-2.353100e-01
-1.688917e-01
5.322605e-01
-1.701809e-01
9.098133e-01
-1.946537e-02
-1.031288e-01
-1.291245e-01
-2.489023e-01
-1.822740e-01
-2.099436e-01
7.619107e-01
8.373681e-02
-1.684456e-01
-2.542094e-01
-2.034828e-01
-1.340600e-01
-1.364735e-01
-1.106426e-02
-1.147270e-01
-6.100664e-02
-2.165281e-01
4.828909e-01
-3.099493e-01
-9.544755e-02
3.906838e-01
-1.994124e-01
-2.641469e-01
-3.204183e-01
-5.425068e-02
-9.559563e-02
-2.285374e-01
1.084178e-01
2.527782e-01
-2.380268e-01
-1.416688e-01
-2.085562e-01
3.468610e-02
5.084324e-01
-1.546773e-01
1.141769e-01
-3.178340e-01
-2.539599e-01
-2.044801e-01
-1.929055e-01
-1.428163e-01
-2.843050e-01
-1.523833e-01
-3.131130e-01
-3.755309e-01
-1.372195e-01
-1.212362e-01
-2.595304e-01
-4.641682e-02
7.952259e-01
-2.843421e-01
8.390021e-01
-1.069540e-01
-1.444173e-01
4.290050e-01
-6.221608e-02
-9.654634e-02
-2.945143e-01
-1.484624e-01
-2.483372e-01
-1.257955e-01
-8.015962e-02
-1.808787e-02
1.086630e+00
2.580653e-01
2.101840e-01
-3.698321e-02
-8.946813e-02
-2.087599e-01
3.183284e-01
-2.383070e-01
-1.914658e-01
-1.234354e-01
4.958363e-01
-2.436881e-01
-1.175022e-01
9.396409e-02
-7.518109e-02
-3.021515e-01
-1.537293e-01
7.657051e-02
-2.307645e-01
-2.585965e-01
-2.206895e-01
-1.860849e-01
-1.416732e-01
-3.113655e-01
6.132484e-02
1.304619e-01
-1.867932e-01
-2.797028e-01
-1.637991e-01
1.385143e-01
4.088756e-02
2.517703e-01
-1.920362e-01
2.068859e-01
-2.664598e-01
2.248523e-01
-1.636689e-01
9.755881e-01
5.447230e-01
-2.023436e-01
-2.949717e-01
-1.644001e-01
4.833485e-03
6.994464e-02
1.118227e-01
7.853625e-01
4.357356e-01
8.566609e-01
-2.755976e-01
-1.098304e-01
-3.044351e-01
-3.232936e-01
-2.890700e-01
1.774106e-01
-9.920891e-03
-2.933673e-01
4.539816e-01
-1.460815e-01
-2.843839e-01
-1.221840e-01
-2.684676e-02
-1.309015e-01
-2.671203e-01
2.588568e-01
-3.338014e-01
-3.404619e-01
-1.481896e-01
3.797603e-01
-9.476520e-02
-1.754959e-01
-2.457827e-01
7.329143e-01
-1.728990e-01
-1.227069e-01
1.140808e-01
-2.350622e-01
-6.481039e-02
5.886193e-02
-4.503553e-02
-4.482936e-02
-1.530882e-01
-1.921951e-01
3.743395e-01
4.699533e-01
-1.447610e-01
-2.118555e-01
3.802696e-02
-1.200199e-01
3.651234e-01
-1.122126e-01
-2.417234e-01
-1.460058e-01
-1.654215e-01
4.823807e-01
-2.289907e-01
2.932720e-01
-1.636944e-01
-4.307680e-02
1.282629e-02
3.042907e-01
6.947663e-01
-3.203025e-01
-2.286829e-01
-1.895185e-01
5.688943e-01
2.103045e-01
6.022704e-01
-1.370390e-01
1.110578e+00
-6.002126e-02
-1.089104e-01
-7.147714e-02
-2.681038e-01
2.592110e-01
-2.742256e-01
-1.851465e-01
-3.463684e-01
-2.924922e-02
-1.271527e-01
-3.239475e-01
-1.252722e-01
-4.398850e-02
1.279679e+00
-1.878391e-01
-2.556943e-01
-2.047814e-01
-3.025909e-01
-6.261528e-02
-3.841110e-02
5.765619e-01
-2.126340e-01
-1.385645e-01
-1.525483e-01
4.855680e-01
-1.501442e-01
-3.899689e-01
-1.584140e-01
-1.321337e-01
-1.562901e-01
-5.700020e-02
-1.022788e-01
1.601551e-01
3.566785e-02
5.093679e-01
-1.319734e-01
-1.732298e-01
-1.989601e-01
8.835050e-02
-1.363292e-01
-2.901597e-02
2.506585e-01
-2.634184e-01
-2.165677e-01
-1.020792e-01
3.121246e-02
-1.448684e-01
2.979592e-01
-2.118987e-01
3.333595e-01
-1.329319e-01
-1.035001e-02
-6.525517e-02
-1.658758e-01
-1.092519e-01
-2.991237e-01
-1.330234e-01
-1.722357e-02
-2.303576e-01
-9.785158e-02
-8.217510e-02
6.133584e-02
4.901384e-01
1.554536e-01
9.127380e-01
2.275180e-02
-2.619275e-01
-6.125912e-03
-3.442341e-02
-3.471521e-01
9.282311e-01
-1.325945e-01
-2.888351e-02
7.408276e-03
-2.215163e-01
-1.176473e-01
-4.989539e-02
-2.008712e-01
3.642014e-01
-3.595957e-01
1.022550e+00
-3.243088e-01
3.135462e-01
-2.258270e-01
-2.446789e-01
-1.716611e-01
-1.771512e-01
-2.045492e-01
-2.460414e-01
-6.535605e-02
-1.789192e-01
6.639957e-01
-2.833066e-01
-1.424649e-01
5.022975e-01
-2.042979e-01
-1.006081e-01
-3.889011e-03
-3.601196e-02
2.852485e-01
3.598695e-01
-2.128903e-01
-1.568130e-01
-2.221751e-01
-2.395758e-01
-3.289504e-02
3.324490e-01
-2.828759e-01
-1.716434e-01
-6.166314e-02
8.008281e-01
-1.000575e-01
-1.272635e-01
-3.259465e-01
-1.199845e-01
-1.250046e-01
1.101953e-01
-1.175444e-01
-9.403167e-02
-2.520549e-01
-2.268128e-01
-1.063968e-01
-2.593733e-01
-1.850088e-01
-1.331045e-01
8.622497e-01
-1.886598e-01
-1.699859e-01
-1.898981e-01
-1.006586e-01
-1.243858e-01
6.829856e-01
-3.577962e-02
5.317381e-01
-1.101639e-01
-1.865559e-01
-8.383815e-02
-2.285949e-01
-1.797377e-01
-1.933336e-01
-1.211442e-01
-3.006985e-01
-1.493157e-01
9.609080e-01
1.044177e-03
-2.002490e-01
-1.107497e-01
-2.125331e-01
-1.803250e-01
-1.803997e-01
7.718980e-01
-2.551277e-01
-1.755847e-01
8.004694e-02
-1.924779e-01
3.857588e-01
2.840007e-01
-1.176601e-01
-2.115935e-01
1.544236e-01
-9.445784e-02
-1.499687e-03
-1.365038e-01
4.352407e-02
-1.505677e-01
-8.993809e-02
-1.231353e-01
-1.536409e-01
5.263976e-01
-2.984920e-02
-2.256119e-01
-1.144249e-01
-6.261142e-02
5.422094e-01
-3.203287e-01
-1.028919e-01
-8.769326e-02
-5.446107e-02
-1.255036e-01
-1.573047e-01
-4.114845e-02
-2.539734e-02
-1.003309e-01
-1.627233e-01
-2.319307e-01
-4.722486e-02
8.638136e-01
-1.746777e-01
-8.054011e-02
-2.260361e-01
1.913584e-01
-1.459642e-01
-2.371842e-01
-3.185656e-02
3.282953e-01
1.006132e+00
2.361296e-01
-2.472855e-01
3.750022e-01
-8.915011e-02
