1.043024e+01
1.421399e+01
1.400937e+01
1.471214e+01
1.441161e+01
1.150041e+01
1.164996e+01
1.269483e+01
1.342702e+01
1.067662e+01
1.118621e+01
1.219994e+01
1.164300e+01
1.303901e+01
1.487845e+01
1.512513e+01
9.889376e+00
1.188766e+01
1.220248e+01
1.233405e+01
1.455796e+01
1.511916e+01
1.493752e+01
1.538504e+01
1.287640e+01
1.317678e+01
1.087780e+01
1.212517e+01
1.393997e+01
1.182920e+01
1.286711e+01
1.343095e+01
1.224126e+01
1.308594e+01
1.421495e+01
1.085626e+01
1.266201e+01
1.439351e+01
1.106090e+01
1.170542e+01
1.109495e+01
1.189126e+01
1.441491e+01
1.309610e+01
1.310181e+01
1.317081e+01
1.482462e+01
1.247065e+01
1.368713e+01
1.290245e+01
1.254903e+01
1.493301e+01
1.445998e+01
1.380505e+01
1.251161e+01
1.367423e+01
1.351003e+01
1.237771e+01
1.050029e+01
1.113134e+01
1.279039e+01
1.585795e+01
1.261142e+01
1.422204e+01
