2.293865e+00
2.489789e+00
2.590734e+00
2.708611e+00
2.620130e+00
2.462571e+00
2.812168e+00
2.676153e+00
2.821677e+00
2.446128e+00
2.755588e+00
2.719024e+00
2.879880e+00
2.742932e+00
2.556391e+00
2.497283e+00
2.674368e+00
2.763999e+00
2.439852e+00
2.592754e+00
2.586938e+00
2.791885e+00
2.774485e+00
2.339476e+00
2.507356e+00
2.694540e+00
2.571175e+00
2.594383e+00
2.822843e+00
2.891760e+00
2.687337e+00
2.492289e+00
2.711006e+00
2.626485e+00
2.657449e+00
2.320883e+00
2.453969e+00
2.370385e+00
2.473788e+00
2.446939e+00
2.627786e+00
2.752865e+00
2.713878e+00
2.468974e+00
2.885754e+00
2.647579e+00
2.820107e+00
1.876860e+00
2.611078e+00
2.566656e+00
2.573893e+00
2.581668e+00
2.528475e+00
2.632447e+00
2.571516e+00
2.298101e+00
2.704942e+00
2.534936e+00
2.553210e+00
3.039869e+00
2.759606e+00
2.387537e+00
2.576856e+00
2.798656e+00
