2.159960e-02
-3.115912e-02
3.041990e-02
3.607665e-02
2.992702e-02
9.047168e-02
5.008356e-02
-2.580489e-02
2.961305e-02
-1.334912e-02
9.364821e-05
-3.556499e-03
-6.565765e-02
-3.051798e-02
-1.311679e-02
-6.893551e-02
2.710019e-02
-1.035365e-02
-1.916887e-02
-2.917389e-02
4.517496e-02
2.505298e-02
1.612578e-02
-2.277713e-02
8.314174e-02
1.680296e-02
-1.248930e-02
4.388646e-02
-4.875665e-02
-2.945195e-02
-9.880827e-03
-2.565477e-02
2.262200e-02
-6.016761e-03
-6.490944e-02
-2.321173e-02
4.406480e-02
5.895784e-03
4.323535e-02
-1.698635e-02
-2.209899e-03
4.873161e-02
-1.106135e-02
-1.870241e-02
3.787128e-04
-1.259344e-02
-1.785326e-02
6.773703e-03
-4.750543e-02
-1.745225e-02
6.389608e-02
-9.619722e-03
2.801157e-02
6.649951e-04
9.598540e-03
4.364622e-02
1.541626e-02
3.102775e-02
3.595513e-02
-6.520856e-02
1.355039e-02
2.145023e-02
5.127643e-02
-3.914111e-02
