1.660660e-02
-5.485579e-03
6.682213e-03
-2.938828e-02
-2.132632e-02
-1.589788e-03
1.334552e-03
-3.975362e-04
-1.617011e-03
-1.573259e-02
2.610478e-03
9.853803e-03
-3.128859e-02
1.096354e-02
2.127582e-02
-9.488478e-03
-3.219498e-02
-2.105348e-02
-2.104411e-02
-4.904464e-03
1.371253e-02
-2.589694e-02
-4.651820e-03
-4.521541e-02
-1.971540e-02
3.320390e-02
1.383760e-02
1.840361e-02
-2.849964e-02
-3.838085e-02
-4.786026e-03
-3.292977e-02
3.427191e-02
-8.337155e-03
-1.623194e-02
-1.663996e-02
-1.884360e-02
-9.836074e-03
1.014693e-02
-3.880794e-02
4.268790e-03
2.612181e-02
-7.853119e-03
3.126598e-02
1.328778e-02
-1.795422e-04
-2.271519e-02
1.717069e-02
-2.060693e-02
7.101228e-03
-2.787501e-02
-9.775637e-04
-1.647126e-02
7.919031e-04
-3.863505e-02
-1.134876e-02
3.049001e-02
-1.916434e-02
-5.783777e-03
-2.247822e-03
-2.095591e-02
-2.244376e-02
2.209617e-02
6.989720e-02
