4.759593e+00
9.518490e+00
8.348169e+00
5.178490e+00
5.231915e+00
4.879066e+00
3.476619e+00
7.016885e+00
1.260933e-01
6.824759e+00
6.989837e+00
5.714061e+00
2.302068e+00
7.783433e+00
4.929390e+00
4.350980e+00
1.257735e-04
1.514986e-03
7.649238e+00
5.864041e+00
3.657835e+00
1.000480e+01
6.818506e-02
4.197654e+00
8.437587e+00
6.110419e+00
9.517535e+00
5.681727e+00
9.654179e-01
1.887620e-05
1.173657e+01
4.060019e+00
3.318061e-05
1.445627e-04
8.687240e+00
2.030207e-04
1.155861e+01
7.183908e+00
1.578603e-04
1.000017e+01
2.662729e-05
2.324556e+00
2.850786e-06
9.086425e+00
2.748314e-01
2.241357e-03
1.445572e-01
1.098506e+01
6.834474e+00
5.352466e+00
5.123247e+00
5.039435e+00
5.795057e+00
2.909012e+00
5.339273e+00
2.113928e-03
5.881149e+00
4.646082e+00
8.211724e-02
1.179369e-03
6.772865e-04
8.379617e+00
4.170698e+00
1.028217e+01
