4.225136e-03
-7.294264e-03
-1.364087e-02
-2.780260e-02
-3.195566e-02
-2.697333e-02
-5.895974e-02
-8.157784e-02
-4.450691e-02
-2.990598e-02
-1.177074e-01
-5.973989e-02
1.518965e-02
4.301373e-02
5.058992e-02
1.121684e-02
1.436930e-02
1.098107e-02
2.023777e-02
2.484151e-02
-5.385970e-03
1.221019e-02
-8.701930e-03
1.669300e-02
2.687895e-02
-5.003051e-03
-6.816128e-03
7.537704e-03
-8.608178e-02
1.392007e-02
6.287460e-02
5.299703e-02
9.405884e-02
-4.373988e-02
-1.113658e-01
-3.250794e-02
-3.050228e-02
2.200414e-02
2.601480e-02
5.270123e-02
1.270636e-02
2.615863e-02
7.731067e-02
4.993890e-02
9.163692e-03
2.183243e-02
-1.403299e-03
-2.168656e-02
3.916288e-03
-8.175395e-03
-2.157999e-02
2.989513e-02
-1.668385e-03
-6.033181e-02
3.984905e-03
-4.174929e-02
2.295257e-02
-2.886679e-02
3.152696e-02
3.008171e-02
-1.713099e-02
-5.513751e-03
1.291759e-02
-5.804319e-03
-3.486472e-02
-3.280078e-02
1.221608e-02
3.052482e-02
3.568853e-02
-5.236876e-02
-2.490192e-02
-1.246292e-02
5.632592e-02
4.641431e-02
3.170195e-03
-2.790459e-02
-2.063323e-02
9.386002e-03
2.277848e-02
-1.384230e-02
-2.714202e-03
-3.149651e-02
-1.244533e-02
1.070755e-02
2.917956e-02
5.848387e-02
2.113906e-02
4.794630e-03
1.713051e-02
-1.113131e-02
-1.809704e-02
-3.109518e-02
6.912977e-03
3.680035e-02
4.511105e-03
-1.272381e-02
2.194762e-02
3.975664e-02
1.137235e-02
4.096556e-02
9.782700e-02
6.683177e-02
-9.116051e-02
-2.939282e-01
-1.187315e-01
6.039285e-02
1.183154e-01
4.780638e-02
1.149727e-02
-1.779999e-02
1.038918e-02
1.647139e-02
-4.300048e-02
2.622091e-02
-1.411820e-02
5.553309e-02
-1.432807e-02
6.721020e-03
3.868946e-03
-5.079792e-02
2.089692e-02
1.445943e-02
4.980574e-02
3.217069e-02
3.845070e-02
4.666683e-02
-3.850738e-02
-1.704182e-02
1.297926e-02
5.546468e-02
-3.599257e-02
-3.885269e-02
2.418281e-02
3.257766e-02
3.906289e-02
4.002824e-02
-5.712153e-02
-3.371918e-02
4.195431e-02
6.234865e-02
1.437688e-02
-9.366781e-03
-1.765356e-02
9.570356e-03
8.493708e-02
6.492067e-02
8.240818e-02
6.046776e-02
5.649574e-02
8.114439e-02
2.752227e-02
2.638181e-02
4.666002e-02
-3.636643e-02
-5.654017e-02
-1.513380e-02
-6.530936e-03
-3.919129e-02
-1.963875e-02
3.401850e-02
3.093042e-02
5.120630e-02
-2.176925e-02
-1.607220e-02
-1.777914e-02
-3.983540e-03
7.294865e-04
-5.676375e-03
-1.309959e-02
6.678021e-04
-1.721347e-02
-1.258139e-02
-3.978904e-02
-4.034342e-02
-3.043007e-02
-4.906389e-02
-3.293298e-02
-6.806605e-03
-1.837207e-02
-2.822254e-03
1.989441e-02
1.877464e-02
1.531157e-02
4.153441e-02
5.849476e-02
-1.670039e-02
-3.497700e-02
7.884480e-03
-2.343029e-02
2.156853e-02
2.720062e-02
3.166370e-02
1.316309e-02
-1.692832e-02
2.405228e-02
-2.048588e-02
-2.060909e-02
-1.658683e-02
-1.755115e-03
-1.536696e-02
2.391926e-02
-1.572328e-02
-2.343241e-02
-2.087149e-03
-3.247612e-02
-1.809442e-02
9.115980e-03
4.477351e-02
2.789017e-02
1.905628e-02
1.468077e-02
-2.746017e-02
-2.746092e-02
-1.960281e-03
-5.089169e-02
-3.613172e-02
4.593927e-02
-8.586122e-03
-2.295901e-02
-6.157243e-04
-6.401683e-03
-2.413498e-02
-1.031044e-02
-6.544759e-03
-1.472142e-02
-6.192651e-03
-2.306013e-02
-1.680165e-02
4.991524e-03
-1.106265e-02
-9.885919e-03
9.312077e-03
9.869228e-03
7.811279e-03
8.955447e-03
8.638904e-03
-9.730689e-03
-4.909093e-02
-7.038881e-02
-6.618726e-02
-9.538350e-02
-1.217102e-01
-1.029933e-01
1.580302e-02
-2.501353e-04
2.643451e-02
-1.025657e-03
-3.325506e-02
1.419789e-02
2.963353e-03
6.637048e-03
9.375334e-03
9.058870e-03
1.134516e-02
-1.085472e-02
-3.622602e-03
1.023215e-03
-4.077786e-02
-3.791309e-02
-1.392874e-02
-1.653108e-02
-1.458897e-02
2.095691e-02
2.152717e-02
-2.018701e-02
2.797116e-02
3.515993e-02
-2.973983e-02
-1.186247e-02
2.099006e-02
1.012960e-03
-2.292600e-02
-3.820600e-02
5.197799e-02
-2.598132e-03
-7.452331e-03
2.057074e-02
1.577174e-02
6.106070e-03
3.136009e-03
-1.869723e-02
-7.018819e-03
6.506699e-02
-2.212353e-02
-4.423162e-02
8.760467e-02
4.892997e-02
-2.858645e-02
1.099533e-01
6.418414e-02
6.211942e-02
8.552337e-02
5.651562e-02
4.911111e-02
9.033693e-02
7.096615e-02
7.321873e-02
-1.102875e-02
1.014859e-02
1.197391e-02
-7.388334e-03
-5.923822e-03
-2.311791e-02
5.493285e-04
-1.304473e-02
-2.152896e-02
1.057831e-02
-1.833736e-02
-1.097355e-02
-3.238646e-02
-6.403740e-02
-5.293901e-02
-5.530438e-03
-4.658971e-02
-3.939371e-02
-7.975888e-03
1.559377e-02
-3.132869e-02
-1.100329e-02
1.065627e-02
5.422050e-03
1.733718e-03
8.395042e-03
6.989559e-05
-2.063743e-02
-5.917310e-02
-7.023493e-02
1.415825e-02
-8.584896e-03
-5.747335e-02
9.171802e-04
-6.776250e-03
-2.382591e-02
-1.329421e-02
2.309952e-02
5.210517e-02
-4.640299e-03
-1.741925e-02
-1.957820e-02
3.013459e-02
1.444819e-02
-1.874060e-02
-8.264965e-03
-2.756377e-02
2.646117e-02
-1.542143e-02
-8.614533e-03
1.979052e-02
-2.586934e-03
2.753747e-03
3.768220e-02
1.551190e-02
1.915121e-02
3.914122e-03
1.639407e-02
2.399326e-02
2.235231e-02
5.000862e-02
4.659419e-02
3.349246e-02
5.406204e-02
-9.804428e-03
-5.207842e-02
5.343990e-02
-1.619212e-03
-8.492188e-02
3.436161e-02
-2.001427e-02
-3.214769e-02
-1.133649e-02
-4.184487e-02
-2.957578e-02
-4.664625e-02
-6.027290e-02
-2.253354e-02
-5.375981e-02
-3.771730e-02
5.608382e-03
3.391293e-03
-1.005669e-02
-6.633501e-02
1.424416e-02
4.373551e-03
-2.986008e-02
-1.219358e-02
-2.031235e-02
-3.022908e-02
7.591953e-03
-1.426014e-02
1.111461e-02
1.478917e-02
-2.475746e-02
7.122538e-04
2.610002e-02
2.210361e-02
1.230292e-02
-5.406946e-03
2.520946e-02
8.670193e-03
-7.057243e-03
1.448234e-02
2.610686e-02
-4.453161e-02
-6.776451e-03
-3.403245e-03
-7.785792e-02
-7.021648e-02
-2.812439e-02
-7.785050e-03
4.672372e-02
3.892857e-02
3.846868e-02
4.137948e-02
2.412522e-02
-9.902024e-04
-1.251046e-02
1.788214e-02
-8.913671e-03
-2.850259e-02
-1.670176e-02
-7.032682e-03
-8.451139e-03
-5.638198e-03
1.130734e-02
2.148486e-02
-1.204160e-02
-1.108677e-02
2.851794e-02
6.080354e-03
4.841956e-03
2.957763e-02
2.235651e-02
-5.098427e-02
-3.745900e-02
-3.793609e-02
-1.798695e-02
-2.578317e-02
-1.406756e-02
-2.720561e-02
-5.062851e-02
-4.446354e-02
-6.115799e-02
1.555432e-02
6.395721e-02
-5.699788e-02
-7.570030e-02
4.133949e-02
6.960350e-03
-5.238849e-02
-2.156650e-02
-2.375125e-02
-1.659499e-02
-2.180553e-03
3.450887e-03
1.211149e-02
5.068881e-03
1.893378e-02
5.026941e-02
1.874539e-02
-6.049774e-02
2.256552e-02
4.569900e-03
4.377920e-02
-8.058916e-02
-8.239434e-03
6.533765e-02
5.894862e-02
-2.566592e-02
6.259335e-02
6.746810e-02
-8.488450e-03
2.669951e-02
9.244671e-02
4.827649e-02
1.970952e-02
2.077126e-02
5.549253e-02
2.541416e-02
3.263212e-02
-4.631228e-02
1.089347e-01
4.515185e-02
3.516870e-02
-1.083986e-02
4.518903e-02
6.600183e-02
2.216189e-02
4.741072e-02
6.734391e-03
-1.965607e-03
2.505113e-02
7.936079e-03
-8.226338e-02
7.741016e-03
-3.816327e-02
-3.237402e-02
-2.656229e-02
-2.946972e-02
-6.216881e-03
1.189120e-03
8.383350e-03
1.515274e-03
4.076996e-02
1.910696e-02
-5.099623e-03
-1.486513e-02
-1.131958e-03
7.613599e-04
-1.693504e-02
-1.452483e-02
-3.592656e-02
1.902364e-03
2.638404e-04
9.784933e-03
1.480597e-02
-5.073604e-03
-1.857347e-02
-2.713943e-03
-9.028096e-03
5.068197e-02
4.132845e-02
5.351554e-02
3.979860e-02
9.642518e-03
3.386891e-02
-3.078250e-02
6.532468e-02
4.137469e-02
-1.145154e-02
-9.261985e-03
4.792063e-02
2.308320e-02
2.186748e-02
-3.987378e-03
2.299757e-02
4.305646e-03
5.072968e-02
-1.874603e-02
4.833712e-02
7.813695e-02
-6.534537e-02
-4.572004e-02
3.130479e-02
4.382182e-02
-1.117307e-02
-2.346889e-02
-1.511369e-02
1.587717e-03
-5.893103e-02
-6.169570e-03
-3.495836e-02
-1.953498e-02
1.217131e-02
-3.271004e-02
-4.625670e-02
7.795925e-03
-5.449786e-02
-4.827660e-02
2.350935e-03
8.158859e-03
-4.245601e-02
-7.735886e-02
-1.393039e-02
-3.101560e-02
3.628009e-02
-1.586201e-02
1.384060e-02
-7.888288e-02
-2.396751e-02
4.117524e-02
-6.784689e-02
-1.850253e-01
-7.332569e-03
1.047349e-01
2.960706e-03
-6.517670e-02
-1.133126e-02
-3.547515e-03
1.207433e-02
-4.027626e-02
-2.129689e-02
-2.575160e-02
-3.205661e-02
7.320275e-03
-8.760585e-03
9.151214e-03
2.577896e-02
-3.854314e-02
9.288745e-03
3.858275e-02
1.330682e-02
-2.445782e-02
-6.492439e-03
-1.720752e-02
1.947311e-02
3.159771e-02
3.999884e-02
6.679211e-03
5.571427e-02
3.985230e-02
-8.769597e-03
2.163508e-02
4.491653e-03
2.981031e-02
-1.110168e-02
-8.563303e-03
2.237092e-03
3.683472e-03
-5.337028e-03
1.255962e-02
-3.593056e-02
-1.850957e-02
-3.476401e-03
-2.943004e-02
3.185905e-02
-1.152750e-03
2.297510e-02
2.017354e-02
-1.016449e-02
1.700165e-02
2.074181e-02
-1.209006e-01
1.629123e-02
1.081624e-01
-1.752094e-01
-4.175450e-02
1.702484e-01
-9.717658e-02
-6.838271e-02
6.852538e-02
5.199556e-02
-1.033087e-01
-2.674829e-02
8.111884e-02
-1.402322e-01
-6.852073e-02
9.067863e-02
-4.305086e-03
-7.628930e-02
-1.567151e-02
1.337763e-02
1.640667e-02
-6.344468e-03
2.805132e-02
-7.711087e-03
-2.664896e-02
-6.654999e-03
-4.286306e-02
-3.503935e-03
1.136949e-02
5.746251e-02
-5.094524e-02
1.227469e-02
3.011161e-02
-1.620465e-02
4.398122e-03
-2.314775e-02
-4.741977e-02
-7.471318e-04
6.347060e-02
-8.475738e-02
1.122550e-02
4.782826e-02
-7.381927e-02
2.475868e-02
7.073417e-02
-2.939034e-02
-1.610639e-02
-7.448053e-03
-2.642606e-02
1.295003e-03
-1.432838e-02
-2.413103e-02
-3.196166e-02
-2.296262e-02
9.323559e-03
-6.736177e-03
-2.393136e-02
-3.333229e-02
5.750989e-02
2.272412e-02
-3.261850e-02
4.570469e-02
3.010342e-02
-4.946483e-02
-2.015028e-02
5.884296e-02
-8.037008e-02
1.700444e-02
7.810455e-02
-2.002694e-02
-1.238841e-02
4.364590e-02
4.828824e-02
8.818746e-03
-9.091169e-03
3.592332e-02
-1.246279e-02
-2.691815e-02
1.208350e-02
-1.119129e-02
-3.384914e-02
2.000405e-02
-3.421703e-02
1.026082e-02
3.483271e-02
-4.388238e-02
-3.346750e-02
3.012620e-02
-4.698240e-02
-4.661761e-02
-4.841568e-02
-8.447534e-03
3.683342e-02
4.624072e-02
8.349309e-03
1.010893e-02
3.891090e-02
1.106517e-02
1.060350e-02
-1.057964e-02
-2.885677e-02
-1.452778e-02
-3.024692e-02
-5.784294e-02
-2.341766e-02
-4.690494e-02
-3.097497e-02
-1.020111e-02
-2.582037e-02
1.456177e-02
1.728423e-02
-1.822123e-02
2.765975e-02
3.025030e-02
4.889197e-03
-5.834508e-02
-1.124564e-02
-2.854424e-03
4.783914e-02
1.914064e-02
6.595125e-03
8.895725e-02
4.687339e-02
1.096947e-02
5.267679e-02
5.113473e-02
-3.206850e-02
-7.430758e-03
-4.878707e-02
-5.638747e-03
-6.215051e-02
1.512117e-02
3.742601e-02
-1.545099e-02
5.330213e-03
-2.160136e-02
1.878763e-02
-2.093122e-03
-9.516857e-03
-8.007884e-04
2.111736e-02
1.644221e-02
-2.287960e-02
-1.040898e-02
-4.488187e-02
2.641575e-02
-3.760800e-02
-7.156240e-02
4.404625e-02
3.893844e-02
3.788488e-02
-5.620396e-02
3.061579e-02
6.111450e-02
-3.097783e-02
5.416902e-02
1.144015e-01
-2.848136e-01
1.523592e-01
9.642457e-02
-7.687895e-02
4.344359e-02
1.509100e-03
-3.190026e-02
3.809493e-02
-1.348692e-02
-2.304455e-02
1.126228e-02
-7.261778e-02
4.410808e-02
5.535181e-03
4.501498e-02
4.647815e-02
3.804877e-02
6.222507e-02
2.465113e-02
5.997778e-02
2.037840e-02
-4.106967e-02
4.071653e-02
-2.635138e-02
1.760409e-02
5.975066e-03
-8.763121e-03
1.236017e-01
7.083873e-02
-1.451364e-02
8.730864e-02
6.602816e-02
-9.057934e-03
-3.509443e-02
-3.386471e-03
-1.127161e-03
-3.419185e-02
5.001587e-02
-7.126214e-02
-1.589764e-02
1.613927e-02
-1.593971e-02
-3.643697e-02
2.348689e-02
-2.892962e-02
5.545516e-02
-1.757061e-02
2.528130e-02
8.231114e-03
-2.445210e-02
-4.448025e-02
7.946943e-02
3.117565e-02
-1.421817e-01
1.172831e-01
-6.542590e-02
-8.756883e-03
1.106353e-01
-6.637042e-02
-3.417114e-02
2.661112e-03
-8.113419e-03
1.583331e-02
8.202573e-03
1.581376e-02
1.803969e-02
-3.987746e-02
3.628796e-02
4.435462e-02
-8.314593e-04
-4.819389e-02
3.759669e-02
-8.424010e-02
3.483688e-03
3.731401e-02
-6.631047e-02
1.268147e-02
1.733462e-02
-1.104009e-02
-7.469463e-03
5.518698e-02
-3.839142e-03
-3.060738e-02
1.767484e-03
2.622384e-02
1.057536e-02
-1.998233e-02
-6.084510e-02
-2.255750e-02
-3.557128e-02
-5.545884e-02
-1.871540e-02
-4.340800e-02
-4.527524e-02
-3.130972e-02
6.440100e-02
5.588201e-02
2.275169e-02
3.686237e-02
-1.268052e-02
-7.724532e-02
1.186358e-02
-1.081754e-01
-3.148606e-02
-1.155430e-02
2.196521e-02
-1.379278e-02
-1.129786e-02
-7.253002e-03
-2.390725e-02
-1.270791e-02
-1.823606e-02
3.774963e-03
1.197923e-01
1.567419e-02
-7.548845e-02
-7.574184e-03
-2.030638e-01
8.053344e-02
-7.357648e-02
5.065525e-02
6.246056e-02
-3.098621e-03
-3.250694e-02
4.001515e-03
-2.051415e-02
-3.781922e-02
-2.925457e-02
-6.168545e-02
-3.961930e-02
-1.570458e-02
5.711841e-02
3.705408e-02
9.242216e-02
6.765583e-04
6.423687e-03
-2.154801e-02
-2.439598e-02
-2.163587e-02
-2.524345e-02
1.214396e-03
2.831078e-03
1.253595e-02
6.151795e-03
2.764061e-02
-4.841865e-02
2.754823e-02
-3.280568e-02
-1.233872e-03
1.173977e-03
3.325562e-02
-1.756739e-03
2.509275e-03
2.336382e-02
-5.071047e-04
-3.002885e-02
5.035987e-02
3.807473e-03
-3.628052e-02
3.567499e-02
4.901689e-02
-5.323241e-03
3.719348e-02
-3.469360e-02
-2.742866e-02
-2.053176e-02
-4.319145e-03
4.685727e-02
3.805381e-02
6.797975e-02
3.930289e-03
3.003694e-02
-6.927683e-03
-5.338926e-02
1.941342e-02
-5.880442e-03
1.159909e-02
5.898043e-02
7.205254e-02
2.178784e-02
9.116462e-03
1.149464e-02
1.248007e-02
3.205881e-02
2.462657e-02
-4.531364e-02
-4.191776e-02
8.065481e-02
2.787938e-03
5.268437e-02
-1.815478e-02
5.556677e-02
-3.656043e-02
-1.029765e-02
-3.006759e-02
2.072117e-02
-5.630564e-03
-2.590902e-02
-1.405576e-01
5.369159e-02
-4.451187e-02
7.710486e-02
7.363405e-02
-1.913040e-02
6.242597e-02
2.975242e-02
3.241965e-02
1.182390e-01
-1.224736e-02
2.100727e-02
2.385643e-02
-5.173486e-02
-6.039590e-02
-2.410419e-03
6.517319e-02
3.030442e-02
-2.367323e-02
3.452562e-02
8.041880e-02
5.680701e-02
-5.961305e-02
-2.735554e-02
3.301087e-02
-5.962615e-02
5.319410e-02
-8.499099e-02
5.990753e-02
-8.740993e-03
1.624372e-02
3.514386e-02
6.745790e-02
4.270516e-02
8.327726e-02
3.149727e-02
1.465462e-02
5.755199e-02
8.917113e-02
6.361219e-02
9.710561e-02
-3.538013e-02
-4.067039e-02
-1.117997e-02
-1.651092e-02
-1.023117e-02
1.878785e-02
1.309292e-02
1.703994e-03
1.552052e-02
-4.078820e-02
-4.183662e-03
1.511725e-02
-1.636952e-02
1.491088e-02
4.486839e-02
-1.728807e-02
5.804417e-03
4.082614e-02
-1.042658e-02
2.889061e-02
3.493830e-02
-1.127741e-02
-5.287288e-02
2.956128e-02
7.776540e-03
4.970666e-02
3.391764e-02
-3.048785e-02
1.386374e-02
3.521684e-03
-3.479043e-02
3.436815e-03
3.191095e-02
-6.796326e-02
-1.633514e-02
-7.770326e-03
7.146657e-03
-4.875350e-03
-1.717825e-02
-2.622886e-02
-9.099470e-03
-7.909634e-03
-1.612602e-02
-4.941575e-03
3.454151e-02
4.721879e-02
7.983552e-03
1.602222e-03
-4.921593e-03
1.040457e-02
-2.693828e-02
-2.574411e-03
-7.961886e-03
3.902767e-03
2.346406e-02
3.913533e-03
7.798966e-03
5.233294e-02
2.497459e-02
9.339416e-03
1.051854e-02
1.039579e-02
2.321530e-02
2.880683e-03
-4.694145e-03
1.584163e-03
2.591515e-03
1.367921e-02
1.805025e-02
-2.655050e-03
-1.023556e-02
-5.135807e-02
-3.667779e-02
-3.677191e-02
-6.995925e-02
-1.897750e-02
1.609832e-02
-3.455253e-02
-1.152563e-02
8.035517e-03
-6.895371e-03
-2.387177e-03
2.135512e-02
5.164185e-02
-1.892286e-02
-4.059528e-03
2.649642e-02
-3.430681e-02
-6.249733e-02
-2.839545e-02
2.330182e-02
-2.275691e-02
-3.489093e-02
3.127379e-02
2.215218e-02
-1.713442e-02
1.960438e-02
4.908525e-03
7.471751e-03
5.529660e-02
2.670125e-02
-3.163561e-02
7.365475e-02
-2.660481e-02
-4.636914e-02
3.332848e-02
-1.156147e-02
-5.526159e-02
-3.853701e-02
5.215218e-03
-4.296678e-02
-4.932507e-03
1.091003e-02
-1.421902e-02
-1.668585e-02
-1.877264e-02
-2.669527e-02
-9.086465e-03
-3.916692e-03
-1.163551e-02
-1.182833e-02
4.423425e-02
-2.636818e-02
5.708897e-02
2.564324e-02
-1.273757e-02
4.089689e-02
3.692418e-02
3.960990e-03
3.033698e-03
-1.774355e-02
-2.951354e-02
2.492867e-02
-1.269322e-02
9.657164e-03
-1.635029e-02
-3.358550e-02
-4.976486e-02
-5.724984e-03
-2.328407e-02
-2.304842e-02
2.405472e-02
-1.221865e-02
-1.582211e-02
7.195452e-03
3.639876e-02
1.219890e-02
2.406699e-02
7.382569e-02
4.858758e-03
4.095977e-02
4.700472e-02
-4.783466e-02
-2.501167e-02
-8.434683e-03
-6.059657e-03
-1.845103e-02
-6.796096e-02
1.991583e-02
-2.425440e-02
-7.793742e-03
3.276041e-02
2.948061e-02
-7.120226e-03
-3.834793e-02
-1.034443e-02
-1.099034e-02
-3.200539e-02
2.436166e-02
-3.408964e-02
-3.532341e-03
2.736583e-02
9.154376e-03
1.663414e-02
-7.966438e-03
1.425141e-03
-1.553421e-02
-4.298815e-02
-3.607722e-02
-7.337776e-03
-5.510599e-03
3.601561e-02
4.260233e-02
4.715462e-02
3.012886e-02
1.460640e-03
9.343316e-02
2.340334e-02
-4.510279e-03
-1.732850e-02
-1.126104e-01
5.656804e-02
-1.183033e-01
-9.483210e-02
1.141585e-01
-4.019115e-02
9.192838e-02
-1.340271e-02
1.761717e-02
-5.408932e-02
-2.111100e-02
-1.779431e-02
-9.102992e-02
4.780874e-03
-4.919747e-02
-4.636240e-02
5.615086e-02
6.415261e-03
1.139369e-02
4.601195e-02
-3.347685e-03
2.113334e-03
6.713102e-02
3.460106e-02
2.860560e-02
-6.558097e-03
3.580280e-02
-9.793782e-04
-2.770907e-02
3.854408e-02
1.426979e-02
-5.232909e-02
2.463054e-02
3.645930e-02
-2.337722e-02
1.720271e-02
-6.356812e-02
5.494860e-03
1.497951e-02
5.847349e-02
-1.302113e-02
3.531808e-02
1.584086e-02
-2.351058e-02
-4.142169e-02
-2.540323e-02
3.849845e-02
-1.519759e-02
-5.175873e-02
5.673375e-02
-4.782866e-02
2.413390e-02
-1.344425e-03
3.592604e-02
8.431090e-02
3.709245e-02
-1.745516e-02
6.630389e-02
-9.620406e-02
4.233866e-02
-2.113451e-02
-4.512144e-02
-2.057606e-02
1.497231e-02
6.669540e-02
4.709344e-02
6.425555e-02
8.546815e-03
4.133359e-02
4.785518e-03
-1.623817e-02
-8.617122e-03
-6.249244e-02
1.511111e-02
-1.390487e-01
-2.365401e-02
1.093742e-01
-2.233390e-02
5.200911e-02
7.694382e-02
-3.954715e-02
3.936880e-02
-5.631437e-03
-4.963860e-02
7.511023e-02
-5.980870e-02
1.944392e-02
1.628202e-02
-1.865198e-02
-1.201021e-02
-1.283900e-02
-2.831567e-02
-2.000826e-03
-1.548113e-02
-3.410034e-02
-1.495339e-02
-3.285435e-02
-2.462201e-02
-3.798338e-02
-9.268606e-02
-7.283290e-02
-2.381773e-03
6.263177e-03
3.806305e-02
8.077472e-02
7.222465e-02
9.830464e-02
-1.657557e-03
-4.034397e-03
-1.697222e-02
5.916591e-03
-1.735202e-02
-8.315361e-02
-2.100457e-02
-2.273624e-02
-1.058345e-02
2.173165e-03
-4.376330e-02
-1.423005e-02
4.531423e-02
-1.182499e-02
7.719028e-03
5.530910e-02
1.021326e-01
6.398368e-02
2.647084e-02
3.405383e-02
3.241109e-02
2.807521e-02
3.639376e-03
8.323061e-03
-2.426858e-02
-7.730676e-02
-8.000715e-02
1.214013e-02
-2.307012e-02
-1.741507e-02
3.646947e-02
1.305149e-02
4.503900e-03
-3.254964e-03
-6.787239e-03
2.177242e-02
-2.828404e-02
-1.072633e-02
-1.531530e-02
-3.044371e-02
4.102181e-02
2.006114e-02
-1.223642e-02
3.115100e-02
1.961612e-02
4.633800e-02
3.734611e-02
1.698402e-02
-4.101360e-02
-5.738539e-02
-5.515934e-02
-7.515241e-02
-7.239530e-02
-3.456907e-02
-2.889091e-02
-4.588216e-02
-3.385209e-02
-8.039260e-03
8.454915e-03
4.818750e-04
5.361702e-02
5.384780e-02
2.773033e-04
-2.473948e-02
-4.105800e-02
-1.899127e-03
-6.896731e-02
-4.136735e-02
-1.626973e-02
-1.095850e-02
1.419303e-02
1.950963e-02
-1.711434e-02
-3.213350e-02
-4.328758e-02
-2.009978e-03
1.553096e-02
-1.064265e-02
1.222355e-02
6.438509e-02
2.292347e-02
6.653024e-02
3.983246e-02
4.035001e-02
-5.012998e-02
-1.072031e-01
-8.819440e-02
-4.560796e-04
-5.933312e-02
-2.700008e-02
9.573935e-03
1.951433e-02
1.044022e-02
5.032926e-03
-2.017799e-02
-1.833804e-02
1.696122e-02
1.848405e-03
1.886520e-03
3.363822e-02
8.239955e-02
6.923016e-02
1.510836e-02
6.295442e-02
4.138538e-02
-8.214778e-02
-7.192232e-02
-5.555549e-02
-1.299358e-02
-1.751676e-02
-4.138380e-03
-2.491418e-02
-4.033118e-02
-2.672724e-02
-1.750499e-02
-4.106212e-02
-5.066853e-02
-7.947788e-02
-9.234328e-02
-4.710554e-02
-1.296636e-02
-2.824969e-02
-9.332255e-03
4.732096e-02
4.868918e-02
5.632911e-02
-6.272892e-02
-5.902751e-02
3.848079e-03
-3.360597e-02
-7.162344e-02
-5.472954e-02
-1.047670e-02
-3.043138e-02
-2.777697e-02
3.449496e-02
4.831938e-02
-1.092240e-02
-2.325990e-02
4.063840e-02
8.297431e-03
-1.015732e-02
3.834479e-02
2.292531e-02
2.879865e-02
5.013972e-02
-1.105799e-03
3.939238e-02
9.361958e-03
-9.204636e-03
-8.538821e-02
-1.480706e-03
-7.044803e-02
5.991351e-02
6.154889e-02
-9.575457e-02
-1.042106e-01
9.931276e-02
1.673579e-02
5.428581e-02
-7.198510e-02
4.909325e-02
-3.519037e-02
3.095241e-02
9.733430e-02
2.927910e-02
-2.229845e-02
1.977422e-02
2.580236e-02
5.144744e-02
-1.624377e-02
-6.393486e-02
1.202187e-02
7.489990e-02
-1.298012e-02
-1.521978e-01
-3.730142e-02
7.388330e-02
2.239565e-03
-1.076959e-01
5.078583e-02
-6.959807e-02
-5.010154e-03
3.762161e-02
-7.074879e-03
-7.337324e-02
5.031662e-02
7.653016e-02
-1.025887e-03
-3.292692e-03
-1.738053e-02
6.523349e-04
-1.855538e-02
-7.399125e-02
3.522429e-03
3.713560e-02
-7.801653e-02
-1.258930e-02
-4.821553e-02
-6.343953e-02
1.813830e-02
2.436428e-02
-2.209832e-02
-3.654160e-02
5.070268e-02
7.938452e-03
-7.173111e-02
-2.950389e-02
5.154139e-02
1.381997e-03
-2.671185e-02
4.499133e-02
2.518207e-02
-3.841806e-03
-2.769577e-02
-1.160534e-02
5.286967e-02
5.059655e-02
4.924195e-02
8.216098e-03
3.695557e-02
5.356650e-03
-1.228622e-02
5.171388e-02
-1.702375e-02
-1.863768e-02
-4.912964e-02
5.795521e-02
4.044382e-02
-1.264314e-01
-5.269697e-02
5.031364e-02
3.246156e-02
-7.178672e-02
-7.729361e-03
3.043382e-02
-7.146989e-04
-3.934830e-02
-2.679302e-02
1.139316e-01
4.495752e-02
-2.324818e-02
1.551011e-02
3.784675e-02
-2.167450e-02
-3.930804e-02
-2.029370e-02
-1.649323e-02
-4.443321e-02
-6.968086e-02
-5.021058e-03
9.349762e-03
-3.072933e-02
-2.764018e-02
6.126403e-02
3.120278e-02
1.931188e-02
1.747695e-02
-1.128226e-01
8.795919e-02
-7.558524e-03
8.382757e-02
5.867858e-02
-6.925068e-02
4.118562e-02
1.197330e-01
-2.834935e-02
-1.135889e-01
-6.155448e-02
9.081469e-02
6.397077e-02
9.206915e-02
1.030032e-01
2.125686e-02
5.857761e-02
6.745738e-02
2.393527e-02
6.003806e-02
8.029295e-02
-1.645656e-02
-1.828155e-02
-2.298482e-02
-1.081931e-02
-2.720403e-02
-4.377294e-03
-3.460919e-03
-1.849998e-02
6.539228e-03
5.850970e-02
1.115562e-01
5.442292e-02
5.136843e-02
9.436573e-02
5.708388e-02
8.002250e-03
3.505463e-02
-8.975100e-03
-7.977515e-03
1.785726e-02
1.204921e-02
-3.644691e-04
1.650332e-02
2.099893e-04
-1.386487e-02
2.838288e-03
-1.945912e-02
1.756580e-02
4.461880e-03
-2.792600e-02
2.699904e-02
4.878322e-03
-3.166308e-02
1.778214e-02
1.880446e-02
-7.989027e-03
7.783524e-02
-3.449568e-02
-4.413998e-02
5.146005e-02
-6.854600e-02
-8.516408e-02
5.365370e-02
1.742481e-03
-1.734423e-02
1.417876e-02
3.215434e-02
3.760953e-02
-1.186343e-02
7.050925e-03
6.447474e-03
5.687892e-02
3.340297e-02
6.175349e-03
-4.814152e-02
-5.097795e-02
-1.885153e-02
-1.716601e-02
-1.403553e-02
-1.108885e-02
6.716285e-03
2.756179e-02
1.223612e-02
3.307166e-02
6.082306e-02
2.900596e-02
1.725452e-02
5.827063e-02
1.109254e-02
-1.611570e-02
1.109487e-02
-1.511474e-02
3.777333e-02
3.405200e-02
2.029793e-02
5.531179e-02
9.630028e-02
9.501256e-02
3.352325e-02
7.397827e-02
3.019390e-02
-9.781143e-03
-1.719573e-02
-1.197634e-02
2.365991e-02
1.884534e-02
2.415809e-02
-1.149377e-02
-1.115570e-02
1.590588e-02
-4.436503e-03
-3.583078e-03
7.990501e-04
1.090701e-04
-2.683975e-03
-2.609523e-03
1.809338e-02
4.688551e-03
-2.749529e-02
-2.726614e-02
-4.384387e-02
1.533222e-03
-4.102248e-02
-4.325778e-02
1.514839e-02
-1.266202e-03
2.804714e-02
7.398058e-02
-3.949671e-02
-2.006490e-02
-1.381920e-02
-3.498440e-02
-1.305196e-02
-2.935553e-03
1.043695e-02
5.986003e-03
1.072817e-02
-1.520315e-02
-5.600474e-03
1.019811e-02
-4.532497e-03
1.235649e-02
-2.446267e-03
7.486982e-03
7.482519e-03
5.841400e-03
-1.962636e-02
-6.415375e-03
4.225166e-02
2.488511e-03
-2.189476e-02
2.294616e-02
2.689925e-02
5.929685e-03
1.126667e-02
-1.218874e-02
-4.343714e-02
-4.115207e-02
-2.917919e-02
-4.871183e-02
-3.807958e-02
-4.418305e-02
-5.396063e-02
-2.570889e-02
-1.224215e-02
-3.821786e-02
6.821848e-03
-7.347562e-02
-3.611508e-02
6.628148e-02
-3.290378e-03
6.609026e-02
5.979239e-02
-2.502820e-03
-9.973740e-04
3.661911e-02
1.831565e-02
2.829305e-02
1.283133e-02
-5.013359e-02
-8.594711e-03
-6.874336e-02
-8.626818e-02
-7.346754e-02
8.661675e-02
-3.390737e-02
4.522783e-02
3.394463e-02
6.768499e-02
3.468293e-02
-6.435799e-02
-5.055396e-02
-1.236642e-02
-3.466692e-02
-1.512261e-02
-3.444463e-02
-5.059219e-02
9.109514e-03
-2.581351e-02
-4.002605e-02
-5.323426e-02
-8.351302e-02
-7.293167e-02
-9.405872e-02
-4.738228e-02
1.293045e-02
-1.964015e-03
6.759401e-02
7.697490e-02
7.838203e-02
5.651810e-02
-2.471055e-02
-1.721376e-03
-4.809745e-02
-1.077638e-02
-3.298608e-02
-1.850300e-02
-7.877496e-03
1.454784e-02
3.946506e-02
-1.243358e-02
2.942570e-02
8.420105e-03
-1.593813e-02
8.100169e-02
-2.418524e-02
-6.368852e-02
-2.067819e-02
3.590016e-02
3.973389e-02
-2.515359e-02
2.836231e-02
5.823714e-02
-1.921774e-02
4.532834e-02
2.002692e-02
-1.594963e-04
-8.493099e-02
-8.323181e-03
-5.888990e-02
-1.524178e-02
1.917760e-02
-4.823508e-02
1.898465e-02
1.523162e-02
5.097453e-03
3.264945e-02
2.750465e-02
-1.865644e-02
4.596124e-02
-2.605368e-03
5.832623e-03
1.342313e-03
2.150688e-02
7.421120e-02
-2.281878e-02
-2.428846e-02
5.962295e-03
-6.266236e-02
1.764648e-02
-4.117793e-02
7.078847e-03
2.529894e-02
2.048298e-02
-1.538341e-02
3.551723e-02
-4.930516e-02
7.158218e-02
2.013480e-02
8.285419e-02
-1.599685e-02
-2.768116e-02
2.743203e-02
7.783154e-02
3.273361e-02
5.691020e-02
6.098590e-02
1.225155e-02
-2.184898e-02
-1.049770e-02
-1.973231e-02
1.176109e-01
1.669736e-02
-2.249292e-02
3.612993e-02
-1.123593e-01
-1.012306e-01
-4.458462e-02
-9.108926e-02
1.421918e-01
6.359983e-02
-6.055272e-02
7.604205e-02
-4.737392e-02
1.138963e-02
4.615278e-03
-4.901301e-02
7.717581e-03
9.468750e-03
-3.236444e-03
-6.499337e-03
-3.487984e-02
4.100337e-04
-9.410973e-03
-3.610777e-02
-6.245117e-02
-5.418087e-02
-6.765033e-02
-3.692500e-03
-6.409701e-02
-5.739137e-02
-3.324796e-02
-1.329347e-01
-3.857186e-02
-3.041905e-02
5.276047e-02
9.700397e-02
1.213725e-02
-6.330540e-02
-4.442989e-02
-7.363273e-02
-3.933729e-02
1.256105e-02
-9.898316e-03
6.081011e-02
2.596242e-02
-3.674665e-02
-4.989116e-02
-2.505291e-02
-2.398543e-02
3.896242e-02
2.140488e-02
7.651738e-03
3.699898e-02
-2.349600e-02
-3.913897e-02
-4.109351e-02
-4.535009e-02
-3.020178e-02
-1.499500e-02
-3.903483e-02
2.629681e-02
4.387287e-02
3.589901e-02
3.818504e-03
1.987439e-02
1.019493e-02
8.636135e-03
7.464986e-03
-2.113494e-02
-2.143810e-02
-3.810909e-02
-4.896504e-02
-2.278447e-02
-1.197862e-02
7.797444e-03
-9.350230e-03
2.635240e-02
4.662316e-02
3.848226e-02
-1.210508e-02
-1.376038e-02
-1.324159e-02
-2.779936e-02
-1.403657e-02
8.971934e-03
-1.800936e-02
-2.297495e-02
-3.358229e-02
-4.652908e-02
-2.765849e-02
3.614475e-02
1.013992e-01
1.717099e-02
4.851734e-02
6.859181e-02
-2.601061e-02
2.343567e-02
-1.807660e-02
2.273262e-03
1.273663e-02
5.018946e-03
-9.477286e-03
4.381598e-02
2.122852e-02
9.972747e-03
-8.048539e-03
9.689794e-02
6.685873e-02
2.863060e-03
-2.646623e-04
-8.213692e-03
2.847005e-02
1.108160e-02
-1.830892e-02
3.907267e-02
-8.580144e-03
-3.605269e-02
1.688001e-02
2.629668e-02
-2.008423e-03
4.272367e-02
5.206369e-02
5.531175e-02
-2.578027e-02
5.223461e-04
7.765660e-03
3.449479e-02
-2.589105e-02
-8.578440e-03
-7.447193e-02
-4.236881e-03
1.783639e-02
1.186162e-02
3.245812e-02
5.272870e-02
1.902632e-02
-1.070529e-02
-2.940517e-02
-4.933576e-02
-2.308521e-02
-2.810688e-03
-4.493669e-02
3.409168e-02
6.852952e-02
5.306044e-02
4.582229e-02
1.661469e-02
3.797176e-02
9.296362e-03
-6.052471e-02
-2.905273e-02
-1.193829e-01
-3.234798e-02
-3.781595e-02
-1.220085e-02
-2.409206e-02
2.068515e-02
7.582694e-02
5.559557e-02
4.675251e-02
-2.573049e-02
-7.532159e-02
3.354208e-02
6.208550e-02
4.619370e-02
6.555843e-02
8.276369e-02
6.928797e-02
7.960036e-02
8.171787e-02
5.674273e-02
2.505468e-02
3.352199e-02
4.600141e-02
3.469725e-03
7.415274e-03
6.417811e-03
-7.060155e-02
-5.859954e-02
-3.583670e-02
2.623720e-02
1.693444e-02
-7.476170e-02
1.698558e-02
-6.237563e-03
-1.217908e-01
3.916652e-02
-1.012807e-02
-6.442373e-02
-1.276686e-02
-1.503084e-03
-1.345674e-02
2.797417e-02
1.483518e-02
-7.044282e-04
8.437875e-03
2.697327e-02
1.681016e-02
-1.774601e-02
-1.021561e-02
1.860794e-02
-5.559093e-02
9.832508e-03
3.157997e-02
-5.487834e-02
-7.170831e-02
-1.991030e-02
3.285110e-02
-5.716684e-03
-5.062827e-02
2.769100e-02
2.540489e-02
8.140975e-03
1.482630e-02
8.646975e-03
4.584328e-03
-1.229092e-02
-2.025519e-03
-5.198347e-03
2.438886e-03
2.676947e-02
1.593000e-02
1.584727e-04
2.249855e-03
-3.686380e-04
-6.675063e-03
2.033858e-02
1.779280e-02
-1.531258e-02
3.618893e-02
3.124977e-02
1.921809e-02
2.842536e-02
3.131681e-02
-8.903108e-02
-5.423155e-02
5.135982e-02
-9.248456e-02
-3.201717e-02
2.977988e-02
-2.382765e-03
-3.866443e-03
3.080183e-02
2.396188e-02
3.444398e-02
3.027360e-02
-4.060660e-04
-1.529200e-02
-7.881151e-03
-1.190965e-02
-5.338730e-02
-4.317500e-02
1.004917e-02
-2.276715e-02
-4.180975e-02
8.762422e-03
-4.216639e-02
-5.257618e-02
-1.190028e-02
-3.018689e-02
-2.102691e-02
-8.604660e-03
-2.132376e-02
-3.875991e-02
8.177915e-03
3.225383e-03
-1.394489e-02
2.503342e-02
-2.000085e-03
-7.282667e-03
-8.428085e-03
9.228382e-03
1.162356e-02
-2.607690e-02
-9.251205e-03
-1.671607e-02
-2.780462e-02
-1.468635e-02
-5.939710e-03
1.415524e-02
2.078083e-02
6.406633e-03
2.925634e-02
4.255719e-02
-4.152131e-02
-7.882727e-04
-4.698459e-02
-9.239430e-02
4.103838e-02
7.394325e-03
-1.472263e-02
4.591982e-02
1.663470e-02
-2.910719e-02
3.476009e-02
1.513411e-02
5.862729e-04
1.317714e-02
1.578573e-02
6.362396e-03
2.788489e-02
1.593184e-02
-1.555921e-02
3.429924e-02
1.190958e-02
-3.098412e-02
7.565803e-02
5.922403e-02
5.138100e-02
6.350214e-02
4.846973e-02
4.829694e-02
5.923776e-02
5.091685e-02
6.998663e-02
1.450670e-02
7.780481e-03
-7.298248e-03
2.056437e-02
-8.023072e-03
-1.874940e-02
4.002835e-03
-8.230916e-03
-2.285600e-02
2.653447e-02
5.278508e-03
8.794101e-03
1.706087e-02
-3.878506e-02
-2.058854e-02
7.224984e-03
-2.290637e-02
2.936955e-03
-2.251247e-02
-5.273646e-02
-2.112695e-02
-5.076590e-03
4.872498e-03
-3.741140e-02
1.041873e-02
2.479651e-02
-3.895927e-02
-1.518273e-02
1.317937e-02
1.856360e-02
-4.441563e-02
-9.077214e-03
-2.288136e-03
-2.086553e-02
-1.983459e-02
1.050999e-02
-2.478370e-02
4.978240e-03
2.415643e-02
-1.911815e-02
1.757685e-02
2.362307e-02
1.918145e-04
2.468442e-02
3.926815e-02
-5.270252e-03
1.126707e-02
2.703370e-02
3.221104e-02
-8.361795e-04
3.432286e-02
-9.049390e-03
-6.691451e-03
1.710207e-02
3.683471e-02
3.099526e-02
1.669583e-03
-1.869174e-03
-4.358003e-04
-1.510299e-02
1.996487e-02
8.750234e-03
1.507964e-02
2.007781e-02
1.841710e-03
9.034436e-03
1.676651e-02
-6.098149e-03
-1.805065e-03
2.594235e-02
-1.355295e-02
-1.059921e-02
-1.034395e-02
-9.410995e-03
-9.774362e-03
-9.115247e-03
-5.673754e-03
1.522164e-03
-4.537614e-02
-2.883968e-02
1.945302e-02
-4.859372e-02
-9.928477e-02
-9.420755e-02
-5.765661e-03
8.218004e-03
-1.047126e-02
2.074059e-02
6.651391e-02
3.532101e-02
-6.470894e-03
6.882918e-03
4.819388e-03
-3.635680e-04
-2.824174e-03
3.248365e-02
-3.367939e-04
-1.065197e-02
1.384802e-02
-1.465787e-02
-7.266365e-04
2.524564e-02
-4.660353e-02
2.185389e-02
2.664930e-02
-3.147442e-02
8.340869e-03
3.136548e-03
-4.954474e-03
-3.500349e-03
-7.497505e-03
-2.701447e-03
-4.828389e-02
-1.546574e-02
-9.499402e-03
-3.984498e-02
1.673777e-02
1.937803e-03
8.175701e-03
-2.358748e-02
7.865232e-03
-7.957248e-03
-5.061811e-03
1.044319e-02
4.920931e-03
-3.155037e-03
-1.896405e-03
5.634271e-03
3.218453e-02
-3.757954e-02
-8.565349e-03
6.274916e-02
-2.731305e-02
-7.300015e-03
4.889591e-02
