1.084109e+01
1.117533e+01
1.205561e+01
1.203801e+01
1.146734e+01
1.092736e+01
1.218767e+01
1.191385e+01
1.244193e+01
1.102601e+01
1.284886e+01
1.229063e+01
1.320846e+01
1.193777e+01
1.153486e+01
1.116320e+01
1.219917e+01
1.234881e+01
1.178774e+01
1.155982e+01
1.148386e+01
1.239648e+01
1.262432e+01
1.086271e+01
1.075995e+01
1.163555e+01
1.258885e+01
1.186675e+01
1.239388e+01
1.291534e+01
1.200585e+01
1.119029e+01
1.189455e+01
1.226250e+01
1.158437e+01
9.803877e+00
1.189618e+01
1.103190e+01
1.133574e+01
1.128695e+01
1.260395e+01
1.235163e+01
1.255007e+01
1.058858e+01
1.297889e+01
1.182807e+01
1.238499e+01
7.561499e+00
1.222521e+01
1.184967e+01
1.121899e+01
1.176438e+01
1.173497e+01
1.138361e+01
1.162497e+01
9.954974e+00
1.218106e+01
1.181041e+01
1.194330e+01
1.337145e+01
1.241667e+01
1.088606e+01
1.118937e+01
1.258034e+01
