-1.466240e-02
-1.300091e-02
-1.109192e-02
8.051557e-03
1.036558e-01
5.421601e-02
-3.754842e-02
3.901602e-02
-2.938958e-03
-6.943022e-03
6.634695e-02
4.411003e-02
-1.881659e-02
1.935199e-02
1.602990e-03
2.073701e-02
3.546715e-02
8.379016e-03
-6.084837e-02
-2.798208e-02
3.588394e-03
-5.211123e-02
-2.000164e-02
-1.130856e-02
-2.057426e-02
1.809562e-02
1.504769e-02
4.646265e-02
6.764612e-02
-2.786402e-02
2.851953e-02
1.721694e-02
-3.357317e-02
9.634397e-03
-4.953731e-02
-6.301396e-02
5.561753e-02
3.948384e-02
2.153876e-02
6.697689e-02
3.456271e-02
-2.641456e-03
4.679008e-02
2.282808e-02
-5.120044e-03
-1.783149e-02
-5.774939e-03
-1.047435e-02
-1.025261e-02
-1.843546e-02
-2.466950e-02
-6.502813e-03
-2.044535e-02
-2.740131e-02
2.474014e-02
4.473894e-02
6.501371e-03
2.639859e-02
9.747051e-03
-2.550237e-02
-8.674013e-03
-4.409687e-03
-3.073477e-02
4.697104e-02
6.079715e-02
-2.081508e-02
5.262064e-02
4.624308e-02
-1.664855e-02
6.684030e-03
-2.137830e-02
7.854783e-03
1.514320e-02
2.222041e-02
-2.792406e-02
-6.034472e-03
-4.991473e-02
3.343061e-02
2.348063e-02
3.292876e-02
8.202713e-02
-1.769624e-02
4.413141e-02
2.167016e-02
-3.452643e-02
4.541670e-02
-3.193990e-02
1.631787e-02
4.039438e-02
-8.893131e-03
2.482173e-02
6.989957e-03
2.129457e-02
1.450376e-02
6.824545e-02
3.869647e-02
2.648136e-02
4.976498e-02
3.323629e-02
3.913803e-03
7.405440e-03
7.337352e-03
-7.508062e-03
8.353639e-03
-9.267678e-03
-1.684777e-02
1.967295e-02
-2.039815e-02
7.566330e-03
2.186253e-02
1.269642e-02
1.672850e-02
2.482045e-02
-9.825416e-04
2.672904e-02
5.511548e-03
-4.424272e-02
1.225398e-03
9.112522e-04
-3.026289e-02
-4.374811e-02
-6.079011e-02
-5.795740e-02
-6.704739e-02
-7.647929e-02
-4.340071e-02
7.079176e-02
2.625062e-03
-4.864836e-02
1.290345e-02
-9.914340e-02
-7.437110e-02
-1.058592e-02
-7.261691e-02
-1.018720e-02
-4.404306e-03
3.994714e-02
1.317714e-02
7.894354e-03
3.356021e-02
2.767062e-02
-3.751216e-02
-1.758222e-02
4.930896e-04
-9.359600e-02
-1.883102e-02
-4.990117e-02
7.480664e-02
-4.704381e-04
7.725583e-03
-2.727139e-02
6.540745e-02
6.356232e-03
-1.955013e-02
-4.282849e-02
2.136330e-02
2.842384e-03
2.772965e-02
-1.629484e-02
5.462367e-02
1.197294e-02
-1.668454e-02
1.704242e-02
2.728000e-03
1.309771e-02
-2.542005e-02
4.012376e-02
6.205196e-02
5.249987e-02
2.150271e-02
2.597297e-02
-7.644916e-02
3.622998e-02
3.227715e-02
-2.402975e-02
7.102609e-02
-7.106342e-02
-3.201811e-02
8.726968e-03
-3.794345e-02
1.558617e-02
-1.153755e-02
-7.697782e-03
3.787706e-03
-4.512101e-02
-3.725580e-02
1.050930e-02
-8.642745e-03
-5.753964e-03
1.407877e-02
-1.583381e-03
-2.146323e-03
1.449427e-02
-2.034002e-02
2.868477e-02
-3.259351e-03
-1.470890e-02
1.447065e-02
-4.344654e-02
6.145353e-03
-6.367566e-02
-5.657377e-02
5.291025e-02
-2.929856e-02
-4.655924e-02
2.663441e-02
-5.169236e-02
5.284081e-03
1.705310e-03
-9.395665e-03
7.997259e-03
-1.574197e-01
-3.009134e-02
1.389922e-02
3.585134e-02
4.074277e-02
-1.773048e-02
-2.581841e-02
-6.383372e-02
-1.092970e-01
-2.919821e-02
-8.929245e-02
-4.641110e-02
2.141528e-02
-6.969676e-02
-8.924517e-02
-4.276790e-02
-6.909696e-02
1.007107e-01
-1.656448e-01
-3.087369e-03
-5.342191e-02
-3.567268e-02
-2.756146e-02
-3.217816e-02
1.869872e-02
-3.285401e-02
2.138722e-02
-2.539107e-02
-2.020448e-02
-2.426074e-02
-4.252876e-02
-4.221725e-02
1.342690e-02
-4.930348e-02
-4.530231e-02
2.018414e-02
-3.085932e-02
-5.940491e-02
7.093083e-06
3.200502e-03
-2.514070e-02
-3.820858e-02
1.608630e-02
2.095801e-02
-5.540260e-02
-6.600654e-03
-5.714023e-02
-6.517102e-03
1.017669e-03
-1.408216e-02
2.788581e-03
5.743655e-02
2.233622e-02
-4.855100e-02
-1.973416e-02
1.196225e-02
-4.270314e-02
3.349670e-02
7.898670e-02
3.500624e-02
-7.592228e-02
-4.745250e-02
-4.824521e-02
-4.840721e-04
2.270908e-02
3.212641e-02
2.955149e-03
3.658991e-02
1.924626e-03
1.011931e-02
8.856671e-03
-1.147902e-02
-1.118913e-02
-2.073878e-02
3.202921e-02
1.140513e-02
2.239847e-02
-5.591181e-02
-2.781151e-02
1.889860e-02
-8.611380e-02
-1.512656e-02
1.335341e-02
1.748834e-02
7.830503e-02
3.297458e-03
-3.686975e-02
-3.810542e-02
4.204452e-03
-3.699316e-02
4.251466e-02
1.991571e-02
8.400218e-03
1.517509e-02
-6.837098e-03
-1.315643e-01
-1.066482e-01
-3.380793e-02
-6.997482e-02
3.356763e-03
1.434503e-02
-3.184507e-02
9.636987e-03
-8.693859e-03
6.832008e-02
6.482621e-02
-2.128727e-02
1.435285e-02
1.624949e-02
-3.000542e-02
6.325192e-02
2.157839e-02
-1.540719e-02
-3.200438e-03
-2.092300e-02
-2.112506e-03
5.674541e-03
-1.310456e-02
5.414331e-03
7.055588e-03
-1.338260e-02
-1.368655e-02
-6.591864e-03
-7.279580e-04
-1.168342e-02
-9.892896e-03
-9.525164e-03
-1.363869e-02
-2.751678e-02
-2.121875e-02
-2.164958e-02
-2.015769e-02
-3.105874e-02
-4.883157e-02
-5.667594e-02
-1.556676e-02
-1.900848e-02
-3.373240e-03
-3.392157e-02
-4.949367e-02
-1.309216e-02
-4.876245e-03
-4.040595e-02
-3.540272e-02
-1.246648e-03
-1.575443e-02
-7.864993e-02
-3.468353e-02
-4.837289e-02
-4.528694e-02
-1.975302e-02
-2.978592e-02
-2.844588e-02
-2.950921e-02
-1.742366e-02
-3.089326e-02
-5.518663e-02
1.820410e-04
-1.140844e-02
-3.364032e-02
5.192082e-02
-3.582493e-02
-2.069100e-02
1.128868e-02
-1.760161e-02
4.316520e-02
-1.802502e-02
-5.264735e-02
-3.694004e-02
2.859437e-02
-1.746750e-02
-3.521529e-03
2.949737e-02
-1.507608e-02
4.450510e-02
2.860164e-02
-3.795340e-03
-4.597678e-02
-2.350197e-04
-3.714449e-02
-6.840488e-02
-1.743856e-03
-2.159178e-02
-3.171546e-02
-1.274200e-02
-4.580251e-02
-4.559692e-02
-1.294709e-02
-4.309437e-02
-7.320577e-03
9.338875e-03
-2.200066e-02
-8.796824e-03
-1.270227e-02
3.860959e-02
3.638545e-02
-6.021331e-02
2.575830e-02
1.242587e-02
-7.290929e-02
-4.691526e-02
-7.154175e-02
-1.124430e-01
-3.677397e-02
1.058007e-03
-9.870248e-03
4.358125e-02
-3.223456e-03
-4.193323e-02
-5.479293e-02
-5.926036e-02
-1.651412e-02
-1.429440e-02
3.764077e-02
-1.546451e-02
2.081664e-02
-3.461201e-03
-5.804612e-02
5.604595e-02
1.011988e-02
2.186425e-03
-3.564513e-02
-5.586677e-02
1.923161e-02
9.147999e-02
2.698890e-02
-2.957347e-02
2.535076e-02
-4.143055e-02
-4.819365e-03
3.526213e-02
3.351478e-03
7.001584e-03
-2.102422e-02
-4.995901e-02
1.000843e-02
2.983013e-02
-1.950460e-03
1.142999e-02
3.743540e-02
7.135402e-03
-3.967003e-03
-3.086955e-02
-9.334985e-04
6.780007e-02
-1.735307e-02
-1.389119e-02
-4.278153e-04
-2.017225e-02
-4.528152e-02
-1.735994e-02
-4.430245e-04
-9.733042e-03
-2.868351e-03
-1.358624e-02
-1.246404e-02
-2.242554e-03
5.335711e-03
2.110531e-03
-1.738369e-02
-4.467988e-02
-1.877682e-02
-7.457890e-02
-1.963971e-03
3.064934e-03
-2.112421e-02
-2.452283e-02
-2.233393e-02
-1.612730e-02
1.415259e-03
1.754984e-03
1.085109e-02
2.129731e-02
3.143201e-02
3.523037e-02
-2.017331e-02
-3.807593e-02
-7.865199e-02
-4.983007e-02
-9.825896e-02
-2.128539e-02
-1.490228e-02
-1.994107e-02
2.540337e-02
1.347015e-03
-1.803528e-02
-6.862884e-02
6.300599e-02
-1.017893e-02
-8.395087e-02
-6.386580e-02
-6.763455e-02
-5.324851e-02
1.218629e-02
3.373908e-03
-4.120951e-02
-5.887797e-02
2.049227e-03
2.475660e-02
-1.952668e-02
1.364568e-02
-8.221369e-03
7.213423e-03
-4.977033e-03
-2.060125e-03
-7.287766e-03
-2.848188e-02
-1.181028e-01
-3.480209e-02
5.039575e-03
-7.004683e-02
-1.128525e-02
-3.398960e-02
-4.637804e-02
3.037865e-02
3.968843e-02
-9.347805e-03
-1.644529e-02
5.253543e-04
-1.873282e-02
-8.349476e-02
-7.202365e-02
-2.962909e-02
-8.027091e-02
-1.749359e-01
-7.458635e-02
-4.380977e-02
-1.310018e-01
-5.559475e-02
1.155424e-02
-3.363623e-02
3.017918e-02
-2.521401e-02
-7.971768e-02
-3.244665e-02
2.526937e-02
-3.468850e-02
-2.804808e-03
2.258355e-02
8.963980e-03
-3.288018e-02
1.652111e-02
1.756191e-02
-1.996953e-02
9.784550e-03
2.947971e-02
2.706791e-02
1.916650e-02
5.121289e-04
-1.649231e-02
-6.228322e-02
-2.793966e-02
-3.123491e-02
3.981164e-02
-1.093837e-02
-3.550306e-02
-2.345978e-02
-9.682060e-03
-2.577180e-03
-1.274722e-02
2.045356e-02
2.479072e-03
-2.192979e-02
-3.778658e-03
-3.381315e-02
3.863519e-02
3.228712e-02
-1.976528e-02
-2.199998e-02
-2.522418e-02
-1.065547e-01
-2.131592e-02
1.650993e-02
-3.866197e-02
-2.506023e-02
1.728870e-03
2.243069e-02
-7.832108e-02
-8.095452e-02
-4.278284e-02
-5.239520e-02
-8.657833e-02
-5.225601e-02
-2.878003e-02
4.988315e-02
-6.481121e-03
-2.676658e-02
1.668396e-02
-3.900635e-03
-4.199493e-02
-6.292948e-03
-2.827388e-02
-1.256646e-02
-2.186955e-02
5.648970e-03
-9.086019e-03
-6.102097e-02
-1.156630e-02
1.309848e-02
-7.929428e-03
-4.553033e-02
8.419786e-02
2.175331e-02
-2.284233e-02
5.181605e-02
-3.400342e-03
-5.908969e-02
1.412855e-02
-4.596201e-03
6.683979e-03
-3.319737e-02
-2.468524e-02
-1.945415e-03
-2.615873e-02
-1.653437e-02
-2.865273e-03
-2.013900e-03
3.538189e-03
2.281629e-02
-1.256768e-02
-6.528570e-02
-4.214241e-02
-1.282726e-03
-3.962517e-02
-4.607472e-02
-2.443854e-02
-3.547614e-02
-2.640122e-02
2.694868e-02
3.292396e-02
-5.139144e-02
-6.385600e-03
3.342444e-02
-8.271934e-03
2.467630e-02
-5.561179e-02
-1.971291e-02
1.895421e-02
5.247038e-02
5.782068e-02
-5.063039e-03
-4.369123e-02
-1.465197e-03
6.017407e-02
1.108601e-02
-3.523806e-02
1.042950e-02
8.936813e-02
-8.303914e-02
-3.945896e-02
-1.769600e-02
-7.471602e-02
6.222169e-03
-7.222874e-02
-5.675770e-02
-2.646197e-02
2.721685e-02
-3.201180e-02
-4.103103e-02
-1.603432e-02
1.575205e-02
-3.189723e-02
8.271482e-04
3.041433e-02
-1.129862e-02
8.033649e-03
3.003839e-02
4.518296e-03
-2.752188e-03
-9.265386e-03
5.735403e-03
-1.696253e-02
7.518393e-03
3.768820e-02
9.261150e-03
2.727639e-02
-8.315953e-03
-6.784855e-02
-3.085123e-02
-4.012675e-02
-7.602111e-02
-6.660622e-04
-6.397615e-02
-5.195295e-02
5.632102e-03
-5.307415e-02
-4.107063e-02
6.747736e-03
9.726080e-03
7.237310e-03
7.478810e-03
-4.868235e-02
-6.878812e-02
-2.500184e-02
-3.691449e-02
5.376466e-03
-7.018260e-03
-5.206906e-03
1.004919e-01
-3.579735e-02
-7.394283e-02
-1.583055e-01
-4.881929e-02
2.363550e-02
-3.524666e-02
-2.371032e-02
5.248706e-02
9.802162e-02
4.765041e-02
-6.902471e-02
-1.159177e-01
-3.015250e-02
-1.117749e-01
3.869257e-03
9.030963e-03
-5.404690e-02
-8.494385e-02
-5.575275e-02
-2.644672e-02
4.775790e-03
-2.498547e-02
-1.262299e-02
-5.089971e-02
-2.437116e-02
-1.393819e-03
-6.335345e-02
-2.835402e-04
-3.508702e-03
1.746992e-02
1.648944e-02
2.862596e-03
-6.659973e-02
-1.280679e-02
-2.364349e-02
-2.945799e-02
9.566893e-03
8.729092e-03
-4.599190e-02
7.245713e-03
-4.456090e-02
-4.414243e-02
2.383965e-02
-3.853206e-02
-2.942857e-02
1.629218e-02
-8.229672e-03
-1.204566e-02
3.009320e-02
8.975619e-03
9.404683e-03
4.306586e-03
2.661946e-02
3.728196e-02
-9.551173e-03
1.105077e-02
2.816273e-02
3.371751e-02
2.940573e-02
5.568577e-02
1.810279e-02
1.792896e-02
1.768092e-02
-7.017768e-03
-5.964268e-02
-6.244916e-02
-5.799043e-02
1.742718e-03
-2.869226e-02
-4.811205e-02
-4.852081e-02
-8.696321e-02
-5.150592e-02
-7.261457e-02
-7.904462e-02
-7.085274e-03
-1.029573e-01
8.952486e-02
-3.404963e-03
9.197867e-03
1.556761e-02
5.938754e-03
-1.715955e-02
-1.952144e-02
-7.470839e-02
1.397030e-02
-9.664594e-02
-5.499273e-02
4.298013e-03
-5.269354e-03
-3.972594e-02
-4.188268e-02
-5.757971e-02
-4.549275e-02
-5.036627e-02
6.834395e-02
-3.882507e-02
-5.269129e-02
-7.465168e-03
-2.898400e-02
-4.259203e-02
-4.025879e-02
-5.378331e-02
-2.338596e-02
2.198596e-02
-9.388709e-03
1.022668e-02
-2.257115e-02
-2.323523e-02
-3.472897e-02
-3.295060e-02
-2.993844e-02
-3.650415e-02
3.934284e-02
-3.980585e-02
-2.097134e-02
1.708340e-02
-5.537896e-02
3.029468e-02
2.033535e-02
3.310092e-02
2.584631e-03
-2.425719e-02
1.845996e-03
3.797974e-02
-6.443987e-03
5.120968e-03
-6.066376e-02
-7.701580e-02
-3.964220e-02
-7.598041e-03
-1.451759e-02
-2.389348e-02
5.791118e-02
1.776856e-02
-2.665779e-02
-3.657370e-02
-2.817238e-02
-3.488445e-02
-1.265222e-03
-1.915552e-02
-4.507481e-02
-3.383613e-02
6.103244e-02
1.414812e-02
-2.302436e-03
2.252851e-03
-2.651540e-02
5.696878e-03
-9.162864e-03
-2.532002e-03
-1.796067e-02
-2.268818e-02
-1.775133e-02
-7.833355e-02
-2.927517e-02
-5.159258e-02
-2.044337e-02
-2.198344e-01
-7.913548e-02
-1.467763e-02
6.939135e-03
-6.617842e-02
-1.072825e-01
-7.799480e-02
-3.093678e-02
-1.196765e-02
1.267642e-02
1.340096e-02
-5.340149e-02
-6.751353e-02
-7.246811e-02
-8.325611e-03
-3.751679e-02
-3.286221e-03
2.736645e-03
9.074637e-02
7.828765e-02
-6.985015e-02
-2.055662e-02
-3.138721e-02
-2.193546e-02
-2.274584e-02
3.471603e-02
2.179464e-02
-2.764827e-02
-3.758829e-02
-1.160782e-02
7.070207e-02
2.769778e-03
4.611128e-02
5.538799e-03
-3.371754e-02
-8.457701e-03
2.765680e-02
5.592300e-02
3.818544e-02
1.268698e-02
4.011578e-02
-3.235507e-02
-2.003833e-02
-2.336562e-02
4.062184e-02
2.061529e-02
2.149587e-02
1.434023e-02
1.500997e-02
1.443165e-02
-4.838543e-02
-3.706806e-02
-4.415916e-02
7.082476e-02
1.893111e-02
-1.445751e-02
-2.708867e-02
4.606171e-02
-4.601565e-02
1.959661e-02
2.525377e-03
-4.174528e-02
-4.083162e-02
-1.001049e-01
-2.219337e-02
4.826546e-02
1.966633e-02
-5.285038e-02
-7.953968e-03
-7.661431e-02
3.381887e-02
-1.153592e-02
1.298335e-01
1.852562e-03
-1.427440e-02
-3.579204e-02
-5.023320e-03
-4.016895e-02
2.105677e-02
-1.998818e-02
2.849456e-02
-8.749624e-02
4.338944e-02
3.438300e-02
2.263452e-02
-2.330026e-02
2.101193e-02
-1.565081e-02
5.507576e-02
4.036586e-03
-4.517910e-03
1.600682e-02
-1.080418e-02
-1.613683e-02
3.219079e-02
-3.537686e-02
1.038573e-02
4.690632e-03
-2.579506e-02
-1.312888e-02
1.177833e-02
1.095148e-02
-3.814017e-02
8.619925e-03
-1.353872e-02
-1.830687e-02
-1.323297e-02
3.202834e-02
1.672460e-02
-4.363285e-03
3.620443e-02
1.671517e-02
2.769654e-02
4.526974e-02
6.802888e-02
2.966184e-02
-8.442170e-04
-1.680969e-03
3.011379e-02
-3.456400e-02
-1.706569e-02
-2.105007e-02
-2.809340e-02
-8.324400e-02
-8.668590e-03
4.070324e-02
7.990633e-02
1.508370e-02
-7.430498e-02
-1.156103e-01
-3.447419e-02
5.172879e-03
1.344991e-02
3.640994e-02
-1.482045e-02
-1.479734e-02
-5.602962e-03
2.277355e-02
-2.301412e-02
7.858745e-03
-3.377270e-02
-2.037160e-02
-2.529837e-02
2.004519e-02
5.802945e-02
2.483092e-02
-2.701104e-03
1.227861e-02
1.608109e-02
1.540207e-02
-1.373322e-02
-2.944853e-02
-1.882176e-02
-4.597671e-02
-4.045307e-02
2.464186e-02
3.060271e-03
1.437386e-02
-3.594970e-02
-4.503455e-02
-2.845148e-02
-8.392771e-02
-9.074331e-02
-5.549775e-02
-1.213881e-02
-2.716046e-02
1.164549e-02
1.472033e-02
-9.862702e-03
1.126548e-02
3.198885e-02
1.365446e-02
2.924656e-02
-2.945339e-03
-1.228984e-02
-1.976574e-02
3.312754e-02
4.162169e-03
-1.393835e-02
6.227948e-02
6.503521e-03
-1.866351e-02
5.511055e-02
1.247545e-02
-1.692120e-02
-4.517460e-03
-6.021263e-03
-4.940723e-03
-2.321501e-02
-2.375747e-02
-1.974540e-02
-2.450262e-02
-2.828048e-02
-1.426291e-02
4.135290e-02
3.547547e-02
5.090766e-02
-1.318859e-02
-3.837665e-03
2.697268e-02
-2.781678e-02
-2.823859e-02
-2.246385e-02
-1.485551e-02
1.198216e-02
1.672853e-02
7.020707e-03
6.654977e-02
6.463010e-03
-1.943676e-02
2.811617e-02
-7.169793e-03
2.603711e-03
-1.708861e-02
4.636736e-02
9.541965e-03
-3.541883e-02
3.022432e-02
2.339459e-02
-3.660617e-02
3.457250e-02
-1.750666e-02
-1.677768e-02
-1.995897e-02
6.401278e-03
5.370688e-02
1.793068e-02
-5.905845e-02
-2.617284e-03
-2.591661e-02
-2.271385e-04
2.612498e-02
5.793646e-02
-2.481479e-02
6.840439e-02
3.241521e-02
-3.195176e-02
1.449180e-02
-2.901782e-03
4.243100e-02
1.074342e-02
-1.625213e-02
4.792543e-02
1.969816e-02
-1.071221e-02
2.549579e-02
-8.402963e-04
-1.997465e-02
2.124696e-03
-3.961648e-02
-9.597314e-03
1.518834e-03
-4.835770e-02
-6.331963e-03
3.194497e-02
-9.511848e-03
1.492161e-02
2.055556e-02
2.577611e-02
-9.341126e-03
2.783117e-02
2.827670e-02
-1.614526e-02
-8.393188e-03
-1.205747e-02
-1.961564e-03
-5.503118e-03
5.851912e-02
2.530109e-02
-1.174894e-02
5.122577e-02
3.172139e-03
7.967466e-03
9.540950e-02
5.400993e-02
-3.914906e-02
-9.628267e-02
3.529535e-02
-5.453684e-02
-1.124664e-01
1.442390e-02
-2.937567e-02
-7.353245e-02
1.129403e-02
2.576829e-02
-1.752337e-02
-2.828404e-02
-5.429390e-02
-4.510638e-02
2.160469e-02
3.594168e-02
-1.054936e-03
2.352936e-02
-4.091631e-02
-5.004325e-02
-7.150430e-02
6.490488e-02
8.424403e-03
-3.153041e-02
-4.145993e-02
-2.319590e-02
9.430245e-03
-3.500000e-02
-1.731101e-02
-4.102052e-03
3.949887e-02
2.641119e-02
-9.321223e-03
7.755852e-03
1.576595e-02
1.040656e-02
-2.330217e-02
2.637147e-03
-5.520005e-02
4.166780e-03
-7.844065e-02
-1.250376e-01
-4.033005e-02
8.085142e-03
-5.297355e-02
6.631325e-03
2.140407e-02
-2.678336e-02
7.435236e-03
4.318213e-02
1.677750e-03
4.762501e-03
-2.515872e-03
-2.779895e-03
7.705840e-03
1.592090e-04
9.559013e-03
8.859983e-03
-3.144572e-03
5.211452e-03
1.845631e-02
5.912818e-03
1.165580e-02
-2.241994e-02
-4.881661e-02
-2.797502e-02
9.903696e-03
-1.765497e-02
-3.307069e-02
1.982162e-02
-1.694861e-03
-3.971175e-02
-1.027395e-02
2.518800e-02
4.427278e-02
-1.006732e-01
-5.311165e-02
3.697780e-02
1.405410e-02
-3.629760e-02
-1.069887e-02
3.417409e-03
-4.700718e-02
-5.942356e-02
1.011211e-01
-2.792115e-02
-1.218193e-01
3.015926e-03
-2.809623e-02
-5.146731e-02
-2.299939e-03
-2.621650e-03
-4.329617e-02
-6.268360e-02
-4.886028e-03
6.920037e-02
7.827505e-03
-5.855752e-02
-6.965058e-02
-2.445291e-02
-6.326398e-02
-8.167641e-02
-1.552971e-01
-7.226546e-02
-8.630105e-02
-5.981958e-02
-9.088946e-02
-3.915446e-02
-4.157784e-02
-3.646730e-02
-3.520109e-02
-1.333057e-02
-1.928201e-02
-1.055300e-02
-2.848785e-02
-6.948452e-02
-1.733145e-02
-6.844695e-03
2.429063e-02
2.279029e-02
-4.662971e-03
1.835490e-02
2.255734e-02
-5.894114e-03
2.050740e-02
3.228819e-02
-3.742499e-02
-5.063905e-03
3.345503e-02
-5.486851e-02
-1.493428e-02
4.894813e-02
1.476319e-02
7.876934e-03
3.704364e-03
-1.927668e-02
-1.302275e-02
6.281738e-03
-5.324271e-03
-1.158940e-02
-2.136035e-02
-2.972907e-02
4.700110e-03
2.575419e-02
-2.126860e-02
-9.067629e-03
3.732554e-02
-5.354844e-03
-4.613268e-02
-4.627834e-03
2.432803e-02
2.392540e-02
1.905422e-03
-3.685794e-02
-2.214106e-02
-7.473646e-02
-2.047115e-02
-2.325008e-02
-2.564842e-02
-3.118048e-02
-1.298928e-02
2.505225e-02
-2.029005e-02
-9.720054e-02
-7.349981e-02
-3.324019e-02
-3.335624e-02
-3.271705e-02
2.009725e-03
1.681744e-02
7.591346e-03
-3.741468e-02
-1.038023e-01
-7.840952e-02
3.557068e-02
4.931017e-02
4.608684e-02
1.476924e-02
6.034636e-02
2.908210e-02
-6.982689e-02
-1.587656e-02
5.887570e-02
-4.618418e-03
-1.020593e-02
-3.401347e-03
2.280920e-02
5.480773e-02
1.710530e-02
2.298981e-02
1.249452e-02
-1.112483e-02
7.838208e-04
1.937766e-02
3.262624e-02
-3.770050e-02
-5.865869e-03
2.755804e-02
-2.754075e-02
-3.889038e-02
-4.542057e-02
-2.687812e-02
-3.961895e-02
-2.635696e-02
-9.656806e-03
-1.495697e-02
-1.601468e-03
-5.233070e-02
-1.247279e-01
-2.718148e-02
-6.624081e-02
-4.792568e-02
-6.550401e-03
1.971002e-02
3.170759e-02
1.978710e-03
4.837605e-02
1.469735e-02
1.060051e-02
8.865395e-03
-8.380973e-02
2.922993e-02
-5.626744e-02
-1.030727e-01
-2.070001e-02
-1.816557e-02
-9.055193e-02
9.187181e-03
-1.244992e-02
5.396534e-02
5.861261e-03
-3.923485e-04
3.833929e-02
1.690160e-03
-2.710637e-02
-7.471631e-03
-1.755938e-02
1.326494e-02
-6.413753e-02
7.830787e-03
1.206948e-02
-4.026494e-02
9.597238e-03
-1.878559e-03
3.995589e-03
-3.989362e-03
-3.923733e-03
-3.065814e-03
-4.726733e-03
-2.478024e-02
-6.031449e-02
-4.172136e-03
-1.263085e-02
-4.392446e-02
-4.078148e-02
-1.241423e-02
-1.087868e-02
2.701734e-02
-1.357751e-02
2.189795e-02
3.197310e-02
-1.102891e-03
-2.554554e-02
2.068075e-02
-1.536772e-02
-6.252664e-03
1.001966e-02
-1.309517e-02
1.583827e-02
8.097110e-03
3.460804e-02
5.089350e-02
2.305557e-02
-3.025659e-02
-4.006990e-02
1.456295e-02
-8.793675e-02
-7.637909e-02
-4.720462e-02
-5.556721e-02
1.003021e-02
2.335002e-02
-3.746085e-02
5.832187e-02
6.468185e-02
-4.485862e-02
-1.649300e-02
-3.677809e-03
1.681901e-02
2.676966e-03
3.239093e-02
6.477999e-02
1.236807e-02
-3.279654e-02
5.117879e-03
-4.977278e-04
-3.288783e-02
-9.395265e-03
-1.944414e-03
-5.508027e-04
4.872938e-02
4.555223e-02
3.367651e-02
-2.887194e-02
-2.728009e-03
-1.829327e-02
7.168964e-02
5.734156e-02
4.015332e-02
1.601679e-02
1.202316e-02
9.358680e-03
-1.902880e-02
-4.062459e-02
-1.516858e-02
-7.029646e-03
-1.784675e-02
-9.387469e-03
1.517885e-02
3.040167e-02
3.836116e-02
-9.612711e-03
1.996552e-02
3.463823e-02
-1.195465e-02
6.392017e-03
-3.956117e-02
1.985632e-02
1.976389e-02
-3.374404e-02
4.724467e-02
3.392351e-02
-1.725204e-02
3.633345e-02
4.938767e-02
3.536446e-02
3.995199e-02
2.082569e-02
3.536703e-02
3.440398e-02
5.003695e-04
2.522556e-03
8.083283e-03
8.179470e-03
2.156327e-02
5.189691e-04
-3.680951e-04
1.865214e-02
1.957033e-03
9.881302e-03
2.458693e-02
-5.538338e-02
-2.110982e-02
-2.425326e-02
-3.227299e-02
-1.571016e-02
-1.528986e-02
2.775949e-02
3.554199e-02
3.479714e-02
-5.372737e-02
-5.530233e-02
-2.098759e-02
4.011681e-02
-5.346423e-04
3.030820e-02
3.400493e-02
9.276015e-04
-5.325599e-03
-8.628434e-03
5.336291e-02
3.874907e-02
-3.111168e-03
1.039523e-01
4.299884e-02
1.803177e-02
6.918656e-02
3.217315e-02
8.762063e-03
-4.668579e-02
8.460334e-03
8.487925e-02
-2.436962e-02
8.763038e-03
5.876648e-02
-8.719381e-03
1.038636e-02
3.623894e-03
-4.162404e-02
-2.869642e-02
-2.294739e-02
-5.417627e-02
-4.700691e-02
-5.327951e-02
-4.782639e-02
-2.516450e-02
1.100647e-02
7.507569e-03
2.688359e-03
3.595812e-02
9.760216e-03
-1.043202e-03
-3.771294e-03
-2.529771e-02
-1.990643e-02
-5.557167e-04
1.590992e-02
1.901962e-02
3.077306e-03
9.111414e-03
1.683970e-02
-2.000412e-02
-2.366538e-02
1.764206e-02
-2.333297e-02
-3.732949e-03
3.343126e-02
-2.179950e-02
-2.480583e-02
7.781927e-03
-2.332042e-02
-3.034029e-02
-2.838154e-02
4.967272e-02
4.598403e-02
1.389607e-02
5.223623e-02
4.784923e-02
1.762443e-02
7.955816e-02
4.491037e-02
-8.504826e-04
-7.188962e-02
-1.122400e-01
-3.498183e-03
-1.246376e-01
-1.445597e-01
-5.784913e-02
-3.260080e-02
-2.404075e-02
-1.590366e-03
7.393382e-03
9.072819e-02
1.838169e-02
-4.796128e-02
-4.148724e-02
7.051722e-03
-4.737700e-02
3.272785e-02
2.042465e-02
6.474509e-02
3.667236e-02
4.275673e-02
-3.023125e-02
1.290494e-02
-2.890841e-02
-3.068746e-02
-4.401726e-02
-7.873571e-03
5.128413e-02
1.329854e-02
4.705676e-02
1.653822e-02
4.138857e-02
4.484233e-02
-8.256190e-04
1.027359e-02
9.499791e-03
3.452127e-03
1.947532e-02
5.340200e-02
-1.991000e-03
4.495491e-02
-2.157989e-02
-7.025869e-03
4.413537e-02
-2.273695e-02
-2.375797e-02
2.652105e-02
2.593602e-02
-2.343105e-02
2.821186e-02
3.082941e-02
1.209520e-02
1.072021e-02
1.224435e-02
-4.167576e-03
1.487521e-02
2.766931e-02
1.021835e-02
-7.371964e-03
1.372593e-02
2.049901e-02
1.266319e-02
8.094930e-03
-2.517831e-02
1.044614e-02
2.373239e-02
9.763109e-03
2.900318e-02
-1.269885e-02
1.792558e-02
2.075215e-02
-5.542756e-02
-1.006330e-03
-2.583255e-02
2.806422e-02
4.477968e-03
-3.200227e-02
1.188208e-01
-3.582175e-02
-2.156167e-02
-6.189928e-03
-8.021140e-03
-1.508432e-02
1.221592e-02
-7.581188e-02
6.867897e-02
-1.440594e-01
-5.624779e-02
-8.968988e-02
-5.041520e-02
-3.972439e-02
-1.179369e-02
2.509813e-02
4.162199e-02
-1.690224e-01
6.063039e-02
-3.194077e-02
-8.182560e-02
-5.851761e-02
3.368521e-02
-3.514597e-02
-2.588562e-02
2.169788e-02
-1.022704e-01
-1.848288e-02
-8.533428e-04
-2.311504e-03
-1.649875e-02
-5.263051e-02
7.649895e-04
-2.745442e-02
-7.039007e-02
-6.320654e-03
3.081311e-02
-3.735886e-02
-2.756987e-02
-2.480847e-02
-1.946701e-02
3.273180e-02
3.418922e-02
-8.718527e-02
2.131742e-02
3.148122e-03
-3.854726e-02
-2.839701e-03
-4.953912e-03
2.226062e-02
1.991204e-02
2.130100e-02
4.467710e-02
2.615152e-02
-1.286169e-02
4.016215e-02
4.648975e-02
-1.754087e-02
-9.966998e-03
3.674490e-02
3.756169e-02
2.430982e-03
2.643352e-02
-3.651687e-02
-2.977737e-03
3.420706e-03
-7.036265e-03
3.723773e-02
3.656861e-02
6.189141e-02
6.509690e-03
2.808136e-02
7.743862e-03
2.547006e-02
4.028109e-03
-1.813908e-02
-1.171536e-03
-8.684600e-03
-1.786484e-02
2.077333e-02
6.076667e-02
5.388027e-02
2.192437e-02
4.639344e-03
4.112812e-02
-6.671016e-02
-9.326481e-03
2.687993e-02
-4.990597e-02
-2.237068e-02
2.018179e-02
-8.854701e-03
-3.308097e-02
-1.174517e-02
-5.916532e-02
-3.632680e-03
8.984494e-03
-6.625769e-02
-3.164605e-03
2.319625e-02
-3.002069e-02
6.551680e-03
3.142675e-02
2.844599e-02
-4.115974e-02
-5.591523e-02
7.995147e-02
-2.875132e-02
-9.538292e-02
6.660035e-02
-1.499244e-02
-7.792105e-02
4.828820e-03
7.566927e-04
6.499304e-03
1.548370e-02
-2.136095e-03
-2.217865e-03
3.593464e-03
-1.705220e-02
-2.405900e-02
-2.423861e-02
-3.220053e-02
-2.996900e-02
-5.641932e-03
-1.323695e-02
-2.615890e-02
-1.791333e-04
4.370220e-03
-7.148824e-03
-4.173210e-02
-6.460726e-02
-5.270429e-02
1.116360e-02
-2.823507e-02
-5.011858e-02
3.577946e-02
3.642956e-03
-3.459288e-02
3.874796e-03
-3.704015e-02
-5.290390e-03
3.208547e-02
-8.122509e-03
2.855564e-02
4.680763e-02
-4.879896e-03
1.399326e-02
-3.673132e-02
-3.831429e-02
3.807034e-02
-4.600443e-02
-4.891357e-02
-8.032338e-03
-3.658059e-02
-5.648593e-02
-2.711237e-02
5.831525e-03
1.580959e-02
1.328184e-02
2.126322e-02
6.463724e-02
-1.378259e-02
4.193212e-02
1.570879e-02
5.029438e-02
-3.174254e-02
-3.080570e-02
-4.547757e-03
1.484552e-02
4.231477e-03
8.317092e-03
-9.383142e-04
-1.950497e-02
3.400181e-02
-4.607910e-03
-1.270421e-02
-2.505186e-02
-1.669639e-02
-4.782182e-04
5.476804e-03
-5.110300e-02
-2.282325e-02
-8.017396e-03
-1.035261e-02
4.135618e-02
5.263088e-02
-1.293149e-02
3.674688e-02
2.765304e-02
6.273577e-03
3.116043e-02
-1.768964e-02
-8.743859e-03
-4.615518e-02
-1.277432e-02
-1.412579e-02
-7.631335e-02
-6.048397e-02
9.054210e-04
-2.866115e-02
-3.650022e-02
4.189009e-02
-7.446291e-02
-5.212601e-02
4.318482e-02
-8.342826e-02
-1.163152e-01
5.928570e-02
1.754443e-02
-1.850518e-02
4.230171e-02
-2.314345e-02
-1.001548e-01
5.370658e-02
2.558839e-02
-1.021093e-01
9.723729e-03
6.273502e-02
-4.314671e-02
-4.030170e-02
-5.167255e-02
-6.122372e-02
1.764862e-02
2.966758e-02
-2.732478e-02
-2.694207e-02
1.108993e-02
5.248343e-02
-3.624558e-02
1.002729e-02
-2.475809e-02
-2.624931e-02
1.336697e-02
-4.078588e-03
-2.179788e-02
2.795957e-02
-4.521297e-03
-2.449769e-02
-3.271998e-02
-4.455243e-02
-2.770121e-02
-4.358086e-02
-5.918110e-02
-1.405513e-03
-2.680246e-02
-4.579296e-02
-6.090225e-02
-2.158894e-02
2.785080e-02
-7.926057e-02
-4.166215e-02
3.855216e-02
-7.697479e-02
-9.213290e-02
-3.035591e-02
3.010337e-02
1.210262e-02
2.480818e-02
1.589295e-02
-6.788736e-03
-9.921992e-03
3.226009e-02
1.356553e-02
5.983037e-03
-1.747854e-02
-4.654357e-03
8.891226e-04
-4.205741e-03
6.703991e-03
1.278950e-02
-1.670690e-03
-3.710279e-03
-2.466358e-03
-5.246378e-02
9.671505e-04
2.970826e-02
-6.395326e-03
2.633886e-02
9.182580e-02
-3.830501e-02
-3.204626e-02
2.140404e-04
-1.704162e-02
-2.562492e-02
1.938330e-02
-5.969238e-02
-1.552496e-02
-5.036479e-02
-2.319883e-02
-1.580641e-02
-7.784050e-03
4.122934e-02
3.122915e-02
6.724199e-02
-5.152928e-03
-5.641886e-02
5.972769e-03
-3.902962e-02
3.904497e-03
5.051989e-02
-1.900503e-02
-5.391813e-02
-2.987546e-02
-4.711244e-02
-2.372343e-02
-5.029398e-02
-3.263880e-03
1.077906e-02
-2.104689e-02
-3.727336e-02
-2.103893e-02
-3.736882e-03
-1.805628e-02
-1.623064e-02
3.826425e-03
-1.577130e-02
-1.254863e-02
-2.295741e-02
-1.652035e-02
-4.464689e-02
-3.365450e-02
-5.148862e-03
-1.920694e-02
-6.227829e-02
2.983826e-02
3.118829e-03
-6.213172e-02
1.665608e-02
1.571651e-02
-4.734215e-03
1.847758e-02
4.041208e-03
-1.687666e-02
4.148490e-02
2.442196e-02
5.244413e-03
-3.110258e-02
2.762132e-03
3.929536e-02
-7.008409e-02
-2.695299e-02
1.758859e-02
-4.742784e-02
-3.637576e-02
-7.479013e-03
-1.279671e-02
3.359080e-02
3.690359e-02
-1.084257e-01
-5.619615e-02
-1.278619e-02
-6.593695e-02
-2.726261e-02
-5.210766e-02
1.733469e-02
1.733402e-02
5.657597e-02
-1.966938e-02
-4.134822e-02
6.950518e-02
-3.592180e-02
-5.317465e-02
4.461718e-02
-4.159408e-02
-2.542917e-02
5.908402e-02
-8.313490e-02
-5.789990e-02
-5.375425e-02
2.031683e-03
-8.823327e-02
-4.281816e-02
-6.294844e-02
-1.538379e-02
6.160523e-04
-3.122214e-02
-1.032100e-01
-5.797866e-02
-2.623523e-02
1.388673e-03
-2.426857e-02
-3.682337e-02
1.296995e-02
-5.620943e-03
2.144120e-02
5.333717e-02
5.571461e-02
-5.728023e-04
-1.045371e-02
-2.966236e-02
2.621305e-02
-5.318889e-02
-5.435161e-02
2.040561e-02
-3.302122e-02
-3.088630e-02
-2.354218e-02
1.466074e-02
1.032425e-02
1.672160e-02
8.130712e-03
2.082256e-02
-1.018946e-02
-1.917579e-02
-5.390224e-03
-6.341361e-02
-4.299636e-02
-4.387247e-03
-2.880889e-02
-5.165126e-02
-5.546001e-02
-1.255789e-02
-9.304880e-03
-2.273968e-02
2.216319e-02
3.762344e-02
2.955892e-02
-5.658978e-03
-1.657735e-02
-5.133396e-02
-2.606376e-02
-5.818170e-02
-5.854325e-02
3.974452e-03
3.958283e-02
2.005410e-04
-1.705126e-02
-1.220119e-02
2.992539e-03
-2.790953e-02
-9.701649e-03
-4.945751e-02
2.215759e-02
-4.063513e-02
1.064297e-02
-6.032526e-02
-1.548644e-02
-1.522570e-02
-7.966449e-03
2.182572e-02
1.084239e-03
5.979893e-02
5.873803e-02
-5.620632e-03
1.111922e-02
-2.837813e-02
-1.185507e-02
-1.359479e-02
2.823888e-02
-1.064330e-01
3.082995e-02
-3.965064e-02
3.836209e-02
6.644793e-03
-4.529173e-02
-3.400222e-02
-6.853336e-02
-3.291819e-02
-1.380280e-02
-1.565594e-02
-4.700583e-02
5.896733e-02
2.475226e-03
-3.001752e-03
3.561259e-02
-1.867740e-02
-8.801876e-03
3.458199e-02
-3.544869e-02
-1.581268e-02
-9.694989e-03
8.622327e-03
3.885799e-02
2.260583e-02
3.277799e-02
-5.475271e-03
-1.381075e-02
3.586442e-03
-3.859375e-03
-2.295841e-02
-1.759557e-02
-6.544098e-02
-9.118261e-02
1.379780e-02
1.945421e-02
-1.151166e-02
4.377877e-02
6.735730e-02
2.999257e-02
3.418038e-02
-5.070182e-02
-7.418528e-02
1.329942e-02
1.156313e-02
2.443686e-03
-2.069158e-03
7.489894e-02
3.595735e-02
3.810120e-02
3.206344e-02
-8.294130e-04
-1.499923e-03
4.627987e-02
4.288240e-02
-7.602639e-02
-1.676808e-02
7.193029e-04
2.360661e-02
1.979299e-02
3.019526e-02
-4.677598e-02
-4.291199e-02
-3.891397e-02
-2.416155e-02
-3.141795e-02
1.649887e-02
-9.301743e-03
3.265147e-03
-3.765154e-02
-1.316180e-02
2.078852e-02
2.299414e-02
9.669337e-03
2.298576e-02
4.130864e-02
-3.269417e-02
-1.619195e-02
-3.723288e-02
-2.067351e-02
1.252168e-02
-7.442251e-03
-1.460368e-02
-8.310305e-03
-7.784605e-03
-1.630018e-02
2.563635e-02
2.567261e-02
-1.680606e-02
-4.871218e-04
-1.468812e-03
-1.729176e-02
-4.172192e-03
-3.702191e-03
1.319629e-02
1.830575e-02
5.508348e-02
-1.688500e-02
-5.394747e-03
3.394580e-02
1.539711e-02
4.546599e-03
2.014051e-02
-1.364768e-02
-1.487804e-02
-6.313547e-03
3.654476e-03
1.278807e-03
1.784785e-03
3.250735e-02
2.531143e-02
1.615456e-02
-3.006674e-02
-5.917707e-03
-3.309653e-03
-4.511748e-02
-1.639033e-02
-3.816554e-02
-4.331848e-03
-2.570202e-03
-2.208093e-02
-5.366740e-02
-8.502926e-02
-7.362936e-02
-7.647438e-02
-1.235326e-01
-9.468079e-02
-5.362685e-02
-6.529472e-02
-1.608969e-02
-5.282396e-04
2.677513e-02
-2.032444e-02
-1.187091e-02
2.577226e-02
2.511681e-02
-2.720463e-02
2.122281e-02
-2.119603e-02
1.171018e-02
-2.253297e-02
-7.381773e-03
-1.459890e-02
-1.748786e-02
-3.047501e-02
1.164152e-02
-4.020127e-02
-1.181013e-02
1.018402e-02
-2.390272e-02
-5.872216e-03
1.118359e-02
-2.021877e-02
-4.519250e-03
2.768894e-02
-1.162988e-03
2.994752e-02
1.013727e-02
-1.517231e-02
-9.350928e-03
2.279846e-03
-1.552205e-03
-6.961790e-03
-6.676593e-05
-1.729495e-02
-2.232002e-02
-2.403486e-02
-1.187419e-02
7.689555e-03
-4.947756e-03
1.318103e-02
3.426107e-02
2.517137e-02
2.649585e-02
3.118416e-02
-5.529999e-02
-3.807397e-02
-2.948174e-02
-6.794828e-02
-6.581549e-02
-5.686666e-02
-2.022980e-02
-6.524005e-03
-9.540502e-03
-2.378325e-02
-2.154910e-02
1.028464e-02
-3.646436e-02
-5.620388e-02
-2.922424e-02
2.706162e-02
2.361135e-02
1.783270e-03
5.552602e-03
-7.840992e-03
-1.578528e-02
3.957254e-02
2.198219e-02
-3.432812e-03
3.575782e-02
3.333801e-02
1.304131e-02
