5.342259e-01
2.175725e-01
4.144714e-01
4.172673e-01
5.491972e-01
5.035727e-01
6.097071e-01
3.621198e-01
8.902521e-01
5.640061e-01
4.882476e-01
7.429842e-01
7.170562e-01
4.626447e-01
5.771381e-01
5.891771e-01
7.906287e-01
9.084743e-01
3.331632e-01
3.909119e-01
8.116235e-01
-3.250340e-04
8.687760e-01
5.438063e-01
4.159810e-03
4.406463e-01
3.543104e-02
4.877260e-01
8.690799e-01
6.976210e-01
-1.592847e-03
6.188117e-01
5.395957e-01
7.551550e-01
-2.452605e-03
7.463385e-01
-5.061869e-03
9.986765e-03
7.723448e-01
-1.068737e-02
8.815941e-01
2.984789e-01
6.740494e-01
4.581222e-03
9.200444e-01
7.300054e-01
7.924230e-01
1.527910e-03
4.049317e-01
6.952852e-01
4.307217e-01
4.730480e-01
5.973049e-01
5.828226e-01
5.589926e-01
9.158108e-01
5.448476e-01
5.302560e-01
7.989593e-01
7.960671e-01
8.490924e-01
4.001893e-01
6.136604e-01
4.035790e-02
