2.400869e+00
3.107044e+00
3.210938e+00
3.287503e+00
3.658363e+00
2.620714e+00
2.520076e+00
3.028474e+00
3.094292e+00
2.273673e+00
2.649547e+00
2.748821e+00
2.470682e+00
2.782820e+00
3.570787e+00
3.384071e+00
2.866058e+00
2.615013e+00
2.551666e+00
2.734741e+00
3.326111e+00
3.203154e+00
3.213521e+00
3.650261e+00
2.871001e+00
3.141732e+00
2.421866e+00
2.894720e+00
3.080755e+00
2.727066e+00
2.878131e+00
3.064042e+00
2.812359e+00
3.292097e+00
4.080303e+00
2.388872e+00
2.929981e+00
3.686445e+00
2.464677e+00
2.613654e+00
2.575557e+00
2.650710e+00
3.212523e+00
2.932452e+00
2.952223e+00
2.964667e+00
3.291044e+00
3.211876e+00
3.288853e+00
2.890022e+00
2.832305e+00
2.996096e+00
3.362990e+00
3.108868e+00
2.676189e+00
2.993201e+00
3.101170e+00
2.651897e+00
5.265905e+00
2.486521e+00
2.763281e+00
3.677534e+00
2.740767e+00
3.213045e+00
