8.807080e-01
8.642414e-01
9.122557e-01
7.849791e-01
7.808647e-01
7.822192e-01
7.602962e-01
8.345360e-01
6.826879e-01
6.224658e-01
6.131336e-01
9.012091e-01
6.823567e-01
6.962093e-01
7.757938e-01
7.838277e-01
3.719709e-01
4.470902e-01
4.449746e-01
4.865197e-01
4.902358e-01
4.243305e-01
5.421890e-01
3.380758e-01
5.022728e-01
4.088293e-01
6.429782e-01
4.470534e-01
4.195865e-01
4.032757e-01
5.280674e-01
4.789251e-01
4.677275e-01
5.463971e-01
5.878763e-01
3.883155e-01
6.051049e-01
4.054137e-01
5.520774e-01
5.479876e-01
7.395753e-01
5.197024e-01
3.264913e-01
6.668249e-01
4.402532e-01
5.162910e-01
4.365326e-01
8.164458e-01
7.582790e-01
6.675333e-01
8.415151e-01
7.129385e-01
7.290799e-01
7.476231e-01
6.963707e-01
8.094667e-01
7.314315e-01
8.116438e-01
6.166384e-01
7.542741e-01
7.611425e-01
8.052964e-01
9.119372e-01
1.082045e+00
