-1.847112e+00
-3.727401e+00
-4.044320e+00
-2.371247e+00
-2.001880e+00
-2.357870e+00
-1.144426e+00
-2.915828e+00
-2.648890e-03
-2.769511e+00
-3.058204e+00
-2.015759e+00
-6.892585e-01
-3.094746e+00
-2.281122e+00
-1.428501e+00
9.047606e-06
2.992060e-05
-2.869367e+00
-2.547124e+00
-1.252284e+00
-2.506551e+00
-1.960426e-03
-1.612316e+00
-1.791472e+00
-1.853102e+00
-3.222674e+00
-2.262435e+00
-1.138783e-01
-1.353883e-06
-3.718303e+00
-1.296728e+00
-8.160353e-07
-4.502460e-06
-1.732495e+00
-1.794783e-06
-3.122666e+00
-1.386015e+00
3.211565e-06
-2.174166e+00
2.249188e-06
-4.068309e-01
-1.100007e-07
-1.889509e+00
-1.538206e-02
-1.543450e-05
-1.033516e-02
-3.313143e+00
-2.564585e+00
-2.026733e+00
-1.664286e+00
-2.246987e+00
-2.254408e+00
-8.461881e-01
-1.812652e+00
-1.681717e-04
-2.570785e+00
-1.659817e+00
-4.975350e-04
-2.644141e-05
-7.461696e-06
-3.750078e+00
-1.876073e+00
-2.455479e+00
