-8.194239e-02
3.086878e-02
-1.360654e-02
-4.081079e-03
1.261865e-01
-6.433982e-02
-1.166198e-02
-3.157534e-02
3.526684e-02
2.382267e-02
-1.867935e-02
-3.435228e-02
6.869854e-04
2.977315e-02
3.685084e-02
3.914328e-02
3.903139e-02
4.554054e-03
6.579779e-03
1.147911e-02
-1.639679e-02
4.580952e-03
-3.289507e-02
5.901944e-02
-9.698694e-03
4.050754e-03
-1.424422e-02
2.506150e-02
1.016584e-03
6.314257e-02
2.695231e-02
-1.268690e-02
5.014128e-02
2.294431e-03
-4.380417e-02
-7.435302e-02
-4.933199e-02
-3.337277e-02
2.751997e-02
3.002617e-02
-8.042274e-03
-1.093158e-02
6.048046e-02
4.160252e-02
2.688686e-02
-3.960767e-02
1.449759e-02
6.781712e-02
-5.694316e-02
-2.248961e-02
9.789521e-03
-1.359141e-02
2.137787e-02
5.267353e-02
1.290485e-02
9.887789e-03
7.289359e-02
-6.269106e-02
-3.225132e-02
-2.549124e-02
5.189029e-02
6.120237e-02
-2.121860e-02
-1.040932e-02
