6.812161e+00
3.943452e+00
7.654294e+00
3.947475e+00
7.663407e+00
1.025678e+00
7.683736e+00
9.995109e-08
5.853932e+00
1.711873e-05
5.870124e+00
5.689554e+00
8.461133e+00
2.840466e+00
8.503951e+00
3.784663e+00
9.767563e+00
2.793670e+00
9.646126e+00
1.485146e+00
9.619119e+00
3.093036e+00
9.450406e+00
2.144610e+00
7.677352e+00
2.612379e+00
7.849938e+00
2.368091e+00
7.915584e+00
4.184568e+00
1.050632e+01
1.891881e+00
1.034815e+01
2.172216e+00
1.106409e+01
6.347937e+01
1.339081e+01
2.752378e+00
1.829358e+01
3.544609e+00
2.315009e+01
4.037685e+00
2.590651e+01
