6.812161e+00
3.943452e+00
7.654294e+00
3.947475e+00
7.663407e+00
1.025678e+00
7.683736e+00
9.995109e-08
5.853932e+00
1.711873e-05
5.870124e+00
5.630764e+00
9.038734e+00
2.969672e+00
8.457922e+00
4.249411e+00
9.767563e+00
3.168558e+00
9.672757e+00
1.485146e+00
9.619119e+00
3.250571e+00
9.450406e+00
2.330628e+00
7.677352e+00
2.889587e+00
7.852887e+00
2.384148e+00
7.915584e+00
4.256539e+00
1.050632e+01
2.016317e+00
1.033739e+01
2.172257e+00
1.106409e+01
2.548517e+00
1.339614e+01
2.753635e+00
1.829358e+01
3.553452e+00
2.315009e+01
4.131919e+00
2.590656e+01
