1.246592e-01
1.052146e-01
9.151812e-02
3.442195e-02
1.037951e-01
8.544087e-02
1.091206e-01
1.466221e-01
6.851714e-02
1.288903e-01
1.159479e-01
8.422805e-02
1.094122e-01
5.736367e-02
6.772928e-02
5.781468e-02
3.723340e-02
7.220980e-02
7.345465e-02
2.787792e-02
5.105178e-02
2.623433e-02
1.060600e-01
3.303451e-02
3.638107e-02
3.152473e-02
3.718875e-02
2.422584e-02
1.828076e-02
8.738377e-02
3.008097e-02
5.503760e-02
3.038521e-02
1.224697e-01
5.701219e-02
6.675350e-02
6.131030e-02
1.625591e-01
5.384582e-02
6.419345e-02
3.363374e-02
6.840048e-02
1.208766e-01
1.439953e-02
8.463611e-02
4.253184e-02
-1.017216e-02
1.601733e-02
2.748775e-02
1.164078e-01
2.925274e-02
1.476640e-01
1.837112e-02
4.222933e-02
9.618611e-02
9.817076e-02
1.423597e-01
1.149982e-01
8.901452e-02
8.501447e-02
8.360775e-02
6.063879e-02
2.548509e-02
1.674578e-01
