1.061811e-01
9.422600e-02
8.295054e-02
1.128471e-01
1.110437e-01
1.260508e-01
1.124536e-01
1.189593e-01
1.128105e-01
1.107725e-01
1.022908e-01
8.805776e-02
1.099213e-01
1.023765e-01
1.195503e-01
8.278421e-02
1.160166e-01
1.075970e-01
1.055473e-01
1.192514e-01
1.072434e-01
1.192619e-01
1.035758e-01
9.675945e-02
9.738866e-02
9.246257e-02
8.743709e-02
8.754861e-02
1.073185e-01
1.242085e-01
1.238035e-01
9.141348e-02
9.396882e-02
1.173007e-01
1.136201e-01
1.044785e-01
1.014029e-01
1.217567e-01
1.230559e-01
1.185311e-01
1.060139e-01
1.240031e-01
1.018998e-01
1.156622e-01
1.038352e-01
1.172976e-01
1.149996e-01
1.112544e-01
1.295093e-01
1.035459e-01
1.149274e-01
1.061515e-01
1.151216e-01
9.104332e-02
1.142309e-01
8.212944e-02
1.255105e-01
1.386843e-01
1.014080e-01
8.458218e-02
1.269378e-01
9.374381e-02
1.034165e-01
1.042987e-01
