1.391944e-10
1.759855e-10
1.869471e-10
1.166511e-10
1.090668e-10
2.174536e-10
2.076074e-10
1.283299e-10
9.251469e-11
4.586402e-11
1.043013e-10
3.345646e-11
5.242036e-11
3.436409e-11
1.296643e-10
6.948282e-11
2.814794e-11
1.592698e-10
3.824441e-11
7.910132e-11
1.313968e-11
2.927348e-11
2.868225e-10
1.522226e-10
4.112777e-11
1.936819e-10
8.904085e-11
9.336149e-11
1.443187e-10
1.428268e-10
9.135120e-11
3.108596e-11
5.750922e-11
-1.160453e-10
-1.269001e-10
3.155071e-11
1.800168e-10
2.487164e-10
2.845920e-10
3.620994e-10
4.717548e-10
4.024809e-10
2.165825e-10
2.179602e-10
2.763297e-10
6.349037e-11
8.598617e-11
9.829416e-11
1.326764e-10
8.558872e-11
1.173179e-10
1.074395e-10
4.381826e-11
4.070321e-11
6.765353e-11
1.509754e-10
7.072954e-11
1.248611e-10
7.104937e-11
-6.077711e-11
-3.226187e-11
-9.111751e-11
-4.442706e-11
-3.919769e-11
-4.160620e-11
-1.501913e-10
-1.789790e-11
-8.103328e-11
4.050887e-11
5.346736e-11
-1.327079e-11
1.430258e-11
-2.359948e-10
-1.025147e-10
1.092791e-10
-1.711023e-10
-1.828486e-10
-8.816230e-11
-2.399379e-10
-3.451095e-10
-2.311317e-10
7.732794e-11
-1.619924e-10
8.266258e-11
-8.660474e-11
-2.041695e-10
2.175941e-11
7.323746e-11
-7.269662e-11
-5.080882e-11
-1.930587e-10
-1.849916e-11
6.674546e-11
1.461370e-10
5.768424e-10
4.212688e-10
2.859497e-10
6.213762e-10
3.923974e-10
-2.379436e-10
-2.369478e-10
-1.467543e-10
-1.245633e-10
-2.615982e-10
-8.861438e-11
-8.439636e-11
-1.210529e-10
-1.362735e-10
-4.093431e-11
8.729512e-12
-2.824905e-10
1.585160e-10
9.635599e-11
-4.729153e-10
5.202148e-10
5.165909e-10
-1.114693e-10
3.428285e-10
5.401865e-10
4.648322e-10
5.324928e-10
8.624883e-10
5.403648e-10
3.901978e-10
9.090950e-10
5.891189e-10
-2.055384e-10
-2.138682e-10
-1.370446e-10
-9.176575e-11
-1.492072e-10
-2.009218e-10
-2.096515e-10
-1.751351e-10
-1.877211e-10
-2.695421e-10
-2.646424e-10
-1.582682e-10
-1.260774e-10
-3.874030e-10
-3.113806e-10
2.382144e-10
-4.409282e-11
4.115497e-11
2.676744e-11
-3.999328e-12
5.028294e-11
1.694992e-11
-5.022727e-11
2.069945e-11
-6.466349e-11
9.648389e-12
-9.996331e-11
-9.269513e-11
-7.638702e-11
2.377060e-11
-4.896336e-11
-4.888211e-11
-6.561404e-11
2.307205e-11
3.392672e-11
-5.296141e-11
6.835786e-12
-2.457725e-11
8.597986e-12
-7.116936e-11
2.796735e-11
1.044145e-10
-9.027203e-11
-7.777377e-11
-8.309579e-11
-7.167280e-11
5.444808e-11
6.027993e-11
-5.412764e-11
-9.036680e-12
-3.923041e-11
1.433044e-10
1.422225e-10
5.539107e-11
-1.127034e-10
-2.813445e-12
-1.005696e-10
-6.828076e-11
-1.009613e-10
-1.007575e-10
1.830692e-11
-6.230634e-12
-6.579140e-11
1.102243e-10
1.340378e-10
8.546165e-11
1.603836e-10
1.004350e-10
5.806544e-11
1.544024e-10
1.145836e-10
1.399686e-10
-1.758140e-11
-1.009873e-10
1.219143e-11
-1.106107e-10
2.174164e-12
1.003632e-10
-1.287114e-10
-6.989000e-11
-2.687183e-11
1.295103e-10
1.455740e-10
1.228309e-10
5.498090e-11
7.475474e-11
5.264466e-11
1.434438e-11
2.362011e-11
8.820698e-11
-7.676190e-11
3.692391e-12
-1.731639e-10
-7.734861e-11
-4.518180e-11
-1.439252e-10
-1.064502e-11
-9.162749e-12
1.274751e-11
3.245838e-11
1.446415e-10
1.296799e-10
6.925184e-11
1.509761e-10
2.276747e-10
9.724059e-11
3.468236e-11
1.104036e-10
1.061832e-11
5.633845e-11
1.849319e-11
5.723539e-11
-2.663642e-11
-3.604233e-13
1.646398e-10
-3.228852e-11
7.929209e-11
1.476962e-10
1.554547e-11
-3.435235e-11
2.600039e-11
-5.468270e-12
1.311990e-10
2.308021e-11
1.048799e-10
1.093468e-10
2.295603e-10
2.369065e-10
-1.372631e-11
1.198940e-10
5.334279e-11
1.388749e-11
2.268381e-11
-1.179770e-10
-9.615780e-11
1.690793e-10
1.210643e-10
1.154006e-10
1.198801e-10
1.022204e-10
-6.872047e-11
6.533239e-11
-5.601297e-13
3.350402e-11
-8.144670e-11
1.496142e-10
6.152478e-12
1.417430e-11
-1.609344e-10
1.251893e-10
-5.914304e-11
-1.004588e-11
8.539896e-11
-2.128369e-10
-2.102871e-10
-7.304031e-11
-1.222820e-10
3.447259e-11
-1.267796e-10
-1.194318e-10
-8.440772e-11
-2.467038e-10
1.258956e-11
3.401797e-11
-5.750384e-11
-1.583129e-10
2.400985e-12
1.028309e-10
-1.782521e-10
-5.079504e-11
-1.004240e-10
1.140035e-11
-3.177966e-11
1.888812e-10
6.951976e-11
1.647276e-10
1.990943e-10
7.195164e-11
1.369962e-10
1.298023e-10
1.767157e-09
2.326819e-09
1.462273e-09
2.292016e-09
2.691047e-09
1.804095e-09
-7.845828e-10
-2.783476e-11
-8.555280e-10
2.207984e-08
2.784358e-08
8.753570e-09
8.050288e-09
1.334640e-08
-3.888790e-09
-2.449396e-09
7.936920e-09
-6.837640e-09
-6.588192e-09
-2.447546e-09
-7.498725e-09
-2.342930e-09
5.262547e-09
-4.503056e-10
-8.589216e-09
3.445551e-10
-4.454668e-09
6.288138e-10
1.738860e-09
3.691865e-11
-7.080458e-10
3.069093e-10
-1.117056e-09
-2.396603e-09
-1.447912e-09
-2.735970e-09
2.478696e-08
9.783074e-09
6.822960e-09
1.022557e-08
-1.648788e-09
-2.362405e-09
1.827185e-08
8.469188e-09
8.511100e-09
6.750563e-11
-7.877170e-11
-3.777594e-11
5.853305e-11
6.879377e-11
5.727821e-11
-3.329549e-11
9.957815e-12
-1.276914e-10
-9.090054e-09
-5.254918e-09
1.891322e-08
-2.066947e-08
-1.467316e-08
5.929059e-09
-2.233546e-09
-1.828037e-10
1.002901e-08
-2.410900e-10
-1.320507e-10
-1.141078e-10
-1.073815e-10
-1.595398e-10
-1.801530e-10
-3.447356e-11
-1.272805e-10
-1.818555e-10
2.345625e-08
3.102024e-08
5.562307e-09
2.446064e-08
2.177896e-08
1.384523e-09
-3.672271e-09
1.213854e-09
-1.536982e-08
-7.745853e-09
-1.895917e-08
5.495599e-09
3.403509e-09
-6.570219e-09
1.128061e-08
1.439475e-08
1.699848e-10
9.117695e-09
2.649760e-08
2.920403e-09
8.657646e-09
1.351361e-08
-1.808161e-09
2.422617e-09
-8.110414e-09
-1.280275e-08
-6.888870e-09
2.599338e-08
3.390794e-08
1.015510e-08
5.509594e-09
1.442538e-08
-4.258895e-09
-8.966091e-09
6.368651e-09
-1.423671e-08
4.736882e-09
8.894445e-09
2.420457e-09
2.985581e-09
5.956613e-09
1.566079e-10
1.576121e-09
5.105605e-09
-5.002211e-10
4.472405e-09
-5.311766e-09
1.076254e-08
1.970390e-08
9.317445e-09
1.536360e-08
4.045447e-09
-1.181365e-08
1.025679e-08
-1.682362e-05
-5.598113e-05
-5.669569e-05
-5.444498e-05
-7.692708e-05
-6.710606e-05
9.845056e-06
1.347663e-05
5.166234e-05
4.520229e-05
1.050279e-04
5.467667e-05
2.090158e-04
2.372751e-04
2.144808e-04
-1.002070e-04
-9.699660e-05
-1.129995e-04
3.691153e-06
2.436501e-06
2.329510e-06
3.529132e-06
2.199075e-06
1.325261e-06
1.192984e-05
1.114249e-05
1.184889e-05
2.562283e-05
3.476358e-03
-2.261440e-04
1.246631e-03
4.419395e-03
4.849717e-04
1.554284e-03
4.147881e-03
-5.359629e-05
-2.178684e-03
-1.954423e-03
-3.765279e-03
-1.417330e-03
-1.553516e-03
-3.654135e-03
-9.221330e-04
-2.240143e-03
-3.807512e-03
-6.937633e-04
-5.888456e-04
-5.043878e-04
-1.768122e-03
-1.790000e-03
-2.137947e-03
2.125733e-03
2.508202e-03
2.621807e-03
5.800351e-03
4.819129e-03
4.506985e-03
9.106327e-03
7.324460e-03
7.558476e-03
1.342733e-03
-3.937328e-04
-6.330946e-04
-9.889089e-05
-1.469308e-04
-2.186327e-04
7.283486e-05
7.372887e-06
-7.546894e-05
7.152751e-05
2.064189e-05
-5.193372e-05
3.647947e-03
2.885972e-03
1.660616e-03
-4.795386e-03
-7.378162e-03
-6.466765e-03
-6.013075e-04
4.230638e-04
-1.393004e-03
-1.218020e-10
-1.547943e-10
-9.785306e-11
-1.499857e-10
-2.390710e-10
-2.334198e-10
-2.358386e-10
-2.052063e-10
-1.291199e-10
-1.713631e-03
4.902886e-04
-2.051099e-03
4.521171e-03
5.419082e-03
5.022200e-03
-6.825414e-05
8.131805e-04
9.543899e-06
1.526314e-03
8.224154e-04
8.892582e-04
-2.410713e-03
-4.911071e-03
-1.851259e-03
-1.896065e-03
-3.569982e-04
1.886269e-03
-7.394883e-04
-1.897289e-03
-2.534983e-03
4.143934e-03
2.923853e-03
3.108225e-03
-8.024002e-04
-2.464155e-03
-1.194551e-03
3.490655e-05
1.666550e-04
2.817828e-04
5.437807e-03
5.046892e-03
5.559871e-03
2.181968e-04
4.145408e-05
3.436620e-04
-7.057749e-05
-6.300653e-05
-9.681447e-06
3.651086e-05
3.507233e-05
8.142363e-05
3.153307e-05
1.444586e-05
3.265779e-05
4.311766e-03
3.514810e-03
3.014107e-03
-4.730974e-04
9.779979e-05
-6.043257e-04
-7.343558e-04
1.178265e-04
-8.389245e-04
-4.499244e-11
1.345675e-11
1.367147e-11
-9.707628e-12
-1.443706e-10
-9.812273e-11
-1.110581e-10
-5.568688e-11
-6.538649e-11
-4.361275e-12
1.365309e-10
5.142597e-11
2.382275e-11
6.916780e-11
2.997980e-11
-3.821128e-11
8.652482e-11
-1.671776e-11
-4.518238e-11
-2.373790e-11
2.486309e-12
1.327411e-11
-6.875281e-11
4.218917e-11
1.008031e-10
-1.807731e-10
4.699277e-12
1.680395e-12
-7.664689e-11
-2.440744e-11
9.597022e-12
-2.175081e-11
-1.640817e-11
-6.377675e-11
-8.600319e-12
3.973608e-11
-7.538600e-12
1.703175e-10
-1.529375e-12
-8.341607e-11
2.715466e-12
-7.213740e-11
-8.509453e-11
-1.341717e-10
-5.038100e-11
2.516115e-13
-3.216579e-11
-1.400914e-10
3.515441e-11
-2.969163e-11
1.811056e-11
3.623027e-11
-4.592370e-11
-1.177655e-11
3.559502e-12
4.672469e-11
1.167975e-10
-1.081914e-11
-4.655458e-11
3.241057e-12
-5.813063e-11
-3.357177e-11
-4.524343e-11
-1.231014e-10
-3.516442e-11
-4.202685e-11
-1.721173e-10
-7.645978e-11
-9.749466e-11
-5.875250e-11
-1.165880e-10
-6.535326e-11
4.832321e-11
-5.118006e-11
9.763760e-12
1.052832e-10
8.167480e-11
-2.950911e-11
1.903658e-10
1.049314e-10
1.287467e-10
3.631133e-12
-7.040882e-11
-9.466787e-11
-8.161233e-11
-8.761807e-11
-3.090899e-11
-5.145779e-11
-1.417715e-10
-3.066605e-11
8.969659e-11
1.164289e-10
2.198460e-11
9.419317e-11
1.349291e-10
1.610957e-11
-1.931653e-11
-5.497573e-11
6.163824e-11
4.389644e-11
8.143445e-11
1.406255e-10
-5.492664e-13
7.454165e-11
5.114036e-11
7.182661e-11
-1.296667e-11
1.319503e-10
1.983022e-10
9.484041e-11
4.552952e-12
-1.921702e-10
3.624732e-12
1.048648e-10
-1.043251e-10
-5.695431e-11
-1.682137e-11
-6.118898e-11
7.730314e-11
1.367013e-12
-3.976797e-11
-9.540998e-11
2.812172e-11
-7.300108e-11
3.264907e-11
4.734195e-11
6.915506e-11
4.264387e-12
7.697516e-11
-1.236083e-10
-1.002790e-10
-8.909541e-11
-5.171511e-11
-3.713133e-11
-1.349182e-10
-8.510428e-11
-8.466421e-11
-1.256926e-10
-4.556699e-11
-6.704277e-11
-2.186123e-10
-1.175039e-10
-3.479272e-10
-2.004242e-10
-7.563858e-12
2.418772e-11
-5.350295e-12
1.224123e-10
-8.324446e-12
-2.199388e-11
-7.773103e-11
1.880218e-11
-2.831034e-11
-2.580109e-11
-9.824887e-12
-6.545746e-12
-6.774989e-11
5.895318e-11
1.431184e-11
-1.352381e-10
-7.159257e-11
2.339736e-12
-2.255173e-11
1.715384e-11
8.534572e-12
6.610887e-11
-1.062945e-10
-5.725071e-11
-1.448546e-10
-1.626015e-11
5.574119e-11
1.081066e-10
1.295515e-10
1.960108e-11
5.056225e-11
3.485662e-11
1.038575e-10
1.200326e-10
-3.458272e-11
-5.917576e-12
7.701370e-11
1.716340e-10
1.661441e-10
-4.072262e-11
1.022247e-11
1.597808e-11
-2.060387e-11
-2.156840e-11
-5.246115e-11
1.934774e-11
2.391931e-11
2.757343e-11
4.111006e-11
-7.069008e-11
-5.358297e-11
-7.336839e-11
3.182105e-11
1.915697e-11
-4.598441e-12
1.491562e-11
5.359413e-11
2.992536e-11
6.707408e-11
1.002486e-10
-3.414463e-11
-2.962846e-12
-4.966600e-11
-3.154473e-11
-4.473708e-11
-6.923365e-11
1.143957e-11
-8.392916e-11
-4.644054e-11
-1.467067e-10
-3.887525e-11
-7.259533e-11
2.271613e-10
6.023789e-10
-1.793011e-10
7.547514e-10
9.795956e-10
1.841002e-10
4.934348e-10
6.859722e-10
-2.366271e-10
-4.409257e-11
-8.075087e-11
-2.773506e-11
3.013139e-11
5.308243e-11
8.080696e-11
7.428779e-12
-8.620679e-11
-5.174511e-11
1.580055e-10
-1.659847e-11
5.240277e-11
1.298998e-10
5.306199e-11
-2.652608e-11
8.747954e-11
8.315276e-11
-4.867635e-11
-5.013484e-10
-2.702296e-10
-3.153671e-10
-7.019983e-11
-6.728005e-12
-3.202002e-11
1.990375e-11
8.187720e-11
1.860175e-11
-2.592669e-10
-1.330211e-10
-3.669219e-10
-8.593418e-11
-2.963831e-11
-3.555763e-10
5.088559e-11
2.643235e-10
-4.106288e-13
-9.251160e-11
1.631394e-11
-1.784054e-10
-2.588589e-11
3.259289e-11
-1.953324e-10
-2.286395e-10
-2.904195e-10
-4.971735e-10
5.299467e-11
1.457275e-11
-1.822023e-11
-3.700295e-11
9.360918e-12
1.500454e-10
-5.716633e-11
9.452245e-12
1.828725e-11
-7.596805e-10
-1.639510e-11
-6.161979e-10
-2.990920e-10
-3.469241e-11
-6.259076e-10
-3.888335e-11
3.772382e-10
-2.252453e-11
1.551876e-10
1.205602e-10
1.563517e-10
2.211573e-10
2.903421e-10
2.149709e-10
2.237819e-10
1.682400e-10
1.805845e-10
8.479269e-11
1.146150e-10
1.297104e-10
9.898331e-11
-1.262192e-11
6.942266e-11
1.317414e-10
4.023665e-11
1.111154e-10
-6.266687e-11
-2.030741e-10
-9.709177e-11
-6.917146e-12
-7.468698e-12
-2.805412e-11
-1.352431e-10
-1.091817e-10
1.218094e-11
8.322852e-11
1.099337e-10
8.222934e-11
1.814531e-10
6.124735e-11
8.126722e-11
2.965298e-10
1.928660e-10
4.845526e-11
-3.173395e-11
-1.775179e-10
-1.051829e-10
-3.734999e-11
-7.816685e-11
-1.651695e-10
-3.361678e-11
-1.413549e-10
-1.731052e-10
1.870929e-10
1.343675e-10
1.074166e-10
1.750276e-10
1.363533e-10
7.150299e-11
2.632934e-10
1.639032e-10
2.164613e-10
5.341639e-11
-9.638648e-12
1.054107e-10
1.004238e-10
1.006820e-10
4.906574e-11
4.941093e-11
8.492772e-12
-1.191189e-12
2.476633e-10
1.350760e-10
1.965593e-10
1.953354e-10
1.737505e-10
1.346329e-10
1.053690e-10
6.805983e-11
1.270840e-10
-3.693215e-10
-2.888455e-10
-8.551539e-11
-2.763215e-10
-8.714571e-11
1.307263e-11
-6.610108e-12
2.567270e-10
6.431831e-11
1.115059e-10
1.574500e-10
1.223268e-10
2.412487e-10
1.219542e-10
9.072778e-11
2.483346e-10
-5.313115e-11
1.627636e-10
-8.478120e-11
-2.915831e-11
-7.608680e-11
1.862794e-11
1.720381e-10
2.394643e-11
3.551871e-11
3.385615e-11
-2.526817e-11
-1.454064e-10
-1.376568e-10
-7.924834e-11
-1.641590e-10
-1.063085e-10
-1.167641e-10
-1.430346e-10
-1.544446e-10
-1.720916e-10
-2.647148e-10
-2.375174e-10
-3.208158e-10
-1.058703e-10
-1.810306e-10
7.472826e-12
-9.002242e-12
2.977487e-11
2.673880e-10
-1.285680e-10
-1.582395e-10
-1.847835e-10
-2.464276e-12
-9.293572e-11
-1.128122e-10
-6.579674e-11
-1.581957e-10
-1.091130e-10
1.991237e-11
-5.697820e-11
-7.135718e-11
-4.301689e-12
-1.190852e-12
-1.168820e-10
9.951275e-11
-1.047120e-10
3.558832e-11
3.881303e-10
3.110507e-10
3.279997e-10
3.931935e-10
3.720157e-10
4.454438e-10
2.050845e-10
1.938676e-10
2.239834e-10
-2.683854e-10
-3.514215e-10
-2.399307e-10
-3.663823e-10
-2.734504e-10
-3.546013e-10
-3.327952e-10
-3.279632e-10
-4.285736e-10
2.363244e-11
-5.534706e-12
-6.301119e-11
-9.256709e-11
-1.512256e-10
-9.546949e-11
-1.007481e-10
-1.711048e-11
1.676138e-11
-9.358988e-11
-1.236043e-10
-8.257009e-11
-6.908524e-11
-1.094983e-10
-7.683434e-11
-5.427907e-11
-1.175296e-10
-3.300518e-12
7.972564e-11
8.293633e-11
4.907892e-11
3.947179e-11
4.033514e-11
1.335425e-11
-3.199995e-11
1.175188e-11
3.599425e-12
-1.511376e-10
-1.333407e-10
-1.525587e-10
-1.644262e-10
-2.911803e-10
-1.619153e-10
-3.020832e-10
-1.726745e-10
-2.465781e-10
-1.283094e-10
4.280275e-11
-4.300236e-11
-1.882500e-11
5.162735e-11
8.795192e-11
-4.640255e-11
6.653205e-12
-4.722653e-11
-5.229734e-11
9.134526e-11
2.860024e-11
-9.021333e-11
-8.864711e-12
2.764934e-11
-3.591866e-11
-1.753884e-11
1.518751e-11
8.138771e-11
-2.840401e-11
1.001822e-10
3.546222e-11
-2.381817e-11
5.450521e-11
1.320196e-12
-1.148991e-11
6.184245e-11
2.133525e-10
2.435364e-10
5.072820e-11
1.167189e-10
9.667286e-11
1.173171e-10
2.497281e-11
9.971467e-11
-3.059243e-11
-8.072519e-11
-1.478354e-10
-1.363538e-10
-1.298746e-10
-1.975357e-10
-5.130036e-11
-2.221826e-10
-1.004717e-10
-1.007353e-10
4.964149e-11
1.459372e-10
6.309136e-11
1.131647e-10
1.501720e-11
1.929046e-10
1.151639e-10
1.580904e-11
6.484571e-11
2.228424e-10
1.221056e-10
8.853555e-11
3.003419e-10
2.693035e-10
3.118186e-10
3.033208e-10
5.878620e-11
1.320899e-10
-2.247021e-10
-2.469581e-10
-1.985517e-10
-2.414429e-10
-2.209065e-10
-2.246559e-10
-2.033539e-10
-1.034894e-10
-2.414072e-10
-9.818120e-11
-1.525700e-11
2.617336e-11
-2.035071e-10
-1.119934e-10
-1.069194e-10
-4.098090e-11
-2.103867e-10
-7.077623e-11
8.238403e-11
1.384575e-10
3.806961e-11
8.248828e-12
4.909796e-11
3.109359e-11
3.348078e-11
-3.110775e-11
1.214504e-10
1.059572e-10
1.936095e-11
7.057463e-11
1.872183e-10
1.072858e-10
8.381025e-11
1.002401e-10
1.777629e-11
4.616054e-11
-5.672837e-12
-8.684642e-11
-4.019366e-11
-4.443616e-11
-4.590689e-12
-1.109330e-10
-1.172560e-10
-1.563698e-10
-1.724326e-10
1.472135e-10
4.398512e-11
-3.183747e-11
-5.447238e-11
-1.829598e-11
-8.714302e-11
5.396139e-11
-1.092557e-10
-2.286402e-11
3.388183e-10
6.198340e-10
5.878551e-10
4.430870e-10
6.178613e-10
5.536933e-10
-2.051007e-10
-3.540504e-13
-1.942237e-10
9.154793e-10
3.533967e-09
3.811642e-09
-5.994202e-10
1.204069e-09
1.474639e-09
-1.333641e-09
1.127240e-09
1.414891e-09
1.255846e-09
-1.166632e-09
-1.906572e-09
1.081215e-09
-6.367589e-10
-1.521689e-09
6.643125e-10
-4.040790e-10
-8.697712e-10
7.362144e-10
6.082410e-10
4.727707e-10
3.440201e-10
3.486006e-10
-5.889480e-11
3.133296e-10
2.965129e-10
-1.868099e-10
1.996826e-09
2.579103e-09
2.137499e-09
1.833105e-09
1.826841e-09
1.438255e-09
1.182774e-09
1.425673e-09
2.778691e-10
-3.339228e-11
-9.653946e-11
6.548884e-11
-5.955335e-11
-6.977793e-11
-9.688497e-11
-1.390432e-10
-1.782169e-10
-2.076271e-10
1.450349e-09
1.490560e-09
2.442654e-09
-4.921788e-11
-5.512140e-10
6.291722e-10
-6.431179e-10
-8.555434e-10
-3.047715e-10
-8.255088e-11
-1.309233e-10
-8.204314e-11
4.662674e-11
-2.567265e-11
-1.960304e-10
-3.995611e-11
-1.631770e-10
-4.542667e-11
6.388525e-09
5.602277e-09
4.836480e-09
7.697198e-09
4.625123e-09
2.173278e-09
3.588796e-09
-5.222916e-10
-4.343414e-09
-3.532312e-09
6.147257e-10
9.626641e-10
-3.176144e-09
3.995462e-10
9.524806e-10
-4.639085e-09
-5.129799e-10
-1.182523e-09
1.745506e-10
1.924715e-09
-1.349567e-09
4.849148e-10
-8.311794e-11
-2.359882e-09
-2.139898e-09
-3.172038e-09
-7.865806e-09
7.071435e-09
4.545934e-09
4.900907e-09
3.920575e-09
1.388064e-09
-4.242212e-11
1.786937e-09
-4.726172e-10
-2.503638e-09
2.241641e-10
4.271630e-10
1.566629e-09
1.799809e-11
9.902699e-11
1.096374e-09
-2.758214e-10
-1.827457e-10
8.263846e-10
-4.257881e-09
-6.417538e-10
2.002486e-09
-4.273124e-09
5.644868e-10
1.626013e-10
-6.989011e-09
4.429228e-10
-2.810856e-09
3.612161e-11
1.400817e-10
9.371277e-11
1.621667e-10
2.599638e-10
1.327762e-10
1.141217e-10
1.253808e-10
1.395706e-10
-2.614002e-12
-2.844360e-11
8.616111e-11
8.660286e-11
-5.066189e-11
6.995029e-11
-3.206285e-12
-2.778891e-12
7.031471e-11
1.321391e-11
8.506933e-11
9.910265e-11
1.627042e-10
7.897230e-11
1.506923e-10
7.572330e-11
1.866160e-10
2.118738e-10
4.034893e-11
-1.354132e-10
4.105087e-11
4.567519e-11
1.967591e-11
3.975443e-11
-3.512657e-11
-1.064341e-10
9.546823e-11
1.123137e-10
1.874534e-10
9.184024e-11
6.579730e-11
2.440030e-10
1.512199e-10
4.966074e-11
1.736962e-10
1.268582e-10
3.915238e-11
-5.035523e-11
9.102438e-12
2.409099e-11
7.893208e-11
3.759940e-11
8.525342e-11
2.087962e-11
1.049800e-10
1.375442e-10
6.936726e-11
1.452937e-10
1.896334e-10
1.560209e-10
1.951187e-10
-6.533565e-12
-6.289899e-11
-1.658058e-11
-1.107122e-11
9.014759e-11
3.381819e-11
3.012737e-11
-6.960225e-11
-2.437962e-11
-1.009017e-10
8.561984e-11
-8.864120e-12
-1.885916e-11
-5.650007e-11
-1.001149e-10
-1.997208e-10
-5.843001e-11
-3.775662e-11
-1.504504e-10
-2.097687e-10
-1.946281e-10
-1.208889e-11
-3.856105e-11
-5.893257e-11
1.876323e-11
7.985209e-12
1.080327e-10
8.268274e-11
-5.561391e-11
8.420561e-11
5.252554e-11
9.804363e-12
6.616978e-11
5.990502e-11
3.633047e-11
8.879567e-11
1.118889e-10
8.456780e-11
3.040831e-11
-1.045800e-10
-8.848356e-11
-4.972833e-11
-8.673499e-11
-5.099440e-11
1.253761e-11
-1.182431e-11
1.325944e-10
7.303930e-11
5.481606e-11
3.965452e-11
-9.810365e-12
-1.790420e-10
3.020631e-11
-1.008016e-10
-4.828435e-11
6.042417e-12
-1.692387e-11
8.250883e-11
4.300966e-11
9.983943e-11
6.317554e-11
-8.920156e-11
8.535265e-11
3.223831e-11
4.553761e-11
5.168693e-11
-1.425063e-10
-5.443394e-11
-1.008167e-10
1.800526e-12
-4.445804e-11
-1.017214e-10
9.410742e-12
6.525584e-11
1.016348e-10
-6.236664e-11
1.333816e-10
-2.670074e-11
-1.518585e-10
-8.790539e-12
-9.352778e-11
1.301178e-10
8.632134e-11
-1.250234e-10
-1.338383e-10
-1.454967e-11
2.071661e-11
-2.514131e-11
8.008136e-12
2.727521e-11
-5.503419e-11
-5.592126e-12
3.982342e-11
8.321559e-12
-5.488079e-11
-4.191484e-11
-5.747584e-11
-9.189768e-11
-3.437301e-11
-2.591835e-11
-1.576076e-10
-8.783815e-11
4.871106e-13
8.505567e-11
5.255713e-11
9.070574e-12
7.428260e-11
6.068910e-11
-1.151718e-11
6.445866e-11
2.941768e-11
-1.228490e-10
-8.253412e-11
-8.746701e-11
-6.123779e-12
-2.667063e-11
-7.839008e-11
-8.650220e-11
-1.717193e-10
-6.126135e-11
-5.319055e-11
1.083423e-11
9.963797e-11
5.237721e-12
-2.557638e-12
9.671895e-11
-1.197834e-11
1.151301e-10
1.849123e-11
2.884802e-11
-4.085444e-11
-5.897857e-11
1.097685e-10
-1.296643e-10
6.704152e-11
-1.193638e-10
-3.002701e-11
-4.391045e-11
-6.137030e-11
3.696124e-11
3.342152e-11
2.579936e-11
1.476611e-11
-1.303834e-11
-7.336811e-11
-1.749095e-10
-1.530526e-10
-1.621032e-11
-4.411235e-11
-9.217960e-11
-1.250532e-10
-1.415884e-10
-1.462378e-10
-6.796946e-11
-8.429927e-11
-1.937810e-10
6.898755e-11
-2.638719e-11
1.145669e-10
-2.446434e-10
-1.193036e-10
-1.114956e-10
-4.048198e-10
-2.999345e-10
-3.555239e-10
1.287769e-11
-7.037731e-11
-8.892790e-11
6.843055e-11
2.034387e-11
-6.055074e-11
-1.834096e-10
1.380486e-11
-4.595263e-11
9.472938e-11
8.692993e-11
-6.390906e-11
1.141761e-10
9.474507e-12
-3.374767e-11
4.718816e-11
-6.272653e-11
-1.780438e-10
-7.307865e-12
-2.909687e-11
5.214486e-11
7.706976e-11
1.347886e-10
1.391442e-10
6.943710e-11
1.422868e-10
2.845444e-10
-2.364008e-10
-6.642255e-12
-1.095146e-10
-1.059081e-10
-9.312304e-11
-1.228071e-10
-2.951137e-10
-1.925575e-10
-1.009213e-10
-2.759652e-10
5.870942e-12
6.162263e-11
6.249726e-11
6.534197e-11
1.610581e-10
7.651890e-11
1.549546e-10
1.362818e-10
-1.091348e-10
3.352776e-11
1.161100e-10
1.217627e-11
3.948251e-12
1.335074e-11
2.745450e-11
3.444844e-11
6.002507e-11
4.446489e-10
3.377988e-10
4.025116e-10
4.423784e-10
6.116208e-10
5.172633e-10
5.565472e-11
1.166541e-10
5.478397e-11
-1.214262e-06
9.809443e-07
-2.119700e-05
6.843708e-06
-4.747157e-05
-1.402582e-04
3.220382e-04
2.971297e-04
2.341774e-04
4.226954e-04
3.466552e-04
3.368153e-04
1.233374e-04
2.030694e-04
3.160308e-04
2.127286e-04
-2.923117e-05
8.340703e-05
4.769657e-06
5.091144e-06
8.323832e-06
-3.825338e-06
-3.743433e-06
-9.805925e-07
1.012236e-05
1.095851e-05
1.496653e-05
-5.483457e-03
1.817744e-02
-3.434563e-03
-1.821278e-03
1.563988e-02
5.146350e-04
1.094200e-03
2.034547e-02
1.450735e-03
-1.143742e-02
-3.484533e-03
-1.748584e-03
-1.119554e-02
-2.011711e-03
-6.278033e-03
-9.388511e-03
-1.968816e-03
-5.359109e-03
6.635270e-03
6.855121e-03
8.027097e-03
-6.002029e-03
-5.523556e-03
-5.995261e-03
-1.102174e-03
-1.211756e-04
-2.247658e-04
1.222406e-02
6.237535e-03
3.574867e-03
1.507478e-02
1.079930e-02
1.049474e-02
3.077407e-03
-3.875512e-03
-5.873140e-03
-6.916453e-05
-3.925562e-04
-6.057717e-04
9.652781e-05
-2.599273e-04
-3.849606e-04
1.308408e-04
-2.860025e-04
-4.161536e-04
-6.233125e-03
-6.530869e-03
-1.426485e-03
-1.259545e-02
-2.948710e-02
-8.080206e-04
7.489264e-03
4.940807e-03
5.175138e-03
-4.344032e-10
-2.572814e-10
-2.240598e-10
-3.726836e-10
-3.353474e-10
-3.767006e-10
-4.313396e-10
-3.023345e-10
-3.143462e-10
6.370450e-04
1.485430e-02
-7.756419e-03
1.038536e-02
2.167709e-02
1.165254e-02
-7.233314e-03
1.211287e-02
-8.880801e-03
-9.865299e-04
2.155544e-03
3.055220e-03
-6.208789e-03
-2.065424e-02
1.382653e-03
-6.348451e-04
3.164754e-03
2.268845e-03
-4.248475e-03
-5.941798e-03
-5.430858e-03
1.309191e-02
4.186215e-03
5.406438e-03
-1.749262e-03
-6.502938e-03
-4.204293e-03
5.127409e-05
1.102610e-02
-2.676108e-03
5.864179e-03
1.537168e-02
5.502647e-03
8.521408e-04
1.316345e-02
-4.001415e-04
1.607163e-04
-3.790465e-05
-4.479409e-05
1.642216e-04
3.659495e-05
9.558110e-05
1.925986e-04
-1.007690e-04
-1.496364e-04
-2.640915e-04
-1.542244e-03
3.317208e-03
3.468125e-03
5.651883e-03
7.509739e-03
-2.230512e-03
-1.887098e-04
-2.122134e-03
6.075783e-11
-1.514487e-12
-5.556374e-12
-5.607484e-11
-6.301018e-11
-4.830529e-11
-8.957270e-11
-1.204399e-10
-9.318893e-12
5.889127e-11
1.787286e-11
-3.478160e-11
7.320299e-11
-8.846446e-12
1.231223e-11
4.270507e-11
-7.059665e-11
1.341254e-11
1.345448e-10
4.448357e-11
9.212589e-11
6.946716e-11
-1.327282e-11
7.226118e-11
5.018885e-11
3.997204e-11
-5.549925e-11
-1.437976e-10
-7.625368e-11
-1.195985e-10
6.977954e-11
6.335948e-11
4.762446e-11
-6.557470e-11
6.447765e-11
-4.742954e-11
-1.124701e-10
-2.209916e-10
-4.436572e-11
-1.446979e-10
-3.055605e-11
-2.853330e-11
-1.469795e-10
-1.319123e-10
-1.859331e-10
-1.934490e-10
-7.458456e-11
-1.639439e-10
-1.920463e-10
-6.683901e-11
-2.045454e-10
-1.219257e-10
-2.002967e-10
-1.857090e-10
1.506170e-10
1.644738e-11
-1.150599e-10
7.081997e-11
-1.013972e-11
4.411434e-11
-6.037630e-11
-6.502855e-11
1.598571e-11
-4.585707e-11
-5.673105e-13
6.434563e-11
-7.998026e-11
-4.249266e-11
1.349877e-10
-3.486713e-11
-2.271628e-12
-9.447051e-11
-1.715788e-10
-4.865531e-10
-7.828471e-10
2.033224e-11
-4.258052e-10
-7.444153e-10
-9.627302e-11
-4.259860e-10
-6.284736e-10
-1.201702e-11
-1.496392e-11
-7.945612e-11
-1.045563e-10
-2.015417e-11
-9.568139e-11
-1.188888e-10
-9.920188e-11
-1.114092e-10
-1.137613e-10
-1.787781e-10
-1.327534e-10
-1.186329e-11
-7.701084e-11
-1.778525e-10
-3.498563e-11
-1.972320e-11
-7.818063e-11
2.733864e-11
-1.357265e-11
2.559668e-10
-2.432146e-10
-9.385717e-11
2.636450e-10
-3.709864e-10
-3.367995e-10
7.948613e-12
2.613073e-10
3.146508e-11
-2.949569e-10
2.458709e-10
2.177554e-10
1.267594e-11
6.097012e-10
2.319013e-10
1.976344e-10
-2.976280e-10
-4.704075e-11
9.173994e-11
-4.037310e-10
-1.841278e-10
-5.871497e-11
-2.607085e-10
-7.391956e-11
1.225218e-11
-9.648913e-11
-1.164626e-10
-1.590016e-10
-6.976248e-11
-4.962435e-11
-2.049563e-11
-6.079451e-11
-1.018714e-10
-9.665617e-11
-2.072185e-10
-1.469747e-10
8.772173e-11
1.442427e-10
-6.514576e-10
2.962303e-10
1.863826e-10
-3.393416e-11
-8.826240e-11
1.140689e-10
1.056609e-10
2.108151e-10
1.908254e-10
2.273334e-10
1.766994e-10
2.114315e-10
2.702535e-10
2.300907e-10
1.775838e-10
2.546516e-11
2.342538e-11
5.079406e-11
9.310514e-11
2.495300e-11
6.835728e-11
1.641063e-11
1.258019e-10
8.416288e-11
5.666244e-11
1.893154e-10
1.168447e-10
1.405059e-11
1.560948e-10
1.080855e-10
-6.172293e-12
1.443159e-10
6.701564e-11
6.755525e-11
1.022380e-10
-5.469003e-12
-9.353866e-11
-3.798993e-11
1.390420e-10
-4.654875e-12
1.103891e-10
1.341744e-10
1.232119e-10
6.360821e-11
1.579966e-10
1.652485e-10
7.282435e-11
1.253821e-10
1.850911e-10
2.354387e-10
-5.133710e-11
-7.908664e-11
-8.443926e-11
-1.180333e-10
-3.221217e-11
-1.458984e-10
3.389098e-11
6.389650e-12
-3.809555e-11
4.426311e-11
2.199787e-10
1.135566e-10
1.244215e-10
2.043405e-10
4.657765e-11
1.768928e-10
1.705548e-10
1.344827e-10
-9.829566e-11
-6.386510e-11
-8.028026e-11
-1.710325e-10
-1.194407e-10
-8.020055e-11
-1.133444e-10
-1.035794e-10
-4.757337e-11
-2.667713e-11
-1.229015e-10
-7.200536e-11
-9.197844e-11
-7.841253e-11
-6.534587e-11
3.709354e-11
2.776598e-11
-1.448942e-11
5.871097e-11
-3.983353e-11
-4.231295e-11
-7.947917e-11
-9.550735e-11
-1.413468e-10
-1.130393e-10
-1.487697e-10
-9.090392e-11
1.915248e-10
7.433122e-11
8.324195e-11
1.768072e-10
5.213098e-11
2.926764e-11
8.559439e-11
9.755892e-12
-1.078026e-10
-2.188038e-10
-1.131195e-10
-2.839588e-11
-2.438265e-11
8.590920e-13
1.117412e-10
-3.780579e-11
-7.713898e-12
-6.116326e-11
1.419932e-10
1.211882e-10
4.653830e-11
-4.202311e-12
-1.369874e-10
-1.962232e-10
1.055585e-10
-6.625712e-11
8.937054e-11
2.489134e-10
2.759643e-10
3.327588e-10
2.456691e-10
2.278235e-10
1.863488e-10
3.514745e-10
1.785558e-10
1.880862e-10
-1.372506e-10
-1.111724e-10
-9.079947e-11
-8.844839e-11
-1.657804e-10
-1.261714e-10
-1.532000e-10
-1.389004e-10
-1.120397e-10
-8.332787e-11
-5.366928e-11
5.687111e-12
-1.652916e-11
-3.908064e-11
-1.605622e-10
2.061187e-10
-2.885129e-12
-1.806288e-10
-7.116410e-11
-6.183291e-11
7.298467e-12
-6.772890e-11
-5.769347e-11
-9.697045e-11
-6.682319e-11
-1.342786e-11
-2.003881e-10
3.222814e-11
-2.081125e-10
-9.641285e-11
7.389371e-11
-3.618736e-11
-1.566476e-10
1.968885e-11
-1.042880e-10
5.393181e-12
4.048804e-10
4.067627e-10
2.088098e-10
6.472061e-10
6.158876e-10
4.944257e-10
6.426434e-10
5.152840e-10
2.450726e-10
9.397644e-10
5.637861e-10
1.178992e-09
8.526650e-10
4.893358e-10
1.104928e-09
3.875862e-10
-7.064491e-11
3.445715e-10
1.073691e-10
-3.339453e-11
-2.479708e-11
2.525189e-10
3.758347e-11
-1.840418e-10
2.579024e-10
6.548165e-11
-4.422605e-10
2.264881e-10
1.776274e-10
-4.166912e-11
2.862394e-10
1.980354e-10
-1.804472e-10
3.421713e-10
1.293784e-10
-2.013162e-10
3.226782e-10
4.204212e-10
3.182324e-10
5.525327e-10
7.296831e-10
6.936024e-10
1.790709e-09
1.804562e-09
1.295293e-09
4.728351e-11
-1.655539e-10
-1.474835e-10
-2.699489e-11
-1.522738e-10
-4.709393e-11
1.162152e-11
-1.796545e-10
-1.259525e-10
4.611170e-10
4.308638e-10
1.068710e-09
-1.951776e-10
1.487822e-10
8.163540e-10
4.759750e-11
3.642202e-10
1.145435e-09
-4.982114e-11
-4.436582e-11
-2.253328e-11
6.666426e-11
-1.003541e-10
2.159769e-11
-1.695816e-11
-5.824528e-11
6.368687e-11
7.446175e-10
1.270803e-10
-7.612857e-10
2.037412e-09
1.418473e-09
8.140268e-10
1.762652e-09
9.750214e-10
6.284984e-11
-1.098624e-09
-4.004140e-10
-3.144355e-10
-7.971510e-10
1.459498e-10
2.703138e-10
-1.789415e-10
9.341389e-10
1.448354e-09
-5.398562e-10
-1.329953e-09
-1.664474e-09
1.651451e-10
-1.452107e-10
-4.538618e-10
-9.955653e-10
-1.782145e-09
-2.132891e-09
2.074672e-09
1.284060e-09
2.258316e-10
2.831924e-09
1.900064e-09
1.042491e-09
1.171319e-09
1.564646e-10
-1.234088e-09
2.573860e-10
2.550014e-11
8.044906e-11
5.006832e-10
1.637919e-10
3.011927e-10
5.185040e-10
9.454183e-11
1.452455e-10
-8.786520e-10
6.673575e-11
-1.053745e-10
4.794342e-10
1.645407e-09
1.505260e-09
-1.820513e-09
-6.504885e-10
-1.449607e-10
-1.699019e-10
-1.220064e-10
-9.401570e-11
-8.607601e-11
-5.351316e-11
-1.443525e-10
-1.060740e-10
-7.311762e-11
-1.832862e-10
-4.939124e-11
-4.642699e-11
6.153021e-11
-3.527708e-11
-9.400369e-11
-1.543180e-11
9.014550e-11
5.476340e-11
-2.006048e-11
-5.487815e-11
1.027050e-11
1.871893e-10
-4.691554e-11
-1.840562e-11
6.468694e-11
-1.027710e-10
-1.383559e-10
3.800529e-11
-2.514605e-11
-6.957723e-11
-2.377694e-11
-9.262623e-11
-3.800850e-11
-1.063229e-10
-1.171127e-10
-1.260515e-11
9.430250e-12
6.961596e-12
-9.410928e-11
-9.008397e-12
-6.223617e-11
-6.615046e-11
-4.625887e-11
-1.530475e-10
-1.378913e-10
-1.664321e-10
4.928983e-11
-3.445952e-11
-1.117698e-10
-1.270244e-10
-4.048216e-11
-1.508526e-10
-8.672474e-11
-8.827129e-11
-8.970570e-11
-4.604786e-11
-1.885339e-11
-6.042553e-11
-3.619344e-11
-4.049550e-11
1.571217e-10
-1.015076e-10
-5.777361e-11
1.407501e-10
1.031141e-10
-9.576902e-11
-2.585662e-11
-4.111099e-11
-1.016500e-10
-1.264791e-10
-8.726275e-11
-6.979576e-11
2.676404e-11
1.024136e-10
-9.786796e-11
8.718458e-11
1.202395e-10
-1.008304e-10
1.258817e-10
4.959758e-11
-1.064651e-10
6.357180e-11
-2.530045e-11
-7.303079e-11
5.180928e-11
-1.331847e-10
-1.746088e-10
-1.515437e-11
-1.003741e-10
-9.973735e-11
-2.952865e-11
9.561257e-11
-5.398121e-12
6.810431e-11
-3.279303e-11
-4.543350e-11
-2.320266e-11
-9.928067e-11
-7.707138e-11
-9.065036e-11
2.172147e-11
-8.125191e-11
-9.116680e-11
3.018553e-11
-7.617162e-13
-3.900909e-11
-8.382895e-11
-2.744657e-11
-5.890620e-11
1.185777e-10
-9.517240e-11
-1.249284e-10
-1.734770e-10
-2.803381e-10
-1.066847e-10
-1.056165e-10
-8.545412e-11
-1.404736e-10
-9.753940e-11
-1.564861e-10
-1.434098e-10
-1.863236e-10
-1.602748e-10
-6.879771e-12
-1.471949e-10
-1.638408e-10
4.339453e-12
-7.509569e-11
-5.108112e-11
-9.120648e-13
-5.226251e-11
-4.716541e-11
-4.050046e-11
-1.874508e-10
-2.173427e-10
-1.553938e-10
9.279031e-11
-8.672026e-11
1.322012e-10
5.270141e-11
-8.246329e-11
1.283918e-10
1.836370e-11
-8.333230e-11
1.823708e-11
