-1.927002e-01
-6.669201e-02
-2.315971e-02
-1.817727e-01
-1.740036e-01
-1.514478e-01
-9.309578e-02
-1.004118e-01
-7.794587e-02
-4.715703e-02
-9.131272e-02
-1.046778e-01
-9.182149e-02
-8.296351e-02
-6.942163e-02
-1.718030e-01
-4.606102e-02
-1.593250e-02
-8.181011e-02
-8.651303e-02
-5.541308e-02
-5.273788e-02
-7.553324e-02
-1.034915e-01
-1.098083e-01
-1.151784e-01
-1.153872e-01
-6.020612e-02
-2.099272e-01
-8.988642e-02
-1.172590e-01
-8.359992e-02
-9.862110e-02
-8.839116e-02
-5.190591e-02
-1.046003e-01
-1.620345e-01
-1.034899e-01
-7.888876e-02
-1.063790e-01
-2.189065e-01
-1.148365e-01
-1.293642e-01
-2.139512e-01
-8.971792e-02
-1.018967e-01
-7.166941e-02
-1.957671e-01
-1.328029e-01
-1.327819e-01
-9.669466e-02
-7.020109e-02
-2.603655e-01
-4.778413e-02
-1.021468e-01
-7.194443e-02
-5.106948e-02
-5.983940e-02
-4.784139e-02
-1.109116e-01
-3.600544e-02
-4.721193e-02
-1.487177e-01
-1.323608e-01
