4.559092e+00
4.133196e+00
4.409316e+00
4.837429e+00
4.238997e+00
4.543931e+00
3.587448e+00
4.386323e+00
4.279678e+00
4.983401e+00
4.712145e+00
4.856566e+00
4.249723e+00
4.468337e+00
3.799166e+00
3.710711e+00
4.626633e+00
4.668181e+00
3.597845e+00
4.863419e+00
4.680794e+00
4.940518e+00
4.080242e+00
4.411846e+00
4.209300e+00
4.846621e+00
5.074987e+00
4.471107e+00
4.856252e+00
3.946441e+00
5.045967e+00
4.844562e+00
4.763552e+00
4.105090e+00
4.532865e+00
3.964321e+00
5.085812e+00
5.130766e+00
4.152525e+00
4.282425e+00
4.510952e+00
4.897600e+00
3.962857e+00
4.596454e+00
4.933484e+00
4.550283e+00
3.698378e+00
5.339592e+00
4.949655e+00
4.751040e+00
4.001832e+00
4.652488e+00
4.572149e+00
4.452984e+00
3.955962e+00
4.915962e+00
3.959668e+00
4.538326e+00
4.085745e+00
5.069971e+00
4.867608e+00
4.131162e+00
4.730671e+00
4.677220e+00
