2.178356e-01
2.221845e-01
3.027852e-01
2.251395e-01
2.518748e-01
2.505827e-01
2.491331e-01
2.218552e-01
2.233429e-01
2.247892e-01
2.538139e-01
2.851299e-01
2.328019e-01
2.517962e-01
2.189040e-01
2.043650e-01
2.917140e-01
2.457646e-01
2.369124e-01
2.529990e-01
2.396688e-01
2.336295e-01
2.580086e-01
2.659362e-01
2.201741e-01
2.105518e-01
2.485285e-01
1.882268e-01
2.448473e-01
2.320211e-01
2.337158e-01
2.353953e-01
2.361379e-01
2.356469e-01
2.022892e-01
2.280795e-01
2.897770e-01
2.276766e-01
2.160608e-01
2.551394e-01
2.508419e-01
2.761350e-01
3.092382e-01
2.342257e-01
2.164892e-01
2.465679e-01
2.406815e-01
2.767039e-01
2.280829e-01
2.431032e-01
2.396593e-01
2.287969e-01
2.425769e-01
2.511410e-01
2.251566e-01
2.332463e-01
2.932968e-01
2.462108e-01
2.552561e-01
2.160970e-01
2.267266e-01
2.470085e-01
2.647337e-01
2.563447e-01
