-3.588198e-03
-3.634856e-03
-2.167999e-04
-9.962969e-04
-4.970406e-03
-1.369737e-03
4.405350e-03
-1.646692e-03
-2.469193e-03
-2.018170e-03
1.919119e-04
-5.987354e-03
3.282449e-03
-2.331170e-03
-3.744687e-03
-5.336498e-03
2.856400e-03
6.846620e-04
-2.043224e-03
-1.322583e-03
9.391185e-04
-4.028361e-03
-2.845169e-03
1.720637e-03
-1.686143e-03
-1.119511e-04
-2.106056e-03
1.435230e-03
-3.888710e-03
-4.872552e-03
2.962659e-03
-2.460910e-03
7.582994e-04
-3.927593e-04
-3.231155e-03
-5.157086e-05
-2.323120e-03
1.365451e-04
-2.047027e-04
-1.020974e-03
-4.451867e-03
-1.569463e-03
-1.453625e-03
-7.817895e-03
-5.937127e-03
-4.382910e-03
-2.175643e-03
-3.650069e-03
-2.375418e-03
4.125604e-03
-3.250370e-04
8.978848e-04
3.020530e-03
-3.430606e-03
-2.795929e-03
-1.978498e-03
-3.476671e-03
-4.865107e-03
1.781325e-03
1.973215e-03
1.236100e-03
1.918197e-03
-3.216169e-03
1.327909e-03
