-9.839792e-02
-1.458060e-02
-2.596825e-02
-1.338835e-01
-8.170766e-02
-9.358893e-02
-1.052329e-01
-7.875872e-02
-6.204164e-02
-7.261508e-02
-7.167201e-02
-1.307006e-02
-9.553746e-02
-7.253266e-02
-1.022684e-01
-2.997748e-02
-4.972164e-02
-7.094293e-02
-3.879905e-02
-6.557529e-02
-5.910528e-02
-6.617508e-02
-7.592390e-02
-4.204712e-02
-5.554479e-02
-4.377076e-02
-7.014689e-02
-2.960749e-02
-9.611526e-02
-8.538011e-02
-6.913821e-02
-1.899609e-02
-4.209481e-02
-6.880818e-02
-8.990405e-02
-7.625970e-02
-5.596091e-02
-9.133350e-02
-8.653132e-02
-6.059596e-02
-4.649287e-02
-8.423121e-02
-6.302261e-02
-5.851451e-02
-8.497007e-02
-7.387925e-02
-7.075684e-02
-5.427277e-02
-8.645272e-02
-4.739427e-02
-6.627332e-02
-5.581848e-02
-1.000817e-01
-6.347503e-02
-4.921164e-02
-9.033536e-03
-7.851574e-02
-1.053065e-01
-2.233385e-02
-2.070077e-02
-8.672589e-02
-3.048007e-02
-6.544881e-02
-6.471612e-02
