1.349263e-01
1.348862e-01
1.264386e-01
1.207192e-01
1.424264e-01
1.354309e-01
1.466263e-01
1.260737e-01
1.280433e-01
1.295051e-01
1.330413e-01
1.250139e-01
1.379978e-01
1.242697e-01
1.412121e-01
1.435030e-01
1.317348e-01
1.301426e-01
1.382343e-01
1.332705e-01
1.280125e-01
1.233866e-01
1.284450e-01
1.285689e-01
1.325173e-01
1.263205e-01
1.198752e-01
1.352313e-01
1.206183e-01
1.304056e-01
1.244834e-01
1.315650e-01
1.276322e-01
1.372057e-01
1.281088e-01
1.303602e-01
1.169316e-01
1.285812e-01
1.318379e-01
1.357621e-01
1.270736e-01
1.239149e-01
1.418382e-01
1.236540e-01
1.171421e-01
1.165436e-01
1.436687e-01
1.150564e-01
1.169574e-01
1.224856e-01
1.401872e-01
1.264594e-01
1.274535e-01
1.350710e-01
1.421608e-01
1.223883e-01
1.411118e-01
1.273550e-01
1.399142e-01
1.320214e-01
1.314555e-01
1.489053e-01
1.368610e-01
1.308504e-01
