-1.163410e-01
-1.897923e-01
-3.290815e-02
-1.207974e-01
-1.030639e-01
-1.014536e-01
-7.806851e-02
-9.045059e-02
-1.735925e-02
-4.671691e-02
-5.638754e-02
6.292074e-02
-7.787284e-02
-5.862918e-02
-9.955113e-02
-6.892961e-02
-5.222507e-02
-5.507356e-02
-2.483227e-02
-2.745053e-02
-2.973783e-02
-5.636165e-02
-1.044624e-01
-5.689003e-02
-4.522078e-02
-7.822064e-02
-5.015738e-02
-3.984644e-02
-1.685304e-01
-6.429742e-02
-4.841381e-02
-1.693995e-01
2.595935e-03
-5.323141e-02
-8.286602e-02
-3.864454e-02
-1.039175e-02
-1.232414e-01
-8.946439e-02
-6.314746e-02
-8.428349e-02
-9.395572e-02
-9.097925e-02
-3.887945e-02
-6.281507e-02
-3.609314e-02
-4.271299e-02
-1.290280e-02
-9.855703e-02
1.851273e-03
-5.836728e-02
-3.068693e-02
-8.506484e-02
-2.628145e-02
-1.066297e-02
-1.603653e-01
-6.798826e-02
-1.648689e-01
-1.609691e-01
1.358543e-01
-1.116753e-01
-7.252406e-02
-6.474607e-02
-1.085094e-01
