-8.500023e-02
5.630661e-02
-2.423081e-02
-4.207414e-02
-3.444033e-02
-5.136902e-02
-4.669781e-02
-2.665701e-02
-1.978918e-02
-3.123490e-02
-5.470969e-03
-8.485190e-02
-7.745251e-03
1.033399e-03
-1.249601e-02
-4.530208e-02
-5.727790e-02
-1.936218e-02
-2.738993e-02
-3.353962e-02
-2.095320e-02
-1.867966e-02
-4.208858e-02
-4.028743e-02
-4.015073e-02
-1.502176e-02
-2.861915e-02
-3.962197e-02
-2.121956e-02
-3.729533e-03
-4.044114e-02
-3.841148e-02
-1.870778e-02
-5.316067e-02
-4.150964e-02
-2.985722e-02
-5.672852e-02
-4.533292e-02
-7.531966e-02
-4.028624e-02
-1.223612e-02
-4.100598e-02
-6.176858e-02
-2.444474e-04
-4.914627e-02
-2.632304e-02
-3.226944e-02
-5.313059e-02
-4.739539e-02
8.549044e-03
-1.259245e-03
-1.212208e-02
-7.366080e-03
-6.816690e-02
-4.376984e-02
4.759463e-03
-1.301766e-02
-1.078007e-01
6.590327e-03
-3.004662e-02
-2.727487e-02
-2.053275e-02
-8.847661e-02
-3.273124e-02
