2.448881e-08
-1.591961e-07
3.320698e-07
-5.622626e-07
3.679913e-07
4.675168e-07
-4.170018e-07
2.333610e-07
-2.142384e-07
5.073267e-07
7.694595e-07
1.125801e-06
7.183578e-07
2.278040e-07
4.022084e-07
1.095316e-06
1.220468e-06
8.085898e-07
2.297630e-08
2.219091e-08
1.802550e-08
6.238094e-09
5.743714e-09
4.414306e-10
2.011153e-08
2.101064e-08
1.581337e-08
7.228243e-07
1.405479e-07
5.341915e-07
6.267032e-07
-3.314501e-07
3.542984e-07
3.270430e-07
-4.875492e-07
2.067512e-07
-4.871830e-07
-4.107081e-07
-5.501479e-08
-8.144692e-07
-5.432328e-07
-8.682520e-07
-8.580515e-07
-5.268039e-07
-1.767491e-06
-2.937164e-07
9.277914e-07
1.476940e-06
3.647158e-07
6.103823e-08
3.629635e-07
1.298247e-07
9.237334e-07
6.043974e-07
2.247282e-07
5.566848e-07
1.301385e-07
1.007966e-06
1.329790e-06
8.391525e-07
1.200542e-06
1.568668e-06
1.122849e-06
-2.009303e-06
-1.131668e-06
-2.188463e-07
-1.380580e-06
-9.658631e-07
6.454733e-08
-7.882182e-07
-2.399729e-07
7.487273e-07
2.271691e-07
7.492396e-07
8.405285e-07
-8.749079e-07
-8.816269e-08
3.800032e-07
-1.458911e-06
-1.346373e-06
-7.799092e-07
2.050962e-09
1.734590e-09
1.445378e-09
4.003221e-09
3.547170e-09
3.572369e-09
3.704572e-09
3.845626e-09
2.646884e-09
-2.649664e-07
-3.382265e-09
5.821491e-08
4.229002e-07
3.911518e-07
4.596396e-07
7.365618e-07
9.092137e-07
5.824265e-07
-1.028708e-06
2.063161e-06
3.505997e-07
2.787905e-06
5.379890e-06
3.265470e-06
2.751148e-06
3.866658e-06
2.741079e-06
-2.587679e-06
-1.437872e-06
-1.568913e-06
-3.085738e-06
-1.460265e-06
-1.186073e-06
-2.016684e-06
-1.918667e-06
-2.496358e-06
3.957264e-07
-1.395135e-07
-3.754986e-07
6.483853e-07
2.277340e-07
-3.696186e-07
8.391195e-07
1.289894e-06
8.353513e-07
-7.763973e-07
-1.067627e-06
-1.012707e-06
-5.075980e-07
5.624195e-08
-4.012298e-07
-8.490998e-07
3.756140e-07
3.305925e-07
-8.283453e-08
1.067356e-06
8.019131e-07
1.743482e-06
2.669857e-06
2.152601e-06
1.558178e-06
2.141990e-06
1.396401e-06
-1.838038e-02
8.762923e-03
-2.818710e-02
-1.152953e-02
-6.432154e-03
-3.235599e-02
-1.378682e-02
-2.061689e-02
-1.225620e-02
4.181625e-03
1.345870e-02
4.595025e-03
-1.562376e-02
2.539241e-03
-9.674087e-03
-6.888679e-03
-4.350061e-03
-1.321101e-03
3.199391e-05
2.224810e-05
3.003952e-05
9.680173e-06
2.537487e-08
7.984479e-06
3.978145e-05
3.125750e-05
3.905537e-05
2.357001e-02
-8.978562e-03
1.429023e-02
2.175649e-02
2.305851e-03
1.423963e-02
1.283382e-02
3.179013e-04
1.303429e-02
-2.280447e-03
7.417539e-03
-1.078451e-02
3.739028e-03
1.145283e-02
-8.499928e-03
-2.025731e-02
-1.313692e-02
-3.197037e-02
-1.142638e-02
-1.645059e-02
9.794327e-03
-1.500388e-02
-1.978408e-02
1.201330e-02
9.091597e-03
-5.584838e-04
3.262330e-02
9.639625e-03
1.927799e-02
1.193437e-02
1.069456e-02
2.128037e-02
1.060011e-02
5.433423e-02
5.971272e-02
5.898901e-02
-1.089791e-02
-2.218094e-02
1.043757e-02
-1.115921e-02
-1.415999e-02
2.746963e-02
-9.443182e-03
-1.399868e-02
1.363033e-02
3.609166e-03
1.483088e-02
-7.327737e-03
-3.654413e-03
1.350624e-02
-1.612232e-03
-8.169349e-03
7.966861e-03
-1.778953e-02
1.365624e-07
8.708509e-08
1.067258e-07
6.455318e-08
3.085432e-08
4.561309e-08
1.848862e-07
1.396373e-07
1.485092e-07
5.467520e-03
-1.120003e-02
3.280256e-02
3.765294e-02
3.205854e-02
5.512578e-02
3.529463e-02
2.604232e-02
5.117857e-02
-2.503425e-03
1.094376e-02
5.418219e-03
-1.262650e-02
-9.405431e-04
-7.515497e-03
-2.281657e-02
-3.434248e-03
-2.560483e-02
-1.736346e-02
8.058033e-03
-7.531859e-03
1.791093e-02
9.336506e-03
1.290271e-02
-3.213594e-02
2.944978e-03
-2.656362e-03
1.007940e-02
5.836101e-03
-7.356996e-03
1.752876e-02
1.113942e-02
1.233736e-02
1.363699e-02
-3.045184e-03
3.183511e-02
-1.730710e-02
5.109179e-04
-2.558804e-02
2.278432e-03
4.259560e-03
9.897262e-04
-1.954946e-03
1.723313e-03
-3.265300e-03
8.386781e-03
-5.193599e-03
-2.921970e-03
1.607829e-02
9.106973e-03
-8.586859e-03
4.182261e-03
9.408480e-03
-2.074595e-02
3.709908e-03
2.950426e-02
-3.879115e-02
1.032572e-02
-2.082040e-02
-2.593801e-02
-4.158986e-02
-3.820484e-02
4.331220e-02
-3.686374e-02
-7.205042e-03
5.247151e-03
-4.929028e-03
1.734183e-02
2.707960e-02
4.401768e-02
1.577602e-02
-4.364723e-02
1.219820e-05
1.180166e-05
1.491248e-05
8.951798e-07
-9.983978e-07
1.579555e-06
4.602621e-06
2.793436e-06
4.102712e-06
-9.959356e-03
-1.111876e-03
-2.452364e-02
6.466698e-03
1.321919e-02
7.875118e-03
-2.445265e-02
3.709145e-02
1.753592e-02
-1.434104e-03
-1.192861e-02
-1.325289e-02
2.225767e-02
5.752606e-03
6.559682e-03
-6.832546e-03
4.250259e-03
3.150047e-02
1.413057e-02
-2.266536e-02
1.226287e-02
1.381595e-02
-2.695516e-02
3.946812e-02
-7.618988e-03
6.094080e-02
-8.754811e-02
-4.749653e-04
-3.170719e-03
-1.357986e-03
2.856751e-02
2.431705e-02
3.494987e-02
-9.283965e-04
-1.170642e-02
-1.231143e-02
-2.939823e-04
3.805534e-02
6.205054e-03
-7.315706e-03
-8.534201e-03
-1.516152e-02
-4.689234e-03
-2.135377e-02
-1.641754e-02
2.327887e-02
1.249225e-02
-1.533845e-02
-2.986775e-02
4.421900e-03
-1.741014e-03
-1.489226e-02
-1.540644e-02
6.377331e-02
-6.177000e-08
-4.273522e-08
-1.326600e-07
-1.518503e-07
1.655941e-07
-5.262792e-08
-8.686083e-08
-5.162495e-09
3.832381e-07
9.268531e-03
6.490269e-03
2.748360e-02
-1.387219e-02
-3.227946e-02
3.491329e-02
-2.531986e-02
-8.825613e-03
-3.370396e-02
-1.384768e-02
8.367286e-03
2.524170e-02
-1.373649e-02
3.441422e-03
-1.026359e-03
-9.477693e-03
-1.488055e-02
2.979571e-02
-1.336971e-02
4.561168e-02
-1.840904e-02
-1.750296e-02
5.266764e-02
1.841832e-02
-2.040168e-03
-7.149161e-02
3.072651e-02
9.510822e-03
-1.779683e-02
2.933348e-02
2.348215e-02
1.107816e-02
-3.854602e-03
-3.560636e-03
4.994087e-02
-3.760137e-02
-3.518435e-03
3.514291e-03
-4.657727e-03
-3.536831e-02
-5.557261e-02
9.769248e-04
4.942249e-03
-3.565595e-02
-5.207312e-02
-1.587301e-02
2.400426e-02
2.326447e-03
-5.938176e-03
-3.748616e-03
5.652652e-04
3.851855e-03
-1.225688e-02
1.823821e-02
2.711933e-02
-5.110838e-03
3.566628e-03
-6.074712e-03
-8.788884e-03
1.442431e-02
-4.483725e-02
-1.980532e-02
-3.749948e-02
-3.392879e-02
2.135001e-03
-4.135652e-02
-1.247592e-01
-1.842683e-01
-9.282969e-02
-2.256649e-02
6.543852e-02
-3.990653e-02
4.593848e-05
2.729853e-05
3.786512e-05
2.073168e-05
1.141510e-06
1.374409e-05
2.353340e-05
2.474965e-06
1.350594e-05
3.580325e-02
-1.212728e-02
2.240055e-02
5.350132e-03
-2.587558e-02
1.586244e-02
1.779807e-02
-4.897690e-04
6.129606e-03
-8.542889e-03
-5.378427e-03
-1.619733e-02
-2.605016e-03
1.942851e-02
-1.420392e-02
1.339218e-03
6.733336e-03
-9.730899e-03
-1.680647e-02
5.200499e-02
3.599836e-02
2.636181e-02
-1.149739e-01
-3.665389e-02
-6.668347e-02
9.856800e-02
1.552053e-02
-4.351508e-02
-4.210595e-02
-4.417971e-02
3.858567e-03
-5.458787e-04
5.543000e-04
-5.436669e-02
-5.217826e-02
-5.439924e-02
-1.721420e-02
1.935846e-02
1.185005e-02
6.347293e-03
-1.386637e-02
-3.226577e-02
-4.049643e-03
2.745800e-03
-2.062141e-03
-2.862267e-02
4.113074e-03
-2.937771e-02
-1.234089e-02
1.083709e-01
1.489866e-03
-4.191420e-03
-4.727215e-02
-1.694092e-03
-9.474962e-08
-3.309693e-08
-4.700544e-07
1.067441e-07
1.179267e-07
1.718648e-08
-1.442038e-07
-2.642107e-07
1.954705e-09
-3.743874e-03
-6.993448e-03
-1.840116e-02
7.467377e-03
-3.417729e-02
2.243311e-02
-3.548889e-02
4.577040e-04
4.392400e-03
4.510235e-03
-2.004875e-02
8.139312e-03
-5.201816e-03
3.393896e-02
-1.491298e-02
1.782816e-02
-2.287958e-02
1.530377e-04
-2.039025e-02
1.345630e-02
-2.345664e-02
-1.925842e-02
6.951659e-02
3.142924e-02
7.941854e-02
-2.857778e-02
-1.516073e-02
3.747948e-02
-1.306702e-02
2.485310e-02
-2.000952e-03
-2.181202e-02
-4.221695e-02
-5.336163e-03
6.219689e-02
2.258041e-02
-6.387693e-02
-4.882246e-03
1.178166e-02
1.543483e-02
-3.453471e-02
-4.460964e-02
-1.824863e-03
-4.020366e-02
-5.187768e-02
-2.298456e-02
4.316537e-04
1.052440e-02
1.279009e-02
8.252040e-03
-8.568763e-03
1.075371e-02
-1.469093e-02
-5.036081e-03
-6.507128e-03
1.697949e-03
-1.416927e-02
-8.388159e-03
4.568112e-03
-2.569134e-02
2.690476e-03
-2.196167e-02
-2.085956e-02
2.725321e-02
1.381834e-02
-3.103647e-02
-4.538688e-02
-5.274858e-02
-2.684899e-02
-3.108080e-02
-4.506995e-03
1.589767e-02
-1.006314e-05
-1.287340e-06
-5.177565e-07
-9.398392e-06
-3.689265e-07
2.883951e-07
-1.188398e-05
-2.425046e-06
-1.903063e-06
9.020720e-03
6.248541e-03
3.016341e-03
-8.596592e-03
-4.090506e-03
2.525922e-04
-1.017730e-02
3.844390e-03
1.761032e-02
-4.292057e-02
-5.675898e-02
-9.011902e-03
-5.114241e-02
2.183432e-02
5.265944e-02
7.196321e-03
4.290246e-02
-1.402372e-02
2.126461e-02
9.236336e-03
-1.175907e-02
2.094986e-02
-3.801963e-02
-2.011875e-02
-1.410013e-02
3.843700e-03
1.532061e-02
-1.771071e-02
-2.066724e-02
-2.193932e-02
8.168977e-04
-1.238702e-03
4.090962e-04
-1.194699e-02
-8.627748e-03
-6.344247e-03
-7.174770e-03
-3.065361e-03
1.878003e-02
3.351668e-03
-6.048188e-03
2.102633e-02
-4.019876e-03
-1.456612e-03
1.582063e-02
-3.793185e-02
-2.296916e-02
1.831440e-02
-7.685786e-03
2.384640e-02
1.676849e-02
3.691379e-03
-9.542011e-03
-3.243912e-02
-2.166606e-08
-1.777951e-07
-1.333344e-07
-3.179265e-07
-2.961667e-07
-5.889324e-08
-2.891164e-07
8.036804e-08
1.886548e-07
1.714942e-02
7.249647e-03
-1.381918e-02
7.356972e-03
-1.109038e-02
-7.061278e-03
-9.801817e-03
-1.647438e-02
-1.377882e-02
3.474828e-02
5.648023e-02
-1.092255e-03
6.915319e-02
-3.488439e-02
-7.748107e-02
-2.559941e-02
-8.317273e-02
-4.067258e-03
-2.601932e-02
-2.454591e-02
-1.091156e-02
-1.666570e-02
-1.097604e-02
-1.250986e-02
7.966065e-03
2.913191e-02
1.454812e-02
2.608589e-02
-6.522488e-03
-1.402283e-02
-1.830398e-02
-3.693185e-02
-2.666082e-02
-5.832682e-03
-1.423274e-02
-3.654786e-03
3.328811e-02
1.207640e-02
-4.254271e-03
1.147574e-02
6.672233e-03
7.159247e-03
1.739054e-02
-3.011135e-03
1.442673e-02
-2.493865e-02
2.395137e-02
1.165650e-02
9.926582e-03
1.316568e-02
-2.032742e-02
9.988937e-03
-1.701763e-02
-2.481807e-02
-1.805402e-02
-6.831253e-02
-1.895651e-02
-5.015507e-02
-7.296586e-02
-3.824860e-02
-1.005482e-02
-2.607522e-03
2.603515e-02
-3.193787e-03
-3.309897e-02
4.865968e-02
7.645909e-02
7.890855e-03
-6.171516e-02
1.204248e-02
-1.674502e-02
3.487595e-02
2.868464e-05
4.292202e-05
2.790664e-05
-1.112741e-05
3.331269e-06
-1.419825e-05
1.833087e-05
3.150851e-05
1.450014e-05
-2.536639e-02
-9.757835e-02
-3.474146e-03
-4.605218e-02
-9.776186e-02
-7.486239e-03
-1.612830e-02
-9.867923e-02
-2.336811e-02
-1.792936e-02
-1.584375e-02
1.697536e-03
1.501144e-02
2.325250e-03
3.315308e-02
-5.878283e-03
-2.435744e-03
-2.082902e-02
-3.099506e-02
-6.672656e-03
2.666919e-02
-1.190867e-02
9.255913e-02
-7.346810e-02
-2.520466e-02
-1.522258e-02
-3.072872e-02
-3.210506e-03
1.810873e-02
1.854784e-02
-1.916408e-02
-7.069015e-03
-1.353824e-02
2.985093e-03
1.681242e-02
8.337379e-03
3.447632e-02
-4.317053e-02
3.145413e-02
2.442956e-02
-1.829615e-02
5.278034e-02
2.146320e-02
6.891026e-04
8.192668e-03
-4.406460e-02
-4.984236e-02
5.943792e-02
-5.826233e-02
-4.909607e-02
1.858671e-01
-1.677123e-02
-4.165539e-02
3.476115e-02
-2.529206e-07
-5.195924e-07
-2.431326e-07
-4.943324e-07
-6.410610e-07
-2.064767e-08
-2.205805e-07
-7.944903e-07
1.162691e-07
-1.501217e-02
-4.153114e-02
1.190071e-02
3.535652e-02
3.140306e-02
-2.610020e-02
3.003616e-02
1.627410e-02
3.392798e-03
-7.865468e-03
-1.557184e-02
1.804899e-02
1.947167e-03
-2.299536e-02
4.379782e-02
-6.723588e-03
-6.805704e-03
3.305390e-03
1.288362e-02
-6.938072e-02
3.065163e-02
2.446582e-03
-1.775946e-01
-1.322948e-02
-1.009968e-02
-2.509292e-02
-3.050315e-02
-2.188356e-02
4.851867e-03
-1.877232e-03
5.622377e-02
7.303562e-03
-6.274913e-02
-6.215299e-03
-2.837210e-02
3.497208e-02
9.203490e-03
1.252569e-03
-2.113416e-02
-1.545944e-02
-8.020105e-03
-7.645489e-02
-1.432859e-02
-7.786554e-03
-1.307664e-02
-1.069441e-02
-2.532710e-02
2.357186e-02
-6.492126e-03
-1.312714e-02
3.575736e-02
1.075637e-02
6.776473e-03
-2.499363e-02
-3.424663e-02
-1.340515e-02
-1.514350e-02
-4.229459e-03
-7.019244e-03
4.217478e-03
-1.029258e-02
-3.987796e-03
6.343810e-03
-1.693404e-03
2.376648e-02
1.246204e-02
-1.278472e-03
1.358199e-02
-3.687880e-02
-2.482973e-02
-9.813843e-03
1.504579e-02
4.455192e-06
5.071779e-06
2.071498e-06
-1.712275e-06
-2.386248e-07
-2.536656e-06
-1.350566e-05
-1.118353e-05
-1.154508e-05
-1.913512e-02
4.862911e-02
-1.060037e-02
-1.756467e-02
2.137666e-02
-6.066712e-04
-8.096817e-03
-7.435248e-03
-7.382881e-03
-2.553026e-02
3.446836e-02
1.137591e-03
5.543599e-02
3.304943e-02
-3.771435e-02
2.584411e-02
-3.612052e-02
-4.490267e-02
-3.425764e-02
2.109872e-02
1.949666e-02
-4.891134e-03
3.353954e-02
4.595473e-04
1.326452e-02
6.039218e-03
-3.425962e-02
-8.151075e-04
-8.845315e-03
-7.990642e-03
-2.101270e-03
-1.117068e-02
-1.055549e-02
1.090414e-02
4.449457e-03
7.380199e-03
2.621626e-02
6.420550e-03
-6.566122e-03
1.673929e-02
7.154031e-03
-5.421736e-04
8.021372e-03
-2.324031e-03
1.737162e-02
-9.226749e-03
-2.083634e-02
8.068067e-03
-1.271803e-02
3.350371e-03
7.974193e-03
-1.512314e-02
1.718002e-02
-1.165942e-03
1.551770e-08
1.919832e-07
-1.174971e-08
1.267827e-08
-9.389427e-09
-1.795860e-07
-2.873817e-08
-1.919188e-07
-1.896034e-07
-9.359569e-03
-6.511044e-04
-2.520485e-02
1.761407e-02
1.427807e-02
-2.621551e-02
1.831643e-02
6.545901e-04
-1.150097e-03
7.451555e-02
-7.267325e-02
-3.434378e-02
-6.193013e-02
-8.506970e-02
4.288797e-02
-4.145844e-02
4.006926e-02
8.978297e-02
2.108367e-02
-1.297046e-02
-1.655040e-02
-8.971717e-03
-2.941369e-02
-3.419855e-02
-1.525385e-02
-3.386569e-02
3.315353e-02
2.526690e-03
2.345048e-02
-2.812115e-04
3.776891e-02
-6.536051e-03
-1.457254e-02
2.892440e-02
-4.156535e-02
-3.677102e-02
-1.144878e-02
-1.854618e-02
2.036032e-02
7.766495e-03
-1.211135e-02
-1.618239e-02
-1.092440e-02
-4.793637e-03
-2.835636e-02
-1.140185e-02
5.566329e-03
-1.805754e-03
-4.286287e-03
-3.138452e-03
3.877092e-03
-1.204559e-02
-2.539337e-03
1.511288e-02
1.859199e-02
1.871115e-02
1.456429e-02
3.548997e-03
2.307483e-04
2.605433e-02
5.585467e-03
1.091369e-02
1.160810e-02
-4.144548e-02
-2.363035e-02
1.469166e-02
-5.437853e-03
-2.944245e-02
-5.226228e-02
2.977584e-02
-9.782505e-04
-2.781851e-02
1.072961e-06
7.285374e-06
6.646592e-06
-5.480834e-06
-7.941534e-07
-2.184892e-06
-2.030085e-05
-1.722526e-05
-1.997653e-05
3.604232e-03
-1.239775e-02
-1.060098e-02
-6.225152e-03
-1.535675e-02
-1.103329e-02
-1.104306e-02
7.143793e-03
-7.858069e-04
-2.430312e-02
-7.972986e-02
-2.975536e-03
5.276176e-02
-3.224304e-02
-8.590645e-02
4.218069e-02
6.195186e-02
-2.710993e-02
1.525974e-02
-1.413845e-02
-1.928755e-02
-8.672542e-03
1.905309e-02
-2.424154e-02
1.943715e-02
2.714635e-02
8.613240e-03
2.321781e-03
5.827881e-03
9.877475e-03
2.442099e-03
2.119530e-03
2.274305e-03
-7.473205e-03
-1.024070e-02
-1.327548e-02
1.075940e-02
1.429239e-02
1.794626e-02
1.213504e-03
-1.004645e-03
9.416743e-03
2.160455e-02
7.871769e-03
1.462803e-02
7.040583e-03
-1.046259e-02
-3.994924e-03
-2.842043e-04
-1.924763e-02
-7.795723e-03
-9.253331e-04
-8.085549e-03
1.304346e-02
-7.900309e-08
-9.662054e-08
-1.187519e-07
-7.842747e-08
-2.809688e-07
-3.467286e-07
-1.106859e-07
-2.023706e-07
-3.532668e-07
-2.089930e-02
-4.911926e-04
1.716601e-02
-8.182818e-03
-7.003315e-03
-2.645389e-03
-1.716693e-02
-1.480002e-03
-1.169818e-02
-1.241401e-02
6.251187e-02
8.799616e-03
-8.005776e-02
-2.373336e-02
8.286031e-02
-1.245063e-02
-1.103055e-01
-2.711270e-02
-1.289504e-02
-5.728265e-03
4.104146e-02
-3.802077e-02
-2.371828e-02
5.517566e-03
6.887686e-03
-3.267218e-02
-2.351493e-02
-8.404894e-03
9.481681e-03
-3.835468e-03
-6.033110e-03
2.368130e-02
-1.095474e-03
-4.589842e-02
1.210040e-02
-1.395076e-02
-3.984351e-02
-1.294445e-02
9.216199e-03
-1.129975e-02
8.001689e-03
-5.507540e-03
-2.198797e-02
-1.207170e-02
-8.602364e-03
1.504384e-03
6.246206e-03
-1.072500e-02
-4.990298e-03
1.093595e-03
1.889612e-02
3.992786e-03
-2.528030e-02
-9.298293e-03
5.690965e-03
-1.097242e-02
-4.357046e-03
-4.288862e-04
-3.255318e-03
-4.106450e-02
7.929364e-03
-3.703192e-02
-9.166689e-03
-2.006520e-02
-9.356911e-02
-4.174304e-02
-3.481551e-02
-6.197006e-03
-1.261634e-02
-2.937482e-02
1.061627e-02
-1.393942e-02
1.137733e-05
-3.514994e-06
8.271668e-06
1.504810e-05
7.186981e-07
1.115269e-05
-3.860586e-06
-1.704476e-05
-8.922250e-06
8.769488e-03
-2.519351e-02
1.638244e-02
2.721890e-04
-1.700163e-02
1.736612e-02
4.375773e-03
5.344976e-03
3.233510e-02
-6.124043e-03
1.493680e-02
-4.476390e-03
-1.519478e-02
1.585220e-02
-9.224026e-03
-9.215865e-03
-7.921674e-03
-6.896651e-03
2.065827e-02
-5.171538e-02
1.454964e-02
-2.573818e-02
-2.421158e-02
-1.120148e-02
-2.670582e-02
9.587516e-03
-1.357588e-02
-8.927107e-03
-6.090660e-03
-6.840743e-03
-4.013997e-02
-3.581626e-02
-3.797549e-02
-1.038861e-02
-7.105079e-03
-1.258428e-02
-4.252860e-03
-1.268952e-02
1.646121e-02
2.707394e-03
-2.028323e-02
-1.617658e-02
-3.187159e-04
-2.052539e-02
-2.050431e-02
3.785745e-02
1.261630e-01
4.004999e-02
-1.425476e-03
-4.237387e-02
-2.979257e-02
-2.805238e-02
-6.514436e-02
-2.090944e-02
8.177815e-08
-2.455854e-07
-7.898006e-08
-7.321115e-08
-2.129090e-07
-1.326358e-07
2.045534e-07
-2.154141e-07
-1.164490e-07
-2.908903e-02
-6.600195e-02
-4.160576e-02
2.236839e-02
2.244445e-02
-7.758745e-03
5.117025e-02
8.112096e-02
2.454760e-02
-5.218728e-03
5.063836e-02
8.991656e-03
-5.605306e-04
-5.700880e-03
3.198800e-03
-2.940817e-02
-1.411528e-02
-1.790382e-04
-6.144460e-02
4.158323e-03
2.293078e-02
-2.373750e-02
-4.933665e-02
3.729420e-03
6.092753e-02
-2.217426e-03
-1.641865e-02
-1.382970e-02
-3.641956e-02
-1.714768e-02
-1.655228e-02
5.457732e-02
1.390946e-02
-1.793591e-02
1.623245e-02
-4.464649e-02
-2.569664e-02
-6.620286e-02
1.710094e-02
-1.215930e-02
9.294496e-03
-2.650124e-02
1.072179e-02
-5.848723e-03
-1.721373e-02
2.367204e-03
1.005133e-02
2.072602e-02
-7.085238e-03
-3.235080e-02
1.107398e-03
3.919379e-03
-1.811489e-02
-3.145380e-03
-1.292266e-05
-9.189681e-06
-2.018274e-06
-3.123355e-05
-4.854112e-07
-1.467678e-05
-2.060788e-05
-4.544309e-06
-2.098392e-05
-1.339622e-05
-6.055403e-06
-1.359241e-07
7.113905e-06
-6.441013e-06
4.131827e-06
2.223731e-06
7.578403e-06
1.256652e-05
5.383750e-08
5.635069e-08
4.529632e-08
1.287809e-07
1.206985e-07
1.038119e-07
9.425116e-08
9.781237e-08
8.501116e-08
1.324820e-05
-1.095593e-05
-7.221189e-06
1.651373e-05
-1.164584e-05
-9.657932e-06
1.337578e-05
-8.081839e-06
-1.448497e-05
-1.142741e-05
1.113043e-05
6.307402e-05
-4.152394e-06
-3.645400e-06
3.190725e-05
-5.221945e-06
-3.673233e-05
-3.724930e-05
-1.423526e-05
-1.600125e-05
2.180626e-05
4.128202e-06
-1.992613e-05
4.728926e-06
-2.099757e-05
-1.706037e-05
-1.254439e-05
-4.392784e-08
-2.172413e-06
-6.841023e-06
1.116995e-05
8.084748e-06
2.660080e-06
2.507147e-05
2.432757e-05
2.030142e-05
-1.694791e-05
-5.013283e-06
3.519061e-06
-1.013008e-05
-5.239454e-06
3.540594e-06
-2.664622e-06
1.291635e-07
3.003311e-06
-5.415175e-06
-6.969303e-07
7.435397e-06
-1.905135e-05
-1.152252e-05
-8.416920e-06
-3.144670e-05
-4.517092e-05
-4.064079e-05
4.014613e-08
4.102821e-08
2.103966e-08
3.603865e-08
3.775058e-08
4.355871e-08
4.342753e-08
2.710030e-08
3.793297e-08
-1.253309e-05
-5.757850e-06
5.384701e-06
-1.708342e-06
-4.699210e-06
4.095711e-06
5.057779e-06
4.281937e-06
6.325903e-06
3.875987e-05
2.292968e-05
-1.038228e-04
6.011401e-05
8.479138e-05
-1.230587e-05
2.655987e-05
9.918970e-05
7.136242e-05
-3.872429e-05
2.226397e-06
-2.311511e-05
-5.166314e-05
-4.774887e-06
1.520595e-06
-2.158844e-05
-2.517164e-05
-1.143274e-05
-7.495787e-06
-2.256393e-05
-1.011462e-05
1.286415e-05
-1.527930e-06
-8.540995e-06
2.567467e-05
2.907319e-05
3.244361e-06
-7.291012e-06
-3.561266e-06
-6.838739e-06
-5.026955e-06
-4.539505e-06
-1.310330e-05
-1.035213e-05
9.540381e-06
-4.690335e-06
-5.587225e-05
7.915533e-06
-2.403377e-06
-2.190707e-05
3.259826e-05
3.316171e-05
-5.274560e-05
-1.178481e-05
1.144286e-05
2.168163e-02
-4.120989e-02
-5.391759e-02
-3.891222e-02
-1.654160e-02
-6.531868e-04
-3.626775e-02
2.917524e-02
-1.341956e-02
-3.526542e-02
-5.088511e-02
-1.097378e-02
-5.040187e-02
3.929682e-02
-2.653842e-02
-6.811215e-02
-8.074892e-02
-5.314364e-02
3.022635e-05
-1.051974e-07
1.229581e-05
3.135594e-05
1.836487e-06
1.253145e-05
4.327033e-05
1.671102e-05
2.760580e-05
-2.234666e-03
-4.401385e-02
2.354906e-02
1.547254e-02
-3.121435e-02
2.042081e-02
5.620543e-02
-6.768169e-02
-1.013128e-02
-7.131655e-03
1.764942e-02
-4.374687e-03
-2.576650e-02
-6.807318e-03
1.174485e-02
-1.091487e-02
-2.889768e-03
1.343994e-02
-3.157370e-03
-2.277837e-02
-2.212331e-02
-6.048094e-02
8.613721e-02
-7.071640e-02
-9.726851e-03
-5.545007e-02
-9.302757e-03
-2.574758e-02
-1.277147e-02
-1.433825e-02
-5.621776e-02
-4.202392e-02
-5.587446e-02
-6.923865e-03
7.640977e-03
9.234523e-04
9.351381e-02
-2.363692e-02
-4.621577e-02
6.409179e-02
-2.208642e-02
-1.190504e-02
-3.563060e-03
-8.922662e-03
3.948501e-03
-5.509236e-03
-2.603273e-02
8.491177e-03
-5.903967e-03
-8.718670e-02
7.644508e-03
3.196320e-03
7.546967e-02
2.461881e-02
4.006032e-08
-4.211529e-07
1.113531e-07
3.790480e-07
-1.427550e-07
2.192331e-07
4.937990e-07
1.568395e-08
-1.712320e-07
-7.905094e-03
-3.628317e-02
6.127323e-03
-5.416124e-03
7.373063e-02
-1.903612e-03
2.393016e-02
1.048221e-02
-6.739087e-03
-1.303137e-02
-1.917070e-03
1.597222e-03
1.847957e-02
-3.306609e-02
2.999465e-02
-2.191992e-02
3.375434e-02
-5.315955e-03
2.516067e-03
-4.839139e-02
-1.382133e-02
8.005019e-02
-7.797460e-02
-3.072407e-02
-2.707203e-02
8.260338e-03
-1.904298e-02
1.086974e-03
5.268892e-02
1.853482e-02
1.302147e-02
7.095040e-02
-1.131100e-02
-4.781852e-02
-1.409895e-01
-8.781504e-02
1.750590e-02
2.510610e-04
-8.919358e-03
9.980545e-03
3.657009e-02
-1.062080e-02
-3.248693e-02
2.939743e-02
4.603730e-02
-4.523628e-03
3.369379e-03
2.064927e-03
-1.495073e-02
-1.202501e-02
-2.661472e-03
-3.775836e-02
3.230274e-02
1.032719e-02
-3.932817e-02
-2.564956e-03
6.279785e-03
-3.378092e-02
-2.223136e-02
-6.190878e-02
-2.169397e-02
-4.465638e-02
-4.576582e-02
3.185334e-02
1.951614e-03
-4.148455e-02
-1.187400e-02
-4.223074e-02
1.027013e-01
2.272094e-02
3.930961e-02
-6.605744e-03
4.775565e-05
4.131100e-05
2.409029e-05
5.327497e-06
9.154326e-07
-1.593290e-05
3.065890e-05
2.413331e-05
7.328475e-06
-9.573531e-03
-3.279818e-02
-5.950934e-02
-2.590406e-02
-1.573464e-02
-6.677395e-02
-1.146390e-02
-9.800555e-03
-3.149743e-02
7.407271e-04
-2.260143e-02
2.149692e-02
2.975080e-03
1.493020e-02
1.198420e-02
-1.652746e-02
-6.060184e-03
4.496984e-03
-3.096766e-02
7.172117e-02
-4.502599e-02
4.340407e-02
-7.012171e-02
4.620314e-02
1.301653e-02
-9.119725e-03
-2.649530e-02
-3.363343e-04
-4.290791e-03
-1.385611e-02
-8.757073e-04
8.227605e-04
2.818421e-03
1.227216e-02
1.152524e-02
1.586084e-02
-8.985871e-03
5.485836e-02
-1.375080e-03
2.587776e-02
7.183414e-02
1.005704e-02
-1.573474e-02
2.064331e-02
-3.083911e-02
7.116013e-03
-1.269572e-02
-4.924259e-02
3.124341e-02
9.230105e-02
-6.313797e-02
-1.613157e-02
5.331071e-03
-9.248095e-03
-1.201499e-07
8.656978e-08
-8.888644e-08
-3.808778e-08
2.735096e-07
8.184224e-08
-2.247306e-07
5.251744e-07
2.642777e-07
6.470267e-03
-1.083927e-03
-1.523281e-02
-2.589387e-02
-2.750540e-02
6.154233e-02
-2.729982e-02
-2.997517e-02
5.531675e-02
-4.799797e-03
-2.718941e-02
1.283764e-02
-1.518194e-02
4.558686e-02
6.646995e-03
-8.382923e-03
-6.091190e-03
2.156058e-02
-5.663581e-02
-1.765101e-02
-3.794134e-02
-6.731774e-02
1.428671e-01
-6.013563e-03
-4.817294e-02
1.517361e-02
-6.052272e-02
-6.192970e-03
1.188220e-04
2.398498e-02
4.190510e-03
-6.913723e-02
5.107084e-02
-4.012694e-04
1.014182e-02
8.616110e-03
-4.508995e-03
-7.631181e-03
-4.446562e-03
-7.130365e-02
-2.347081e-02
-3.032888e-02
-3.393367e-02
-5.325280e-02
1.685149e-02
-2.346638e-02
6.046682e-03
4.358834e-04
-8.956773e-05
3.046418e-02
-3.706731e-03
-1.416476e-02
-2.081364e-02
1.866572e-02
-1.259125e-11
1.080598e-10
-8.765613e-14
-3.087821e-11
-4.384500e-11
-1.912744e-11
1.562558e-13
1.315392e-10
5.378828e-11
1.421098e-10
1.705552e-10
1.098470e-10
8.589823e-11
1.090674e-10
1.857291e-10
-1.550259e-11
2.308121e-10
1.588446e-10
4.800165e-11
2.848432e-11
5.045690e-11
1.056799e-10
6.055588e-11
1.200810e-10
8.617379e-11
1.202303e-10
1.703804e-10
1.650717e-11
1.280214e-11
3.366341e-11
-1.974147e-11
6.477994e-11
-7.504936e-12
-4.320073e-11
7.075471e-12
-3.537751e-11
-1.787027e-11
9.415450e-11
1.270345e-10
7.993179e-11
-1.721093e-11
5.581827e-11
5.925285e-11
-2.486161e-11
4.037347e-11
1.532580e-11
-4.069566e-11
-6.512379e-12
4.687251e-11
6.400177e-11
-2.710482e-11
2.270246e-11
3.740763e-11
1.090769e-10
1.062028e-10
1.318325e-10
1.934324e-10
1.085814e-10
7.986783e-11
9.557304e-11
-7.369533e-11
1.412996e-10
1.857818e-10
1.689237e-11
7.908867e-11
1.318578e-10
-1.354181e-11
7.819205e-12
8.839011e-11
3.007446e-11
1.094106e-10
5.177152e-11
4.462114e-11
-2.645517e-11
6.121380e-11
-1.405352e-11
-7.033967e-12
-9.357488e-11
-6.705625e-11
-7.217735e-11
-1.879336e-11
8.029663e-11
1.276149e-10
2.068328e-10
-1.056966e-10
-4.804388e-11
4.064461e-11
2.112619e-11
7.383885e-12
1.154908e-10
1.017775e-10
7.517423e-11
1.866106e-11
7.740000e-11
1.177277e-10
4.029768e-11
5.077415e-11
1.325438e-10
5.725743e-11
7.828577e-11
5.488097e-11
-8.174421e-11
-4.934525e-12
1.602824e-11
-1.409494e-11
-2.826044e-12
-3.485707e-11
-2.117871e-11
8.352771e-12
1.308809e-10
2.232639e-11
9.568759e-12
5.911977e-11
-6.050970e-11
5.497315e-12
1.371548e-10
-4.312091e-12
-9.530376e-11
-5.640923e-11
1.374037e-13
4.885786e-11
1.142145e-11
2.998227e-11
4.621504e-11
6.269424e-11
-1.243736e-11
1.114597e-10
2.391757e-11
-2.274624e-11
-5.961099e-12
1.869688e-10
1.156853e-10
3.654434e-11
5.459434e-11
9.521790e-11
1.963600e-11
9.381823e-11
1.925157e-10
-5.020459e-12
1.111487e-11
-6.348733e-11
-4.369967e-11
-7.150704e-11
-5.337375e-12
-5.477185e-09
-3.966545e-10
-1.403998e-09
-2.342281e-09
1.743672e-09
-1.631539e-09
-1.065167e-09
1.376355e-09
-4.083569e-10
-1.115003e-10
-7.184503e-10
6.346272e-10
-2.443348e-09
-2.109851e-09
-1.247108e-09
4.345511e-11
-1.198475e-09
1.496562e-09
4.164302e-10
4.330547e-10
4.435470e-10
2.262382e-10
2.468529e-10
2.129919e-10
1.912763e-10
3.591829e-10
3.061762e-10
5.526977e-09
3.199631e-10
-1.554573e-09
1.743581e-09
-2.772959e-10
-4.434579e-10
6.875933e-10
1.736405e-09
3.768834e-10
5.554960e-09
2.544123e-09
-1.457633e-09
6.608367e-10
-1.151137e-09
-3.591701e-09
6.342281e-10
2.163502e-09
-6.255106e-10
2.614060e-09
-9.894161e-12
-1.066691e-09
1.731407e-09
-3.220059e-10
-1.190878e-09
1.330667e-09
-7.105286e-10
-1.059232e-09
-9.032548e-09
-8.061231e-09
-6.947766e-09
-3.263095e-09
-8.301558e-10
4.783918e-10
3.588189e-09
6.102443e-09
6.156398e-09
1.210466e-09
4.823219e-09
4.598659e-09
2.235177e-09
6.902381e-09
8.095155e-09
2.644130e-09
5.932999e-09
8.764486e-09
-3.597114e-09
-2.477159e-09
7.113741e-10
-2.804502e-09
1.872282e-09
4.378746e-09
-1.196018e-08
-3.650175e-09
-2.059133e-09
-1.280471e-10
4.818729e-10
3.276504e-10
-1.385785e-11
4.085543e-11
1.498390e-09
-2.580172e-10
5.115035e-10
9.774850e-10
2.238585e-09
2.228345e-09
-6.472167e-10
-2.207447e-11
1.160405e-09
1.679587e-10
-4.003443e-10
1.598802e-09
2.237471e-09
1.538882e-08
3.646285e-08
3.123792e-08
2.930696e-08
3.250717e-08
1.645659e-08
1.728695e-08
5.980073e-09
-1.009989e-08
6.209955e-09
1.091650e-08
9.700834e-09
3.244964e-09
1.154583e-08
1.275585e-08
3.424473e-09
1.120892e-08
1.002235e-08
8.881258e-09
9.649591e-09
4.169165e-09
-2.032141e-09
4.677356e-09
4.125768e-09
2.953718e-09
6.176779e-09
3.038215e-09
-3.969204e-09
-3.120687e-09
-2.635344e-09
-3.905499e-09
-5.498877e-09
-4.072222e-09
-3.648883e-09
-4.774043e-09
-3.747115e-09
-2.176656e-08
-2.064974e-08
-1.555672e-08
-2.342299e-08
-1.215625e-08
-6.899499e-09
-1.434852e-08
-8.234371e-10
1.071192e-08
-3.533559e-02
-4.095786e-02
-3.046911e-02
-2.161402e-02
-1.971281e-02
-1.703042e-02
9.584858e-03
1.119888e-02
-1.526208e-03
-1.015862e-02
1.320445e-02
-3.539212e-02
-5.574498e-02
-3.530020e-02
-3.537918e-02
-7.440738e-02
-1.062820e-01
-6.416241e-02
-4.756224e-06
-1.374139e-05
-4.205258e-06
1.032458e-05
2.257236e-06
1.270642e-05
2.774315e-05
1.867451e-05
3.060146e-05
-1.512827e-03
-9.131533e-03
-1.785517e-02
-2.342886e-02
-1.195458e-02
-1.477358e-02
-9.152612e-03
-4.897822e-03
-1.769258e-02
5.674302e-04
3.641906e-03
3.993775e-03
5.088380e-03
1.881890e-02
1.461353e-02
-1.810628e-02
6.067570e-03
-1.970181e-02
-2.909844e-02
3.260061e-02
-8.979748e-04
6.371059e-03
-5.937110e-05
4.048882e-03
2.180604e-02
-6.680181e-02
8.240367e-03
-2.911332e-03
-4.451079e-03
-1.367655e-02
-4.421767e-02
-4.551926e-02
-4.560620e-02
1.024324e-04
-2.117425e-03
-2.378274e-03
2.652183e-03
1.792836e-02
-7.720247e-04
-1.948124e-02
3.164562e-02
2.331545e-02
-2.290425e-02
1.960618e-02
1.732583e-02
-3.568139e-02
-7.458676e-02
-3.446790e-02
-1.223981e-02
3.848616e-02
-2.729483e-02
5.577271e-04
1.227277e-01
1.335567e-02
-5.331962e-07
-3.827462e-07
-6.139215e-08
-3.883301e-07
-3.379533e-07
-2.394439e-07
-1.445659e-07
-1.115625e-07
-2.188381e-08
7.483695e-03
3.657351e-02
1.807807e-02
-2.940414e-02
4.335723e-03
-2.153125e-02
5.492189e-03
-2.422342e-02
-3.273588e-03
8.528773e-03
3.223727e-03
-6.929702e-04
-2.657283e-03
-6.572346e-03
6.770064e-03
2.369027e-03
1.134498e-02
7.941339e-04
-3.839010e-03
6.393586e-03
-7.824952e-03
-3.658273e-02
2.361787e-02
1.304890e-02
-6.769555e-02
2.157000e-02
4.327000e-02
9.415648e-03
4.018784e-02
2.597714e-03
7.565864e-03
-5.183655e-02
-1.378900e-02
-1.098188e-02
-5.428009e-02
-3.036033e-02
-9.989026e-03
-2.483546e-02
4.765907e-04
-2.653178e-02
-5.615462e-02
-1.702678e-02
-3.664349e-02
-2.287124e-02
-1.790190e-02
1.383553e-02
1.044797e-02
-8.728596e-03
-2.836359e-02
3.376668e-03
-2.008011e-02
-1.206078e-02
9.127797e-03
6.645083e-03
-2.281787e-02
-6.031189e-03
-1.909681e-03
-2.967392e-02
1.228048e-02
3.531753e-02
-8.901625e-03
4.916500e-03
-3.933967e-02
-2.152261e-02
-2.144022e-02
8.449120e-04
2.201751e-02
2.511445e-02
5.654434e-02
-1.467198e-02
1.223247e-02
-2.848754e-02
3.737187e-07
3.121704e-06
1.314009e-05
-3.459867e-06
-8.553559e-07
9.886807e-06
-1.629979e-05
-1.368081e-05
-3.633302e-06
8.590533e-03
-4.152863e-03
-1.042350e-02
1.337241e-02
-1.516773e-03
3.293486e-03
2.622510e-02
8.394544e-03
-4.643682e-03
-1.440842e-02
-1.929400e-02
-1.144929e-02
-1.104610e-02
-1.400812e-02
-1.050201e-02
1.305846e-02
-5.084103e-03
9.894635e-03
3.012559e-02
-2.750142e-02
-2.253219e-02
4.618956e-02
-2.788457e-02
-1.668950e-02
1.574404e-03
-1.808896e-02
-2.364236e-02
7.994948e-03
6.622533e-03
5.739572e-03
4.618193e-02
3.923321e-02
3.865329e-02
-2.456688e-03
-2.042928e-03
-2.673181e-03
1.679596e-02
6.312414e-03
-6.024294e-03
1.985873e-02
9.768582e-03
-1.337028e-02
4.075314e-02
9.736918e-03
-5.052746e-03
9.789070e-03
3.500209e-02
-2.964737e-02
4.308095e-03
3.201305e-02
-3.034925e-02
-2.348008e-03
1.287945e-02
-2.471001e-02
-5.195175e-08
-3.146904e-09
7.383054e-08
-3.090925e-08
1.961670e-08
6.197324e-08
-4.502908e-08
2.410647e-08
-2.929105e-08
2.671497e-02
-7.516810e-03
-1.220726e-03
3.106380e-02
9.809514e-03
1.950560e-02
4.662663e-03
-1.590679e-02
2.384783e-03
4.685225e-04
-1.836209e-02
-1.321993e-02
1.998508e-03
-7.906781e-03
-1.535478e-02
2.079663e-02
1.321235e-02
1.079816e-02
-2.575650e-02
5.939790e-03
7.680289e-03
-3.213096e-02
3.162036e-02
1.400524e-02
-1.708887e-02
2.148615e-02
4.923508e-03
2.862900e-03
-2.248938e-02
-1.260253e-02
3.790000e-02
1.447303e-02
2.277561e-02
2.219364e-02
-3.111612e-03
1.084033e-02
1.784382e-02
1.305486e-02
-7.501752e-03
-2.076328e-02
2.258050e-02
6.821964e-03
-1.342304e-02
-2.023707e-02
1.203423e-02
-5.956579e-03
1.857713e-02
9.621065e-03
2.942307e-03
1.301274e-02
-1.490236e-02
2.824175e-03
6.748494e-03
-2.633679e-02
