-5.188268e-02
-8.887348e-02
-9.619140e-02
-1.200958e-01
-9.573980e-02
-1.351227e-01
-1.185890e-01
-1.237931e-01
-1.104082e-01
-8.589570e-02
-9.244249e-02
-1.187281e-01
-1.179243e-01
-7.389052e-02
-1.294167e-01
-1.166236e-01
-1.028359e-01
-9.437174e-02
-1.034418e-01
-1.159234e-01
-1.296758e-01
-9.878707e-02
-1.110189e-01
-1.141591e-01
-8.888743e-02
-9.456862e-02
-1.163017e-01
-1.165434e-01
-1.112107e-01
-1.048908e-01
-1.012714e-01
-8.759303e-02
-1.200472e-01
-5.632119e-02
-1.070411e-01
-8.292285e-02
-8.781423e-02
-1.531425e-02
-1.019082e-01
-1.088103e-01
-1.334065e-01
-1.617451e-02
-1.318830e-01
-5.550021e-02
-7.640865e-02
-7.362851e-02
-1.443075e-01
-1.288575e-01
-4.382537e-02
-9.256607e-02
-1.019453e-01
-1.356254e-01
-1.055067e-01
-9.122645e-02
-6.615079e-02
-1.008286e-01
-9.285527e-02
-1.176136e-01
-9.685762e-02
-1.102435e-01
-1.023200e-01
-9.885711e-02
-9.021997e-02
-9.233008e-02
