-5.682040e-02
-5.621459e-02
-1.033262e-01
-4.102112e-02
-1.163122e-01
-9.668800e-02
-3.951474e-02
-5.198369e-02
-5.755693e-02
-6.070343e-02
-2.171226e-02
-9.105457e-02
-6.423027e-02
-7.111522e-02
-6.148100e-02
-6.328932e-02
-1.178755e-01
-3.499494e-02
-7.315876e-02
-1.003725e-01
-5.125755e-02
-7.106917e-02
-4.784375e-02
-7.068247e-02
-2.767367e-03
-7.257120e-02
-6.475394e-02
-2.248532e-02
-9.226412e-02
-7.512547e-02
-5.780017e-02
1.695710e-02
-6.591937e-02
-3.972286e-02
-9.894792e-02
-3.101186e-02
-7.393359e-02
-8.246459e-02
-7.047312e-03
-5.308231e-02
-7.069551e-02
-5.821382e-02
-7.829740e-02
-5.009162e-02
-3.276600e-02
-1.158826e-01
-2.650085e-02
-7.996001e-02
-4.783118e-02
-4.946268e-02
-1.414579e-01
-4.767206e-02
-5.207806e-02
-1.212553e-01
-6.624722e-02
-4.302041e-02
-5.287978e-02
-7.868937e-02
-9.825126e-02
-3.807651e-02
-4.687963e-02
-3.474980e-02
-1.246070e-01
-7.678249e-02
