2.248449e-02
2.501470e-02
9.794028e-03
1.944933e-02
2.777112e-02
2.504592e-02
2.716992e-02
2.063612e-02
3.746588e-02
2.157309e-02
1.624851e-02
3.375120e-02
3.563681e-02
3.983866e-02
3.557984e-02
2.343462e-02
3.776747e-02
2.244115e-02
3.193614e-02
1.700556e-02
3.531282e-02
2.031234e-02
2.466246e-02
2.467678e-02
3.757868e-02
1.504555e-02
1.948660e-02
1.804669e-02
2.821773e-02
4.229416e-02
3.501900e-02
1.276404e-02
1.750746e-02
3.156462e-02
4.005984e-02
2.865728e-02
3.343606e-02
4.418045e-02
3.142753e-02
3.239486e-02
1.803776e-02
2.328764e-02
1.540147e-02
1.950169e-02
2.759182e-02
2.039397e-02
1.958530e-02
2.201279e-02
2.974848e-02
2.404147e-02
2.945059e-02
2.514619e-02
5.076942e-02
2.492540e-02
2.553231e-02
8.456578e-03
3.415342e-02
4.717672e-02
1.525345e-02
2.727022e-02
3.192690e-02
1.112164e-02
1.834262e-02
1.664382e-02
