1.338359e-01
-1.718183e-01
1.248797e-01
4.935379e-02
1.053427e-01
1.215133e-01
1.176679e-01
-1.741848e-01
8.665136e-02
8.559750e-02
1.212934e-01
1.088263e-01
8.881808e-02
8.375587e-02
7.756215e-02
1.484377e-01
8.266465e-02
1.003896e-01
1.053307e-01
1.169369e-01
6.965210e-02
6.466468e-02
-1.018821e-01
7.822011e-02
1.028967e-01
6.235178e-02
6.669500e-02
6.182766e-02
7.403081e-02
1.009692e-01
1.057212e-01
1.806894e-01
9.558885e-02
7.611191e-02
9.212054e-02
9.690794e-02
1.518755e-01
1.461818e-01
1.587316e-01
1.001086e-01
8.634320e-02
8.414117e-02
1.055903e-01
9.849920e-02
1.063985e-01
8.792263e-02
6.987656e-02
9.853141e-02
9.677677e-02
9.900250e-02
4.128168e-02
9.279604e-02
9.976650e-02
5.533222e-02
1.135322e-01
6.711825e-02
5.577275e-02
1.206135e-01
8.132207e-02
9.096556e-02
8.731027e-02
1.325662e-01
1.464727e-01
1.601988e-01
