-3.750250e-02
-5.691182e-02
-3.895488e-02
-3.317531e-02
-5.636107e-02
-3.391381e-02
-4.359876e-02
-3.311378e-02
-4.473605e-02
-4.411682e-02
-7.489785e-02
-2.344856e-02
-5.828596e-02
-3.194994e-02
-4.061450e-02
-4.779783e-02
-2.326436e-02
-6.055124e-02
-2.183325e-02
-3.262416e-02
-3.258511e-02
-4.249156e-02
-3.147972e-02
-1.987061e-02
-3.066523e-02
-2.868567e-02
-2.774157e-02
-4.625395e-02
-1.470522e-02
-2.305947e-02
-4.560098e-02
-3.970819e-02
-5.392233e-02
-3.936388e-02
-4.165373e-02
-2.311230e-02
-1.924778e-02
-4.239232e-02
-2.665990e-02
-5.322891e-02
-4.325144e-02
-2.398329e-02
-3.684999e-02
-3.681709e-02
-4.081575e-03
-1.715469e-02
-4.497236e-02
-3.673446e-02
-7.385463e-04
-3.949647e-02
-4.838310e-02
-1.851071e-02
-2.236800e-02
-4.292607e-02
-4.115614e-02
-6.779886e-03
-2.705088e-02
-2.355274e-02
-5.039701e-02
-2.956514e-02
-4.717636e-02
-4.941645e-02
-4.418205e-02
-3.114043e-02
