3.835235e-03
-5.272056e-02
-1.958072e-02
-2.575393e-02
-1.369993e-02
-2.977372e-02
-4.486321e-02
-2.547518e-02
-8.434375e-02
-5.685079e-03
-2.183767e-02
-3.050414e-02
5.939355e-02
-4.210623e-02
-2.931793e-02
-2.100701e-02
-1.059279e-02
-2.081662e-02
-2.063818e-02
-2.132372e-02
-3.341427e-02
-2.086941e-02
-5.611098e-02
-1.268351e-02
-4.429070e-02
-3.040853e-02
-2.300957e-02
-6.282657e-04
-5.057965e-02
-9.196984e-02
-2.120252e-02
-7.809053e-02
-4.252516e-02
-4.896685e-02
-1.827632e-02
2.007945e-02
-5.330048e-02
-4.663520e-02
-5.306095e-04
-2.008304e-02
2.381983e-02
-8.266196e-02
2.166909e-03
6.229708e-03
1.193184e-02
-3.990320e-02
-4.497296e-02
-6.457387e-03
3.173987e-03
-4.741777e-02
-5.281702e-02
1.098575e-02
-2.205224e-02
-2.306127e-02
-4.148877e-02
-2.901772e-02
1.488705e-02
-5.804049e-02
-7.655278e-02
-6.443801e-03
-2.015534e-02
-4.762866e-02
-8.968201e-02
-2.818181e-02
