2.328740e-02
-3.077081e-04
-2.651310e-03
1.582193e-03
-3.361212e-02
-1.879196e-02
-1.148974e-02
1.656737e-03
-1.916525e-02
4.100855e-03
-3.986690e-02
-7.755721e-02
-9.756001e-03
7.030429e-04
-2.197600e-02
-3.130198e-02
-1.535430e-02
3.269305e-02
1.291120e-02
-2.477820e-02
5.804876e-03
1.581728e-02
-2.084502e-02
-3.695751e-02
1.003644e-02
5.229282e-03
-2.402291e-02
-1.696173e-02
-4.393265e-02
-7.198592e-03
3.816499e-03
1.895991e-02
-1.399610e-02
2.705117e-02
3.132867e-02
-4.077036e-02
2.267382e-02
-7.542741e-03
2.285100e-02
-9.109177e-03
-3.435007e-02
-8.942739e-03
1.389563e-02
1.078849e-02
-2.009810e-03
3.414502e-03
-2.600423e-02
-2.202345e-02
6.983375e-03
1.625050e-02
-2.712292e-02
1.517432e-02
1.359148e-02
2.862832e-02
-3.503315e-02
-2.025724e-02
-1.028483e-02
1.845129e-02
-4.950800e-02
-1.123158e-02
3.146088e-02
-2.479261e-02
-8.190398e-04
-3.042743e-02
