-8.622041e-04
2.822897e-03
-1.495305e-03
-5.115650e-03
-3.457152e-03
-5.141328e-03
-4.727249e-03
-4.995125e-03
-4.644039e-03
3.225490e-03
-1.460519e-03
1.088721e-03
-1.491071e-05
-6.388859e-04
1.060492e-04
-8.720664e-04
1.143161e-03
9.382738e-04
-3.373847e-10
-2.383591e-10
-2.544346e-10
-2.428519e-10
-1.143416e-10
-1.942345e-10
-1.680980e-10
-9.760905e-11
-1.720736e-10
1.038427e-03
-4.738508e-04
2.746326e-04
-4.853000e-03
-4.585634e-03
-3.251532e-03
2.590438e-03
3.708137e-03
4.011509e-03
1.758263e-03
6.410587e-04
-1.175478e-03
1.102017e-03
1.236739e-03
1.253118e-04
1.023432e-03
1.360872e-03
2.862641e-05
5.982508e-11
-1.727929e-10
-1.882829e-10
2.168195e-10
-1.457485e-10
-1.852469e-10
1.185800e-10
-2.032576e-10
-1.382273e-10
1.719336e-10
1.324086e-10
1.590329e-10
2.260637e-10
1.587554e-10
8.842409e-11
2.550026e-10
1.136528e-10
1.675322e-10
-5.582580e-11
2.383397e-11
-2.394894e-10
5.438135e-11
-1.789046e-10
-1.528918e-10
-1.485580e-10
-4.914923e-11
-3.129598e-10
-7.573146e-04
-6.925425e-04
-4.746119e-05
-4.694956e-05
5.080409e-04
2.823949e-04
1.116850e-04
5.718762e-04
5.397073e-05
-6.621174e-07
-1.382269e-07
-2.677925e-07
-5.982615e-07
-8.751248e-09
-1.048038e-07
-1.138602e-07
4.839607e-07
3.713959e-07
-8.289285e-12
-1.251768e-10
-1.488569e-10
-4.775715e-11
-1.111819e-10
-1.531278e-10
1.023081e-10
-1.013338e-10
-1.102653e-10
4.164885e-04
4.691756e-04
-1.446056e-03
1.745667e-03
1.124452e-03
1.117939e-04
6.207157e-04
-1.734856e-04
-1.655780e-03
2.302185e-10
1.474538e-10
7.510050e-11
3.659885e-10
4.681212e-10
6.631928e-11
3.974319e-10
4.479964e-10
2.641750e-10
-1.331085e-08
-7.792299e-09
-1.062660e-08
-6.264256e-09
-8.170585e-11
-2.630601e-09
-2.605108e-09
3.964997e-09
1.289487e-09
-1.418842e-03
2.477895e-03
1.440792e-03
-4.203718e-03
-1.642849e-03
4.671553e-04
7.399373e-04
1.064616e-03
3.996188e-03
6.625054e-11
1.721551e-10
-4.617406e-11
1.157563e-10
1.378906e-10
-7.349435e-11
1.810577e-10
1.332590e-10
4.493298e-11
-5.795238e-03
-1.066005e-02
-8.712580e-03
-2.895895e-03
-6.147121e-03
-4.776759e-03
1.189645e-02
9.043861e-03
5.516803e-03
2.229365e-03
6.977775e-03
4.324013e-03
-2.310938e-02
-2.404145e-02
-1.042166e-02
1.597795e-02
1.055009e-02
1.595546e-02
-5.001605e-10
3.360248e-10
3.348350e-10
-7.536898e-10
8.859372e-11
1.439227e-10
-9.656951e-11
8.462871e-10
7.852422e-10
2.131116e-02
3.079727e-02
2.976493e-02
-2.407211e-02
-2.780233e-02
-3.055937e-02
-1.369320e-02
9.788493e-03
8.834123e-03
6.190428e-03
4.252187e-03
-1.880561e-03
4.688331e-03
-2.657612e-03
-4.753854e-03
8.216877e-03
-3.975531e-03
-4.085076e-03
-4.365797e-11
1.451090e-10
1.893556e-11
-5.902273e-11
3.388227e-11
4.154751e-11
6.230053e-11
9.249763e-11
3.140723e-11
-1.982211e-10
-1.235196e-11
-1.918132e-10
7.262008e-12
-1.173559e-10
-1.023623e-10
2.930153e-11
-1.343449e-10
-6.885843e-11
-8.775736e-11
3.293721e-11
-1.002932e-10
-2.460215e-11
-5.460530e-11
-1.680746e-10
-7.358531e-11
1.397512e-11
-5.599216e-11
-8.332107e-03
-6.473592e-03
-7.860806e-03
1.574768e-03
2.192740e-03
4.942326e-05
3.236229e-03
1.205769e-03
1.988922e-03
-3.173593e-06
2.516604e-06
2.191749e-06
-6.458082e-06
-4.020329e-07
-1.951206e-07
-1.273091e-06
4.665622e-06
4.748731e-06
-1.089286e-10
-7.434200e-11
-7.261243e-11
-7.145783e-11
-2.431531e-11
-9.520897e-11
-4.265784e-12
7.513198e-11
-3.068682e-11
4.529668e-04
-9.015252e-04
-3.772303e-03
1.335981e-02
5.905416e-03
-7.844719e-04
1.391313e-03
-8.106287e-03
-5.862065e-03
2.732686e-11
-2.978959e-11
-2.588648e-11
3.386524e-11
2.116959e-11
4.915192e-12
-1.590116e-10
1.532884e-11
4.917503e-12
-6.657125e-08
2.910897e-08
1.305147e-08
-9.649580e-08
-1.835244e-10
-1.222210e-08
-2.097266e-08
7.292135e-08
6.366762e-08
5.467989e-03
1.638264e-02
9.993513e-03
-2.230223e-02
-2.390954e-02
-2.004484e-02
5.566994e-03
2.138395e-02
1.236744e-02
-1.846454e-10
-3.087481e-12
4.161561e-11
-1.705134e-10
-1.786450e-10
-9.439098e-11
-1.722464e-10
1.405754e-10
1.278788e-11
-1.935777e-05
-4.933893e-05
-2.544813e-05
-4.054763e-05
-6.789315e-05
-4.479271e-05
-9.987752e-06
-2.424143e-05
-5.494442e-07
-9.678217e-06
-1.128118e-05
-7.013043e-06
-1.137919e-05
-1.815974e-05
-7.377359e-06
-3.819910e-06
-8.379608e-06
-6.261986e-07
-9.027726e-11
-2.409301e-10
-3.974766e-10
-1.859452e-10
-2.974856e-10
-4.745729e-10
-6.584865e-11
-2.649318e-10
-4.032821e-10
2.412891e-06
3.147773e-06
8.197376e-06
-1.539191e-05
-1.521282e-05
-1.400898e-05
-4.812567e-05
-4.840947e-05
-5.135062e-05
1.267939e-06
2.674930e-06
6.757195e-06
-3.008129e-06
-8.815839e-06
-3.381836e-06
-5.855000e-06
-9.583710e-06
-9.593469e-06
-1.990819e-10
-1.239989e-10
-5.969084e-11
-1.900429e-10
-1.601853e-10
-5.168701e-11
-8.461352e-11
-4.239288e-11
-2.082305e-10
1.381482e-10
3.642620e-11
-1.264092e-11
2.764859e-10
1.275016e-10
1.226317e-10
2.048714e-10
2.698444e-10
2.139996e-10
-1.360787e-10
-9.907915e-11
-1.467615e-10
-1.747837e-10
-1.382090e-10
-1.768887e-10
-1.874869e-10
-2.360658e-10
-2.020027e-11
1.655852e-05
2.214918e-05
2.397495e-05
1.966240e-05
2.329888e-05
2.319749e-05
2.186870e-05
2.233112e-05
2.025529e-05
7.968804e-07
1.742997e-06
9.717306e-07
-9.022410e-07
5.445512e-07
3.559057e-07
2.790433e-08
1.252204e-06
6.908734e-07
-3.056639e-10
-1.969888e-10
-1.833280e-10
-1.674178e-10
-1.144104e-10
-2.032077e-10
-1.608807e-10
-1.954600e-10
-1.464073e-10
-2.086397e-05
-2.066545e-05
-1.717317e-05
-2.746632e-05
-2.411774e-05
-2.232833e-05
-1.856142e-05
-1.626210e-05
-9.687343e-06
2.742264e-10
2.658539e-10
1.437323e-10
3.028322e-10
2.999477e-10
2.259825e-10
4.948378e-10
2.810585e-10
2.122966e-10
-4.967686e-08
-1.038405e-07
1.163295e-08
1.183740e-08
-8.068312e-08
3.722160e-08
4.992253e-08
-5.708138e-08
6.491935e-08
-1.485061e-05
-2.986628e-05
-1.791448e-05
-1.482461e-05
-3.498574e-05
-2.473174e-05
-3.928404e-06
-2.950091e-05
-8.332099e-06
4.918982e-11
-1.266065e-10
-1.168407e-10
-7.119161e-11
-1.090608e-10
2.022656e-11
-4.813008e-11
-5.579189e-11
-8.472704e-11
3.193516e-03
2.441002e-02
-6.916041e-03
-1.672533e-02
1.816477e-02
-9.733128e-03
-2.021233e-02
2.529385e-02
-5.283250e-03
1.167972e-02
-4.020610e-02
9.261175e-03
2.303149e-02
-1.855310e-02
7.011427e-03
2.105146e-02
-2.611418e-02
-5.765687e-03
-1.109016e-09
5.719591e-10
1.424743e-10
-4.480771e-10
1.005815e-09
3.497721e-10
-8.781708e-10
3.243210e-10
-7.220786e-10
4.038943e-03
8.378378e-04
2.903872e-03
-1.857890e-03
1.875766e-03
7.795675e-03
3.736654e-03
-9.094208e-03
-4.965366e-03
8.393782e-03
-1.827327e-03
-6.185785e-03
1.138050e-02
7.062430e-03
-5.933724e-03
8.123003e-03
9.658814e-03
-6.982980e-03
-7.402399e-12
1.061503e-11
5.569982e-11
3.938000e-11
1.515240e-14
3.519324e-11
-1.066863e-11
-1.382722e-10
-7.350214e-11
8.163120e-11
1.596779e-11
4.754164e-11
5.592670e-11
1.190219e-10
7.920756e-11
3.481486e-11
5.409542e-11
1.256546e-11
1.642256e-11
-3.010782e-11
-1.186532e-10
8.387502e-11
-3.970461e-13
6.261513e-11
2.440438e-11
5.262354e-11
-7.585247e-12
1.591354e-03
-3.792242e-03
1.922589e-03
5.559212e-03
-4.272379e-03
2.115781e-03
3.536872e-03
-4.165308e-03
-2.372602e-03
-5.196232e-06
-3.993546e-06
-8.604614e-06
3.314310e-06
-1.041828e-06
-1.207217e-06
-5.894332e-06
-1.355149e-05
-1.534858e-05
4.278766e-11
7.702716e-11
8.142043e-11
1.916404e-10
1.151745e-10
1.284038e-10
7.480488e-11
9.352055e-11
1.460907e-10
-3.787895e-03
1.456323e-03
-1.225343e-03
-3.951317e-03
3.434718e-03
2.741212e-03
-4.793570e-03
8.517885e-03
3.146873e-03
-9.604935e-13
-6.817603e-11
-3.567804e-11
-1.522478e-11
-1.118922e-11
-2.106053e-11
-5.302194e-11
-7.748454e-12
-1.680911e-11
8.410899e-08
5.232079e-07
-4.617193e-07
1.368990e-07
5.433226e-07
-3.402333e-07
-6.457415e-08
5.102650e-07
-4.768309e-07
-1.431911e-02
1.980435e-02
-1.730340e-02
-1.588869e-02
2.954941e-02
-2.590228e-03
-2.145360e-02
1.952635e-02
-5.418750e-03
1.271169e-10
-1.569665e-11
4.881476e-12
8.227913e-11
2.172344e-10
1.987231e-10
-2.473504e-11
3.523658e-11
-1.615365e-11
-2.549639e-03
4.495971e-04
8.558632e-04
3.983044e-03
1.956041e-03
-6.130348e-03
1.945347e-03
-4.084750e-03
-1.267926e-02
1.354872e-03
-4.847989e-04
3.189559e-03
-7.972564e-03
-7.174575e-03
-9.958254e-04
1.340092e-03
3.129996e-03
7.056529e-03
4.876782e-10
4.660949e-10
4.525681e-10
-7.529993e-10
-7.946145e-10
-3.967500e-10
-1.687813e-09
-2.832532e-09
-1.967468e-09
9.775743e-03
8.644375e-03
8.814637e-03
-1.180190e-02
-1.439860e-02
-1.208623e-02
5.467005e-03
4.267038e-03
7.494682e-03
8.557465e-04
-3.155849e-03
-2.856696e-03
7.461560e-04
-4.103811e-03
6.064512e-04
4.428611e-03
1.920471e-03
1.645975e-03
-9.913205e-11
9.788171e-11
3.772390e-11
-1.293990e-11
7.136614e-11
4.634486e-11
4.564472e-12
4.829861e-11
-8.311974e-11
1.252873e-11
-5.087659e-11
-1.170211e-10
-1.133864e-10
1.857539e-10
2.680811e-11
9.473120e-11
1.023502e-11
1.525046e-10
-6.091740e-11
-5.204819e-11
-1.164794e-10
-9.133878e-12
-2.601172e-11
-6.004278e-11
-1.012867e-10
-3.565644e-11
-1.004990e-10
1.378400e-03
-2.738913e-03
-4.882419e-03
2.726915e-03
-9.548818e-04
-2.668512e-03
4.244295e-03
-2.505182e-05
-2.363441e-04
2.437479e-05
3.326168e-06
-1.949248e-05
1.895353e-05
-8.067347e-06
-2.766012e-05
1.793321e-05
-1.340705e-05
-3.222165e-05
-4.030234e-11
-5.199078e-11
6.660422e-12
-3.997613e-11
-1.700475e-10
3.446270e-11
2.884985e-11
-1.074104e-11
-3.737937e-11
-2.594800e-03
-2.192247e-03
-2.476937e-03
8.327675e-04
2.892560e-03
4.361806e-03
-1.209820e-03
3.228703e-03
3.580183e-03
-3.797458e-12
-1.613777e-11
4.570448e-11
6.008868e-11
7.791326e-11
3.349813e-11
7.135530e-11
1.432088e-10
1.330409e-10
-5.109692e-07
2.108055e-08
-1.517245e-07
-4.343181e-07
2.310888e-07
3.071467e-07
-3.412103e-07
1.800302e-07
5.365723e-07
3.129491e-03
3.182312e-03
-1.006000e-03
-9.146363e-03
-7.166396e-03
-5.862555e-03
3.631310e-03
9.326134e-03
6.812758e-03
-4.709171e-11
1.621773e-11
5.881744e-11
-9.657214e-11
-1.605916e-10
-1.278685e-10
3.596740e-11
5.866845e-12
8.382963e-11
-1.186125e-03
1.691714e-02
-1.120187e-02
-1.597140e-02
2.720008e-02
-4.330871e-03
-5.592405e-03
1.760768e-04
-8.728595e-03
1.161667e-02
-6.956557e-03
2.241766e-02
1.206371e-02
-1.548699e-02
1.230519e-02
1.189391e-03
-3.960052e-03
1.732787e-02
5.743790e-10
2.623606e-10
8.117249e-10
3.914778e-10
9.041523e-11
4.826508e-10
1.054097e-09
9.543634e-10
1.299439e-09
-8.881627e-03
-1.131295e-02
6.894829e-04
9.287488e-03
-2.526055e-03
-2.375631e-03
7.974227e-03
7.113097e-03
1.987438e-02
-8.525022e-05
2.655006e-03
-3.433070e-03
-1.833434e-04
-3.738770e-03
-4.321279e-03
-3.153800e-03
5.064681e-03
-1.150003e-03
-1.249388e-10
-1.013480e-10
2.218257e-12
-1.519167e-10
-1.095941e-10
-1.929929e-11
-4.618982e-13
-9.127384e-11
7.907792e-11
2.000925e-10
3.745709e-11
1.128711e-10
6.569403e-11
1.476969e-11
1.129149e-10
9.360523e-11
8.047256e-11
1.057620e-10
-1.311008e-10
-2.219437e-10
-2.017703e-10
-6.131606e-11
-1.822302e-10
-1.490758e-10
-1.177197e-10
-2.336888e-10
-1.759382e-10
-9.400796e-04
-6.050918e-03
-2.905441e-03
-7.651416e-04
-3.670600e-03
-2.296222e-03
7.868726e-04
-2.617519e-04
-2.648535e-03
1.268862e-06
-4.291197e-06
-3.800490e-06
6.762565e-06
-5.111931e-08
1.290306e-07
1.006547e-05
8.231615e-06
9.525421e-06
1.434407e-10
3.467887e-11
1.296285e-10
9.794272e-11
4.005598e-11
1.761591e-10
1.106385e-10
5.535489e-11
1.810636e-10
-9.502873e-04
1.445672e-03
-7.476700e-03
-8.895982e-04
2.973536e-04
-1.421427e-03
-3.867727e-03
2.281572e-03
-4.551794e-03
2.670392e-10
2.549140e-10
1.235781e-10
1.419360e-10
1.042567e-10
4.694697e-11
1.607488e-10
1.825420e-10
1.984291e-10
9.849349e-08
1.256833e-07
1.189721e-07
1.240258e-07
5.877947e-08
1.487446e-07
7.501831e-08
1.142009e-07
1.629588e-07
-3.506857e-03
1.709368e-02
5.163355e-03
-8.421542e-03
1.822332e-03
-1.184442e-02
-8.435412e-03
6.068553e-03
5.792923e-03
-2.282804e-11
-7.797332e-11
2.765106e-11
-3.167046e-11
-1.418701e-10
-7.775661e-13
2.210002e-10
6.722522e-11
1.036299e-10
-1.106535e-03
-7.648511e-04
4.014238e-03
-1.320465e-02
-9.352518e-03
6.172233e-03
4.043933e-03
3.520651e-03
1.422711e-02
7.632957e-03
9.391569e-03
-1.022501e-02
3.199369e-02
3.538617e-02
5.278928e-03
1.201021e-03
6.079696e-03
-2.981560e-02
2.934797e-09
2.912171e-09
4.654820e-09
-4.027652e-10
-6.552902e-10
9.619462e-10
1.924545e-09
1.674942e-09
2.910200e-09
-1.117116e-02
-1.452474e-02
-7.939861e-03
2.142660e-02
2.747183e-02
3.268483e-02
2.141444e-02
9.025296e-03
1.519256e-02
-8.249010e-03
-3.342208e-03
-1.244758e-02
5.700230e-03
8.558450e-03
1.647885e-04
-1.280051e-03
6.918585e-04
-1.463828e-02
2.585835e-10
3.774520e-10
3.257138e-10
-5.042784e-11
3.251063e-11
-9.190782e-11
1.230936e-10
2.113166e-10
1.583071e-10
2.442899e-11
3.423881e-11
-8.512022e-11
-3.764290e-11
8.804339e-11
9.665186e-11
-7.113139e-11
7.602521e-11
1.089981e-10
1.196643e-10
2.808111e-11
2.841212e-11
1.074444e-10
-7.181592e-11
-1.197322e-10
1.516293e-10
-1.246219e-11
-2.956633e-11
5.344366e-03
4.346982e-03
6.377073e-03
-2.319823e-03
-1.721660e-03
-3.260148e-03
3.597017e-03
4.589512e-03
1.153910e-03
1.962897e-05
1.612771e-05
2.609187e-05
3.108846e-07
-1.670066e-06
8.851046e-06
4.882004e-06
3.468513e-06
1.437542e-05
3.503493e-10
4.544260e-10
3.811486e-10
2.003469e-10
2.016057e-10
2.132261e-10
3.419462e-10
3.743750e-10
3.471521e-10
5.153608e-03
3.172684e-03
-4.281979e-03
-5.759560e-04
-3.266182e-03
-4.869526e-03
4.434245e-04
2.389520e-03
-2.150199e-03
1.345756e-11
1.736227e-10
1.372041e-10
-6.426653e-11
2.575020e-11
9.442815e-12
-1.341966e-10
-5.715166e-11
-4.959327e-11
1.561920e-07
-5.439911e-08
1.344859e-07
1.316312e-08
-1.074673e-07
5.388249e-08
1.846449e-07
8.364866e-08
2.815407e-07
-8.355103e-04
-1.143996e-03
2.069891e-02
3.137695e-02
2.315541e-02
3.817620e-02
-1.712582e-02
-2.203750e-02
2.556858e-04
5.051964e-10
6.676060e-10
6.432186e-10
-1.262088e-11
9.763031e-11
1.831876e-10
3.364815e-10
3.921405e-10
4.906434e-10
1.465985e-03
-2.263854e-03
-2.387614e-03
-3.085791e-03
-5.335415e-03
-1.892143e-03
1.359104e-03
-3.786890e-04
3.135296e-03
3.381965e-04
-1.749781e-03
-2.953050e-03
1.807289e-03
2.453301e-03
1.581189e-03
-3.089314e-03
-2.035724e-03
-1.363360e-03
1.194612e-10
3.438442e-10
5.868465e-11
-1.373217e-10
4.731642e-11
-1.153536e-11
2.690459e-11
1.746004e-10
1.202518e-10
-2.005458e-03
-4.961154e-03
-6.649730e-03
9.641776e-03
6.750647e-03
5.964765e-03
-1.123971e-03
-1.984920e-03
-2.833293e-03
-2.095222e-03
-1.514840e-03
5.098115e-04
1.162950e-03
2.488922e-03
2.129847e-03
1.456456e-03
1.236473e-03
-7.533420e-04
9.067981e-11
4.329161e-11
4.021595e-11
-2.717477e-11
-4.827597e-11
8.336173e-11
5.346755e-11
1.138179e-10
-1.310804e-11
7.623340e-11
-4.136074e-11
-3.935274e-11
9.766209e-12
-5.416148e-11
-2.496328e-11
2.064940e-11
5.110028e-11
2.954881e-11
-1.237844e-10
-1.117212e-10
-6.070325e-11
-8.195600e-11
-7.823560e-11
-4.843798e-11
-1.114842e-10
-1.603642e-10
-2.448074e-11
-1.795845e-03
-1.663351e-04
2.907273e-04
-2.300245e-03
-1.833149e-04
-1.548531e-04
-1.277186e-03
1.038111e-04
-6.266398e-06
2.817363e-07
1.859212e-06
1.345850e-06
-1.643386e-06
-4.134006e-08
-5.285139e-07
-1.164799e-06
3.566738e-07
-1.041995e-07
1.286010e-10
2.502805e-10
1.740975e-10
2.143848e-10
2.822102e-10
1.336121e-10
1.565150e-10
2.592961e-10
2.102502e-10
1.041643e-04
-1.651924e-04
1.431961e-03
2.990395e-04
9.876520e-05
-2.119691e-05
8.148755e-04
3.249764e-04
-1.197766e-03
-1.062289e-10
4.647064e-11
-5.947427e-11
-4.289381e-11
1.048535e-10
-1.809145e-10
-5.914390e-11
7.962464e-11
-2.438675e-11
4.567902e-09
2.526878e-08
1.229799e-08
-2.147288e-08
2.005510e-10
-1.214296e-08
-1.652633e-08
4.655738e-09
-7.865212e-09
-3.044994e-04
-2.090324e-03
-2.945094e-03
3.256192e-03
1.827919e-03
2.930061e-03
-4.255261e-03
-2.728849e-03
-3.262950e-03
9.135648e-11
2.474596e-10
2.236463e-10
5.752917e-11
1.284675e-10
6.254054e-11
-9.329802e-11
1.746594e-10
1.060589e-10
-3.608926e-03
2.032104e-04
-8.995140e-04
-4.532897e-03
-3.692255e-05
2.247225e-03
1.042581e-02
-2.989409e-03
-7.205232e-03
-7.412508e-03
-8.639409e-03
1.209794e-03
-1.519755e-02
-1.530537e-02
-1.316713e-02
-1.285099e-02
-3.667375e-03
-6.760714e-03
-5.368535e-10
-1.549810e-09
-1.530622e-09
8.800615e-10
9.431923e-10
1.213627e-09
-1.745201e-09
-9.647315e-10
-1.175613e-09
-4.697099e-03
-6.178521e-03
3.393020e-03
-2.538304e-02
-2.697748e-02
-3.660848e-02
5.416332e-04
-9.088177e-04
-1.797977e-03
4.059803e-03
8.148834e-03
5.481443e-03
4.899955e-04
1.855359e-04
-2.119682e-03
4.522388e-03
5.747485e-03
7.559125e-03
-9.147520e-11
-6.178905e-12
-5.317936e-11
-7.285574e-11
3.094928e-11
-1.969962e-11
-2.121209e-10
-1.051265e-10
-1.552782e-10
5.062442e-11
-1.829197e-10
-7.716453e-11
-1.842140e-11
-1.734825e-10
-2.633993e-11
-1.551779e-11
-1.329235e-10
-1.390779e-10
8.501379e-11
-8.176298e-11
1.100746e-10
-7.722682e-12
8.520178e-11
9.621869e-11
-4.064108e-12
-9.584610e-11
-6.196930e-11
-3.283716e-03
6.980743e-04
-3.159699e-03
-8.220133e-04
3.947185e-03
-3.574365e-04
-5.014338e-03
6.799700e-04
-3.715240e-03
-1.283183e-05
3.492527e-06
1.123970e-05
-1.734503e-05
5.878726e-06
8.048371e-06
-2.620739e-05
-1.069527e-05
-1.639849e-05
-6.057883e-11
-9.559867e-11
-1.519600e-10
4.001867e-11
4.528476e-11
-6.110865e-13
-1.704393e-10
-1.339456e-10
-1.276376e-10
3.653310e-03
1.182759e-03
-8.120536e-03
4.051731e-03
-1.649002e-03
-5.425597e-03
1.617430e-03
-1.119463e-03
-7.332059e-04
-1.038975e-10
-5.803020e-11
-3.312705e-11
-3.674706e-11
-5.956436e-11
-1.238455e-10
-1.877760e-10
-1.130099e-10
-1.092241e-10
-2.488799e-07
-1.761329e-07
5.278795e-08
-2.051686e-07
-2.972985e-07
-2.359680e-07
-4.745696e-07
-4.861417e-07
-4.830523e-07
-4.785070e-03
-2.212194e-03
-1.389787e-02
-1.107301e-02
-2.398686e-02
-3.241949e-02
-3.145818e-04
-4.817721e-03
-4.261944e-03
-3.319080e-10
-3.301895e-10
-3.537909e-10
-5.407010e-11
-7.222360e-13
-1.169242e-10
-4.715162e-10
-4.957446e-10
-5.238756e-10
1.044501e-10
5.719741e-11
1.673855e-10
1.421563e-10
2.990345e-11
5.033200e-12
1.534906e-10
1.033087e-10
1.231379e-10
-3.261688e-10
-2.870340e-10
-4.137740e-10
-2.597993e-10
-2.323217e-10
-2.767514e-10
-2.522340e-10
-2.428710e-10
-2.918564e-10
1.332807e-10
1.758488e-10
2.369135e-10
1.014127e-10
2.723410e-10
1.841332e-10
9.019818e-11
1.779873e-10
2.264301e-10
-4.019551e-10
-4.139183e-10
-6.420728e-10
-3.655281e-10
-3.657538e-10
-5.044766e-10
-2.619408e-10
-3.892075e-10
-3.234435e-10
-4.498770e-10
-3.681798e-10
-4.283837e-10
-2.336580e-10
-3.386681e-10
-3.599555e-10
-1.878455e-10
-3.345969e-10
-2.421823e-10
-1.763998e-10
-2.900276e-10
-1.952553e-10
-1.464843e-11
-1.998942e-10
-1.193240e-10
6.591071e-12
-1.048495e-10
-4.197903e-11
1.145618e-10
1.429364e-10
1.158356e-10
2.158376e-10
1.637089e-10
1.208453e-10
1.884880e-10
1.469282e-10
1.767108e-10
-6.124155e-11
-9.965211e-11
-8.811697e-11
4.450046e-11
-1.330425e-10
-2.230260e-10
5.203094e-12
-4.644291e-11
-1.364437e-10
-8.544979e-11
-6.240088e-11
-9.371798e-11
-2.620669e-10
-1.012704e-10
-2.137026e-10
-1.038536e-10
-4.048985e-11
-1.080371e-10
3.912668e-10
3.105057e-10
3.905716e-10
4.104896e-10
3.351595e-10
4.823421e-10
3.049828e-10
2.739110e-10
4.202458e-10
2.793127e-11
6.064291e-12
-3.502597e-11
1.148137e-10
9.730715e-11
4.278953e-11
1.969702e-10
4.450884e-11
-3.349214e-12
1.953884e-10
1.742430e-10
1.774950e-10
1.153232e-10
1.887678e-10
5.569015e-11
2.071841e-10
1.828623e-10
2.964315e-10
3.068177e-10
1.596580e-10
1.553866e-10
5.872999e-11
1.335868e-10
2.605605e-10
1.804436e-10
9.509160e-11
1.391539e-10
-6.123940e-11
-3.089980e-11
-8.874798e-11
-3.368052e-11
-6.851594e-11
-7.134791e-11
-6.841365e-11
-1.516180e-10
-1.242865e-10
5.861545e-11
2.937587e-12
-1.852679e-10
7.944168e-11
-1.854569e-10
-7.355971e-11
1.072730e-10
-8.720949e-11
-4.617449e-11
-9.530599e-11
-7.731681e-11
-1.484520e-10
-1.039795e-10
-2.428422e-11
-2.519413e-11
7.827224e-12
1.013330e-10
-1.256350e-10
-5.495407e-03
8.933864e-03
-3.285183e-03
-1.090914e-02
6.947862e-03
-9.729996e-03
6.004236e-03
4.894104e-03
6.482529e-03
3.387474e-03
-1.229637e-03
2.390882e-03
2.407691e-02
2.059966e-02
1.711544e-02
-1.686296e-02
-1.043641e-02
-7.672810e-03
-1.544801e-09
-1.340139e-09
-8.032122e-10
-1.380145e-09
-1.258172e-09
-6.774704e-10
-8.124487e-10
-1.488927e-10
1.753671e-10
-4.852224e-03
-5.309659e-03
-6.543691e-03
8.882653e-04
1.136789e-02
1.838559e-02
2.953974e-03
-5.389946e-04
-1.560468e-03
5.628027e-03
1.151108e-03
-1.583018e-02
1.473241e-02
7.653257e-03
-7.091510e-03
-2.985311e-03
5.627052e-03
-5.414967e-03
1.358997e-10
-8.721871e-11
9.626067e-12
1.657865e-10
-6.221359e-11
1.604682e-10
-6.159862e-11
-1.430886e-10
-2.150797e-11
-2.233830e-10
-2.170110e-10
-1.373205e-10
-2.660692e-10
-3.160902e-10
-1.608566e-10
-3.203471e-10
-3.540302e-10
-4.052363e-10
1.585474e-10
2.152235e-10
2.098123e-10
2.639466e-10
1.068462e-10
1.783016e-10
2.249482e-10
1.958714e-10
1.682166e-10
2.616767e-03
-7.337738e-05
6.683813e-04
2.686895e-03
-1.268094e-03
-1.430268e-03
2.298118e-03
1.848097e-03
-2.395701e-03
-1.743616e-05
-1.738565e-05
-5.017704e-06
-2.799636e-06
-2.460594e-06
5.371437e-06
1.669147e-06
1.892797e-07
3.370730e-06
-4.694118e-11
-1.064751e-11
-6.796366e-11
1.629644e-10
1.291390e-10
4.654111e-11
-3.685984e-11
-5.754875e-11
-1.222670e-10
6.855342e-03
4.776715e-03
7.423271e-04
1.853992e-03
3.378711e-03
2.703845e-04
1.005128e-03
2.636466e-03
-3.458897e-03
-2.394940e-10
-3.026629e-10
-3.705889e-10
-2.859629e-10
-2.442687e-10
-2.695837e-10
-1.740934e-10
-3.951014e-10
-2.553340e-10
-1.296302e-07
3.108873e-07
1.742967e-07
-4.657096e-08
1.142326e-07
5.610475e-08
-1.010306e-07
-3.070993e-08
-1.120863e-07
-6.024776e-03
4.517643e-03
-6.050030e-03
1.524837e-04
2.831626e-02
1.718054e-02
-5.588065e-03
4.715952e-04
-1.291452e-02
-4.140805e-11
-3.684322e-12
-8.655905e-11
1.133301e-10
1.183169e-10
-3.300244e-11
-8.390229e-11
-2.123747e-10
-1.719538e-10
-3.925188e-03
-6.153212e-04
-9.299965e-03
4.670156e-03
-7.821147e-04
1.246827e-02
-1.307549e-02
-1.185998e-02
-3.915997e-03
7.248463e-03
5.637982e-03
4.115990e-03
-5.272139e-03
8.744443e-04
-8.333744e-03
4.479524e-03
7.300209e-03
5.476090e-04
-8.233086e-10
-3.255093e-11
3.361523e-10
-1.255764e-09
-1.336279e-09
-1.725871e-09
-1.272521e-09
-1.777000e-09
-1.743691e-09
9.752878e-03
6.863852e-03
6.278313e-03
-1.754674e-02
-1.693347e-02
-2.143008e-02
1.453811e-02
1.614561e-02
1.186335e-02
7.003295e-03
-1.120589e-03
3.120937e-03
-8.135143e-03
-4.634719e-03
-1.212017e-02
-1.344302e-03
-2.262115e-03
7.016232e-04
-1.044056e-10
-1.294918e-10
-2.449883e-10
-4.867152e-11
-1.013928e-13
-1.879823e-11
-1.482103e-10
-7.396770e-11
-1.564331e-10
-5.836475e-11
-4.245343e-11
1.720707e-11
-1.271033e-10
8.608349e-11
1.121154e-10
-3.255530e-11
4.156294e-11
3.460485e-11
3.096023e-11
-6.870468e-12
7.746683e-11
9.687567e-11
1.896774e-11
-7.076562e-11
7.718835e-11
7.418684e-11
-1.437586e-10
4.640105e-04
-3.206172e-03
-1.605346e-03
9.485284e-05
5.508044e-04
-2.044263e-03
-2.059223e-04
7.278053e-04
-6.316316e-05
7.292631e-06
1.778746e-06
-1.197834e-05
1.383257e-05
-1.978366e-06
-8.028689e-06
1.252529e-05
-2.416020e-07
-1.162394e-05
-9.112436e-11
-7.152452e-11
-6.974702e-11
-8.508115e-11
8.767142e-11
1.422254e-10
-2.609668e-11
-5.208361e-11
9.734830e-11
7.554071e-04
-4.546914e-03
-3.647927e-03
-3.808056e-03
-3.925667e-03
-7.126540e-03
-4.136616e-03
-6.494087e-03
-4.919097e-03
4.597757e-11
1.216816e-10
-2.218748e-11
-4.785738e-11
1.244946e-10
-5.805420e-11
7.215700e-12
1.200268e-10
-7.518829e-11
-2.111065e-07
-8.777025e-08
-2.732098e-07
-1.470193e-08
-1.111084e-07
8.666507e-08
-3.564549e-07
2.885130e-07
1.288404e-07
1.535566e-02
1.285805e-02
1.129940e-02
-3.190783e-03
-7.933010e-03
-1.253963e-02
4.675490e-03
3.881549e-03
1.735925e-04
-2.268247e-10
-1.943092e-10
-2.130689e-10
-9.036581e-11
3.946099e-11
3.621159e-12
-8.252146e-11
-3.970342e-11
-9.522890e-11
-1.268884e-02
3.980236e-04
9.320137e-03
1.023474e-02
-6.958656e-03
1.135291e-02
-2.630962e-04
4.027216e-03
9.023185e-03
9.010834e-03
-1.401907e-03
2.042276e-03
-8.126549e-03
3.837354e-03
-1.169560e-03
1.553574e-02
7.840895e-03
1.995920e-03
2.997049e-09
-9.380807e-10
5.103448e-10
-4.717598e-10
-1.759744e-09
-2.565986e-09
1.833082e-10
6.035864e-10
2.071035e-10
1.686339e-02
1.826490e-02
1.325299e-02
-1.827647e-02
-1.382398e-02
-8.155002e-03
1.079252e-02
8.861231e-03
4.452952e-03
3.405603e-03
-5.798047e-03
6.332524e-03
-6.729560e-03
5.260099e-03
7.860580e-03
5.519692e-03
1.353431e-03
1.255275e-02
-6.122629e-11
-1.319897e-10
-8.118725e-11
-1.061905e-10
-1.519896e-10
-8.217436e-11
-6.441304e-11
-2.048905e-10
-1.383346e-10
1.506171e-11
2.739964e-11
-6.251542e-11
-1.037408e-11
-3.365320e-12
-1.268893e-10
-4.247869e-11
9.627687e-12
-4.649765e-11
-1.003189e-10
-3.487848e-11
-8.990391e-11
7.309549e-11
-3.638379e-11
-6.426062e-11
-5.371079e-11
-7.830989e-11
-1.222410e-10
-1.326640e-03
-1.612585e-03
-1.095831e-03
1.907203e-03
9.808481e-04
2.787779e-03
1.439940e-03
3.161891e-03
8.228745e-03
2.110441e-06
-8.315116e-06
-3.177332e-06
-1.021721e-05
1.623997e-06
-1.494517e-05
2.071897e-05
1.861899e-05
9.528189e-06
5.663403e-11
-5.842703e-11
-5.920459e-11
-6.876239e-11
3.250916e-11
-7.659964e-11
1.180835e-12
-9.055717e-11
-1.327875e-10
-2.222012e-03
-3.166423e-03
4.797520e-03
-1.645339e-03
6.410825e-04
5.219440e-03
-1.774906e-03
-2.955496e-03
8.926033e-03
-4.431124e-11
-1.658047e-12
-8.481622e-11
1.953380e-11
-4.789638e-11
-5.749779e-11
1.430064e-10
1.305898e-10
-3.481908e-11
-1.887154e-07
-1.799294e-07
6.321357e-07
-6.267116e-08
1.334015e-07
-4.298359e-08
-1.756107e-07
-2.159412e-07
6.015937e-07
6.596321e-03
3.526005e-03
3.983071e-03
-1.297513e-02
-1.438838e-02
-1.516403e-04
7.778584e-03
2.866875e-03
5.845312e-03
1.150765e-10
-4.275381e-11
-1.153672e-11
2.995898e-11
4.150941e-11
-8.954765e-11
-6.332378e-11
1.504470e-11
-7.243401e-11
-4.329239e-03
-7.509577e-03
-4.140397e-03
1.745445e-03
-5.293876e-03
4.185911e-03
-7.596804e-04
-6.439459e-03
4.079014e-03
3.728531e-03
2.158487e-03
7.748405e-04
-1.698999e-02
-8.908508e-03
9.006956e-05
-6.617611e-04
2.874508e-03
5.266611e-03
6.612921e-11
8.213888e-10
6.567527e-10
1.025552e-10
8.020404e-10
2.528175e-10
1.634653e-10
6.985226e-10
5.784909e-10
1.019581e-02
1.451098e-02
1.287670e-02
-1.662223e-02
-1.996802e-02
-1.533488e-02
-4.391767e-03
-2.431080e-03
-2.816123e-03
6.046346e-03
4.286755e-03
5.592438e-03
-1.917747e-03
-5.962494e-04
5.989820e-03
1.546811e-03
-1.796228e-03
3.063026e-03
-1.824829e-10
-1.355640e-10
-1.011753e-10
-8.412855e-11
-4.141959e-11
-6.421257e-11
3.343246e-11
-1.550474e-11
-2.863789e-11
1.423476e-10
1.721071e-10
1.667380e-10
1.469929e-10
2.489809e-10
9.925945e-11
1.461718e-10
1.970776e-10
1.627424e-10
-8.037974e-11
-8.776899e-11
-7.114067e-11
-1.225167e-10
-1.500394e-10
-1.774581e-10
-6.021571e-11
-1.278206e-10
-1.379293e-10
-1.807420e-03
1.049860e-03
5.961079e-04
-1.499086e-04
5.528734e-04
-4.679986e-04
3.910748e-04
7.055757e-04
2.666023e-03
-2.565702e-06
-4.999823e-06
-1.080982e-05
1.483049e-06
3.664739e-06
-2.254484e-06
-4.874078e-06
1.323472e-06
1.985425e-06
-5.015403e-11
-8.366515e-11
-1.761072e-10
-4.001363e-11
-1.591689e-10
-1.851553e-10
-8.272785e-11
-8.569097e-12
-1.695744e-11
7.720080e-05
-1.319538e-03
-3.820892e-04
3.019866e-03
-4.190893e-04
-6.816724e-04
4.688322e-04
-2.304340e-03
-5.714909e-04
1.119418e-10
1.233011e-10
2.104343e-10
1.016648e-10
2.508146e-10
2.043910e-10
1.801127e-10
2.833224e-10
2.578951e-10
-2.581650e-07
1.329627e-07
8.767601e-08
-1.940014e-07
2.080804e-07
9.778029e-08
-1.967040e-07
2.002200e-07
-6.882148e-08
7.505613e-04
3.173694e-03
1.429708e-03
-3.612987e-03
-1.154237e-02
-4.624570e-04
8.218534e-04
7.828727e-04
1.976050e-03
-3.663849e-11
9.481445e-11
3.209443e-11
-2.491403e-11
1.426784e-10
5.383567e-11
7.688177e-11
1.660065e-10
2.188536e-10
8.432301e-03
6.892074e-03
2.269959e-03
-1.242710e-03
5.376057e-03
4.439875e-03
9.364722e-04
4.278696e-03
8.984330e-03
-9.005010e-03
-6.922937e-03
-2.017915e-04
2.912960e-03
-4.228452e-03
3.660594e-03
1.558134e-03
-6.012389e-03
2.293605e-03
-1.694659e-11
-6.453307e-11
-2.805656e-10
9.160356e-11
1.618171e-10
-2.778465e-11
1.989923e-10
3.061113e-10
-1.001367e-10
-5.545623e-03
-6.891061e-03
-3.867360e-03
9.161388e-03
3.764829e-03
-4.178878e-04
-1.519791e-03
-2.368410e-03
-4.382669e-03
-1.115961e-03
-8.475846e-04
2.703895e-03
2.904380e-03
-2.468371e-03
1.833211e-03
-2.055822e-04
-4.440602e-03
-2.610542e-03
-9.908057e-11
6.608224e-11
-5.076245e-12
2.540772e-11
4.149883e-11
-1.727200e-13
7.047176e-11
5.547094e-11
4.309798e-11
-2.708204e-11
1.381918e-10
9.188231e-11
1.079983e-10
1.481915e-10
6.923307e-11
-7.330708e-11
-1.861946e-11
3.746062e-11
-7.016519e-12
5.738533e-11
-1.558807e-10
1.499280e-11
6.881129e-11
2.306848e-11
1.017305e-10
8.940564e-12
4.566281e-11
-1.147281e-03
-7.512938e-04
4.098475e-04
-3.532599e-03
-3.383457e-03
-1.823470e-03
-4.716221e-03
-5.473723e-03
-3.491979e-03
5.866261e-07
3.207237e-07
4.856480e-08
2.752197e-07
1.248525e-07
2.389728e-07
-1.320541e-06
-1.545258e-06
-1.479134e-06
3.827491e-11
-1.348156e-10
-8.049148e-13
8.649460e-12
-3.487995e-11
3.771902e-11
-8.702390e-12
-1.122264e-10
1.120786e-10
1.747900e-03
-1.019854e-03
-5.801583e-04
1.032751e-03
-1.138569e-03
-1.311471e-03
-1.500117e-03
-2.735433e-03
-3.612382e-03
6.214110e-11
-1.955486e-11
-6.548746e-11
8.781992e-12
-3.989062e-11
6.461905e-11
1.245532e-10
1.766754e-11
-5.362843e-11
-3.497720e-10
8.900356e-09
-1.631796e-08
-3.564103e-10
1.455963e-08
-1.770403e-09
-3.733996e-08
-1.657657e-08
-3.448404e-08
-8.454161e-03
-7.062078e-03
-6.145180e-03
6.248157e-03
3.781667e-03
-4.387154e-03
-4.077490e-04
3.989906e-03
-6.168652e-03
2.394304e-11
4.514395e-11
-3.155548e-11
-1.237751e-10
7.268139e-11
1.029678e-11
4.604719e-11
-4.888950e-11
1.539226e-11
-3.036484e-02
-4.290893e-02
-6.291886e-02
-1.039334e-02
-3.362684e-02
-3.908228e-02
7.853906e-02
6.925210e-02
5.021095e-02
2.107437e-02
-1.109127e-02
2.087201e-02
-3.883075e-04
-1.290167e-02
-1.467533e-02
-1.341011e-02
1.719289e-02
9.928714e-03
-6.218432e-11
3.395750e-10
7.253823e-10
4.106169e-09
3.133514e-09
1.246995e-09
4.641706e-09
8.192394e-09
5.245976e-09
-3.468905e-03
-5.387888e-03
1.269926e-02
2.824749e-02
8.304910e-03
-5.561836e-03
-1.976396e-02
-2.170624e-03
-1.630388e-03
1.337316e-02
1.461269e-02
-1.391133e-03
3.039876e-02
7.757377e-03
-2.141444e-02
-1.764094e-03
-1.181710e-02
-4.135894e-02
3.965953e-10
1.480673e-10
2.846143e-10
3.149977e-10
1.697478e-11
1.732565e-10
2.943604e-10
1.367393e-10
3.268233e-10
5.431293e-11
-3.089233e-11
4.076268e-11
-4.377025e-11
-9.498471e-11
-1.448127e-10
1.998535e-11
-8.953903e-11
-3.880355e-11
9.089494e-11
-7.487667e-11
1.179509e-10
9.601658e-11
-5.250121e-11
3.812733e-11
4.224374e-11
-4.466620e-11
-1.895434e-12
-2.113706e-02
1.740314e-03
-7.264677e-03
-5.090177e-03
1.455082e-02
-9.204596e-03
-2.015440e-02
-2.268538e-02
-3.626338e-02
-5.513630e-05
-3.612175e-05
-2.938137e-05
-1.805346e-05
-4.864953e-06
-4.697826e-06
1.397425e-05
5.404318e-05
5.677750e-05
4.975670e-10
2.670738e-10
4.482977e-10
2.566796e-10
9.415168e-11
8.438394e-11
4.021577e-10
2.063583e-10
2.865756e-10
1.521785e-02
2.007368e-02
2.120455e-03
2.815654e-02
1.178327e-02
-1.282746e-02
3.245654e-03
-2.414844e-02
-3.992318e-02
1.883368e-10
6.639052e-11
5.810008e-11
1.709002e-10
7.688741e-11
5.057351e-11
1.339351e-10
9.063384e-11
8.584435e-11
9.156928e-07
6.451000e-07
1.374623e-07
4.145899e-07
-4.856784e-07
4.839369e-07
1.799328e-07
4.023560e-07
6.024432e-08
-2.289928e-03
2.328143e-02
1.161544e-02
1.534448e-02
-6.057718e-03
-1.018877e-02
-7.514602e-03
-7.231240e-03
-3.098406e-03
6.297403e-10
2.171096e-10
2.657755e-10
4.683798e-10
1.372365e-10
5.141142e-11
5.007120e-10
1.006792e-10
3.340218e-10
