1.348726e-02
-2.900873e-02
1.362553e-02
-3.829129e-02
2.724477e-02
2.531344e-02
-9.156474e-03
4.044046e-02
-3.030580e-02
4.482597e-11
1.839258e-10
1.096521e-10
4.524326e-11
1.124671e-10
3.633444e-11
6.319567e-11
7.143158e-11
-6.394435e-12
9.334502e-04
-7.197768e-03
-5.025189e-03
-1.621829e-02
-1.864733e-02
-9.155413e-03
-2.059002e-02
-5.098837e-03
8.089152e-03
1.050438e-02
7.626600e-03
-1.309775e-02
1.362548e-02
-2.345565e-02
-8.424874e-03
-1.207291e-02
-3.484976e-03
1.890977e-02
-7.306936e-03
-1.880969e-02
-8.364855e-03
-9.649383e-03
-1.780494e-02
-1.599870e-03
-2.027411e-02
-8.830475e-03
1.633516e-02
-2.255448e-02
-6.561422e-02
-1.830173e-02
-6.646282e-02
2.259372e-02
5.953136e-02
-7.492099e-03
4.789806e-02
-2.348697e-02
1.929563e-02
4.228096e-03
-7.714209e-04
1.327217e-03
-1.033942e-02
-1.151176e-02
-5.584785e-03
-5.093220e-03
2.878182e-04
-1.897666e-03
4.991457e-02
-7.084922e-03
4.681566e-02
-3.274686e-02
-4.917468e-02
-1.249959e-02
-5.150397e-02
3.014043e-02
-2.658764e-02
1.994619e-02
2.990009e-02
-1.728619e-02
3.511432e-02
-1.679679e-02
2.957528e-02
-2.662913e-02
-2.477109e-02
2.453517e-02
-5.974169e-02
1.218341e-02
-6.920977e-02
-3.454002e-03
6.593999e-02
-3.673565e-02
4.887063e-02
5.295852e-03
5.871023e-11
-4.780001e-11
1.042022e-10
2.849120e-11
6.582840e-11
1.368977e-10
6.419657e-11
3.745955e-12
1.002241e-10
-2.800626e-03
-1.644835e-02
-8.479230e-03
-9.593250e-03
-2.124153e-02
-8.900466e-03
-7.949294e-03
-9.053065e-03
2.748191e-03
-8.001911e-03
7.495711e-04
-9.365847e-03
-2.899309e-03
8.930646e-03
-1.557197e-02
2.080861e-02
8.570615e-03
-1.301322e-02
-1.404732e-02
-1.478880e-02
-6.155390e-03
-7.588397e-03
5.189054e-03
1.045217e-02
2.932507e-03
2.920243e-03
-5.970184e-03
-1.580359e-02
-6.105607e-02
5.963271e-02
-4.851235e-02
4.227420e-02
3.421707e-02
4.261211e-02
3.425019e-02
-4.414604e-02
-2.407430e-02
-1.510484e-02
-1.358215e-02
-8.737649e-03
-2.298915e-02
-6.882392e-03
-1.453401e-02
-2.989665e-02
1.448077e-02
-9.061569e-03
-9.095276e-02
-2.521976e-02
3.627348e-02
1.147546e-01
7.435687e-02
-6.057615e-02
-6.952006e-02
-4.078409e-02
3.229485e-12
3.666106e-11
6.783896e-11
1.071549e-10
5.202676e-11
6.911783e-11
9.016900e-11
3.275540e-11
1.438838e-10
8.171871e-03
6.913680e-03
1.655017e-03
5.928837e-03
-2.538173e-03
-5.641879e-03
-6.571667e-03
-1.875283e-02
-2.223306e-02
3.278815e-03
2.493356e-02
8.112941e-03
9.689545e-03
-4.588768e-02
-2.657860e-02
-1.261921e-02
2.105972e-02
2.452157e-02
-7.956246e-03
-1.049983e-02
6.819548e-04
1.356002e-03
-1.181226e-02
-5.197233e-03
3.034282e-03
1.445964e-02
7.683255e-03
2.664439e-02
-3.198038e-03
-3.418859e-03
-4.556255e-02
1.183231e-02
-2.217086e-03
4.357629e-02
-2.323949e-03
-2.053194e-02
-3.211824e-03
-8.797791e-03
-9.068669e-03
1.504305e-02
5.690853e-03
1.235153e-03
1.652311e-02
1.033914e-02
4.144473e-03
4.727934e-02
7.555705e-02
3.857145e-02
-1.313340e-02
-1.397218e-01
-4.791782e-02
-2.519939e-02
3.172416e-02
-1.209382e-02
-3.384075e-02
-2.085055e-02
1.152024e-02
2.975864e-02
4.280890e-02
-2.919888e-02
-1.505364e-02
-2.542351e-02
2.740805e-02
-1.884743e-02
-1.140378e-01
-9.379512e-02
8.417509e-03
9.802537e-02
4.701582e-02
1.085096e-02
2.725945e-02
1.499050e-02
1.757941e-10
8.146853e-11
-3.769217e-11
4.092027e-11
5.955113e-11
-1.003745e-10
-6.063992e-11
-1.310618e-10
-3.719503e-11
-9.045318e-03
-4.671798e-03
-6.828377e-03
-5.446232e-04
-1.105861e-02
-6.127133e-03
1.262305e-02
7.477413e-03
1.108348e-02
2.202791e-03
1.501916e-02
1.721564e-02
-1.067096e-02
-7.990750e-03
-2.277045e-03
-9.777903e-03
-9.918679e-03
-2.708573e-02
2.453846e-02
2.800298e-04
1.793910e-03
-3.946883e-02
-1.984909e-02
-1.440407e-02
1.055786e-02
2.559871e-02
-1.697453e-02
6.335407e-04
-1.611986e-02
1.664487e-02
-5.987254e-02
5.260840e-02
8.462292e-03
3.119640e-02
-3.918690e-02
1.294337e-02
-2.836742e-03
1.369469e-03
-1.914287e-02
-1.471461e-03
6.519861e-03
-1.261552e-02
3.975934e-03
6.402969e-03
1.331734e-03
7.619913e-06
-6.423473e-06
3.199756e-06
-2.105426e-05
8.811960e-06
-2.045804e-06
-1.796842e-05
-1.365961e-06
-3.982457e-06
-2.653616e-11
-7.546024e-12
-2.140168e-11
3.417975e-11
1.215090e-11
5.844815e-11
4.343487e-12
9.189130e-11
4.960076e-13
-8.888927e-07
-8.975532e-07
-4.886911e-06
2.691280e-06
3.294660e-06
-2.345854e-06
3.768623e-06
3.255624e-06
-3.189092e-06
1.573153e-05
2.072392e-05
2.047014e-05
1.881258e-05
2.124027e-05
1.831205e-05
2.801499e-05
4.144127e-05
3.186515e-05
-6.567064e-06
-7.047851e-06
-9.636719e-06
-7.961879e-06
-9.017369e-06
-1.111800e-05
-7.039564e-06
-1.037869e-05
-9.431436e-06
-7.985030e-06
-1.501480e-05
1.783716e-06
-1.960555e-05
-9.104349e-06
8.521980e-06
-2.519853e-06
1.045217e-05
3.279207e-05
-2.657863e-06
-3.546713e-06
-2.898102e-06
-2.533036e-06
-3.801266e-06
-3.334773e-06
-2.944742e-06
-3.024055e-06
-1.463401e-06
-2.486342e-05
-1.693654e-05
-1.868386e-05
4.102025e-06
-2.272083e-05
-9.592674e-06
-2.663910e-05
-2.209916e-05
-2.712185e-05
-7.572407e-06
-4.804258e-06
-1.121609e-05
-3.616856e-06
-4.689334e-07
-2.423874e-05
9.057377e-06
1.331585e-06
-1.524202e-05
1.508395e-05
2.045286e-07
1.844623e-06
-1.585806e-05
3.423942e-06
5.050168e-06
-8.521945e-06
-1.896464e-06
-4.705020e-06
7.880529e-12
1.381216e-10
2.551847e-11
4.693288e-11
1.101073e-11
3.957851e-11
6.489877e-12
-3.292010e-11
1.003275e-10
5.551987e-06
7.935952e-06
6.585578e-06
3.878846e-06
5.957799e-06
5.100909e-06
-2.284150e-06
1.426577e-06
2.516006e-06
8.162449e-06
1.948879e-05
2.102113e-05
9.475981e-06
1.194873e-05
8.772319e-06
7.191981e-06
1.407313e-05
7.623781e-06
-5.379331e-06
-6.670849e-06
7.360144e-07
-9.154314e-06
-4.416143e-06
2.776455e-06
-2.114110e-05
-1.650062e-05
-1.190112e-05
-3.495958e-05
-1.827120e-05
-3.602876e-05
-6.402603e-05
-1.427618e-05
-2.343496e-05
-5.205222e-05
-3.677483e-05
-3.096590e-05
6.812312e-06
-3.539617e-06
9.233693e-06
4.945524e-06
-5.622125e-06
8.866723e-06
6.526631e-06
-4.811789e-06
7.953803e-06
2.266058e-03
-9.590555e-03
-3.444453e-02
-7.202907e-03
1.564981e-02
-3.951632e-03
-1.496484e-02
-1.536740e-02
2.989065e-02
7.111557e-12
-1.018415e-11
-2.963126e-11
5.249200e-11
8.923089e-11
1.968325e-11
-1.101014e-10
-3.896716e-11
-2.909032e-11
-2.798733e-03
-8.294470e-03
-1.069426e-02
-2.476768e-03
-5.008169e-03
-6.856442e-03
-1.303446e-03
2.347006e-03
-1.958008e-03
-9.592040e-03
-2.780337e-03
2.693309e-03
5.601730e-03
-9.626922e-03
-4.426830e-03
-6.322588e-04
-5.489836e-03
7.899795e-04
-8.974978e-03
-1.796919e-02
-7.053818e-03
7.931913e-03
-1.428524e-02
-9.714403e-03
1.414596e-02
-8.784357e-03
-7.177019e-03
-4.158670e-03
3.530366e-02
-6.571089e-03
-2.000733e-02
3.471273e-02
3.354628e-02
-1.866955e-02
2.704617e-02
-2.928549e-02
-2.774119e-03
-3.734507e-03
-1.819505e-03
-3.421506e-04
2.407258e-04
2.259160e-03
2.824815e-03
7.118271e-03
8.920365e-03
-4.100122e-02
-9.555804e-03
6.294779e-03
-7.090765e-03
-2.539119e-02
-5.481475e-04
3.263931e-02
-1.554217e-02
-9.633796e-03
-7.442585e-03
-9.726643e-03
-1.662670e-02
7.003730e-03
1.854391e-02
-2.447378e-02
2.276441e-03
8.125875e-03
1.475918e-03
3.218614e-02
-5.836835e-03
-4.813668e-02
-3.784457e-04
-2.582764e-03
-2.543951e-02
8.153161e-03
-6.686252e-03
-9.881889e-03
3.770037e-11
-1.738120e-11
-2.862735e-11
-5.544715e-12
-3.384274e-11
3.774138e-11
-8.300746e-12
-4.187632e-11
-2.574834e-11
9.477999e-04
-3.436138e-03
-3.962363e-03
5.032466e-03
-1.023399e-03
-5.413799e-03
3.344063e-03
-6.102621e-04
-3.846353e-03
-3.597907e-03
-1.008851e-02
-1.280338e-02
2.566312e-03
-5.075657e-04
-6.834559e-03
9.760810e-03
2.621557e-03
-9.880597e-03
5.633982e-04
9.400662e-03
5.085163e-04
2.809942e-03
1.665911e-02
1.727613e-02
7.709893e-04
1.195183e-02
-2.973432e-03
2.142766e-02
4.026005e-02
-2.184628e-02
-4.267247e-02
4.979348e-02
3.666076e-02
-2.845560e-02
2.227985e-02
1.137056e-02
1.334952e-02
-9.059292e-03
-2.850995e-02
1.205615e-02
6.078930e-03
-2.580095e-02
5.064934e-03
8.031528e-03
-2.943604e-02
-9.014132e-03
1.234169e-02
-6.799017e-03
4.616655e-03
-1.755778e-02
-1.691577e-02
-3.630067e-03
3.732769e-03
-1.460405e-03
6.267956e-11
-4.090944e-11
-3.931558e-11
1.690617e-11
6.689067e-11
6.951278e-11
-7.153029e-11
-9.545080e-12
5.679883e-11
-1.396482e-02
-1.896472e-02
-1.658713e-02
-2.416944e-02
-3.971819e-02
-3.561417e-02
-1.289326e-02
-2.111245e-02
-2.874935e-02
-7.079598e-03
-2.798639e-03
-4.163057e-03
5.915742e-03
2.217178e-02
1.821677e-02
9.631579e-03
1.294573e-02
1.903599e-02
-2.122755e-02
-4.419320e-02
-3.387793e-02
-2.804811e-02
-6.156823e-02
-4.437572e-02
-1.378061e-02
-4.151037e-02
-2.860628e-02
-4.069927e-02
-3.081957e-02
1.472009e-02
-1.017961e-02
8.400941e-03
7.378292e-03
-8.344181e-03
2.562797e-02
-1.325090e-02
3.444934e-03
-2.973187e-03
-5.554090e-03
1.343667e-02
7.700205e-03
4.360283e-03
2.188444e-02
2.191142e-02
1.646620e-02
-6.212011e-03
-1.607151e-02
1.504422e-03
1.599407e-02
7.990623e-03
-1.112311e-02
1.586878e-02
-2.042022e-02
-3.548516e-02
-1.737165e-02
-2.463257e-02
-9.954777e-03
-8.578147e-04
1.460901e-02
1.095803e-02
2.028977e-02
4.204147e-02
-8.052913e-03
-2.532220e-02
4.258358e-03
-1.064081e-02
8.993828e-03
1.160813e-02
3.226767e-04
1.101088e-02
1.418680e-02
1.839646e-02
3.585916e-11
-6.000670e-11
1.080456e-10
-9.654055e-11
-1.814960e-11
3.272758e-11
5.173605e-11
3.270397e-11
2.175189e-11
-2.055865e-02
-3.862879e-03
-4.803971e-03
-3.640634e-03
1.937185e-02
1.763483e-02
-3.471641e-03
1.481863e-02
1.524265e-02
-6.430413e-02
-1.419966e-02
1.347789e-02
-6.248491e-02
2.758186e-02
6.589592e-02
-4.620731e-02
2.001109e-02
4.088189e-02
-3.989024e-02
2.669689e-02
3.787619e-02
-7.150469e-02
2.870358e-03
6.627540e-02
-4.981307e-02
-3.513473e-02
1.764175e-02
5.709853e-03
1.623359e-02
-2.108093e-02
-5.819402e-04
6.800170e-03
2.050466e-02
-4.653844e-02
-1.125756e-02
2.827152e-02
-1.701182e-02
-1.119793e-02
5.568933e-03
-8.053225e-03
-2.180031e-03
-2.456985e-03
-2.390626e-03
7.152414e-03
-1.562887e-03
-1.379190e-03
-8.989349e-02
5.802570e-02
-6.757763e-03
5.723049e-02
-9.605274e-03
-1.216804e-02
-5.047392e-02
1.418911e-02
9.447746e-11
3.004684e-11
-1.176398e-10
3.301470e-11
-2.629321e-11
-8.648408e-11
-1.137947e-10
4.592414e-11
-5.713066e-11
2.218321e-03
7.767591e-04
-8.942052e-04
9.640022e-04
2.027505e-03
9.118705e-03
-1.254626e-03
4.232213e-03
2.343512e-02
-2.288597e-02
-4.344534e-03
1.138791e-02
2.003436e-02
-6.310200e-02
2.265065e-02
-1.307870e-02
4.471403e-03
1.223380e-02
-1.596003e-02
-2.558793e-02
2.212380e-03
-9.901041e-03
-2.166107e-02
-1.135055e-02
3.950813e-03
2.069393e-02
3.701802e-04
1.235719e-02
8.958871e-03
-3.128557e-02
-3.532536e-02
5.905085e-02
-3.612427e-02
7.875619e-03
-3.538280e-02
4.683971e-03
-5.032573e-03
-6.284327e-03
-3.432269e-03
-2.668147e-03
-2.854278e-03
-3.279284e-03
-5.684283e-03
-2.215518e-03
1.430747e-03
1.209356e-02
-1.738242e-02
2.983817e-02
3.392581e-02
-1.200026e-01
6.647541e-02
1.693853e-03
3.614894e-02
-2.555021e-02
-1.676348e-02
9.842678e-04
3.432477e-02
-1.042210e-02
1.473146e-02
-4.309840e-02
8.158466e-03
-4.018296e-02
1.235967e-02
2.233708e-02
-4.010168e-02
2.207727e-02
1.991396e-02
6.869598e-02
1.208674e-03
-1.981572e-02
-6.490104e-02
-1.531422e-03
4.446766e-12
-3.232901e-11
-9.629011e-11
-4.325775e-11
-6.992271e-11
-1.469273e-11
4.292277e-11
-1.125416e-10
-8.391458e-11
-5.468988e-03
-4.855480e-03
-3.362817e-03
-7.883813e-04
-6.284436e-03
1.759017e-03
7.736444e-03
9.873066e-03
1.489578e-02
4.598759e-03
2.536020e-03
3.269739e-03
1.478323e-02
8.711365e-03
3.169893e-02
-2.950164e-03
-1.036672e-02
-1.023237e-02
7.422350e-03
2.366616e-03
2.019249e-03
-2.431815e-02
-9.744394e-04
-1.579636e-02
-3.312981e-03
2.183901e-02
-9.516735e-03
-9.547624e-03
-2.644790e-02
-8.453312e-03
-7.576873e-02
1.092010e-01
-1.023977e-01
2.188764e-02
-3.859229e-02
1.080787e-02
1.385250e-02
-1.779817e-02
-3.160682e-02
-2.625418e-03
-1.413294e-02
-1.462724e-02
1.419227e-02
-1.675045e-02
-1.337539e-02
-2.641648e-02
-2.908523e-02
-3.141718e-02
2.632201e-02
1.806490e-02
3.606802e-02
7.748942e-03
6.018639e-03
-7.720752e-03
7.529771e-12
6.964215e-11
-6.410633e-12
-2.807374e-11
-9.759120e-11
-3.791751e-11
7.210856e-13
2.711246e-11
5.087659e-11
-9.232185e-04
2.519987e-04
3.997982e-03
-3.114489e-03
-2.689674e-03
9.851842e-04
4.849128e-03
4.404395e-03
6.756774e-03
2.428612e-02
2.479782e-02
2.835597e-02
2.759554e-02
2.613185e-02
2.906322e-02
4.158725e-02
3.156675e-02
3.439415e-02
-6.436421e-03
-4.240694e-03
-8.621966e-03
-7.379041e-03
-5.070452e-03
-6.845111e-03
-8.803008e-03
-6.396491e-03
-7.470144e-03
-1.355172e-02
-9.709368e-03
-2.677044e-03
1.408478e-02
8.719469e-03
-1.269646e-03
-6.012825e-03
9.600568e-03
2.021665e-02
-1.102280e-04
1.017784e-04
4.826401e-05
-4.398560e-03
-4.658714e-03
-4.752333e-03
2.417415e-03
1.094069e-03
5.849394e-05
9.599988e-03
7.222318e-04
-9.855523e-04
1.365074e-02
5.646777e-03
-6.600823e-03
-1.059572e-02
-2.122576e-02
-3.549373e-03
5.323794e-03
5.994475e-03
2.199543e-03
-1.856149e-02
2.927105e-03
1.332205e-02
-9.258130e-03
-6.283644e-03
-9.252136e-03
5.456839e-03
1.122676e-02
4.050968e-03
2.305054e-02
2.376542e-02
3.357625e-02
-5.490810e-04
-2.235185e-02
-2.533612e-02
6.314594e-11
4.469888e-11
2.970034e-11
-1.134936e-10
-2.116613e-11
-7.104843e-13
1.793825e-11
4.125078e-11
1.736762e-11
-5.204436e-03
-4.040766e-03
-8.837618e-03
-8.669365e-04
-3.532795e-05
-4.408388e-03
4.629056e-03
4.529114e-03
5.044637e-04
7.885388e-03
4.943040e-03
-1.650231e-03
9.873200e-03
8.180592e-03
-1.317504e-03
5.411932e-03
8.162725e-03
4.860955e-03
-9.573819e-03
-1.081073e-02
-3.285638e-03
-3.623376e-03
-7.201346e-03
-3.497635e-03
-4.260432e-03
-2.008849e-03
6.192805e-03
-1.802305e-03
-1.268056e-02
7.405185e-03
2.590077e-03
-6.332600e-03
9.095378e-03
-1.114438e-03
-4.235338e-03
1.136224e-02
2.023815e-03
6.742626e-03
2.649335e-03
-2.442211e-03
1.744418e-03
1.844174e-03
1.725937e-03
3.097849e-03
3.930584e-03
-1.670612e-02
-1.397231e-03
1.545065e-02
6.435012e-03
5.061692e-03
-2.008423e-02
3.206665e-03
2.140819e-03
-2.004548e-03
1.022026e-10
4.764814e-11
-1.100792e-11
-7.075678e-11
7.393808e-11
-4.869194e-11
1.726159e-11
-1.023334e-11
4.196948e-11
1.782713e-02
6.301067e-03
-2.106425e-03
7.741929e-03
-2.551311e-04
-8.692785e-03
4.911368e-03
2.048080e-03
-3.637310e-03
1.123216e-02
-1.175757e-03
6.887218e-03
2.061646e-02
3.011427e-02
6.349518e-03
8.017918e-03
9.172606e-03
2.010049e-03
-1.525473e-02
-1.300173e-03
-1.891268e-02
-2.079593e-04
1.026874e-02
-2.492303e-02
4.165200e-03
7.636983e-03
-2.024149e-02
-2.155125e-02
-2.676412e-02
5.943644e-03
-5.805598e-02
-1.100878e-01
-6.138048e-02
-8.322372e-02
-1.005317e-01
-7.108361e-02
9.692354e-03
8.153833e-03
-1.242142e-03
2.187417e-03
-4.705714e-03
-1.380570e-02
5.231903e-03
-6.082251e-03
-1.655939e-02
1.386214e-02
6.076964e-03
1.505142e-02
1.498922e-02
-1.825737e-02
-3.412552e-02
7.923397e-03
1.228764e-02
-4.022016e-02
-1.701437e-02
-7.182887e-03
1.606168e-02
-6.063893e-03
3.640052e-03
1.342990e-02
-2.215351e-03
1.557151e-03
-6.548316e-03
-8.442573e-03
-1.916526e-03
1.519148e-02
3.469526e-02
-2.429667e-02
-3.389274e-02
-2.282526e-02
-3.614855e-02
-1.764921e-02
-9.035203e-11
-7.393740e-11
-6.173383e-11
-1.655470e-10
-2.229592e-11
-1.222400e-10
4.217016e-12
7.637757e-12
-6.249262e-11
1.457588e-02
9.047807e-03
-1.955354e-03
1.651093e-02
6.048106e-03
-1.688965e-02
1.239686e-02
3.367584e-03
-1.615473e-02
-1.228868e-02
-2.266890e-03
-8.662342e-03
-6.981760e-03
-4.748316e-03
-1.754214e-02
1.895583e-02
1.534270e-02
-1.652842e-02
-3.293895e-03
-1.378535e-02
-1.590012e-02
8.158290e-03
-2.720628e-03
-4.032644e-03
-1.517070e-02
-7.325551e-03
6.185345e-03
4.480437e-03
-2.841667e-02
1.235848e-02
-1.496511e-02
-4.095474e-02
-1.355936e-02
-4.679572e-03
-1.451786e-02
-2.282995e-02
-8.722632e-03
-5.480000e-02
-7.150842e-03
-1.414358e-02
-5.065102e-02
-2.146314e-02
-2.032513e-03
-5.011972e-02
-1.560313e-02
-8.389078e-03
-1.499945e-02
-2.274290e-02
-1.017842e-02
-3.395538e-03
2.853755e-02
-2.900212e-02
-2.115702e-02
-1.942743e-02
1.067493e-11
3.878057e-11
3.054241e-12
8.482023e-11
8.267468e-11
-6.302127e-12
8.630349e-11
1.025163e-11
7.703205e-11
2.227497e-02
3.169424e-02
2.473415e-02
2.860244e-02
4.054795e-02
3.626779e-02
3.092056e-02
4.368798e-02
3.777568e-02
1.402184e-02
2.671740e-02
1.387779e-02
1.999395e-02
5.212099e-02
3.546242e-02
-1.232640e-02
1.436725e-02
-3.265976e-03
-5.802909e-03
-1.161536e-02
-1.183333e-02
-1.886518e-03
-3.075192e-03
-9.885869e-03
-4.462564e-03
-1.688299e-02
-2.115658e-02
-4.061487e-03
5.394334e-03
-2.728501e-02
4.056736e-02
1.870489e-02
-3.992289e-02
2.347826e-02
2.120891e-02
-3.564120e-02
8.437247e-03
2.172093e-02
3.182691e-02
1.262367e-02
2.339775e-02
3.458093e-02
2.178672e-02
2.673741e-02
3.488286e-02
-3.585545e-02
-2.951481e-02
-1.335689e-04
-3.324953e-02
-2.424053e-02
-2.140949e-02
1.046032e-02
1.628934e-02
4.528458e-02
3.512659e-03
-5.382366e-03
-1.546172e-02
3.698115e-03
1.208022e-02
6.547871e-03
-1.458188e-03
-4.533357e-03
-2.071307e-02
-2.729738e-02
-7.546311e-03
-4.419151e-03
-1.909576e-02
-6.442170e-03
9.740443e-03
-2.210041e-02
-5.117107e-02
-4.084589e-02
1.362084e-10
9.576032e-11
3.562143e-11
4.911682e-12
1.449972e-10
1.589134e-12
1.035907e-11
4.432056e-11
4.154556e-11
7.660002e-03
1.328996e-02
6.499603e-03
1.153617e-02
2.316412e-02
1.377289e-02
-6.212363e-03
3.691766e-03
-5.421360e-03
-1.071965e-02
5.136642e-03
1.054493e-02
-8.253003e-03
1.288606e-02
1.575625e-02
-2.282772e-02
3.884308e-03
1.171753e-02
-8.001022e-03
1.991582e-02
1.550845e-02
-9.250940e-03
1.244780e-02
2.097669e-02
1.033820e-03
3.095626e-03
1.572875e-02
-1.252034e-02
9.018865e-03
-1.384491e-02
-6.654925e-03
3.677664e-03
2.493263e-02
-2.572499e-02
1.856166e-03
-6.660451e-03
-7.653980e-03
-4.554422e-03
1.825057e-02
-8.757057e-03
-8.011090e-03
1.679732e-02
-9.428008e-03
-7.820620e-03
1.270771e-02
-4.724732e-07
-4.397198e-07
-3.678503e-07
-5.305851e-07
-6.746055e-07
9.316097e-07
8.699449e-08
5.591124e-07
5.069086e-07
9.525775e-11
4.330940e-11
-1.396812e-11
-4.532107e-13
6.194880e-12
4.216933e-11
1.903988e-10
1.196588e-10
3.745989e-11
-2.451119e-08
-6.949533e-08
1.384134e-08
-3.632484e-08
-8.209724e-08
-9.913212e-08
-2.941771e-09
-2.002573e-07
-2.435025e-07
3.983992e-07
1.497138e-07
3.312742e-08
2.274203e-08
-1.061467e-07
-2.711361e-08
2.080467e-08
8.207594e-08
1.779763e-07
1.963554e-08
6.943076e-08
2.475112e-07
-5.030361e-09
-1.111738e-08
1.830523e-07
-7.161395e-09
2.690292e-08
1.529199e-07
1.385417e-06
1.522254e-06
2.324223e-06
3.367261e-07
1.146812e-06
1.046480e-06
7.244929e-07
1.078693e-06
3.369751e-07
1.061757e-07
2.647947e-07
3.438248e-07
2.205455e-07
3.448542e-07
3.158731e-07
3.258686e-07
3.958258e-07
3.061659e-07
5.392525e-09
1.768481e-06
1.593541e-06
3.161661e-07
6.307362e-07
2.095196e-07
-9.086290e-07
-1.104119e-06
-2.645946e-07
5.409991e-07
2.659807e-07
-3.372356e-07
4.391227e-07
3.292052e-07
-5.207354e-07
1.294296e-06
5.655975e-07
-2.238581e-07
2.928319e-07
6.555894e-08
-9.514083e-07
-5.068199e-07
-7.967161e-07
-8.155149e-07
9.657152e-07
1.503761e-06
5.064481e-07
-4.237863e-11
-2.483864e-11
4.222746e-11
2.026443e-11
3.101799e-11
-5.562111e-11
-8.244411e-11
-5.781248e-11
-3.733256e-12
5.799962e-08
8.107224e-08
8.465435e-08
7.053988e-08
6.765553e-08
4.078193e-08
1.006180e-07
8.786084e-08
8.428605e-08
8.289295e-08
3.592756e-07
2.954132e-07
7.637380e-08
9.377868e-08
4.574580e-08
2.624068e-07
1.691003e-07
1.812288e-07
-5.317510e-07
-3.808652e-07
-6.746299e-07
-2.144426e-07
-3.700272e-07
-5.625301e-07
6.000599e-07
2.629554e-07
-4.030364e-07
8.297831e-07
-2.764092e-07
1.045446e-06
1.789398e-07
-4.788882e-07
7.526729e-07
1.506662e-07
5.776390e-07
-5.686114e-07
3.253955e-07
2.391870e-07
-1.136644e-07
2.069505e-07
2.055976e-07
4.672281e-09
1.215870e-07
1.152351e-07
1.066523e-07
9.160744e-04
1.342955e-02
1.830148e-02
-1.382858e-02
-2.236742e-03
1.423280e-03
-2.561051e-02
-5.388475e-03
-7.104394e-03
-6.881534e-11
1.964674e-11
1.458227e-11
-8.269682e-11
-7.141903e-11
5.224273e-11
-9.234118e-11
1.125866e-11
2.231921e-11
8.211175e-03
9.145025e-03
1.155330e-02
5.887993e-03
-4.545582e-04
5.043815e-04
9.239206e-03
2.912107e-03
1.886165e-03
2.175101e-02
1.162369e-02
2.247815e-02
1.517951e-02
1.485370e-02
2.441481e-02
6.182291e-03
1.816275e-02
2.589135e-02
-5.951179e-03
2.682454e-04
1.666074e-04
2.492815e-03
6.277891e-03
2.015483e-03
-1.390944e-03
4.805631e-03
-2.066895e-04
-4.348656e-02
1.324376e-02
1.580072e-02
-4.924072e-02
1.281931e-02
2.835668e-02
-1.882873e-02
6.298643e-03
-1.426287e-02
1.978966e-03
2.711296e-03
1.816811e-03
-1.751021e-03
-8.290020e-04
6.982417e-05
6.498409e-04
-2.282633e-04
-7.102627e-04
-1.964784e-02
-3.402198e-02
9.111183e-03
-4.180842e-02
-5.626841e-02
-2.918648e-02
-1.621149e-02
-1.602108e-02
-7.211304e-03
7.399499e-03
4.701342e-03
1.019045e-02
-6.261311e-03
4.837612e-04
6.260629e-03
9.953894e-04
-8.524146e-03
-5.586482e-03
-1.112993e-02
-1.031582e-02
-4.946626e-03
-1.373659e-02
1.390347e-02
-6.846974e-04
1.060724e-02
3.721055e-02
1.329594e-02
5.879332e-11
-8.309475e-11
-5.514537e-11
5.295734e-11
1.882341e-11
6.941920e-11
-8.248743e-11
-3.629915e-11
6.118664e-11
8.708259e-05
3.391474e-03
9.108553e-03
3.145259e-06
4.115150e-03
1.009750e-02
7.241029e-03
1.228967e-02
1.811809e-02
-5.696170e-03
-6.673129e-03
-1.501053e-03
-7.564510e-03
-1.276369e-02
-1.235880e-02
-2.217796e-03
-8.892898e-03
-1.768051e-02
1.181971e-02
1.370801e-03
-1.047156e-02
1.383928e-02
5.869602e-03
-9.418287e-03
2.002301e-02
8.998064e-03
-4.789066e-03
1.720353e-03
1.388832e-02
-1.426036e-02
-1.456867e-02
1.085254e-02
-5.212531e-03
4.800577e-03
1.727656e-02
-6.489865e-03
-1.081724e-05
1.006316e-02
-2.212182e-02
2.383072e-03
1.682831e-02
-1.639469e-02
6.348142e-03
2.992979e-02
-6.093624e-03
6.512598e-03
-2.616796e-02
1.077734e-02
-6.321615e-03
1.035365e-02
-6.992886e-03
-1.856503e-02
-9.918135e-03
-1.883081e-02
-6.939440e-11
-6.085851e-11
9.607592e-12
4.700155e-11
5.145243e-11
-4.863785e-11
2.055010e-11
-5.331143e-11
4.077900e-12
-5.362710e-02
-5.195326e-02
-3.600533e-02
-4.737336e-02
-4.321282e-02
-3.145661e-02
-4.822422e-02
-4.473933e-02
-2.974203e-02
1.705425e-02
1.891695e-02
2.059708e-02
7.387594e-04
-2.610207e-03
5.733003e-03
-3.039971e-05
-5.388558e-03
-2.423275e-03
-1.686988e-02
-6.490517e-03
-9.829312e-03
-1.778435e-02
-4.294247e-03
-9.387859e-03
-1.373921e-02
-9.728372e-03
-8.887600e-03
-2.473657e-03
5.085991e-03
-1.002469e-02
-3.553450e-02
-1.414587e-02
1.944437e-02
-4.545638e-02
-1.447502e-02
4.551855e-02
2.080415e-02
2.116230e-02
2.669773e-02
8.414305e-03
7.706969e-03
1.102744e-02
6.324920e-03
2.704727e-03
2.768720e-03
-4.175563e-03
-5.250762e-03
-1.744901e-02
-1.965668e-02
-3.774462e-02
8.127769e-03
-1.704268e-02
-1.375288e-02
1.261504e-02
4.259101e-02
1.617400e-02
-2.435876e-02
4.200641e-02
-4.456474e-03
-4.620645e-02
1.290668e-02
-1.980199e-02
-6.465701e-03
-3.164627e-02
-6.240840e-02
-1.535203e-02
-2.039175e-03
-4.003809e-02
-2.225655e-02
3.210095e-02
2.344496e-02
1.656669e-02
9.864776e-11
4.156629e-11
1.216742e-10
-8.887325e-11
-7.189082e-11
-8.057432e-11
-7.569580e-11
-8.987754e-11
-4.829554e-11
2.688218e-02
2.104631e-02
2.340894e-02
1.118889e-02
-1.674155e-03
3.140054e-03
7.269573e-03
-1.969953e-03
-2.913524e-03
2.753004e-02
2.283015e-02
1.736775e-02
2.856241e-02
-2.445542e-02
-4.284582e-02
1.681885e-02
-2.442519e-02
-3.131431e-02
-1.166019e-03
-4.507574e-02
-4.388092e-02
2.511438e-02
-1.977354e-02
-5.243323e-02
3.609485e-02
3.732766e-02
5.666570e-04
-1.590165e-02
-1.525757e-02
2.446824e-02
-1.195115e-03
-2.765653e-03
7.559162e-04
2.943368e-02
-2.685788e-02
-3.779369e-02
-4.833208e-04
-3.045304e-03
4.270907e-03
-7.438269e-03
-5.543103e-03
-5.472886e-03
-1.354925e-02
-5.120514e-03
-1.083984e-02
4.908973e-03
3.668287e-02
-3.693550e-02
-1.357939e-02
-3.204810e-02
4.204484e-02
3.082725e-02
-1.103216e-02
-2.407065e-02
-1.157916e-10
-1.100637e-10
3.490811e-11
-3.083564e-11
-1.946112e-11
-7.355662e-11
-4.914272e-11
-1.037641e-10
2.327059e-11
-3.436689e-03
-1.231361e-02
-1.751578e-02
-2.251674e-03
-8.376196e-03
-1.594062e-02
8.001572e-03
1.489916e-02
4.641728e-03
-1.578349e-02
-1.479621e-02
-7.154252e-03
1.097414e-02
3.994778e-02
-1.902086e-02
-4.647269e-03
-1.067181e-02
1.969571e-03
-5.122620e-03
1.514750e-02
-2.845326e-02
2.448002e-03
3.122879e-02
-2.966256e-02
-7.963790e-03
9.698607e-03
-1.338918e-02
-7.910298e-03
-4.117182e-02
7.376372e-02
3.108149e-02
-1.440534e-01
6.095567e-02
2.405385e-02
-1.370054e-02
3.240179e-02
-3.357879e-03
-1.382846e-03
-4.927798e-04
-4.900538e-03
-3.855072e-03
-9.182151e-04
-9.531333e-04
5.848627e-03
1.551945e-02
4.122045e-03
-4.458371e-02
-2.642956e-02
3.938975e-02
6.410699e-02
-1.183245e-01
8.480730e-03
1.979455e-02
-2.184030e-02
9.423067e-03
-2.456816e-02
-2.203767e-02
2.476598e-03
3.109686e-02
4.694983e-02
5.637399e-03
-7.397643e-03
-4.580804e-02
4.514320e-02
2.504779e-02
-4.389741e-02
-9.641642e-03
-4.131552e-02
4.823305e-02
-1.642386e-02
1.542981e-03
3.232246e-02
1.087405e-10
1.328553e-10
-1.262521e-11
4.291757e-11
5.908793e-11
9.724254e-12
8.502946e-11
1.039820e-10
-1.702042e-11
-4.897907e-03
-1.486014e-02
-2.127689e-02
9.285195e-03
-3.213984e-03
-1.914040e-02
1.685069e-02
3.461762e-03
-4.102579e-03
-9.177930e-03
-2.117078e-03
4.820921e-03
1.223515e-02
1.452877e-02
-1.025752e-02
6.158885e-03
2.419166e-02
2.892380e-03
-4.977143e-03
-5.455180e-03
-9.591375e-03
9.626096e-03
-7.933094e-03
-3.433632e-03
-1.770109e-02
-6.283951e-03
1.073508e-02
5.315834e-03
-8.988724e-03
1.039472e-02
2.235045e-02
-1.141907e-01
5.792093e-02
7.162678e-03
-2.423291e-02
-1.134757e-02
-4.363102e-03
-8.507393e-02
3.059092e-02
1.129263e-02
-6.943624e-02
2.304143e-02
-3.877640e-03
-5.937503e-02
2.453368e-02
-1.716411e-02
-2.590627e-02
-1.004808e-02
1.383260e-02
1.051074e-02
-1.750464e-02
-1.212091e-02
5.458479e-03
-2.959979e-05
1.338249e-11
-2.789198e-12
6.779512e-11
4.779893e-11
6.827893e-11
-4.223845e-12
-1.035081e-11
-4.794022e-11
2.664351e-11
8.360959e-03
-2.073344e-04
3.994173e-03
-2.507995e-03
-1.631958e-02
-7.088843e-03
-2.498396e-02
-3.953711e-02
-2.222077e-02
3.298907e-03
2.636577e-02
2.154937e-02
7.609613e-03
-1.854593e-02
4.420830e-03
1.732314e-04
-1.174215e-03
1.587454e-02
4.642785e-02
5.324115e-02
2.872811e-02
4.435286e-02
3.880665e-02
4.190218e-02
1.125401e-02
1.855717e-02
3.370696e-02
-4.612042e-02
-4.466738e-02
-1.010378e-02
-8.736521e-02
3.563360e-02
3.262566e-02
-9.884296e-03
5.605572e-02
2.467915e-02
9.545230e-03
-5.921299e-03
-1.271083e-03
-8.396984e-03
-2.316486e-02
-1.573986e-02
-1.162183e-02
-1.735530e-02
-7.169619e-03
8.099071e-03
3.320880e-02
5.076556e-04
2.370416e-03
1.205490e-02
1.975963e-02
-3.467197e-03
-3.470290e-02
-8.426894e-03
1.039560e-02
-5.195708e-03
-2.510430e-03
9.606881e-03
-1.258459e-02
-2.083446e-02
-7.980991e-03
5.968349e-03
1.272862e-02
-5.088362e-02
-1.385043e-01
-4.300824e-02
-3.362527e-02
-4.266362e-02
-4.624636e-02
5.744511e-03
2.850473e-02
-1.505812e-02
-3.937523e-11
3.670591e-11
1.668101e-10
7.304287e-11
-9.346180e-11
-7.001315e-12
2.544307e-11
1.190209e-10
2.554977e-11
1.319017e-02
1.279878e-02
1.516744e-02
-3.520091e-04
-7.384241e-03
3.022335e-03
-6.592546e-03
-1.351969e-02
-3.832492e-05
-2.881140e-03
1.560689e-02
1.200064e-02
4.189987e-03
1.404333e-02
5.041587e-03
1.588778e-02
1.170741e-03
-5.708467e-03
-9.635922e-03
-1.404204e-02
-2.918356e-03
1.010933e-03
1.322976e-02
4.440881e-03
5.724137e-03
2.994190e-02
2.033029e-04
-1.932883e-02
-1.273808e-02
5.855603e-04
6.675893e-04
2.875371e-02
1.430862e-03
-1.438428e-02
1.677730e-02
-1.895717e-02
-2.607639e-02
1.444631e-02
3.501632e-02
-7.290498e-04
8.928868e-03
1.368311e-02
1.944588e-02
2.023306e-02
3.331469e-03
-2.096947e-02
-5.097400e-02
6.111487e-02
1.795320e-02
-3.688711e-02
-3.779052e-02
4.041081e-02
3.214664e-02
-1.822060e-02
1.044375e-10
3.355025e-11
3.460552e-11
-3.971871e-12
1.726776e-12
5.780125e-11
5.612158e-11
-3.676416e-11
-3.511643e-11
5.152264e-04
-9.906839e-04
-8.065424e-03
-2.571037e-03
4.391517e-03
5.197106e-03
-1.685100e-02
-1.061266e-02
-4.781322e-03
-7.786636e-04
2.792577e-03
3.889099e-03
-2.351082e-02
-2.169469e-02
-4.359968e-03
1.918637e-03
-1.514198e-02
-2.336203e-02
-1.327402e-02
-4.842762e-03
-7.066979e-03
-1.892799e-02
-1.391449e-02
-4.214110e-03
-1.281927e-02
-1.749801e-02
-1.049479e-02
-6.383060e-03
-2.383027e-02
-3.681017e-02
1.724061e-02
1.987336e-02
-5.247307e-03
-3.354533e-02
1.308049e-02
3.269437e-02
-1.427593e-02
-3.790014e-03
1.039983e-02
-8.513472e-03
3.736675e-04
1.558212e-02
-1.350720e-02
-1.360880e-02
-2.545875e-03
2.221148e-02
4.517966e-02
-4.189830e-02
-4.571585e-02
2.446431e-02
3.937799e-02
-3.648074e-02
-4.727465e-02
4.625553e-02
-2.647953e-02
-1.410341e-02
2.549664e-02
3.466115e-03
-3.409247e-02
-9.146329e-03
6.283693e-02
-1.741292e-03
-3.619920e-02
-5.356872e-02
-2.722056e-02
7.133511e-02
4.960761e-03
-5.825795e-02
-3.709280e-03
3.504282e-02
-2.474789e-02
-3.674373e-02
-6.079257e-11
2.544970e-11
-1.307009e-10
-8.935594e-11
-8.982266e-12
2.215984e-11
-1.375605e-10
-5.801498e-11
-1.318601e-10
-3.780151e-03
-3.072728e-03
3.522909e-03
-3.625725e-03
-5.327461e-03
-3.793040e-03
-5.538015e-03
-4.647446e-03
-6.303700e-03
4.685715e-03
-7.520472e-03
-1.574007e-02
7.450900e-03
9.344547e-03
2.068858e-03
-6.883730e-03
1.156415e-02
1.818110e-02
1.290236e-02
-1.214520e-02
-1.119930e-02
1.903528e-02
2.750596e-02
-3.116814e-02
-2.774199e-02
2.424045e-02
7.035200e-03
-1.869994e-03
-6.412305e-02
1.813456e-02
3.893728e-02
-1.970978e-04
-5.953934e-02
-1.526694e-02
4.627322e-02
1.051592e-02
-2.126589e-02
1.215183e-02
-1.833795e-04
-1.527270e-02
-5.828638e-03
-2.000926e-03
-1.302859e-02
-2.813376e-02
-2.732770e-02
1.541126e-03
-2.209809e-02
3.814838e-04
-8.769903e-03
-1.046684e-02
1.896628e-02
1.498069e-02
8.466007e-03
-1.130625e-02
-2.381121e-11
-1.218016e-11
1.498065e-11
2.231559e-11
-5.460917e-11
-4.714282e-11
-1.063886e-10
1.882689e-11
-7.117232e-11
1.134294e-02
4.051057e-03
8.447905e-03
-2.367655e-04
-2.690348e-03
3.750976e-03
4.466277e-04
-1.927554e-03
6.912833e-03
9.300436e-03
1.343799e-02
9.415491e-03
1.192848e-02
1.134015e-02
4.018351e-03
4.054524e-03
-9.517441e-04
-6.166718e-03
1.257164e-02
-4.985066e-04
-1.654660e-02
2.325403e-03
-4.753265e-03
-2.616896e-02
-1.302433e-02
-2.280642e-02
-2.829660e-02
-9.341849e-03
3.899344e-02
1.902312e-02
-1.324593e-02
9.938356e-03
2.785296e-02
-3.179885e-02
-4.082690e-03
2.522161e-02
-4.766177e-02
-3.753642e-02
-5.300885e-02
-5.289564e-02
-4.162405e-02
-6.225516e-02
-6.856313e-02
-6.546114e-02
-7.721170e-02
4.738106e-03
7.274433e-04
1.209160e-02
-9.458280e-03
7.063903e-03
-1.269576e-02
-3.335678e-02
-1.685101e-02
1.739503e-02
-5.491003e-02
-6.145977e-03
4.797489e-02
-9.658132e-02
-1.551929e-02
8.871320e-02
-8.005249e-02
-3.218338e-02
5.444093e-02
-2.723616e-02
1.435596e-03
1.983840e-03
3.887091e-03
-3.252162e-04
1.851375e-02
1.523759e-03
1.604130e-02
1.599803e-02
-1.422355e-10
-3.076532e-11
9.674712e-11
-1.661546e-10
-1.875444e-12
6.525927e-11
-7.758267e-11
-1.093739e-10
-1.530200e-10
1.225683e-02
3.064226e-03
2.556248e-03
2.007891e-03
-1.001880e-02
-6.234363e-03
1.096733e-02
-2.056325e-03
1.712164e-03
1.584318e-02
1.682823e-02
1.063009e-02
1.949405e-02
-1.051518e-02
-3.290123e-02
1.955896e-02
4.995610e-03
-1.770230e-02
2.324763e-02
2.932594e-02
5.488530e-03
4.326084e-02
1.608649e-02
-2.130336e-02
-1.712598e-02
-4.465925e-02
-6.715015e-02
-2.576305e-02
-1.041255e-02
-1.342904e-03
-4.204221e-03
-3.623413e-03
-1.344310e-03
2.321923e-02
2.820412e-02
-4.615614e-03
1.668241e-02
-6.223009e-03
-1.406103e-02
1.015105e-02
-2.623188e-02
-1.127253e-02
1.019679e-03
-2.882382e-02
-1.968031e-02
