-1.015122e-01
8.278147e-02
-6.217181e-02
-3.548008e-02
-3.754245e-02
-7.005799e-02
-5.748592e-02
-2.774033e-02
-3.220074e-02
-3.462921e-02
-1.596865e-02
-9.076401e-02
-2.462975e-02
-1.764906e-02
-2.652693e-02
-7.112554e-02
-6.657863e-02
-9.762729e-03
-2.280792e-02
-1.335907e-02
-4.311007e-02
-3.073271e-02
-4.129944e-02
-5.513166e-02
-4.038549e-02
-1.292879e-02
-4.118303e-02
-2.918962e-02
-2.087984e-02
-1.094300e-02
-6.524627e-02
-2.791929e-02
-2.599183e-02
-6.669711e-02
-3.214492e-02
-4.410858e-02
-5.548485e-02
-3.233187e-02
-8.590170e-02
-6.332330e-02
-2.239130e-02
-3.285301e-02
-6.846099e-02
-2.403004e-03
-6.556205e-02
-3.311498e-02
-5.124578e-02
-6.790018e-02
-6.833274e-02
-5.206988e-03
-1.523192e-02
-1.997441e-02
-1.800794e-02
-7.949434e-02
-4.047260e-02
-6.568581e-03
-9.313437e-03
-1.164858e-01
-1.604293e-02
-3.456255e-02
-5.538440e-02
-2.324264e-02
-7.894121e-02
-4.561971e-02
