1.115523e-04
1.038915e-04
1.815344e-04
6.560425e-05
1.203490e-04
1.292779e-04
8.739443e-05
8.667672e-05
6.120180e-05
8.051808e-05
1.430004e-04
1.180373e-04
8.799854e-05
6.244391e-05
1.073420e-04
1.733477e-04
8.505191e-05
7.598574e-05
7.850634e-05
9.189584e-05
4.980269e-05
8.816262e-05
1.046995e-04
9.277168e-05
4.768083e-05
7.531162e-05
8.158507e-05
8.192349e-05
1.196415e-04
8.264534e-05
9.918574e-05
5.661948e-05
6.883495e-05
8.395690e-05
7.891822e-05
7.178585e-05
9.688414e-05
5.107203e-05
7.719191e-05
5.714479e-05
6.036764e-05
7.455180e-05
1.567882e-04
7.262756e-05
8.370458e-05
9.717730e-05
7.853417e-05
1.387324e-04
1.558661e-04
1.179009e-04
7.542598e-05
5.903119e-05
1.051604e-04
1.106281e-04
9.935743e-05
9.363464e-05
7.088883e-05
1.190533e-04
2.189313e-04
8.530777e-05
1.187207e-04
8.391534e-05
8.436724e-05
1.280781e-04
