-6.548736e-02
-6.851102e-02
-7.271646e-02
-6.860162e-02
-6.860352e-02
-5.612188e-02
-7.359274e-02
-7.117971e-02
-6.789755e-02
-6.740430e-02
-6.295174e-02
-6.070515e-02
-7.916558e-02
-6.978180e-02
-7.024669e-02
-7.223534e-02
-5.995786e-02
-8.588918e-02
-6.776251e-02
-7.015422e-02
-5.757480e-02
-7.297782e-02
-6.448313e-02
-6.703080e-02
-7.323599e-02
-6.213470e-02
-7.704029e-02
-5.784313e-02
-5.612137e-02
-5.929296e-02
-6.655467e-02
-7.457829e-02
-7.653736e-02
-6.902390e-02
-5.634065e-02
-5.949292e-02
-6.341510e-02
-6.473233e-02
-6.569876e-02
-7.817531e-02
-7.822302e-02
-6.987021e-02
-7.055721e-02
-7.571090e-02
-6.566390e-02
-3.257639e-02
-5.385676e-02
-6.819045e-02
-6.835852e-02
-6.723877e-02
-7.570540e-02
-7.168429e-02
-5.600461e-02
-7.572635e-02
-5.202151e-02
-6.944162e-02
-7.003058e-02
-7.092062e-02
-7.026730e-02
-5.712006e-02
-6.937280e-02
-4.539580e-02
-6.361448e-02
-5.305127e-02
