-4.118961e-02
2.249969e-03
5.345643e-03
-1.096808e-02
-4.102811e-02
8.066705e-03
-6.930964e-03
1.764193e-02
-2.764168e-02
-5.633360e-02
2.359848e-02
-3.236557e-02
3.896243e-02
-1.035901e-01
-1.062474e-01
-6.850358e-03
-8.186769e-02
-3.958967e-02
-7.100540e-02
-1.194253e-02
7.489196e-02
-4.549217e-02
-5.387855e-02
-9.438556e-02
-9.641232e-03
-8.040627e-03
-6.367811e-02
-5.124832e-02
-4.372891e-02
3.468235e-02
-8.746657e-02
-5.319006e-02
-1.159949e-01
-1.873972e-01
-5.645382e-02
-5.639488e-02
-7.847175e-03
-1.799058e-02
-4.152612e-02
-2.711000e-02
-1.014572e-01
-6.891196e-02
-1.514129e-02
2.667338e-02
-3.416882e-02
1.896110e-02
-8.000337e-02
-8.338325e-02
-4.712500e-02
1.402734e-03
4.127551e-03
-7.074948e-02
1.075838e-02
-2.290874e-02
-4.409539e-02
3.757771e-02
-6.000181e-02
-1.533059e-02
-8.823823e-02
-4.084139e-02
-3.051693e-02
-5.942290e-02
-4.100430e-02
-8.398180e-02
