8.664672e-01
-1.365382e-01
7.363807e-01
3.912994e-01
6.735402e-01
5.988450e-01
7.201084e-01
8.486500e-01
5.285339e-01
8.186981e-01
6.871755e-01
7.012382e-01
8.274143e-01
4.059162e-01
5.505863e-01
6.197966e-01
2.890354e-01
-5.509256e-01
4.841798e-01
3.682565e-01
4.157733e-01
2.052094e-01
7.306777e-01
3.742045e-01
3.949474e-01
3.142878e-01
-3.026109e-01
3.244667e-01
2.580087e-01
-5.538956e-01
2.497850e-01
7.396808e-01
3.083110e-01
8.765677e-01
4.038518e-01
4.872221e-01
5.072063e-01
9.057670e-01
6.622951e-01
5.218067e-01
-3.444064e-01
5.754661e-01
7.573688e-01
2.001195e-01
6.821791e-01
4.332390e-01
1.612625e-01
2.908537e-01
2.894352e-01
5.941443e-01
2.083285e-01
-5.427789e-01
3.315937e-01
-2.772967e-01
-5.769834e-01
5.751263e-01
7.131574e-01
8.257683e-01
6.011239e-01
5.392190e-01
5.724062e-01
6.541000e-01
3.230685e-01
8.403548e-01
