2.368051e-01
1.479588e-02
1.802507e-01
1.261520e-01
1.826464e-01
1.778193e-01
1.992721e-01
2.377581e-01
1.586420e-01
2.386908e-01
1.787277e-01
1.818883e-01
1.855536e-01
1.235629e-01
1.421079e-01
1.855652e-01
9.911331e-02
1.519313e-01
1.302266e-01
8.263859e-02
1.201781e-01
6.103207e-02
1.969936e-01
1.120805e-01
8.883401e-02
9.047049e-02
1.023362e-01
9.407626e-02
7.950883e-02
1.536371e-01
6.404569e-02
1.521291e-01
8.469674e-02
2.360678e-01
1.219872e-01
1.437538e-01
1.488763e-01
2.532871e-01
1.507904e-01
1.498073e-01
9.487523e-02
1.528233e-01
2.125909e-01
5.740776e-02
1.672972e-01
1.083464e-01
4.937632e-02
8.215135e-02
9.807054e-02
1.897546e-01
7.241855e-02
1.841806e-01
9.089356e-02
7.966157e-02
1.764899e-01
1.517332e-01
2.342093e-01
2.134843e-01
1.713125e-01
1.448022e-01
2.096890e-01
1.685328e-01
9.584086e-02
2.241922e-01
