2.780404e-04
3.692687e-05
2.094746e-04
1.110911e-04
1.960060e-04
1.687067e-04
2.239681e-04
2.662633e-04
1.510729e-04
2.587572e-04
2.069560e-04
1.924296e-04
2.761933e-04
1.049161e-04
1.507140e-04
1.529270e-04
7.618125e-05
1.375939e-04
1.406410e-04
9.500246e-05
1.115797e-04
5.012801e-05
2.085852e-04
1.033099e-04
1.083550e-04
8.201551e-05
8.182511e-05
8.381117e-05
6.480086e-05
1.527771e-04
6.565100e-05
2.000014e-04
8.672425e-05
2.962444e-04
1.060836e-04
1.408071e-04
1.300255e-04
2.697656e-04
1.803889e-04
1.528678e-04
9.627199e-05
1.671513e-04
2.365940e-04
5.970327e-05
2.097800e-04
1.193735e-04
4.504478e-05
7.937519e-05
7.556812e-05
1.716140e-04
5.866361e-05
1.542845e-04
8.622783e-05
7.747313e-05
1.669782e-04
1.652511e-04
2.161811e-04
2.375031e-04
1.759952e-04
1.490581e-04
1.607807e-04
1.609435e-04
8.618153e-05
2.507544e-04
