8.255947e-02
9.405803e-02
8.652943e-02
9.194495e-02
1.030935e-01
8.324108e-02
1.011443e-01
8.135085e-02
8.798786e-02
1.082644e-01
1.036298e-01
1.002551e-01
1.035062e-01
9.788710e-02
9.577665e-02
8.831854e-02
9.606012e-02
9.018707e-02
1.025003e-01
9.999565e-02
8.851885e-02
9.912232e-02
9.839258e-02
1.054068e-01
9.127433e-02
9.757105e-02
1.035170e-01
1.035679e-01
1.074251e-01
9.740704e-02
9.884138e-02
9.849686e-02
9.812152e-02
9.600729e-02
1.038444e-01
9.059833e-02
9.899431e-02
9.379466e-02
1.000288e-01
1.046550e-01
1.059633e-01
1.046833e-01
7.884939e-02
1.027774e-01
9.988081e-02
8.837236e-02
9.309767e-02
9.600851e-02
1.113926e-01
9.743243e-02
9.139168e-02
9.686390e-02
8.258427e-02
9.333170e-02
9.426540e-02
1.025911e-01
1.108387e-01
9.476772e-02
8.790846e-02
9.391300e-02
1.035651e-01
9.364173e-02
1.044092e-01
7.342899e-02
