2.123770e-04
2.582143e-04
1.436954e-04
1.645390e-04
1.160132e-04
1.574057e-04
1.491763e-04
1.920226e-04
1.787774e-04
1.748426e-04
2.166710e-04
2.528268e-04
1.300000e-04
1.276182e-04
1.598032e-04
2.808561e-04
1.472932e-04
1.402537e-04
1.241308e-04
1.629804e-04
1.184013e-04
1.111612e-04
9.461104e-05
1.118834e-04
1.304507e-04
1.176771e-04
1.182027e-04
1.198753e-04
8.814442e-05
8.280405e-05
1.588644e-04
1.180449e-04
1.422288e-04
1.224265e-04
1.234308e-04
1.268289e-04
8.562899e-05
9.653693e-05
9.527081e-05
4.825694e-05
1.008953e-04
1.419642e-04
1.611447e-04
1.438356e-04
1.128762e-04
1.830739e-04
1.265938e-04
1.500445e-04
1.780435e-04
1.912550e-04
1.431287e-04
1.639246e-04
1.217877e-04
2.033093e-04
1.330977e-04
2.072678e-04
2.218910e-04
1.569168e-04
1.881146e-04
1.851807e-04
2.135915e-04
1.967676e-04
1.223984e-04
1.546330e-04
