-2.423529e-02
-2.367630e-02
2.638803e-02
3.423883e-02
1.177906e-03
2.184006e-02
-7.187744e-02
-9.469309e-02
-4.306549e-02
-1.059795e-01
-6.931503e-02
-7.566953e-02
6.603917e-02
4.635215e-02
-6.762193e-02
-2.437341e-02
1.053014e-01
-2.972719e-02
-5.101962e-02
1.499416e-02
5.524053e-02
-7.430936e-02
-7.239284e-02
-4.569683e-02
-4.729000e-02
-4.813559e-02
-2.686802e-02
4.255977e-02
-1.392655e-02
1.127655e-02
-1.329700e-02
-1.424560e-01
-5.220845e-02
-2.432973e-02
-5.060794e-02
4.001334e-02
-4.438203e-03
-4.020927e-02
-5.943296e-02
-4.537118e-02
3.797099e-03
-9.991147e-02
-5.855796e-04
2.592601e-02
-1.968091e-02
-4.341862e-02
-6.360214e-03
-2.402474e-03
-1.823023e-02
1.728497e-02
-5.225096e-02
3.627506e-03
-4.113642e-02
-1.362836e-02
-6.756597e-02
1.178364e-02
-1.033307e-01
-3.879445e-02
-1.071675e-01
-2.702720e-02
2.426438e-02
-3.263721e-02
-8.084732e-02
7.053699e-02
