1.275849e-10
1.286208e-10
9.566774e-11
8.692409e-12
8.011723e-11
6.351539e-11
1.194743e-10
3.671723e-11
1.464204e-11
7.451878e-11
2.651365e-11
1.186804e-11
5.730941e-11
-1.913988e-12
-3.327376e-11
7.553925e-11
2.256786e-11
6.492396e-13
2.044019e-10
1.020865e-10
1.743484e-10
1.193548e-10
9.913197e-11
3.814886e-11
9.977112e-11
1.360384e-10
2.294569e-11
1.434574e-09
1.781601e-09
2.751017e-09
6.993954e-10
-4.439247e-10
9.410024e-10
-9.336723e-10
-9.431513e-10
-1.583829e-10
9.970871e-11
1.220044e-10
8.362193e-11
2.985695e-11
7.958293e-11
8.754165e-11
6.065446e-11
5.270041e-12
8.237603e-11
-1.070452e-10
-5.857335e-11
1.462708e-11
-3.914603e-11
3.289026e-11
-1.013930e-10
-6.790260e-11
8.867963e-11
-6.784797e-11
-1.471614e-10
-3.327470e-10
-2.546156e-10
-2.069273e-10
-2.072080e-10
-3.275553e-10
-1.145657e-10
-1.023956e-10
-2.289956e-10
-1.087526e-10
-4.870276e-11
-5.299880e-11
-1.971355e-10
-1.123305e-10
-7.433375e-11
-6.697103e-11
-8.333322e-11
-1.693425e-12
4.749103e-11
8.800325e-11
1.326767e-10
6.580617e-11
1.093241e-10
-2.602115e-12
8.998662e-11
4.956752e-11
4.895323e-11
-1.544996e-10
-1.240792e-11
-2.205101e-10
-1.989891e-10
-1.680123e-10
-1.526333e-10
-9.556225e-11
-1.290839e-10
-5.062654e-11
1.365965e-10
1.768951e-10
6.858904e-11
1.091678e-10
1.513466e-10
1.935091e-10
9.929686e-11
9.457050e-11
3.713984e-11
-2.637178e-09
-2.322581e-09
2.598643e-10
2.419254e-09
-2.219277e-09
-4.718760e-09
2.385273e-09
1.947617e-09
1.343267e-09
1.368022e-10
-6.943991e-11
1.579893e-10
3.883294e-11
5.096501e-11
7.214261e-11
6.520024e-11
5.526522e-11
9.335142e-11
3.446468e-11
3.121612e-12
-6.750320e-11
4.037584e-11
-4.248724e-11
-1.142169e-10
4.357301e-11
1.204442e-11
-1.175701e-10
1.426949e-10
8.635286e-11
-1.012360e-10
9.408886e-11
1.188684e-10
6.173532e-11
1.488129e-10
1.544062e-10
9.595663e-11
6.393904e-11
7.338825e-11
1.320774e-10
8.183882e-11
1.022468e-10
-2.623931e-11
9.573532e-11
7.189735e-12
5.196487e-11
-2.405495e-10
-1.136761e-10
-9.668293e-11
-9.741290e-11
-2.252013e-10
-1.406044e-10
-1.654911e-10
-4.051553e-11
-1.397485e-10
-3.616250e-11
2.336901e-11
-6.907408e-11
4.841109e-11
-1.745759e-11
-6.901860e-11
6.143509e-11
7.805476e-11
-7.334901e-11
-1.651739e-09
-2.186717e-09
-3.114371e-09
1.583471e-10
-2.569197e-10
-1.119298e-09
-2.587602e-10
-5.399383e-10
-1.465190e-09
-2.216747e-04
-5.676184e-04
-6.520066e-04
4.585093e-04
4.615961e-04
3.444234e-04
4.826067e-04
4.024701e-04
3.535900e-04
-1.090110e-11
9.052682e-11
5.788102e-12
1.083396e-10
7.283433e-11
-5.997849e-11
6.643461e-11
2.326037e-11
6.850152e-11
1.345797e-10
5.983324e-11
-4.858029e-12
9.696175e-11
1.494173e-10
-5.512391e-11
1.902312e-10
1.670169e-10
3.129016e-11
5.385048e-11
2.685825e-11
-4.463000e-11
4.135254e-11
-8.915098e-11
6.416821e-11
6.704590e-11
-2.238390e-11
-1.724809e-11
-7.689055e-11
-2.648694e-11
-6.218356e-11
-1.135479e-10
-9.728487e-11
-1.374534e-10
-2.938521e-11
-8.563394e-11
-4.177540e-11
-4.582207e-10
-5.829839e-10
-7.833346e-10
-2.891997e-11
-7.681776e-11
-1.902482e-10
-2.053836e-10
-1.899853e-10
-5.656218e-10
-4.154309e-11
-1.983605e-10
-1.553498e-10
-1.166582e-10
-1.318960e-10
-1.249841e-10
-2.075619e-10
-1.057790e-10
-2.835887e-10
-3.803335e-11
4.445512e-11
-5.276542e-11
1.751321e-11
8.183392e-11
2.608114e-12
4.812042e-11
-2.249612e-11
-1.033032e-11
-3.120390e-05
1.114413e-03
-7.422665e-04
3.317485e-04
7.348701e-04
2.570509e-04
3.346260e-04
-1.708924e-03
2.106684e-04
-1.144649e-10
2.620983e-11
1.274610e-11
-5.895947e-11
-4.573262e-11
6.160699e-12
-4.610322e-11
1.182070e-11
-4.113162e-11
-1.993936e-10
-2.117470e-10
-1.969174e-10
-1.379978e-10
-2.100400e-10
-2.168990e-10
-1.585941e-10
-2.416235e-10
-2.397630e-10
-1.029801e-10
-1.535857e-10
-1.617572e-10
-1.441579e-10
-2.986199e-10
-3.514233e-10
3.139397e-11
4.581892e-11
-1.399931e-10
-5.059862e-11
1.101316e-10
-7.091666e-11
1.536431e-10
-4.159444e-11
4.919814e-11
-1.895259e-11
-2.026861e-11
-9.295494e-11
-2.140727e-10
-1.373139e-10
-1.350260e-10
-1.480260e-10
-7.715647e-11
-1.277593e-10
-7.399394e-11
-1.094984e-10
-7.065810e-11
-5.973055e-11
-1.607425e-11
8.297871e-11
1.754991e-11
-3.805497e-11
-6.841418e-11
-9.687011e-11
-7.416333e-11
-5.681476e-11
1.016126e-09
1.149149e-09
1.522810e-09
-1.216524e-09
-9.496869e-10
-7.421783e-10
5.252485e-10
6.971255e-10
9.613089e-10
-6.382197e-06
-4.880437e-06
-7.776840e-06
-3.467787e-06
-2.677441e-06
-6.789335e-06
2.879979e-07
1.427097e-06
-3.515332e-06
1.953737e-12
-1.263698e-11
-1.071739e-10
-2.775824e-11
2.986503e-11
-1.009310e-10
-1.727976e-11
8.507468e-11
4.335529e-11
2.617574e-11
4.443362e-11
-1.128767e-11
5.575594e-11
1.198687e-10
-7.635492e-11
-3.234495e-11
6.690682e-12
-5.618481e-11
8.664001e-12
9.406915e-11
2.296718e-11
8.248975e-11
6.611457e-11
8.679322e-11
2.710910e-11
-8.414336e-11
1.130994e-10
5.163159e-11
7.865904e-11
6.194818e-11
5.961040e-11
3.344850e-11
-7.209248e-12
4.823759e-12
9.088931e-11
1.201369e-13
6.364442e-10
5.677710e-10
5.727951e-10
-8.807093e-10
-9.370882e-10
-7.924681e-10
-7.489845e-11
-1.345884e-10
9.999930e-11
-9.337301e-11
-2.326848e-11
-3.311534e-11
-4.206152e-11
-6.917793e-11
1.254745e-12
-3.845121e-11
-2.128726e-11
-3.680507e-11
4.154519e-11
-2.247213e-11
-5.163847e-11
-4.960791e-11
-1.762860e-10
-3.229988e-11
-9.076109e-11
-1.902165e-10
-9.946455e-11
-3.822865e-06
-2.846032e-05
-3.426332e-05
-3.340190e-06
-3.255866e-05
-3.414834e-05
1.517672e-05
-9.648669e-06
-1.954475e-05
-1.266646e-10
-1.194368e-12
-2.986590e-11
1.097359e-10
2.844328e-11
-5.461132e-11
-7.374691e-11
-4.867952e-11
4.761484e-11
-1.021499e-10
-7.349511e-11
-1.386085e-10
-7.538073e-11
-1.703393e-10
-4.191169e-12
-1.251787e-10
-1.398772e-10
-1.379817e-10
-4.408128e-11
2.637858e-11
1.449645e-10
8.201695e-12
1.391573e-11
1.449131e-10
8.807455e-11
2.009601e-10
2.633187e-10
-5.641799e-11
2.423026e-11
1.566670e-11
6.303454e-11
9.140185e-11
2.963067e-11
6.034209e-11
4.488721e-12
-6.672540e-11
5.340446e-11
-2.901638e-10
-4.696057e-10
3.162795e-10
1.039634e-10
-6.203345e-11
7.114257e-10
5.192031e-10
-8.759233e-11
-8.105142e-12
-1.860220e-10
-1.280440e-10
1.132718e-10
5.488180e-11
-2.867856e-11
-6.538096e-11
-7.874823e-11
-1.451095e-10
7.262194e-09
1.175024e-08
-9.581743e-09
1.130276e-08
1.273253e-08
-4.805123e-09
8.976525e-09
9.795294e-09
-9.548085e-09
-1.824454e-03
-3.050791e-03
-1.381772e-03
-1.223034e-03
-1.968301e-03
3.684467e-04
-3.771305e-03
-4.583252e-03
-3.126068e-03
1.567172e-12
-4.750576e-11
-5.617641e-11
1.122931e-10
4.146336e-11
-3.680977e-11
3.926132e-12
3.092219e-11
-5.073984e-11
1.677556e-10
-6.266375e-11
-2.502948e-10
2.320577e-10
-1.917561e-11
3.250428e-11
-2.873651e-11
-2.714389e-10
-2.586726e-10
-1.081125e-10
-2.710668e-10
-3.624388e-10
-1.378028e-10
-7.135879e-11
-7.463843e-11
-2.611322e-10
-3.738733e-10
-2.222226e-10
1.443049e-11
-6.869767e-11
1.074772e-10
3.576488e-11
-6.226755e-11
-5.648568e-11
8.263010e-11
2.496141e-11
4.200522e-11
3.898132e-09
1.646097e-09
-2.024399e-09
3.221118e-09
1.091578e-09
-1.810366e-09
3.652157e-09
1.590843e-09
-1.291394e-09
-6.760687e-11
-3.726884e-11
-1.063422e-10
8.505341e-12
-7.223521e-11
-4.784520e-11
2.130758e-11
-7.633958e-12
-1.466599e-11
-5.795224e-11
-1.931219e-10
-2.548213e-10
-2.272449e-11
4.498343e-11
-5.246090e-11
-7.275135e-11
-1.066299e-10
-1.502229e-10
-6.440728e-03
1.065114e-02
-2.244669e-03
-5.724486e-03
1.196995e-02
2.907394e-03
-1.258183e-02
6.395510e-03
-4.258114e-03
3.111700e-11
1.173517e-10
9.415091e-11
7.002307e-11
1.126183e-10
8.134238e-11
-6.319922e-11
7.212442e-11
6.632363e-11
-1.939903e-10
-8.441271e-11
-3.084176e-10
1.512073e-11
1.421255e-10
-1.314540e-10
-2.890357e-11
6.947437e-11
-1.751945e-10
-7.715772e-11
-3.254587e-10
-9.385889e-10
1.217465e-09
5.963924e-10
1.992198e-10
1.918298e-10
1.350857e-12
-6.524501e-10
1.028976e-10
-4.212755e-11
5.344974e-11
7.166901e-11
-3.635600e-11
1.388022e-11
-1.978440e-11
1.029059e-10
-6.772644e-11
1.458868e-10
1.067927e-10
8.151588e-12
4.410059e-12
2.731619e-10
2.704252e-10
6.732160e-11
4.075729e-10
4.275872e-10
1.008407e-11
1.061087e-10
1.364986e-10
2.839741e-11
-7.895438e-11
1.740362e-11
1.117658e-10
8.789578e-11
2.714585e-10
1.673938e-08
7.959003e-09
1.725002e-08
1.189169e-08
1.434437e-09
5.796609e-09
-1.735904e-09
-1.010449e-08
-1.977345e-09
1.700829e-03
1.485789e-03
1.915545e-03
-2.351094e-03
-2.808840e-03
-2.219714e-03
1.971920e-03
1.677981e-03
2.360194e-03
3.601864e-11
9.355545e-11
7.742180e-11
-1.285219e-10
1.979368e-11
5.819672e-12
-1.206298e-10
-3.286073e-12
1.011611e-10
7.700333e-11
-4.120599e-11
3.595671e-10
1.007870e-10
-1.033025e-10
3.042847e-10
-8.260941e-11
-1.153118e-10
2.960855e-10
2.544900e-10
4.183020e-10
4.405298e-10
-1.931743e-11
2.514834e-10
1.652758e-10
1.275515e-10
1.489679e-10
3.958012e-10
-3.531356e-11
8.619179e-11
5.840979e-12
-5.944030e-11
-5.943661e-12
1.015926e-10
-1.287211e-11
6.601448e-11
1.103683e-10
1.917792e-10
1.357055e-09
-1.154997e-09
-4.116174e-10
9.122852e-10
-1.201832e-09
-9.028711e-10
1.154516e-09
-7.735872e-10
5.328743e-11
1.580917e-10
9.921905e-11
1.559158e-11
2.075382e-10
5.512586e-11
4.861463e-11
2.866314e-11
7.501327e-11
3.463287e-10
4.376695e-10
5.308373e-10
8.672596e-11
1.093538e-10
2.933594e-10
1.294042e-10
8.896909e-11
1.779477e-10
4.554427e-03
2.157072e-03
6.297215e-03
-5.781022e-03
-8.658839e-03
-3.782146e-03
4.433502e-03
1.229572e-03
6.896042e-03
4.178271e-11
-2.497138e-11
4.893699e-11
-2.405672e-11
2.406858e-11
-3.190529e-11
-1.605204e-10
1.898379e-11
-1.346956e-10
4.621424e-11
3.333205e-11
1.032380e-10
2.300159e-10
2.682798e-10
2.275701e-10
1.597707e-10
1.639388e-10
1.966983e-10
2.587953e-10
-9.168159e-11
2.447095e-10
-9.110797e-10
-9.022422e-10
-6.694693e-10
1.039340e-10
2.367127e-10
6.062766e-10
-8.994973e-11
-5.862179e-11
1.458270e-10
-8.086108e-11
4.682661e-11
-2.154580e-12
-1.514560e-10
4.735006e-11
-5.892506e-11
5.817122e-11
1.322781e-10
-8.004413e-12
-4.463328e-11
1.243108e-11
-1.006875e-10
-1.448363e-10
-2.413062e-11
-3.637846e-11
6.115995e-11
-1.891669e-11
3.722716e-11
-1.911997e-10
-5.509347e-11
-1.156610e-10
-8.287274e-11
-7.542616e-11
7.189967e-11
-5.311038e-09
1.580308e-09
-9.789071e-10
-4.950750e-09
1.924573e-09
-7.038732e-11
-1.794036e-09
4.065033e-09
2.746108e-09
-8.809547e-04
-3.316454e-04
-8.744043e-04
3.868311e-04
4.055400e-04
1.169148e-03
-1.654480e-04
-2.342538e-04
-5.208475e-04
1.745136e-11
6.798268e-11
1.262644e-12
-9.454691e-11
-7.648041e-11
6.370594e-11
-1.689552e-10
3.659579e-11
-4.729737e-11
-1.952360e-10
-2.238696e-11
-6.269908e-11
-1.464584e-10
7.574642e-12
-1.254655e-10
-1.926109e-10
-5.331478e-11
-2.667744e-11
-7.035519e-11
-6.334856e-11
6.507746e-11
-1.029646e-10
-1.185231e-10
-7.305704e-11
-1.740019e-10
5.988286e-11
1.376337e-11
-1.215719e-10
-9.924882e-11
-1.181800e-10
-1.177040e-10
-1.054657e-10
-1.166969e-11
-1.010830e-10
4.985562e-13
-1.176856e-10
-2.646940e-10
7.653084e-10
9.811357e-10
-8.455491e-10
2.015194e-11
4.042693e-10
-4.698282e-10
-2.416879e-10
4.230785e-10
-8.892875e-11
-3.955801e-11
-8.943440e-11
-3.950054e-11
-1.098468e-10
-9.923845e-11
-8.777896e-11
-3.513241e-11
-1.060462e-10
-8.475206e-11
-5.508113e-11
-2.707025e-11
-2.200118e-10
-2.149574e-10
-1.340996e-10
-1.075703e-10
-6.191468e-11
-7.310635e-11
1.091950e-03
-2.448469e-04
-1.563143e-03
7.215408e-03
5.070651e-03
1.204162e-02
2.686969e-03
6.685470e-03
7.660411e-03
-1.088831e-10
-6.539193e-11
8.058250e-11
-5.409314e-11
-1.507475e-10
7.081801e-11
1.641798e-13
-6.716348e-11
-1.016036e-11
-1.605602e-11
-1.654779e-10
-9.522567e-11
-8.817115e-11
-1.282433e-10
-1.524871e-10
1.349330e-11
-5.980638e-11
-1.220152e-10
-1.618215e-10
2.180303e-10
2.504019e-10
-4.140635e-10
-5.555871e-11
-2.010728e-11
-2.351957e-10
8.539058e-11
1.672586e-10
-9.562885e-11
-4.454005e-11
-7.442482e-11
2.063379e-13
-3.964511e-11
-4.542278e-11
-5.062805e-11
-3.393867e-11
3.207394e-11
-1.006577e-10
1.223078e-10
-2.626885e-11
-5.355637e-11
5.981664e-11
2.680041e-11
-2.432812e-12
9.228343e-11
2.482066e-10
1.899744e-10
2.136570e-10
2.681196e-10
1.148064e-10
7.819254e-11
1.517119e-10
-1.282144e-11
1.012280e-10
2.561963e-10
-6.829070e-09
-2.751521e-09
2.626865e-09
-1.302096e-08
-5.808005e-09
9.391330e-10
-2.526619e-08
-1.509983e-08
-1.054279e-08
3.117833e-03
3.631609e-03
4.154675e-03
-7.932903e-04
2.704742e-04
1.430443e-03
-7.039408e-04
2.891979e-04
6.723668e-04
1.789330e-10
7.095045e-11
1.437228e-10
9.532471e-11
2.151648e-11
1.462810e-10
1.094644e-10
1.358713e-10
9.222849e-11
2.164152e-10
3.646318e-10
5.031438e-10
-1.153636e-10
1.175362e-11
2.844923e-10
7.714361e-11
1.988528e-10
3.080363e-10
2.109884e-10
2.994072e-10
3.392075e-10
-1.918021e-10
4.287495e-11
1.165991e-10
3.931178e-11
1.340396e-10
5.795235e-11
1.615091e-10
1.129864e-10
1.436092e-10
2.851411e-11
2.322740e-11
5.738017e-11
-2.016429e-12
6.077441e-11
6.244135e-11
2.000036e-09
-5.069780e-10
7.218357e-10
1.396907e-09
-1.144823e-10
2.549060e-10
-3.440660e-09
-4.793304e-09
-4.825284e-09
4.272969e-11
5.055783e-11
-2.218591e-12
-7.388841e-11
6.604012e-12
1.060714e-11
-8.378191e-11
-8.033679e-11
-1.567913e-10
1.575676e-10
1.679051e-10
4.017163e-10
-1.349681e-10
-8.859208e-11
6.440377e-11
-8.552858e-11
6.235291e-11
8.316348e-11
8.666756e-03
9.121051e-03
6.762021e-03
2.279457e-03
1.975856e-03
7.458428e-04
4.058530e-03
2.698802e-03
1.331081e-03
-6.159370e-11
-1.943003e-10
-1.309248e-10
-8.874370e-11
-4.091704e-11
-5.454006e-11
-2.800380e-12
-6.343298e-11
-1.229814e-10
5.136989e-11
-4.123466e-11
2.806117e-11
-3.940203e-11
-5.915121e-11
-3.322475e-11
-5.291922e-11
-9.605377e-11
-8.401264e-11
-4.154810e-10
-7.367419e-11
-8.894823e-11
-2.168665e-09
-1.570237e-09
-1.230055e-09
-1.744373e-09
-1.059617e-09
-9.429877e-10
-6.974206e-13
8.606368e-11
1.860320e-10
-1.216113e-11
4.680284e-11
1.246331e-10
4.258082e-11
7.144029e-11
8.140758e-11
-1.842190e-10
-8.406423e-11
-1.471485e-10
-1.140177e-10
-9.535422e-11
-1.242528e-10
-1.881304e-10
-5.232370e-11
-1.951232e-10
6.585209e-13
2.832906e-11
3.070050e-11
-3.682738e-11
-1.207474e-10
-1.000275e-10
-5.652930e-11
2.155673e-12
1.236091e-11
-3.093794e-10
-4.570010e-10
-3.399072e-10
-2.968583e-10
-3.242284e-10
-1.315131e-10
-2.387688e-10
-3.416332e-10
-2.994811e-10
-1.398965e-10
-1.272979e-10
-1.466750e-10
1.482405e-10
4.605051e-11
1.036519e-10
6.790697e-11
-1.920487e-10
-8.832104e-11
-3.089609e-11
6.780780e-11
1.938193e-11
-1.944228e-11
7.634058e-12
-7.071032e-11
4.880279e-11
5.598695e-12
-1.507702e-11
-5.071576e-11
6.334790e-11
5.681442e-11
-6.998216e-11
2.272106e-11
9.838505e-12
1.606995e-11
-4.638199e-11
2.869975e-11
-4.346557e-11
-7.126166e-12
-1.411195e-10
-7.267202e-11
-1.700335e-10
-4.115359e-11
-8.008802e-11
-4.153871e-11
-3.196386e-11
-7.295038e-11
-1.594811e-10
-4.751750e-11
-7.348249e-11
-5.019472e-11
-1.191813e-10
-1.805573e-10
-2.073863e-11
-1.320871e-10
1.992522e-11
-8.604471e-11
-9.759760e-11
-8.729099e-11
3.238263e-11
-1.067939e-10
-3.463075e-11
-3.568955e-11
-2.835364e-11
-2.548520e-10
-3.091848e-10
-1.689870e-10
-2.630482e-10
-2.713191e-10
-3.263297e-10
-2.584193e-10
-3.271455e-10
-2.609152e-10
-1.344099e-10
-2.229663e-10
-1.017654e-10
-1.116783e-10
-8.378968e-11
-1.391219e-10
-2.663095e-11
-5.734431e-11
-6.970922e-11
-6.716418e-11
8.643468e-12
-2.158637e-11
-1.296224e-10
6.669463e-11
2.504077e-11
1.065486e-10
-1.010445e-10
-7.178458e-12
-3.092057e-11
5.580201e-12
-6.481929e-11
1.153179e-11
1.615919e-11
-3.233448e-11
9.108070e-11
-6.078807e-11
1.021754e-10
-2.859043e-10
-2.433289e-10
-1.727086e-10
-2.704443e-10
-2.234595e-10
-1.625815e-10
-2.640508e-10
-1.704560e-10
-2.018445e-10
-1.427420e-10
-1.002940e-11
-4.864315e-11
-7.823724e-11
-2.053017e-11
-1.436211e-10
-3.684638e-11
-8.118589e-11
-1.205691e-10
2.017152e-11
-9.880822e-11
-5.905342e-11
-1.076401e-10
-7.064308e-11
-8.592606e-11
-4.009221e-12
-1.995971e-11
1.866768e-11
3.095513e-10
7.714698e-11
2.782343e-10
-3.341014e-10
-8.122398e-10
-4.303479e-10
-2.662096e-11
-4.760109e-10
-3.923628e-10
4.142837e-10
3.529056e-10
3.011425e-10
1.630343e-10
1.458659e-10
-1.813255e-11
2.343393e-10
9.754925e-11
8.429198e-11
-1.131213e-08
7.997989e-09
1.548055e-08
-1.297102e-08
-3.002486e-09
-7.470958e-09
-5.775040e-09
7.698425e-09
4.034792e-09
3.134691e-03
5.273956e-03
1.378467e-04
5.996503e-03
5.080499e-03
2.558299e-03
-7.636679e-04
-1.254793e-03
-4.730409e-03
2.305988e-10
1.647993e-10
2.583521e-10
1.986042e-11
1.810569e-10
1.404923e-10
-6.588986e-11
5.441785e-11
5.518893e-11
-9.106313e-11
1.979623e-10
2.683281e-10
-5.983733e-11
3.699950e-10
2.770422e-10
2.553444e-10
4.362717e-10
9.314122e-11
3.236136e-10
3.236384e-10
6.629657e-11
1.213620e-10
2.010875e-10
-1.015773e-10
-5.270759e-11
1.721032e-10
-1.651450e-10
1.430992e-10
6.335710e-11
5.761975e-11
7.892345e-11
7.085238e-11
2.948584e-11
5.537311e-11
5.359114e-11
-4.867790e-11
5.525718e-10
5.195400e-09
2.377000e-09
3.788220e-10
2.896043e-09
-1.521665e-09
-6.786683e-10
5.332743e-10
-2.816513e-09
6.931552e-11
8.123439e-12
-5.599838e-13
2.236169e-11
-2.237396e-11
1.915046e-11
2.794808e-11
-6.963505e-11
-4.723748e-12
4.346715e-10
4.477926e-10
5.401488e-10
2.501425e-10
1.331136e-10
2.536968e-10
4.543420e-10
2.761377e-10
5.067495e-10
-1.743371e-02
1.214804e-02
-1.236549e-02
4.704155e-03
3.379481e-02
1.895371e-02
-1.320870e-02
9.638309e-03
-6.794828e-03
5.904746e-11
6.379609e-11
5.225250e-10
1.303006e-10
2.171830e-10
5.990353e-10
-1.162397e-10
2.933584e-10
4.050046e-10
-2.911723e-11
-8.800305e-12
-9.762472e-11
-4.835328e-11
-1.214021e-10
-2.966148e-10
-1.636294e-11
-9.382941e-11
-9.695220e-11
9.545807e-10
7.765013e-10
6.545278e-11
-1.503642e-09
-1.237454e-09
-1.386739e-09
-1.591113e-10
1.364523e-10
-1.442921e-10
6.619372e-11
9.165698e-11
-4.016187e-11
-2.467300e-11
1.596173e-11
-1.261340e-11
3.446482e-11
-5.708121e-11
-1.837719e-10
7.198238e-11
9.960845e-11
4.727296e-11
1.041886e-10
-3.535936e-11
6.169627e-11
-3.007190e-12
4.516880e-11
7.069655e-11
-7.054191e-11
-9.825851e-11
2.358849e-12
-6.160412e-12
-1.045852e-10
-9.269078e-11
8.916772e-12
-3.136033e-11
-1.660779e-10
1.407561e-10
2.043496e-10
9.361242e-12
1.293565e-10
1.034168e-10
6.982509e-11
1.419609e-10
1.383529e-11
1.560200e-11
1.707978e-10
1.422964e-10
2.337131e-10
2.195703e-10
3.685926e-11
8.745455e-11
1.397442e-10
-3.404780e-11
5.310541e-11
-2.872843e-11
7.029056e-12
1.522524e-11
1.104155e-10
1.173405e-10
6.359836e-11
4.797420e-11
4.836642e-12
2.111541e-11
9.944645e-11
-7.941614e-12
5.314823e-12
-2.422305e-11
5.403491e-11
5.769119e-11
1.743717e-11
-3.066760e-11
1.333855e-11
-8.533362e-11
-5.453619e-11
-2.418852e-11
7.948932e-11
2.973331e-11
-2.802073e-11
-1.178783e-11
9.488383e-11
-3.800336e-11
-1.041307e-10
-8.659435e-11
-6.455960e-11
-1.931270e-11
3.689065e-11
-7.201031e-11
-6.090702e-11
4.912256e-11
-8.991598e-11
1.545707e-10
9.511548e-11
3.220988e-12
1.020957e-10
-2.098104e-11
1.093323e-10
4.255262e-11
2.705119e-11
1.038227e-10
9.375235e-11
-1.744570e-11
-6.790084e-12
6.845906e-11
3.489435e-11
2.551963e-11
1.352382e-10
-8.038792e-11
1.679844e-11
2.322960e-12
5.055474e-11
1.363782e-10
1.181757e-10
1.204261e-10
-6.880119e-12
1.712057e-12
2.658642e-11
5.248088e-11
-7.597750e-11
-6.512006e-11
3.037831e-11
-2.553152e-11
3.508113e-11
9.219998e-11
2.179132e-10
3.484454e-11
-5.673812e-11
-1.154051e-10
4.934265e-11
-2.887383e-11
-1.250770e-10
-1.344777e-10
-1.769270e-10
-5.643079e-11
-1.234707e-10
-1.151936e-10
1.393523e-10
6.294796e-11
2.027551e-10
1.062033e-10
1.398092e-10
5.379975e-11
8.073416e-11
1.142112e-10
4.940111e-11
-1.040965e-10
1.071244e-10
1.286448e-10
1.484737e-10
5.741195e-12
1.451590e-10
8.780554e-11
1.152717e-10
9.721969e-11
1.454125e-10
1.222017e-10
-1.413896e-11
7.640513e-11
2.254851e-11
4.108148e-11
4.000115e-11
2.626583e-12
-1.387865e-11
7.235430e-10
6.352240e-10
2.617956e-10
2.735148e-10
1.962766e-10
-1.854839e-10
-3.070751e-10
-4.319542e-10
-6.346966e-10
1.088587e-10
9.394313e-11
4.307771e-11
7.401174e-11
-6.092102e-11
-4.963088e-11
-5.678988e-11
4.062754e-11
7.339912e-11
2.072009e-08
1.824140e-08
7.151194e-09
1.171861e-08
1.244130e-08
2.383748e-09
4.864338e-09
4.608085e-10
-6.401171e-09
7.976795e-04
3.083033e-03
1.402062e-03
5.348962e-03
6.121566e-03
5.793907e-03
1.067817e-03
3.432096e-03
2.082687e-03
3.873204e-11
-1.182492e-10
5.446208e-11
-4.343546e-12
-7.321882e-11
9.513223e-12
5.893223e-11
5.848502e-11
-5.366331e-11
-9.520102e-11
-7.315903e-11
-9.364214e-11
-1.452388e-10
-1.598881e-10
-2.103030e-10
-3.363376e-10
-2.514534e-10
-8.142922e-11
-7.406768e-12
-5.859501e-11
-2.283762e-12
-1.285812e-10
-8.290033e-11
-1.965241e-10
-1.429104e-10
-1.195431e-10
-7.225381e-11
9.859895e-11
-7.986654e-11
2.292523e-11
-5.564844e-11
8.021037e-12
9.024255e-11
5.093744e-11
-4.746296e-11
2.830202e-11
2.216574e-09
4.409811e-09
3.239451e-09
9.783798e-11
3.374705e-09
2.116047e-09
-1.781889e-09
2.400200e-09
-1.037698e-09
1.566384e-11
6.471933e-11
-1.302663e-10
-5.992909e-11
8.462993e-11
-3.772502e-11
-1.348367e-11
8.673503e-11
-8.208071e-11
-6.384462e-11
-1.423760e-11
-8.558461e-11
2.034630e-11
-1.241730e-11
-4.763335e-11
9.002120e-11
-3.427738e-11
-8.906929e-12
-3.159049e-03
-7.034517e-04
-3.126615e-03
1.039605e-02
6.615065e-03
1.065876e-02
-1.151419e-03
2.508608e-03
-1.079880e-03
-4.079219e-12
1.994113e-10
9.317774e-11
-3.510586e-10
-6.750108e-11
-5.650063e-11
-1.101417e-10
3.763632e-11
6.559842e-11
9.486961e-11
4.831624e-11
5.041493e-11
-2.172275e-11
8.393105e-11
9.577584e-11
-9.353749e-11
-5.439874e-11
-1.633448e-10
2.249786e-09
1.828264e-09
1.046214e-09
3.163744e-10
9.234108e-11
-6.738235e-10
1.439735e-09
1.095309e-09
3.266535e-10
-3.616508e-11
2.437282e-11
-1.499699e-11
3.876869e-11
-7.889616e-12
6.143002e-11
-4.600308e-12
-5.075513e-11
-4.319319e-11
2.680079e-10
-2.438176e-13
-4.306393e-12
-5.761274e-11
-1.192890e-10
-2.302111e-10
8.789806e-11
6.225940e-11
1.997017e-10
5.671517e-11
-1.916676e-13
5.527890e-11
-1.297819e-10
5.816595e-11
-1.275895e-10
4.789932e-11
-3.465337e-11
-3.388121e-11
-6.690426e-10
5.003061e-09
5.711307e-09
1.281234e-08
1.547339e-08
1.169398e-08
8.947640e-09
1.333915e-08
1.117948e-08
5.533831e-04
5.692455e-04
-7.710503e-04
3.648994e-03
2.828228e-03
3.804033e-03
-2.420826e-03
-3.265816e-03
-2.441270e-03
5.415811e-11
1.956521e-11
3.474292e-11
-4.817540e-12
-7.719392e-11
-3.986744e-11
4.592244e-11
2.920344e-11
-1.440572e-11
1.983972e-10
3.034190e-10
1.957281e-10
5.780557e-11
9.990248e-11
8.825021e-11
1.985146e-10
2.748828e-10
2.394706e-10
9.152924e-11
1.463270e-10
6.871842e-12
7.214167e-11
-3.243239e-11
-9.692146e-11
1.294389e-11
7.580638e-11
-3.690913e-11
6.170649e-12
5.507907e-11
7.834772e-11
-2.846046e-11
-9.792905e-11
-1.405471e-11
6.576049e-11
2.928989e-11
-8.504129e-11
-2.398411e-09
-1.090341e-09
1.633465e-09
-2.797622e-09
-9.317252e-11
2.146220e-09
-7.866744e-11
2.012957e-09
3.400875e-09
2.254987e-11
-8.783085e-11
-1.436763e-10
-2.756178e-11
-8.049544e-11
-3.357584e-11
-6.143405e-11
7.441531e-11
-4.891511e-11
5.657077e-11
1.132196e-10
1.676482e-10
1.317076e-10
2.524659e-10
1.157198e-10
2.907473e-10
2.286889e-10
3.153062e-10
-9.528490e-03
4.090698e-03
-1.126091e-02
5.090832e-03
1.570355e-02
9.070052e-03
-6.359819e-03
-1.877752e-03
-6.960833e-03
-4.191438e-11
-6.657902e-11
-1.328916e-10
5.074571e-11
-4.416926e-12
-4.408449e-11
7.505774e-13
-9.528493e-11
-1.976380e-10
5.562124e-11
1.573544e-10
1.338945e-10
-1.098992e-12
7.267677e-12
-1.850155e-11
-4.094745e-11
-2.297913e-11
-4.710157e-11
7.051491e-10
4.979036e-10
3.526052e-10
-4.154020e-10
-7.741801e-10
-8.626518e-10
9.747982e-10
6.908347e-10
6.113821e-10
1.078087e-10
1.095240e-10
3.565508e-11
3.166362e-11
5.805665e-11
2.520287e-11
1.155323e-10
-6.947154e-12
2.903399e-11
-3.622259e-10
-4.346898e-11
8.498947e-11
-2.184052e-10
1.655725e-10
2.641543e-10
1.601892e-11
2.895969e-11
-4.588383e-11
1.004693e-10
7.062430e-11
1.342765e-10
9.150620e-11
-5.394778e-11
1.428870e-10
6.376175e-11
8.527015e-11
2.283258e-10
1.823590e-08
2.121374e-08
-1.625608e-08
-1.319708e-08
-9.555788e-09
-3.145398e-08
-1.251155e-08
5.023046e-09
-1.605080e-08
1.149845e-03
4.080660e-04
-9.080949e-04
-2.360448e-03
-2.150281e-03
-2.606305e-03
1.427869e-03
1.631721e-03
1.839342e-03
4.582385e-11
9.997922e-11
2.428922e-11
-5.051017e-11
-5.324573e-11
-1.555117e-10
1.128091e-11
-1.017826e-10
9.118219e-11
-2.918736e-10
3.855751e-10
2.910017e-11
2.294786e-10
1.824799e-10
-2.753781e-10
-5.437554e-12
-7.068547e-10
-1.555535e-10
-5.325096e-11
-1.024193e-10
-1.664973e-10
-6.614256e-12
2.854054e-11
-1.246222e-10
7.999785e-12
-7.074653e-11
-1.208485e-10
2.269163e-11
4.143986e-11
3.285321e-11
-5.467915e-11
4.942422e-11
-8.757148e-11
1.084764e-10
3.640921e-11
-2.333684e-11
3.078875e-09
2.500085e-09
4.342084e-09
-1.278607e-09
-2.225582e-10
-6.403702e-10
-4.186632e-09
-2.473091e-09
1.523654e-09
-1.676078e-10
-1.953380e-10
-1.166298e-10
-5.438817e-11
-1.033659e-10
-7.286912e-11
7.887734e-11
-2.498546e-11
9.244510e-11
4.586772e-11
-3.131465e-11
-1.949781e-10
9.384289e-12
-5.960817e-11
-5.634689e-11
8.463172e-11
2.543997e-10
2.831033e-10
4.279095e-03
5.039585e-03
-2.031483e-03
-8.437484e-03
-5.309055e-03
-9.663574e-03
6.803581e-03
5.977382e-03
5.259650e-03
-2.647713e-11
-5.551116e-12
7.472880e-10
-2.082289e-10
-5.675612e-11
8.998467e-11
-4.713429e-10
-3.484261e-11
-7.547366e-11
-1.697417e-10
-1.845124e-10
-2.030562e-10
-1.744813e-10
-1.669956e-10
-3.245193e-11
1.239942e-10
-5.554836e-11
3.268661e-11
4.714800e-10
-4.973831e-10
-4.931401e-10
-4.706047e-10
-1.002769e-09
-2.761177e-10
1.091678e-10
-7.517604e-10
1.934844e-10
-6.135072e-11
2.331482e-11
1.178377e-10
3.334202e-11
6.168270e-13
-9.910730e-11
1.108949e-10
8.294721e-11
-1.470980e-10
-5.121799e-11
2.082386e-10
2.659078e-10
-6.643338e-10
-5.529353e-11
-1.585769e-11
-1.589034e-11
5.963134e-10
3.810917e-10
-2.082030e-10
-7.389054e-11
5.716238e-11
-2.545236e-10
-4.531811e-11
-3.160418e-11
3.548930e-11
1.835636e-10
3.104636e-10
-1.041323e-08
2.698432e-08
3.141518e-09
-2.242929e-08
1.150064e-08
-6.697373e-09
1.334608e-08
3.031947e-08
9.075600e-09
-3.987500e-03
4.436049e-03
7.799705e-05
-4.375212e-04
4.124313e-03
3.607516e-03
5.180388e-04
5.141475e-03
3.971325e-03
-2.825669e-10
7.647911e-11
-5.147387e-11
-2.367444e-10
2.079324e-11
-1.570449e-11
-4.003476e-11
1.274980e-10
3.974334e-11
-8.919461e-10
-1.558877e-10
-5.126095e-10
-9.990477e-10
-2.804692e-10
-6.819485e-10
-3.648166e-10
2.575388e-10
-4.334650e-11
-4.218232e-10
-1.747659e-10
-2.913468e-10
-5.750568e-10
-2.205025e-10
-3.962018e-10
-1.403747e-10
1.949617e-10
8.699261e-11
4.339556e-12
-3.805854e-12
2.174701e-12
-3.537472e-11
-4.122154e-12
1.009723e-11
7.507794e-11
1.876638e-10
1.762661e-10
4.473602e-09
3.203601e-09
-6.635617e-10
-6.192093e-10
-1.704469e-09
-4.879895e-09
2.206024e-09
2.623866e-11
1.042051e-09
1.677618e-11
-4.700328e-11
4.973160e-11
-1.737137e-10
5.242122e-11
-2.646850e-11
5.465721e-12
-2.173003e-11
1.603878e-10
-3.136612e-10
1.109378e-10
6.847655e-12
-4.502711e-10
-2.244254e-11
-1.477237e-10
-8.049373e-11
3.837312e-10
3.964918e-10
-8.996504e-04
2.242950e-02
3.147150e-03
-1.612252e-03
7.212823e-03
5.879637e-03
-4.482916e-03
1.092775e-02
2.360553e-03
1.460524e-10
1.548349e-10
1.075250e-10
-7.453723e-11
2.986606e-11
-1.868342e-10
-2.019516e-10
1.950656e-10
-3.157267e-10
-1.812559e-10
-1.374254e-10
-2.821408e-11
-1.687779e-10
-1.062032e-10
3.328863e-12
5.597606e-11
-2.369170e-11
2.207836e-11
-4.246269e-10
1.685615e-09
9.841311e-10
-2.045399e-09
-1.322408e-10
-2.423723e-10
-1.204513e-10
1.742083e-09
1.709879e-09
2.446545e-11
1.637501e-11
-3.276893e-11
-1.060284e-10
1.820452e-11
-6.021271e-11
6.965113e-12
1.668880e-10
6.064658e-11
-3.057384e-11
-6.522489e-11
-8.758361e-11
-7.237774e-11
-6.721134e-11
-9.154009e-11
-1.130296e-10
-8.498245e-11
-4.288112e-11
6.916168e-11
9.619942e-11
4.583972e-11
2.051429e-11
3.502498e-11
-2.045167e-11
-1.534394e-11
-3.556055e-11
-2.044001e-11
1.136282e-09
6.347373e-10
3.648580e-09
1.402063e-09
2.559991e-10
3.602581e-09
2.696971e-10
-5.253443e-10
3.269755e-09
3.572314e-09
-2.303353e-08
2.082005e-08
5.576489e-10
-2.819935e-08
1.699139e-08
1.449470e-08
-1.957688e-08
2.879733e-08
3.357890e-11
1.267677e-10
5.124910e-11
7.098748e-11
6.110380e-11
-4.999509e-11
7.366339e-11
1.714134e-10
-6.728651e-12
3.130310e-11
-1.310950e-11
1.485305e-10
-2.160700e-11
2.507433e-11
-7.593956e-11
5.549103e-11
1.650228e-10
3.160574e-11
7.536079e-12
-3.433349e-11
-1.036242e-10
-5.770536e-11
1.215303e-10
1.252727e-10
5.484403e-11
-1.031755e-11
9.998227e-12
3.469749e-11
7.731630e-11
-8.868630e-11
2.854510e-11
1.145982e-10
-1.688766e-12
3.394859e-11
8.302576e-11
-7.823799e-11
1.199398e-10
-3.185193e-10
-6.603124e-12
2.148312e-10
-1.415010e-10
1.900736e-10
1.862414e-10
-3.886663e-10
6.954079e-11
-8.413777e-11
2.522141e-11
-4.483189e-11
-1.773689e-10
-1.062907e-10
-1.735568e-10
-4.478444e-11
-8.524027e-11
-4.033644e-11
9.330050e-12
1.493361e-11
8.638665e-11
6.413351e-11
5.643079e-11
-1.896998e-11
3.712934e-11
1.575435e-11
-9.443876e-11
2.740862e-08
-3.158631e-08
1.197180e-08
1.779895e-09
1.495601e-09
1.422976e-08
2.858910e-08
-1.489816e-08
-2.026506e-08
-1.899458e-12
2.969979e-12
-6.521070e-11
5.038490e-11
1.365014e-10
-8.277146e-11
5.403349e-11
1.242253e-10
-3.968291e-11
-1.141575e-10
-2.740213e-11
-8.635895e-11
-1.312384e-10
-5.462638e-11
-8.501919e-11
-1.098081e-10
-1.166560e-10
-9.076417e-11
-1.773635e-10
-3.089225e-11
-3.283531e-10
-2.079835e-10
-3.838315e-11
-4.301373e-10
-1.574958e-10
-1.166022e-10
-4.322859e-10
-3.145703e-11
3.470591e-11
8.733188e-11
4.513665e-11
1.297591e-10
9.685162e-11
6.351435e-11
1.141618e-10
5.594041e-11
6.604062e-10
1.461311e-10
3.208722e-10
3.822329e-10
-1.177488e-10
3.776627e-10
2.028320e-10
-2.491079e-10
1.436497e-10
2.553812e-10
-1.277283e-11
5.303754e-11
2.421555e-10
4.437346e-11
6.033335e-11
1.734442e-10
1.436939e-11
1.390733e-10
1.680787e-08
1.311231e-08
-2.136697e-09
-2.900483e-11
-6.731715e-09
-1.713253e-08
2.876239e-08
1.733734e-08
3.787529e-09
2.226378e-03
-3.758426e-04
1.569969e-04
2.785893e-04
-3.190377e-03
-3.346117e-03
4.246419e-03
9.563374e-04
1.687474e-03
1.894640e-10
7.353474e-11
1.239527e-10
2.756790e-10
6.574014e-11
1.011065e-10
3.192708e-10
1.616108e-10
9.106788e-12
2.512951e-11
3.749735e-10
-2.549866e-11
-3.246465e-10
3.606686e-10
1.483026e-10
3.426329e-10
4.486345e-10
2.743071e-10
3.095488e-10
6.532968e-11
-5.895574e-11
3.649950e-10
6.748790e-11
-6.431432e-13
6.243820e-10
2.651050e-10
1.611012e-10
1.461762e-10
-7.002683e-11
4.052192e-11
5.063578e-11
-7.023608e-12
8.313450e-12
1.541670e-10
-6.217347e-12
-4.206997e-11
2.464069e-09
1.137143e-09
5.578198e-10
1.513340e-09
1.644390e-09
4.500164e-10
4.069079e-09
3.167000e-09
3.214066e-09
-9.222454e-11
-7.902155e-11
6.334888e-11
3.482307e-11
-2.055920e-11
-8.324044e-11
5.838763e-11
3.200257e-11
4.842296e-11
5.199137e-11
-2.821346e-10
-7.134800e-12
1.933716e-10
-1.406877e-10
-3.019000e-11
3.027036e-10
1.949623e-10
3.274880e-10
4.182650e-03
2.780875e-03
4.309997e-03
-3.457474e-03
-9.646285e-03
-8.150523e-03
7.582249e-03
1.466888e-03
6.235770e-03
-2.606790e-10
7.987847e-11
2.041860e-11
-1.575490e-10
-5.644922e-10
-8.940387e-11
3.114882e-10
-6.949761e-11
-7.700372e-11
3.050409e-12
7.691103e-11
6.613495e-11
1.032099e-10
2.387764e-11
6.811809e-11
-2.105161e-11
-1.447703e-10
-1.450544e-11
1.327524e-09
-3.012046e-10
-3.737801e-10
1.078104e-10
-1.178971e-09
-1.164313e-09
2.430539e-09
7.243353e-10
8.119539e-10
8.133982e-11
-1.765785e-10
-4.415659e-11
2.759712e-10
-6.573515e-11
4.635791e-11
2.721166e-10
-8.859866e-11
1.875307e-10
