1.015734e-02
1.155661e-02
1.305331e-02
1.412107e-02
1.860398e-02
1.154111e-02
2.039960e-02
1.449728e-02
1.444989e-02
1.427750e-02
1.866900e-02
1.602754e-02
1.502023e-02
1.375128e-02
1.373145e-02
1.687796e-02
1.741070e-02
1.397058e-02
1.463527e-02
1.275754e-02
1.568835e-02
1.274669e-02
1.253114e-02
1.808158e-02
1.265936e-02
1.145814e-02
1.859451e-02
1.348734e-02
1.246732e-02
1.477686e-02
1.089724e-02
1.087216e-02
1.797448e-02
1.985265e-02
1.450979e-02
1.142677e-02
1.333620e-02
1.643483e-02
1.823561e-02
1.502198e-02
1.271959e-02
1.380831e-02
1.009413e-02
1.666454e-02
1.413111e-02
1.095051e-02
1.220513e-02
1.427780e-02
1.764477e-02
1.357823e-02
1.559218e-02
1.689149e-02
1.277993e-02
1.167559e-02
1.226522e-02
1.403250e-02
1.468888e-02
1.248621e-02
1.383040e-02
1.421636e-02
1.844769e-02
1.163108e-02
1.543482e-02
1.234535e-02
