5.644619e-03
3.622981e-03
1.457358e-02
5.541430e-03
6.355189e-03
5.860139e-03
6.524567e-03
4.813332e-03
4.177384e-03
5.404886e-03
8.027758e-03
1.139251e-02
5.004951e-03
7.542056e-03
5.006366e-03
4.348125e-03
9.769615e-03
5.783451e-03
6.301225e-03
6.565226e-03
5.856265e-03
3.978639e-03
7.557712e-03
1.065460e-02
7.883366e-03
4.194237e-03
6.580846e-03
4.067433e-03
5.935550e-03
5.808580e-03
6.498471e-03
7.639563e-03
6.794477e-03
4.837319e-03
4.482307e-03
5.174419e-03
1.074049e-02
5.230137e-03
3.736932e-03
6.430938e-03
8.919330e-03
9.406868e-03
1.291522e-02
5.427232e-03
4.824703e-03
6.743800e-03
9.183433e-03
1.059790e-02
4.850392e-03
5.678303e-03
6.210172e-03
5.292992e-03
7.211177e-03
7.240931e-03
4.650274e-03
6.695170e-03
1.439359e-02
6.437386e-03
6.542669e-03
5.012894e-03
4.710049e-03
8.663334e-03
7.164632e-03
7.035712e-03
