1.068125e-01
8.058088e-02
1.465409e-01
5.923246e-02
1.041244e-01
1.243743e-01
9.143732e-02
8.470409e-02
6.821051e-02
8.224557e-02
1.079210e-01
9.845836e-02
7.711497e-02
6.612085e-02
1.038738e-01
1.333891e-01
9.646247e-02
8.086377e-02
9.918868e-02
6.508195e-02
4.940088e-02
1.009493e-01
8.992250e-02
8.128688e-02
7.377983e-02
7.132459e-02
8.168580e-02
7.695011e-02
1.135699e-01
-8.264164e-02
1.113687e-01
7.939685e-02
6.736236e-02
8.519482e-02
8.426681e-02
1.015309e-01
1.228570e-01
7.329599e-02
1.069239e-01
7.356347e-02
5.457838e-02
6.228428e-02
1.416763e-01
6.316801e-02
7.918607e-02
7.387611e-02
7.287575e-02
1.103234e-01
1.298243e-01
9.861688e-02
8.855645e-02
6.578085e-02
9.917563e-02
8.891714e-02
9.857248e-02
8.453480e-02
7.029376e-02
1.134713e-01
1.316497e-01
8.196175e-02
8.909164e-02
9.410877e-02
9.329809e-02
1.140026e-01
