1.273652e-01
9.788457e-02
1.066795e-01
7.822295e-02
1.088992e-01
1.313816e-01
1.116586e-01
1.141657e-01
9.492724e-02
1.042852e-01
9.532620e-02
1.072394e-01
1.185077e-01
9.413712e-02
1.014177e-01
1.162386e-01
8.850752e-02
8.484636e-02
8.675665e-02
1.017075e-01
1.048787e-01
9.969134e-02
1.231093e-01
1.192076e-01
9.476006e-02
9.893183e-02
1.103517e-01
1.099182e-01
1.362740e-01
1.075601e-01
1.027636e-01
1.070996e-01
8.129578e-02
9.557706e-02
9.033363e-02
9.337505e-02
1.370590e-01
1.027826e-01
1.023453e-01
1.007867e-01
1.183733e-01
1.014761e-01
1.025425e-01
1.226811e-01
9.881570e-02
9.863789e-02
8.062394e-02
9.473042e-02
1.339960e-01
1.317816e-01
1.244673e-01
7.963279e-02
1.091262e-01
9.034578e-02
1.036708e-01
9.700149e-02
8.554982e-02
8.016656e-02
9.863563e-02
1.103617e-01
1.029848e-01
1.138395e-01
1.180290e-01
8.234550e-02
