5.143816e+00
4.615252e+00
5.575584e+00
3.949003e+00
2.373381e+00
5.475900e+00
4.999137e+00
4.936737e+00
4.390591e+00
4.892361e+00
4.315789e+00
4.229630e+00
4.212680e+00
4.939525e+00
5.350461e+00
4.805711e+00
5.728675e+00
3.951250e+00
4.618782e+00
5.193928e+00
5.167066e+00
4.509640e+00
4.779223e+00
4.183033e+00
4.363670e+00
4.181106e+00
5.761784e+00
4.576389e+00
5.093603e+00
5.871171e+00
4.892123e+00
4.120819e+00
6.032969e+00
3.923388e+00
5.043326e+00
4.431612e+00
5.131311e+00
4.026661e+00
4.358187e+00
4.389094e+00
4.601008e+00
4.191282e+00
5.728055e+00
5.011127e+00
5.032980e+00
5.426304e+00
4.181889e+00
5.325057e+00
4.931425e+00
5.022071e+00
4.154761e+00
4.119024e+00
4.404226e+00
4.388753e+00
5.333862e+00
5.197735e+00
4.846994e+00
4.447453e+00
4.233099e+00
4.820142e+00
4.953795e+00
5.214883e+00
4.520379e+00
4.224797e+00
