3.767722e+00
3.523392e+00
3.537002e+00
3.853002e+00
3.431796e+00
3.451388e+00
3.363813e+00
2.665262e+00
3.000083e+00
3.268232e+00
4.301543e+00
3.692699e+00
3.144814e+00
4.487336e+00
3.450261e+00
4.107488e+00
4.366545e+00
3.554401e+00
4.797637e+00
3.644756e+00
2.998415e+00
3.460332e+00
4.281431e+00
3.157033e+00
2.773815e+00
3.389045e+00
3.785345e+00
3.412358e+00
3.663779e+00
3.139243e+00
3.275242e+00
4.214183e+00
4.349432e+00
3.268558e+00
3.422527e+00
3.910728e+00
3.799287e+00
3.790092e+00
3.115664e+00
4.066026e+00
3.077629e+00
3.646203e+00
3.785937e+00
4.057288e+00
3.366863e+00
3.249348e+00
3.660435e+00
2.891071e+00
3.897124e+00
3.433960e+00
4.051173e+00
4.265720e+00
3.179072e+00
2.690426e+00
3.186189e+00
3.539945e+00
3.274095e+00
3.162462e+00
3.417633e+00
2.996196e+00
3.841726e+00
3.656272e+00
3.467949e+00
3.350219e+00
