-9.809962e-03
-2.500173e-02
-1.087776e-02
1.928144e-02
-3.175278e-02
-9.101490e-03
-1.272071e-02
1.020633e-02
-3.694368e-02
-2.978649e-04
-2.152286e-02
1.708712e-02
3.179997e-02
2.553659e-02
5.340450e-03
2.920400e-02
-2.226482e-02
-4.083765e-02
-1.748318e-03
1.957039e-02
4.731061e-02
-4.033884e-02
-2.516180e-02
5.283210e-03
3.659610e-02
5.502739e-03
1.783646e-02
-4.514246e-02
-3.123815e-02
3.083833e-04
-2.697849e-02
-1.158481e-02
9.828834e-04
5.033491e-02
-2.611745e-02
-2.615885e-02
2.018353e-02
1.039678e-02
1.677407e-02
8.562297e-03
-3.083434e-02
7.304791e-02
1.080762e-02
-2.299882e-02
-3.817198e-02
1.927051e-02
-6.587157e-03
-1.571414e-02
2.516413e-02
-3.893607e-02
-1.673175e-02
-4.121456e-02
-2.788944e-02
-1.867334e-02
1.581134e-02
1.340540e-02
2.733462e-02
1.660606e-02
3.469271e-02
-1.761795e-02
2.138179e-02
-2.770316e-02
-8.381054e-03
-3.814493e-02
