1.728899e-02
2.090727e-02
6.908315e-02
-3.869013e-02
-4.475757e-02
2.905045e-02
-3.388597e-02
-2.769080e-02
8.482565e-02
9.153850e-02
2.157796e-02
-1.336408e-02
1.476455e-02
-2.867416e-02
-4.617681e-02
1.385809e-02
-2.497525e-03
-3.920182e-02
-3.591993e-02
-6.888307e-03
-4.667860e-02
-5.374108e-02
-8.895691e-03
-5.141870e-02
6.166872e-04
-1.011449e-02
-1.451007e-01
-5.899039e-02
-5.745898e-02
-2.187590e-02
-7.622697e-02
-7.218663e-02
-1.116453e-02
2.108826e-02
5.451735e-04
-1.205205e-02
-3.501244e-02
7.875615e-03
4.214175e-02
3.680861e-02
-2.866845e-01
-9.684565e-03
-6.054232e-02
-1.956367e-03
-1.399489e-02
1.607795e-02
1.581001e-02
-1.164854e-02
-1.137689e-01
-6.635650e-02
7.643268e-03
-5.187339e-02
-3.805552e-02
-2.940844e-02
-5.975620e-02
5.827999e-03
-4.888739e-02
-2.839598e-02
8.260202e-02
-2.435969e-02
5.008659e-02
8.052272e-02
-1.766785e-02
1.369067e-02
-5.163564e-02
4.780066e-02
-5.248173e-02
-5.613506e-02
2.026419e-02
-5.384371e-02
5.196518e-03
-1.906216e-02
9.206837e-03
6.466970e-02
3.696109e-02
-5.005426e-02
2.659289e-02
1.241810e-02
-6.023622e-02
-3.051367e-02
-5.376555e-02
1.954276e-02
-1.847520e-02
4.291442e-02
3.620781e-02
-1.663405e-02
-2.111353e-02
4.865237e-02
1.866361e-02
-6.410732e-03
9.756327e-03
-5.071182e-02
-3.987182e-02
4.539232e-02
-2.994007e-02
-8.287645e-02
1.028883e-01
2.261200e-02
5.456080e-02
-5.392474e-02
-2.009141e-02
-5.028057e-02
-2.948989e-02
1.627025e-02
-1.768891e-02
-5.017561e-02
-2.681994e-02
6.994155e-02
-1.765319e-03
-1.092223e-01
-7.655381e-02
-1.236450e-01
1.455803e-01
-9.896690e-02
1.995785e-02
-7.468472e-02
-4.179877e-03
1.470455e-02
5.761606e-02
1.766708e-02
-9.472892e-03
2.846904e-02
1.433360e-02
-1.006768e-01
-1.213636e-02
-1.049520e-02
4.566699e-03
1.122956e-03
5.485427e-02
1.940415e-03
-7.168119e-03
-1.597603e-02
-8.764135e-02
-5.526648e-02
3.845912e-03
-4.223567e-02
4.283985e-02
-4.055418e-02
7.914089e-02
-1.307893e-01
-2.766869e-02
2.351484e-03
1.353686e-02
3.222506e-02
1.647612e-02
1.499856e-02
2.823294e-02
-1.522807e-02
-3.496334e-02
-3.019462e-03
-3.648946e-02
-5.482259e-02
3.234741e-03
-4.379887e-02
-4.770150e-03
-2.351118e-02
-6.266567e-02
1.460437e-02
-1.671488e-04
-5.128023e-02
3.316062e-02
1.164835e-02
-2.717604e-02
-4.108299e-02
-9.591257e-02
-3.555165e-02
-4.139237e-02
-2.619945e-03
-9.769829e-02
3.185982e-03
3.834972e-02
-2.327791e-02
-1.043772e-02
-2.118276e-02
-1.428696e-02
1.629402e-02
-8.359504e-03
-2.966040e-02
2.277456e-03
-1.669156e-02
-2.621564e-02
-6.528961e-02
-8.224443e-02
4.879623e-03
5.517853e-02
-5.581993e-02
-4.547639e-02
-4.964735e-02
-2.844092e-02
4.334360e-03
-2.827013e-02
-8.036261e-03
4.325448e-02
-8.174303e-03
-5.310261e-02
-2.495701e-02
-3.608064e-02
-7.117943e-02
-4.088952e-02
-5.475232e-02
-5.288036e-02
-6.228441e-02
-5.115937e-02
-2.469725e-02
-7.295945e-02
-5.796996e-03
7.711387e-03
-8.193153e-03
6.270932e-02
3.790051e-02
3.795448e-02
4.556591e-02
8.951013e-03
-6.690365e-04
-8.542772e-02
-4.784973e-02
5.429294e-03
-4.120336e-02
-5.486397e-02
3.874491e-02
-3.347734e-02
-4.284276e-02
2.684123e-02
5.232098e-03
1.938801e-02
-1.761865e-02
1.570747e-02
4.842127e-03
1.985807e-02
8.624953e-02
5.990183e-02
-5.388799e-03
5.312860e-02
3.510940e-02
-3.560097e-02
1.460303e-02
2.536152e-02
-1.266557e-02
6.148684e-02
6.423121e-02
-3.952929e-02
3.071230e-02
3.008177e-02
-5.496026e-02
-4.877150e-02
-1.254954e-02
-8.354262e-02
-5.652764e-02
2.949345e-02
-3.066724e-02
4.142303e-02
6.973897e-02
-6.773651e-02
1.041230e-01
5.209794e-03
-2.840560e-02
7.682965e-03
-2.574720e-02
-2.361900e-02
3.854009e-02
-7.237630e-02
-7.760269e-02
1.291642e-02
1.477257e-02
3.554054e-02
1.297224e-02
-4.640515e-02
2.822754e-02
-4.156775e-02
-7.484946e-02
-6.472773e-02
-7.656645e-03
3.484730e-02
-4.336488e-02
-1.895215e-02
1.014657e-02
-5.021342e-02
-5.050061e-02
-6.756870e-03
-5.272410e-02
-6.128241e-02
-1.139791e-02
-1.225410e-01
3.382822e-02
8.826465e-02
-1.018669e-01
-2.153533e-03
5.354505e-02
-9.543764e-02
-7.844239e-02
-3.594484e-02
-3.616215e-02
9.776818e-03
1.913254e-02
6.271627e-02
8.391091e-02
6.235960e-02
-3.795573e-02
2.672716e-02
2.485117e-02
-2.797951e-02
-2.234441e-02
-2.493349e-02
-1.254852e-02
-6.138602e-02
-5.415295e-02
2.371042e-03
1.328793e-02
-2.523658e-02
-3.858178e-03
2.503374e-02
9.641590e-03
2.041493e-02
2.701072e-02
1.816044e-02
-2.788445e-02
-6.227255e-02
1.544953e-02
-2.231343e-02
-5.515392e-02
-3.967044e-02
-1.974577e-02
-5.576513e-02
-7.496193e-03
-5.896899e-03
-7.348803e-02
-2.622032e-02
-4.903388e-02
1.324324e-01
-1.629814e-02
-4.672702e-02
-6.976670e-02
-1.010417e-02
-1.578970e-02
-1.629384e-02
4.167580e-03
4.155839e-04
1.163791e-02
4.667008e-02
-2.027260e-02
2.067452e-02
8.492604e-02
-8.004557e-02
-8.235437e-02
-4.156254e-02
4.787748e-02
5.814325e-02
3.746054e-03
7.520888e-02
9.513070e-02
-3.601285e-03
-5.663622e-03
-4.484780e-02
-2.719774e-02
-1.568944e-02
-1.276037e-01
-5.341893e-02
2.864469e-02
-1.651013e-02
4.605830e-02
-3.902255e-02
-4.668813e-02
-5.143270e-02
2.957213e-02
6.065955e-02
3.372988e-02
-9.237692e-03
4.113021e-02
3.122594e-02
1.678553e-02
4.150920e-02
2.184178e-02
3.807468e-02
5.155493e-02
3.390451e-02
-7.764495e-03
-2.893711e-02
-1.440104e-02
2.700907e-02
-3.226421e-02
-5.063973e-02
4.949569e-02
-7.320346e-03
-3.672892e-02
4.341418e-02
1.786639e-02
-2.694286e-02
-2.949935e-02
-2.941662e-02
-2.305197e-02
3.518188e-02
7.558686e-02
2.670300e-02
7.113326e-02
6.855396e-02
3.193795e-03
5.213507e-03
-2.617545e-02
-1.355931e-03
-1.648999e-02
-1.808233e-01
-2.146787e-02
-3.848013e-02
8.044246e-03
-3.362423e-02
4.767617e-03
-2.967862e-02
-3.868302e-02
-2.820938e-02
-9.057767e-03
1.450882e-02
-7.840666e-02
6.726053e-02
8.937129e-02
-2.329216e-02
-4.798310e-02
1.738315e-02
-5.186266e-02
-2.367693e-02
5.875865e-02
-9.764355e-03
2.838487e-02
2.877884e-02
-5.580863e-02
-4.603540e-02
6.769060e-02
-1.900607e-02
6.088633e-02
-6.895559e-02
2.108495e-02
-1.944503e-02
-5.459504e-02
4.292113e-03
1.889262e-02
4.330671e-03
1.324466e-02
1.041345e-02
-2.326709e-02
3.304220e-03
1.938267e-02
2.107911e-02
1.903945e-02
-4.549567e-03
-1.741777e-02
-3.434193e-02
-9.014881e-02
-5.985843e-02
-2.235323e-02
-7.040243e-02
-4.598144e-02
-2.204239e-02
2.350353e-03
-5.629883e-02
1.884172e-02
1.797578e-02
-2.446482e-02
-1.513004e-02
-6.549985e-02
-1.672998e-01
-5.703395e-02
-5.645241e-02
-1.048055e-02
-1.008295e-01
-5.880189e-02
6.466274e-04
-3.973250e-03
1.791776e-04
3.861625e-02
3.561708e-02
3.187421e-02
4.807194e-03
-1.062425e-02
-1.765237e-02
-8.588208e-03
-2.890122e-02
-7.707442e-02
1.546931e-02
1.122889e-02
4.184152e-03
-3.697960e-02
-3.419135e-03
1.456084e-02
-2.555860e-02
1.403774e-02
-1.388035e-03
-3.139583e-02
-1.129308e-02
5.501384e-03
-2.650934e-02
-2.051414e-02
2.782453e-02
-3.045887e-02
-2.584060e-02
1.805341e-02
-3.470309e-02
-2.313151e-02
-6.436187e-02
3.535116e-02
-5.120910e-02
-7.941392e-02
2.662300e-03
-4.177083e-02
1.523380e-02
3.693009e-02
2.985865e-02
5.723995e-02
1.603632e-02
1.184385e-02
6.138759e-02
4.352823e-03
-8.137614e-04
1.176002e-02
-5.679834e-02
4.620634e-04
1.138500e-02
1.513200e-02
-4.910271e-02
-6.253045e-02
-2.604704e-02
-5.400789e-02
-6.734041e-02
-2.290109e-02
-6.123079e-02
-4.099080e-02
1.168040e-02
-6.345060e-02
-7.708945e-02
-2.295208e-02
-7.457676e-02
-6.098763e-02
2.942490e-02
6.963721e-03
-1.529118e-02
-5.448304e-02
5.677191e-02
2.546701e-02
-7.796285e-02
1.218689e-02
-2.277825e-02
-6.039419e-02
5.190174e-02
-1.183100e-01
-5.275730e-02
-1.357918e-02
-1.011641e-02
-4.528933e-03
-5.421589e-02
-8.701785e-03
-1.622025e-02
1.625639e-02
-4.562462e-02
-4.548468e-02
-4.078160e-02
-9.421989e-03
1.281186e-02
-4.297459e-03
7.257657e-02
8.028980e-02
5.772779e-03
8.478260e-04
-4.304385e-02
6.853808e-04
1.568191e-02
-1.264559e-02
-3.625467e-02
-1.676729e-02
-2.663352e-02
-9.809196e-03
2.477060e-02
-5.123325e-02
6.060531e-02
-3.657813e-02
-2.281851e-01
1.363373e-02
-2.090610e-02
-6.896900e-02
-1.950393e-02
-5.036898e-02
-4.407623e-02
1.889964e-02
-5.867694e-02
-2.508491e-02
1.013954e-01
3.770143e-02
3.461327e-02
-2.779895e-02
-1.804977e-02
-1.991861e-02
-6.094377e-02
-6.218757e-02
-4.727611e-02
-6.546479e-02
-8.472116e-02
-4.806295e-02
4.409014e-02
4.256743e-02
3.347567e-02
-6.112936e-02
5.790934e-03
3.571156e-02
-2.484159e-02
3.466009e-02
-7.638157e-03
-2.892570e-02
3.919088e-02
2.880321e-02
-5.473154e-02
-2.417201e-02
-3.595776e-02
9.334831e-03
3.662179e-02
-2.590008e-02
-1.586168e-02
5.752229e-02
3.226832e-02
-3.146417e-02
-7.926001e-02
6.271578e-02
8.072741e-02
3.574569e-02
-2.449785e-02
-3.435217e-02
-3.870208e-02
-2.869242e-02
-4.272488e-02
1.218939e-02
-2.478155e-02
-3.372280e-02
1.661349e-02
-1.620305e-02
-3.421348e-02
-3.839770e-02
-6.536134e-02
3.007887e-03
1.437681e-02
-3.345759e-02
4.023622e-02
3.749451e-02
3.039883e-02
-8.498422e-04
-1.969991e-02
-4.690271e-02
6.283649e-02
-4.442492e-02
-2.624301e-02
-2.152987e-02
5.928648e-04
-5.183367e-02
-7.774069e-02
-8.501842e-02
-6.787042e-02
-4.704685e-02
-5.635483e-02
-2.583048e-02
2.432523e-02
3.590674e-03
1.251020e-02
2.182327e-03
2.375427e-02
4.272102e-02
-6.455574e-02
-5.818950e-02
-7.785462e-03
-5.172354e-02
-4.356779e-02
-7.872926e-03
3.753875e-02
9.348990e-02
4.525252e-02
3.510410e-02
3.392091e-02
-1.803698e-02
1.792189e-02
-6.178496e-02
-9.970491e-02
2.032902e-02
1.015581e-02
4.620493e-03
3.194136e-02
2.926001e-02
-1.077048e-02
4.201898e-03
-9.123227e-03
-5.947577e-02
3.571577e-02
4.381385e-03
-4.758099e-02
-1.270816e-02
3.372814e-02
-3.353791e-02
-4.231704e-02
-2.658853e-02
5.034539e-02
-1.277863e-02
-3.750119e-02
-5.929373e-03
1.525867e-02
2.319894e-03
1.888211e-02
-2.934120e-02
-1.407985e-02
-1.106613e-03
9.859568e-03
-5.550571e-02
-3.839941e-02
2.550034e-03
1.652050e-02
-6.610426e-02
-6.131297e-02
5.109300e-03
2.526464e-02
-8.316965e-02
-8.801676e-04
4.327668e-02
2.048633e-02
-1.013749e-01
-1.182653e-02
1.108468e-02
1.601534e-02
-3.283866e-03
-4.571014e-02
1.276723e-02
-3.681564e-02
6.984505e-02
9.379719e-02
3.779966e-02
4.150262e-02
7.184167e-02
6.723566e-02
3.582882e-03
2.558392e-02
2.674817e-02
5.776157e-02
7.063281e-02
1.899746e-02
5.382755e-02
2.362827e-02
2.341282e-03
-4.005138e-02
-3.446413e-02
-2.482695e-02
9.234006e-03
1.241942e-02
-7.629459e-03
-1.124803e-01
-3.826781e-02
-1.177123e-01
-7.783359e-02
-8.044468e-02
-4.428624e-02
-9.206668e-02
-2.168559e-02
2.128342e-02
-2.054484e-02
1.495678e-02
-4.016312e-02
-6.781538e-03
-5.723512e-02
-5.137732e-02
3.727036e-02
-5.178827e-02
5.395576e-03
-3.960644e-02
7.100548e-03
2.530579e-02
-7.394422e-02
2.666512e-02
-8.290598e-02
-1.540717e-01
1.442426e-02
2.254685e-02
-3.625755e-02
-1.374714e-02
1.984298e-03
1.688563e-02
-2.226789e-02
9.380329e-04
6.323948e-02
5.796500e-02
-2.196022e-02
1.783861e-02
-2.181359e-02
-6.425349e-02
2.680626e-03
-7.030766e-02
-1.286019e-03
-8.783008e-03
-6.454811e-02
-1.237861e-02
1.336752e-02
5.558043e-02
-2.601774e-02
8.589512e-02
1.004342e-01
-6.915160e-02
1.017792e-01
1.489507e-01
-3.172368e-02
-2.059463e-02
-2.329406e-03
-6.802300e-02
3.588965e-02
6.551962e-02
3.145868e-02
-8.820827e-05
-7.229281e-03
-5.789711e-03
-5.830519e-02
-7.893898e-02
-2.142698e-02
7.104907e-02
4.930385e-02
1.683891e-02
5.830378e-02
1.080056e-02
-3.058031e-02
-1.823269e-02
-6.427947e-02
-3.104581e-02
-2.439480e-02
-1.093068e-02
-2.287729e-02
6.176890e-02
1.352212e-01
2.174567e-02
-1.437338e-03
3.759228e-02
2.822078e-02
-1.652133e-02
2.092458e-02
-1.970260e-02
1.248097e-05
1.017512e-01
-1.055919e-02
3.603289e-02
1.319287e-03
-4.897337e-02
-4.976141e-03
-4.531602e-02
-1.885380e-02
1.104427e-02
9.388166e-04
-1.734564e-02
-1.260240e-02
7.094800e-02
5.552789e-02
-7.644460e-02
-5.207814e-02
-3.965886e-02
8.597595e-04
-3.606762e-02
-4.489362e-02
1.318428e-02
-3.399628e-02
1.133791e-02
-2.348937e-02
5.292817e-02
1.653749e-02
-3.665552e-02
-1.121773e-01
-5.468777e-02
1.272227e-02
-1.278582e-03
-3.420907e-02
-1.882775e-02
-4.856749e-02
-3.143534e-03
1.882667e-02
1.144042e-02
4.583870e-02
-3.582873e-03
-3.168125e-02
-9.323278e-03
-5.484406e-02
-1.305354e-02
1.510246e-02
-3.382090e-02
-1.833335e-02
-1.170888e-03
-2.298405e-02
-4.081234e-02
-2.575934e-02
-8.164232e-02
2.160990e-02
1.578524e-02
-3.405642e-02
8.929722e-03
-1.425898e-02
-1.690229e-02
-1.225079e-02
-1.447064e-02
-7.928751e-02
5.585008e-02
3.218644e-02
1.049948e-02
5.451089e-02
8.116432e-03
-3.539524e-02
-6.600254e-02
-3.516527e-02
-2.346954e-02
9.376645e-03
5.991211e-03
-8.573711e-02
8.966920e-02
7.883397e-02
2.837444e-03
-2.322060e-02
-6.232783e-02
-3.873757e-02
-7.795999e-03
-1.279516e-02
1.542740e-02
5.947707e-02
-3.043259e-02
3.039123e-02
6.666405e-02
-1.913450e-02
2.203195e-02
3.294655e-02
1.038546e-02
3.370320e-02
1.352764e-02
-1.391397e-02
-3.683730e-02
-1.602121e-02
-3.669928e-02
-3.558854e-03
-9.883710e-03
6.485838e-02
-2.439196e-02
1.900048e-02
5.419518e-02
8.007656e-02
-3.194458e-03
2.568007e-03
-8.940514e-03
-1.223718e-02
1.875482e-02
-1.003573e-02
-2.114333e-02
1.939802e-03
1.064205e-02
7.667864e-03
2.670573e-02
-7.690711e-03
-2.763011e-02
9.300215e-03
6.849281e-03
6.781083e-03
3.655066e-02
1.493546e-02
-1.233893e-03
2.269002e-02
-4.055159e-03
-1.839040e-03
4.565416e-02
2.023663e-02
-6.388695e-03
2.352556e-02
5.567200e-03
-4.859973e-02
-1.528150e-02
1.773954e-02
1.241535e-02
-5.674262e-03
2.077736e-02
1.273357e-02
1.982347e-02
-5.213946e-03
3.697732e-02
2.131586e-02
-1.750672e-02
4.839981e-02
3.108787e-02
5.838041e-02
-3.464494e-02
-9.371893e-03
2.572760e-02
-1.480279e-02
4.350187e-02
-2.467141e-02
6.142350e-03
-1.259999e-02
-1.604892e-02
4.475938e-02
-4.705751e-02
1.518667e-02
2.544481e-02
-9.522016e-02
1.292307e-02
6.858447e-03
1.567729e-02
4.289346e-03
-4.775271e-04
4.208036e-03
3.633719e-03
-1.413112e-03
-1.862338e-02
3.090828e-02
-7.440665e-02
-1.074952e-02
-5.355617e-03
-2.566123e-02
9.575842e-02
4.848715e-02
-2.446095e-02
-1.496239e-02
-7.392713e-02
4.408806e-02
7.588044e-02
-1.104084e-01
5.553440e-02
1.118346e-01
-5.257127e-02
6.641858e-02
8.821981e-02
-1.758359e-02
-5.675844e-02
-8.259510e-02
4.058598e-02
-4.217273e-02
-1.049164e-01
6.422968e-02
-7.792126e-03
-6.729719e-02
1.695782e-02
1.755825e-02
-3.236737e-02
7.926811e-03
-4.100421e-02
-8.739242e-02
-3.956653e-02
-9.759340e-02
-1.020699e-01
4.139514e-02
6.692520e-03
3.764871e-02
6.810237e-04
-4.827551e-02
-2.196550e-03
-7.058259e-03
-8.518840e-02
-5.141963e-02
-5.171664e-02
3.788248e-02
1.378363e-02
-1.491067e-01
-5.060973e-02
2.395236e-03
1.055258e-02
-1.018684e-01
5.043884e-03
-1.759627e-02
-3.294962e-02
-4.155362e-02
-9.339031e-03
-1.100564e-02
5.581143e-03
-1.908403e-04
-3.176978e-02
2.813784e-02
-7.646680e-02
5.186192e-03
5.165250e-02
-3.817999e-02
1.826715e-02
1.585341e-02
-4.691751e-02
-8.603045e-03
-5.213179e-02
3.708921e-02
-1.981921e-02
-9.270481e-02
-5.032085e-02
-3.135246e-02
-3.073148e-02
-1.438550e-02
-3.004142e-02
-9.905383e-03
-1.959152e-02
5.200367e-03
-2.233953e-02
-5.103650e-02
-1.197107e-02
-4.685003e-02
-4.725954e-02
-7.794783e-04
-3.170812e-02
-7.292628e-02
-5.910364e-02
-6.477022e-02
-3.780537e-02
-4.198014e-02
-5.033593e-02
1.190506e-02
-9.010066e-03
-2.001886e-02
1.839520e-02
6.701750e-03
-6.767846e-02
2.142900e-02
2.218530e-02
-2.899724e-02
-4.865173e-03
5.948381e-03
-1.152039e-02
9.741185e-03
3.072733e-02
-2.343873e-03
1.434946e-02
2.168889e-02
-4.984926e-02
-1.016163e-02
-1.192819e-02
-4.781992e-02
2.578927e-02
-4.161399e-02
-4.551856e-02
6.722488e-02
2.587143e-02
-1.068900e-01
-5.396387e-02
3.688888e-02
-3.819863e-02
7.785321e-03
7.066985e-03
-1.016350e-02
-8.198460e-02
-3.984297e-02
1.945145e-02
-5.767575e-02
7.465887e-03
2.102113e-02
-1.355329e-01
-9.743189e-02
-3.080150e-02
-1.028054e-01
-1.106663e-01
-9.972977e-03
-2.126994e-02
-1.532297e-02
3.152104e-02
1.580299e-02
-2.235626e-03
1.529194e-02
-8.379567e-02
-1.014914e-02
4.506111e-03
-2.525381e-02
-6.115012e-02
-2.687308e-03
-2.070029e-04
1.158508e-02
3.754493e-02
-5.990360e-03
-2.225287e-02
-8.069167e-03
2.307839e-02
6.489608e-03
1.624805e-02
-7.196420e-03
-1.456154e-02
-3.309777e-02
7.074679e-03
6.055256e-02
5.319542e-02
4.858065e-03
4.820015e-02
6.185951e-02
-8.229934e-02
-8.061852e-02
8.022903e-03
-1.355742e-02
6.902745e-02
5.430141e-02
1.572278e-02
6.186758e-02
6.264920e-05
-2.325394e-02
-5.020615e-02
-1.906534e-02
-1.862973e-02
-1.826006e-02
1.532015e-02
-4.068358e-02
1.950899e-02
1.292630e-02
-9.210809e-03
7.661534e-02
-6.306627e-02
8.161802e-02
-9.393625e-03
-4.323420e-02
-3.820522e-02
3.226848e-02
2.581566e-02
-1.696139e-02
-1.588209e-02
9.559041e-02
-2.860554e-02
-5.075024e-02
2.872672e-02
-1.488656e-02
-4.677342e-02
-5.537368e-02
-2.517500e-02
-6.086400e-02
-2.881718e-02
-3.478382e-02
-2.739836e-02
1.109414e-02
-1.146902e-02
-1.488673e-03
3.797249e-02
-1.152154e-02
-1.459616e-02
9.465510e-03
5.174798e-03
-3.684628e-02
-4.043050e-05
-5.747620e-03
1.767159e-02
1.791905e-02
-3.894772e-02
3.427364e-03
4.571595e-04
-2.842986e-02
-8.240872e-03
-4.598998e-03
-1.221412e-02
-3.002320e-02
-5.716716e-02
-3.256982e-02
-3.798006e-02
-2.220333e-02
-3.174669e-02
-3.388072e-02
-1.545451e-02
-2.604658e-02
1.524122e-02
3.709454e-02
4.676738e-02
-1.793440e-02
-7.561808e-03
-6.966155e-03
-5.581137e-02
-3.831930e-02
-1.614751e-02
-7.071058e-02
-4.622839e-02
-1.610854e-02
-2.446374e-02
1.589267e-02
-3.052083e-02
-5.728482e-03
4.648405e-02
-7.345521e-03
1.401297e-02
1.182710e-02
-3.408168e-02
4.183391e-02
1.049848e-01
-1.144661e-01
3.882830e-02
6.316549e-02
1.451614e-02
-4.866032e-02
-3.871047e-02
-2.703833e-02
-1.898841e-02
-1.482517e-02
3.239087e-02
2.950045e-02
-3.112559e-02
6.096364e-02
6.036519e-02
-6.116666e-03
-6.394661e-03
1.641016e-02
-6.955455e-03
2.737919e-04
1.336887e-02
7.812070e-04
-2.413626e-02
-3.949185e-02
4.189809e-02
-4.220165e-02
-1.503841e-02
2.030044e-02
2.820630e-02
-5.469587e-02
3.762800e-02
-1.862837e-02
1.833646e-02
7.086460e-02
-3.527462e-02
1.215919e-01
-2.509956e-02
8.518574e-02
2.838264e-01
7.754295e-02
-3.103910e-02
9.218619e-02
-4.461699e-02
1.864942e-02
-2.879561e-02
-1.337429e-02
3.474967e-02
-1.837333e-02
-4.021510e-02
4.436880e-02
-1.225170e-02
-4.349879e-02
-2.938620e-02
-5.531660e-02
-1.129459e-02
5.519587e-02
-3.871275e-02
7.808292e-03
-7.973183e-02
-6.192951e-02
-3.205914e-03
5.105811e-02
3.186317e-02
-9.243028e-02
1.960358e-02
4.762137e-02
-1.392801e-02
-5.170462e-02
1.122832e-02
-4.348937e-02
-2.426789e-03
-2.219607e-03
7.714459e-03
1.665888e-02
8.764353e-02
1.277726e-02
-1.360479e-02
6.326663e-02
-1.419129e-02
-8.170766e-02
-4.107989e-02
-3.859543e-02
3.732535e-02
2.763662e-02
7.430168e-03
-9.892354e-04
-8.936523e-03
-4.972754e-02
-1.229641e-02
-5.067123e-02
1.027040e-02
-1.957010e-02
-6.238545e-02
2.505679e-03
-4.368958e-02
-6.530202e-02
-2.032271e-02
-4.708563e-03
2.580936e-02
-2.129971e-02
-1.775413e-02
4.358916e-02
9.518411e-03
-1.341032e-03
-5.977878e-02
-6.618004e-03
3.007167e-02
9.344706e-02
-3.431185e-02
2.662786e-02
9.451724e-02
-4.292407e-02
-5.635784e-02
-2.624936e-02
-1.027582e-01
3.077753e-02
8.549264e-02
-2.628652e-03
6.619618e-02
1.144846e-01
-5.250259e-04
-1.798442e-02
2.523523e-03
-6.219237e-02
-1.986404e-02
4.383051e-03
1.091181e-03
2.817493e-02
4.832649e-02
1.013127e-02
-2.757861e-02
-8.311991e-03
-4.134484e-02
-3.917487e-02
5.970865e-04
4.401730e-02
-4.181695e-02
4.977613e-02
6.818587e-02
-5.485537e-03
3.541572e-02
6.442771e-02
-1.140849e-02
2.361689e-02
1.291379e-02
1.789923e-02
-3.192953e-02
8.160913e-03
1.843833e-02
-4.245235e-02
2.711381e-02
-1.527299e-02
2.358816e-02
9.781638e-03
1.640431e-03
9.938302e-03
1.065134e-02
2.067340e-03
-3.345484e-02
-7.721569e-03
-6.834872e-02
3.225263e-02
7.919724e-02
-6.531929e-02
7.713727e-05
4.096021e-02
-5.615243e-02
-2.441642e-02
-3.878996e-02
4.361676e-02
-2.895088e-02
-4.284403e-02
1.282607e-02
7.775989e-02
1.018847e-02
-1.227272e-02
8.170607e-03
4.093966e-03
7.716776e-02
9.451665e-02
3.075565e-02
6.718908e-02
8.899910e-02
1.997169e-03
2.902979e-02
4.806352e-02
-1.944048e-02
-2.360841e-02
-4.274932e-02
-4.543580e-02
-2.426840e-02
-5.692036e-02
-3.384151e-02
9.465308e-03
-1.789490e-02
3.998449e-04
-3.794660e-02
2.863743e-03
-1.585418e-02
-2.020932e-02
-2.958382e-02
-1.370446e-02
-1.577308e-02
-3.701022e-02
-3.343121e-02
-2.909025e-02
-8.778436e-02
-9.137049e-02
-2.721384e-02
-8.990733e-02
-1.078045e-01
-1.252915e-02
-6.260145e-02
-9.674756e-02
-3.809595e-02
-3.228129e-02
1.810498e-02
5.967120e-03
-4.685841e-02
1.962559e-04
-5.284684e-02
-2.411769e-02
-2.953449e-02
-1.854750e-02
-1.932391e-02
-2.875892e-02
-4.776917e-02
-9.657923e-02
-1.033100e-01
-6.645785e-04
-6.634317e-02
-1.070943e-01
-8.791645e-03
2.680183e-02
2.852682e-02
-2.274092e-02
1.830677e-03
3.204112e-03
-6.672344e-02
-4.704147e-02
-4.573325e-02
-1.517047e-02
-4.238575e-02
-1.849579e-02
4.266306e-02
-6.625878e-03
-7.933779e-02
6.080401e-02
4.380888e-02
-3.805786e-02
-3.729808e-02
-7.773014e-03
2.429049e-02
-4.054300e-02
-1.588198e-03
3.964324e-02
-3.893276e-02
-2.665184e-02
2.854276e-03
-6.378452e-02
-9.732458e-02
-1.104368e-01
-1.659823e-02
-5.198241e-02
-8.340816e-02
1.768954e-02
-9.486541e-03
-3.347806e-02
-2.299723e-02
-2.117991e-03
1.512885e-02
2.315323e-02
-5.788442e-03
-4.382268e-02
2.829948e-02
-7.194308e-03
-6.089864e-02
-1.952802e-02
2.361450e-02
-9.675420e-03
-5.070884e-02
9.162297e-03
-5.720672e-03
-9.603073e-02
-4.572842e-02
-2.668702e-02
2.574560e-03
7.110838e-04
-3.467508e-02
-4.873651e-02
-4.803544e-03
-2.217055e-03
1.973259e-02
1.037458e-02
2.716269e-02
3.327084e-02
8.687328e-03
-8.532642e-03
-6.389131e-03
-2.133582e-02
-1.851668e-02
-1.661795e-02
-3.534039e-02
-3.922680e-02
-2.313467e-03
-2.373307e-02
5.671722e-03
-2.937659e-02
-5.062621e-02
-2.141068e-02
-9.634776e-03
-3.144129e-02
-1.946927e-02
4.098295e-03
2.891070e-02
7.176699e-03
2.017030e-02
1.511605e-02
-3.265398e-02
-5.427558e-02
2.982890e-03
1.289427e-02
4.349995e-02
1.150273e-02
8.563515e-04
9.578485e-03
8.668660e-02
2.294381e-02
2.169274e-02
5.168026e-02
2.702490e-02
1.577747e-02
2.140678e-02
5.901516e-02
3.669134e-02
-6.759627e-03
-2.041279e-02
6.446286e-02
2.880885e-02
3.128448e-02
-3.217322e-02
2.809125e-02
-8.747593e-04
3.112419e-03
-4.453783e-02
3.745562e-02
-9.633173e-02
3.550158e-02
-5.616464e-02
8.198155e-02
6.023237e-02
-8.755627e-02
2.841885e-02
8.103992e-02
-2.158104e-02
-1.087306e-01
-1.900341e-02
1.077623e-02
-5.142368e-02
-2.727296e-02
-4.675205e-02
-1.874494e-01
7.122768e-02
-9.387341e-02
8.756761e-03
-6.660164e-02
-6.240817e-05
-1.158013e-01
-7.945730e-02
-4.365344e-02
4.278425e-02
4.339937e-02
-4.392590e-02
2.284645e-03
-3.757051e-02
-3.462534e-02
-3.163086e-02
-1.445718e-02
1.188645e-01
-1.004800e-03
-2.306028e-02
8.329212e-02
3.550601e-03
2.994347e-02
3.152517e-02
-6.516739e-04
-1.025099e-02
-7.036697e-02
1.701919e-02
1.107353e-01
2.803092e-02
6.418552e-03
-3.896138e-02
-3.164851e-03
2.525593e-02
-4.636267e-03
-3.625952e-02
4.787665e-02
-5.652821e-03
-6.693994e-02
-9.611798e-03
-2.118800e-02
-1.245679e-02
2.027855e-02
4.204769e-02
2.149515e-02
-1.898962e-03
9.975713e-03
-4.689417e-02
-1.539898e-02
-3.674771e-02
-3.495459e-02
-5.912743e-02
-6.438803e-04
7.873153e-02
-8.589198e-02
1.139427e-02
6.495900e-02
-5.711736e-02
4.391442e-03
4.876853e-03
4.688533e-02
-7.152964e-03
2.285122e-02
-3.745062e-02
-5.812755e-02
-1.440957e-02
-7.149867e-03
3.383705e-02
2.272116e-02
-4.873498e-02
2.357219e-02
-1.348856e-03
-4.377810e-04
-1.946476e-01
-1.323174e-02
-7.629983e-02
-1.246610e-02
1.153929e-02
-5.460355e-03
-7.561956e-04
-1.005381e-02
2.027856e-02
-4.931862e-02
4.567574e-03
6.293854e-02
-5.955957e-02
-3.980285e-02
-1.054651e-01
3.493985e-02
-5.039149e-02
-6.385104e-02
1.363071e-02
-2.931508e-02
1.113955e-02
-2.610272e-02
-7.101490e-02
2.507055e-02
-6.966145e-02
-5.395161e-02
-1.222845e-01
1.252091e-01
-3.722942e-02
2.532385e-02
-8.056016e-02
-3.695356e-02
5.717683e-02
5.931062e-02
5.309220e-02
3.138761e-02
-9.423062e-03
7.473805e-03
-1.884213e-02
-9.345665e-02
-4.082255e-02
-3.038993e-02
-7.827942e-02
-5.097121e-02
-5.092282e-03
-1.301837e-02
7.046407e-03
3.731288e-02
6.121727e-02
5.692896e-02
-1.267966e-02
-7.261121e-03
1.592637e-02
-7.586357e-02
-1.460347e-02
2.442902e-02
-5.681262e-03
1.319477e-02
1.648869e-02
5.170773e-02
-1.794629e-02
-8.474895e-02
-1.034877e-01
-1.118557e-01
-9.861084e-02
-1.208199e-01
-9.302386e-02
-3.803936e-02
-1.649532e-02
-9.696570e-03
-3.826240e-03
-6.187987e-02
-8.026895e-02
-3.754230e-02
2.482848e-02
-9.407087e-02
6.745388e-03
1.454138e-02
5.025422e-03
1.726164e-02
-6.056225e-03
-4.920746e-02
-5.095020e-02
5.245258e-03
3.298774e-02
2.282523e-02
-8.521037e-03
-1.815190e-02
3.297568e-02
-2.414133e-02
-4.793663e-02
-1.094684e-02
-4.699747e-02
-3.114491e-02
-7.474303e-03
-2.725837e-02
-4.006442e-02
-1.036198e-02
1.842823e-02
-2.107393e-02
-8.695200e-03
1.061709e-02
-7.498766e-02
-6.329273e-02
-1.861031e-02
-3.612190e-02
-1.691122e-02
-1.221905e-02
-1.498763e-02
-1.568593e-02
2.927113e-02
1.627006e-02
-5.902581e-03
1.756668e-02
4.641415e-04
3.704051e-03
1.790533e-02
6.945615e-03
2.263399e-02
-1.599804e-02
-3.301163e-02
9.205013e-03
-1.314335e-02
3.456547e-02
3.339355e-02
2.929196e-03
5.449098e-02
3.679170e-02
-3.399259e-02
2.330540e-02
3.281680e-02
-9.786398e-03
-4.314567e-02
-4.221395e-02
6.872518e-03
-1.693168e-04
3.401492e-02
-1.575484e-02
-2.044791e-03
1.871382e-02
-4.399704e-02
-8.116949e-02
-2.831468e-02
-2.026976e-02
1.407416e-02
-1.486420e-04
-8.637842e-02
-4.345588e-02
-3.833897e-02
-3.101618e-02
3.028919e-03
3.316867e-02
-3.049536e-02
-1.271514e-02
2.588018e-03
-1.181950e-02
1.321507e-02
1.952001e-03
3.313915e-03
-2.166635e-02
7.861446e-02
1.959029e-02
-7.916252e-02
-6.980722e-02
-7.563332e-04
-5.808308e-02
-1.262804e-01
4.777291e-02
2.332313e-02
7.754292e-04
-3.183874e-02
-7.065789e-02
2.627583e-02
2.367439e-02
-1.166165e-01
-2.302791e-03
-4.737997e-02
-5.314294e-02
-9.428813e-02
9.455384e-02
8.469643e-02
-5.587768e-03
1.088815e-01
1.389663e-01
5.776720e-02
-5.320148e-03
1.139484e-02
-5.551861e-03
-3.050343e-02
-1.852272e-02
5.987174e-03
-2.390411e-02
-1.272769e-02
-6.120635e-03
-8.868801e-03
3.027064e-02
-9.840830e-02
1.436952e-02
-1.633994e-02
-7.658244e-02
-2.467108e-02
-3.018477e-02
-5.065306e-02
-2.442335e-02
-9.037811e-02
3.170378e-03
-1.028454e-02
-9.680255e-02
-3.039701e-03
2.591105e-03
-5.784541e-02
4.250162e-03
-5.340780e-02
-2.434291e-02
-1.367866e-01
3.331982e-02
3.269422e-02
-1.056519e-02
-1.790887e-03
9.658216e-03
-3.342350e-02
-8.668614e-02
-8.972430e-02
-6.900115e-02
-2.026052e-02
-8.180171e-02
-7.802180e-02
6.325175e-02
-4.854098e-02
3.733348e-03
-8.245527e-03
1.142504e-02
-4.378835e-02
-1.511815e-02
-1.133670e-02
-4.675081e-02
-1.391671e-02
-2.831425e-02
-3.650181e-02
-6.816776e-03
4.308822e-03
4.590038e-03
-6.785395e-03
-2.116890e-03
3.774597e-03
-5.162068e-02
-2.656359e-02
-3.247606e-02
1.015535e-03
-1.724140e-02
-1.003251e-03
7.501446e-02
3.697665e-03
-2.368886e-02
2.091601e-02
-2.235170e-02
-6.374785e-02
1.831011e-02
-5.791568e-03
7.871792e-03
4.393663e-02
1.380293e-02
2.320495e-02
2.518521e-02
8.633230e-03
-1.349417e-02
-3.193139e-03
1.320291e-02
4.213892e-02
2.263778e-02
7.837896e-03
3.531037e-02
1.761618e-02
-2.035907e-02
-3.042622e-02
-5.382640e-02
-3.882889e-02
-1.073434e-02
-5.125377e-03
-1.536644e-02
-1.741583e-02
-2.340763e-02
-2.734605e-02
-1.909634e-02
-5.788017e-02
-1.687927e-02
-3.966092e-02
-6.408033e-02
-1.184664e-02
1.263436e-03
-1.033101e-01
1.519198e-02
-7.280415e-03
-2.470430e-02
-2.321894e-02
-1.584827e-02
-1.061737e-02
2.294612e-02
-4.085495e-02
3.729574e-02
4.451107e-02
-5.300793e-02
-2.297003e-02
2.399719e-02
-1.738996e-02
-3.290569e-02
1.654860e-02
-1.678638e-02
-9.095241e-03
-2.695022e-02
-3.883235e-02
4.852484e-04
-6.620547e-02
-2.731396e-02
5.035041e-02
-7.418551e-02
-1.994620e-02
-1.235295e-02
-7.724363e-02
-5.405919e-02
-1.404950e-02
-2.904308e-02
1.362303e-02
-3.144803e-03
6.249574e-02
3.958873e-02
-2.728327e-03
5.144457e-02
3.232813e-02
1.557245e-02
-1.092350e-02
-6.380094e-02
9.311181e-03
-2.023462e-02
-4.684519e-02
1.571697e-02
-9.838433e-03
-4.007207e-02
2.341538e-02
1.220020e-02
-3.881954e-02
3.414805e-02
1.221609e-02
-2.445402e-02
1.532480e-02
7.689799e-03
2.383147e-02
2.885797e-02
1.784258e-02
-4.124654e-02
5.388746e-02
7.724801e-04
-6.324991e-02
-8.605734e-03
-2.259068e-02
-2.849196e-02
-6.308386e-02
1.732585e-02
-6.315306e-02
3.239386e-02
1.982963e-02
-8.053507e-02
-5.536682e-03
4.607751e-03
-1.343622e-01
-4.541332e-02
-2.119760e-02
-1.599989e-02
1.826896e-02
5.481562e-03
1.341427e-02
2.899325e-02
-2.936200e-03
-4.701816e-02
1.426614e-02
-1.308631e-03
1.277329e-02
-1.611644e-02
-5.471273e-02
7.375182e-03
-5.397037e-02
-7.591766e-02
-3.694823e-02
-4.095040e-02
3.751208e-02
7.555457e-02
-8.854645e-02
-5.440608e-02
2.068376e-02
-5.148683e-02
-2.069351e-02
2.505204e-02
-9.186854e-03
-3.706412e-03
-2.174169e-02
-7.867482e-03
5.115660e-03
-1.221837e-02
-3.899240e-02
-2.207012e-02
-3.589408e-02
2.915738e-02
-2.456552e-02
-2.082676e-02
3.866728e-02
1.614073e-02
-2.643004e-02
4.665375e-02
1.337164e-02
-2.717944e-02
-2.982581e-02
-1.417422e-01
-8.960368e-02
-4.468213e-02
-1.234965e-01
-9.241654e-02
-4.998904e-03
-6.405367e-02
-3.182178e-02
6.380093e-04
-3.270830e-02
-1.107517e-02
-4.210406e-03
-4.915677e-02
-2.181787e-02
2.515021e-03
-1.861783e-02
2.740623e-02
8.027413e-02
-9.278893e-03
1.137353e-03
-6.713507e-02
-2.643781e-02
-5.668742e-02
3.468942e-02
-4.323744e-02
-9.058201e-03
-1.424629e-02
3.355975e-02
-1.931032e-02
4.170949e-02
1.578773e-02
-8.326193e-03
2.757941e-02
-1.812224e-02
-5.367656e-02
-4.073592e-02
7.242160e-02
4.779584e-02
-2.949012e-02
5.733079e-02
6.107904e-02
-9.523234e-03
2.644828e-03
-2.017070e-02
-6.104716e-02
-5.163689e-02
-2.082378e-02
-2.681110e-02
1.311363e-02
1.156391e-02
-1.192214e-02
4.904585e-02
4.017380e-02
-7.013232e-02
-2.443605e-02
-5.296384e-02
-4.775149e-02
-2.933553e-02
-5.857282e-02
-6.842878e-03
-2.132983e-02
-5.259784e-02
2.059209e-02
-6.356062e-03
-4.160744e-02
4.284855e-02
3.738172e-02
-2.102998e-02
5.717603e-03
6.657138e-03
-3.841975e-02
1.825603e-03
3.597960e-02
3.164991e-03
-1.191817e-02
-2.300679e-02
-8.192392e-03
-6.737425e-03
-2.752331e-02
5.735807e-03
2.672312e-03
4.739123e-04
4.151716e-03
-2.542163e-02
-2.057257e-02
1.633923e-02
-5.198639e-02
-1.548482e-02
3.091062e-02
-7.892799e-02
-9.077988e-02
-1.094428e-02
9.682117e-03
-4.004054e-02
-1.486312e-03
1.989032e-02
2.139418e-02
3.931783e-02
-4.858638e-02
-1.384654e-02
3.401286e-03
-7.595579e-02
-6.390557e-02
-4.211114e-02
-4.917124e-02
-5.517587e-02
-6.611545e-02
-1.858143e-02
1.494532e-04
1.773208e-02
-2.612329e-03
2.876455e-02
2.276115e-02
1.642062e-03
4.174596e-03
2.050898e-02
-1.575082e-02
4.087391e-02
8.663724e-03
-8.922385e-03
2.899642e-02
-3.620452e-02
-2.467645e-02
3.392382e-02
-4.007994e-02
-2.486576e-02
4.267845e-02
1.613691e-02
-3.560739e-02
3.314037e-03
-8.513343e-03
-3.002991e-02
-4.718285e-02
-2.865898e-02
-3.979353e-02
-1.959161e-02
-7.806730e-03
-1.772232e-02
-2.395041e-02
-1.610239e-02
-1.682680e-03
-2.936626e-02
-2.435147e-02
-1.841569e-02
5.035546e-02
3.865075e-02
-1.261337e-02
3.076417e-02
1.733546e-02
-3.788145e-02
-1.892593e-02
-1.463970e-02
-1.104952e-02
5.527065e-03
2.074329e-02
-2.382594e-02
4.316776e-02
5.601321e-02
-9.036472e-02
-3.665684e-02
-8.520313e-03
2.490828e-02
9.175220e-02
-4.073066e-02
-2.397100e-02
5.099205e-02
-1.566098e-02
-6.420705e-02
-1.403089e-02
-2.019464e-02
-2.005705e-02
-6.528033e-03
1.598717e-02
-2.953202e-02
-6.326854e-02
-4.054209e-02
1.555628e-02
-4.542174e-02
-1.183938e-02
-2.095401e-02
-5.039508e-02
-6.784001e-03
1.362831e-02
-4.228259e-02
-6.115922e-02
1.151698e-02
-1.048462e-02
-4.157858e-02
4.166541e-02
2.489347e-02
9.581463e-02
-1.445117e-02
-5.567665e-02
1.817998e-02
-2.358637e-02
-5.343130e-02
-3.548573e-02
