-3.990755e-03
-4.322481e-02
8.681437e-03
-6.359358e-02
-9.979147e-02
4.146737e-02
4.126444e-03
1.638729e-02
2.083013e-02
-1.618156e-02
-4.007155e-02
-2.045593e-02
3.945460e-03
-9.286091e-03
-2.015208e-02
2.988283e-02
-2.033372e-02
8.396245e-02
2.420421e-03
1.120328e-03
2.481316e-02
-2.359367e-02
-3.586039e-02
-3.775316e-06
-1.560462e-02
-2.335155e-02
-2.935077e-02
-5.650550e-02
-4.213438e-02
-3.929658e-02
-5.949302e-02
-2.846753e-03
1.963457e-02
6.110163e-02
9.249880e-02
3.995713e-02
2.984682e-02
7.128213e-03
5.759922e-02
3.475261e-02
-2.249689e-02
-3.682373e-02
3.136682e-02
3.835139e-03
-5.977749e-02
-2.413590e-02
-2.908424e-02
1.361418e-02
-7.516310e-02
-3.181894e-02
1.116199e-02
-7.280147e-03
4.114169e-03
1.144069e-02
-1.273676e-03
-2.223027e-02
3.950372e-02
1.273758e-02
-1.168248e-02
2.218188e-02
6.644346e-03
-7.854546e-03
2.311322e-02
4.245130e-02
-1.646922e-02
-1.284220e-01
9.881050e-02
3.037770e-02
-8.300831e-02
5.230406e-03
7.066634e-02
4.925842e-02
-6.866817e-02
-2.861095e-02
5.016867e-02
-2.156270e-02
-8.430479e-02
4.000466e-02
-3.978097e-02
-1.082179e-02
5.026388e-02
3.071455e-02
6.091149e-02
3.238424e-02
-1.869806e-02
1.377229e-03
-7.786250e-02
5.784706e-02
-2.257948e-02
1.644437e-02
3.464367e-02
2.308207e-02
4.579325e-03
7.480343e-02
7.572030e-02
8.509245e-02
7.517835e-02
3.318629e-02
3.672301e-02
2.121793e-02
1.886946e-02
-4.682701e-02
3.767830e-02
5.806712e-02
-8.817379e-02
-8.236806e-02
-4.157087e-02
-5.814151e-02
-2.038493e-02
-2.873384e-02
-4.031733e-02
5.331597e-02
5.438833e-02
8.857719e-03
8.996801e-02
8.950278e-02
4.022191e-02
7.013792e-03
5.186338e-02
2.963013e-02
-3.471114e-02
1.362451e-02
6.350138e-02
-4.157975e-02
-5.961137e-02
9.909973e-03
-4.114166e-02
9.783280e-03
-1.094848e-03
-3.591560e-02
4.759829e-03
3.987648e-02
-3.944276e-02
-5.806854e-02
4.729650e-02
-8.359500e-03
-3.988775e-02
2.675468e-04
9.945706e-03
-3.709441e-02
-3.611387e-02
1.279396e-02
-4.161638e-02
-4.838450e-02
-1.158931e-02
-6.632658e-02
-1.007198e-01
6.146998e-02
1.057557e-01
-2.255759e-02
5.688736e-02
4.998063e-02
-5.988115e-02
-5.298708e-02
-9.560720e-02
1.015655e-02
-6.594339e-02
-1.107610e-01
-6.696334e-02
8.044919e-03
4.796183e-02
-4.868953e-03
-8.526843e-03
5.249476e-02
-1.465159e-03
1.600123e-02
-3.148567e-02
-7.939997e-02
1.666304e-02
-6.988662e-02
-5.955043e-02
5.147469e-03
8.211657e-02
7.625783e-02
1.212191e-02
9.787766e-02
8.892544e-02
-8.800322e-02
-8.085272e-02
-3.919809e-03
9.440150e-03
1.282923e-02
4.242224e-02
-1.829586e-02
-3.366250e-02
4.640586e-02
-4.845081e-02
-9.966937e-02
-5.141374e-02
-6.425212e-02
4.246897e-03
-3.223896e-02
-2.805699e-02
-2.968602e-03
-1.693913e-02
1.617231e-02
-3.527543e-02
1.252818e-02
-5.656555e-02
6.473359e-02
1.318855e-02
-4.449815e-02
-1.179193e-02
4.096358e-02
3.254206e-02
3.990187e-02
-2.393263e-02
2.625024e-02
1.414629e-02
3.162928e-02
9.776764e-02
4.654371e-02
2.346220e-02
2.906424e-02
-3.727288e-03
-2.279918e-02
3.319900e-02
-2.125372e-02
-2.587967e-02
-5.558196e-03
-6.647005e-03
-4.049729e-03
4.821826e-02
2.109081e-02
-3.799621e-02
7.702256e-03
-1.730605e-02
-2.984928e-02
2.716277e-03
-1.357079e-02
-2.098618e-02
-3.513291e-02
2.445756e-03
-7.911147e-03
4.311815e-02
1.169015e-02
-9.816961e-04
5.094752e-03
2.962111e-02
2.704654e-02
-4.327227e-03
2.304289e-03
2.175376e-02
2.573636e-03
3.754614e-02
4.207921e-02
-2.400682e-02
-3.869572e-02
-2.599517e-02
-1.011591e-01
7.549319e-02
8.688000e-02
-3.332033e-02
-6.221010e-02
-1.449874e-02
1.026914e-03
-3.695109e-02
1.394815e-02
-1.140044e-02
-5.822765e-03
6.619033e-04
2.741803e-02
9.395171e-02
-1.970741e-02
-6.540005e-02
1.679901e-02
-1.105321e-02
-4.802746e-02
-7.907652e-03
-4.442268e-02
6.755557e-02
5.458893e-02
2.841635e-02
5.131074e-02
7.770120e-02
-3.472405e-02
1.711253e-02
2.338458e-02
-7.616840e-02
-7.069063e-02
-6.657976e-02
-3.843252e-02
-3.530504e-02
-5.963245e-02
-8.069900e-02
1.089870e-02
-6.803344e-03
-3.521929e-02
-5.087574e-02
-1.297798e-01
-1.693415e-02
1.195393e-01
1.241729e-01
-2.769133e-02
-8.097056e-02
-2.926438e-02
9.293881e-03
-2.531004e-02
1.925519e-02
2.679966e-03
-5.826250e-03
2.073991e-02
-2.859407e-02
1.455474e-02
5.539153e-02
-3.014180e-02
6.145443e-02
1.094782e-01
-4.686550e-02
-3.000991e-02
-6.636013e-02
1.632483e-02
4.138201e-02
4.750107e-02
7.899778e-02
2.998912e-02
-1.468148e-02
3.208736e-03
3.860088e-02
6.294197e-02
7.495821e-02
-5.534225e-02
-4.929985e-02
-4.845667e-02
9.387564e-03
-4.212401e-02
-1.686936e-02
-2.756450e-02
1.997277e-02
-2.140951e-02
1.886380e-02
-1.716961e-02
-3.896257e-02
-8.314792e-02
-7.414519e-02
-3.106143e-02
9.621792e-02
8.857472e-02
2.685850e-02
1.202389e-02
2.927654e-02
1.742613e-02
-1.347190e-02
-3.537767e-02
6.690127e-03
-3.471734e-02
9.161291e-03
3.216027e-02
-1.436675e-02
9.113655e-03
2.935744e-02
3.943601e-02
-7.983522e-03
-5.314869e-02
-3.243443e-02
3.354992e-02
2.301262e-03
-3.866291e-02
-5.439807e-03
-6.523212e-02
-6.266076e-02
-1.604110e-02
1.278554e-02
3.680516e-02
2.624124e-02
-6.555326e-03
5.854905e-02
-1.331600e-03
-4.284330e-02
-1.204350e-02
5.128916e-03
6.731710e-03
1.263141e-02
-1.038497e-02
5.325559e-02
-3.682545e-02
-5.647710e-02
2.493573e-02
7.121578e-03
1.780703e-02
4.969406e-02
-3.174029e-02
-2.964378e-02
-5.133156e-02
-3.562642e-02
-4.297286e-02
-3.850915e-02
4.742289e-02
8.691523e-02
-4.907676e-02
-1.157527e-01
-9.365626e-02
6.430510e-02
-4.198300e-02
-3.555523e-02
-3.027191e-03
6.054854e-02
5.688186e-02
-3.183601e-02
7.524413e-02
3.085347e-02
-9.627293e-02
2.282042e-02
-4.442397e-02
-9.594420e-02
4.907865e-02
6.108174e-02
9.292458e-02
-7.354941e-02
-5.745536e-02
-5.635329e-02
9.538836e-03
7.453617e-03
3.836830e-02
-1.274594e-02
9.690437e-03
4.427093e-02
-7.073730e-02
-4.578803e-02
-4.810393e-02
-4.631797e-02
2.733140e-02
7.662454e-02
-9.166551e-02
-1.288544e-02
4.275248e-02
1.997652e-02
1.278574e-02
2.605790e-02
1.266331e-02
-1.054755e-03
-4.081233e-02
-2.392832e-02
4.588832e-02
-5.818016e-02
-2.208795e-02
3.046538e-02
1.711734e-02
3.324554e-02
-5.922043e-02
1.334993e-01
-1.703299e-02
-5.414356e-03
8.210000e-03
-2.558809e-02
1.910834e-02
-5.036462e-02
1.190540e-02
9.387900e-02
3.119205e-02
8.681589e-03
-1.489021e-02
6.943736e-02
-6.303728e-02
-9.825058e-02
-2.008076e-02
-9.109671e-02
-3.109930e-03
-2.194165e-03
2.212206e-02
1.412858e-02
3.831654e-02
8.807101e-03
-4.772182e-02
7.063176e-03
-2.537186e-02
-1.166420e-01
-7.487619e-02
-4.413643e-02
-6.847511e-02
-3.328686e-02
-6.811915e-02
-6.312805e-02
8.486444e-04
-4.328810e-02
-8.401548e-02
-4.388836e-02
-3.180639e-02
-3.127101e-02
-7.450967e-02
3.044870e-02
3.497193e-02
-1.267231e-02
2.467722e-02
-7.689712e-03
2.675982e-02
-8.146420e-03
3.625633e-03
4.993131e-02
1.008223e-02
1.966479e-03
-1.859496e-03
3.494786e-02
-5.624668e-04
-3.052835e-02
6.306826e-02
3.458694e-02
4.830992e-02
-2.505161e-02
1.007562e-02
1.181148e-01
-3.731942e-02
-2.519951e-02
4.730293e-02
-5.596045e-03
-4.110839e-02
-2.319682e-02
1.039989e-01
1.096895e-02
-7.074822e-02
7.307272e-02
7.088587e-03
-7.017151e-02
1.959147e-02
-4.286261e-02
4.203490e-03
1.258215e-02
-8.100693e-02
-2.883533e-03
-2.116924e-02
-7.470834e-02
-2.227440e-02
5.013832e-02
1.378430e-02
3.477130e-02
1.756715e-02
-3.102416e-02
-1.517400e-02
5.768111e-04
-5.301123e-02
-2.652565e-02
6.705099e-02
-1.034901e-02
4.388085e-02
-2.059143e-02
-3.804544e-02
4.506006e-02
-2.001431e-02
3.852377e-02
-6.120873e-02
5.061607e-02
3.776240e-02
-9.450558e-03
2.059636e-02
9.573233e-03
1.513383e-02
7.898648e-03
-3.110222e-02
6.294096e-03
-1.878047e-02
5.573967e-03
-3.223373e-02
-4.737472e-03
-4.275297e-02
-4.312765e-02
4.973969e-02
-3.222446e-02
-1.214008e-02
1.300877e-02
-1.878278e-02
-3.296218e-02
-1.153665e-02
-2.974757e-02
-2.463580e-02
-1.760243e-02
5.361446e-02
6.708913e-02
-7.520663e-04
1.480072e-02
-5.009590e-02
2.477561e-02
7.934717e-02
-3.084082e-03
1.638717e-02
3.834862e-02
5.958932e-03
6.597895e-02
1.586049e-02
2.215389e-02
-1.130827e-01
-5.470953e-03
2.290487e-02
-1.808501e-02
6.813448e-02
-5.996438e-03
-1.036796e-01
-1.306202e-02
8.617910e-02
-1.157208e-01
-1.741704e-02
7.477250e-02
-2.563555e-02
9.497798e-03
-7.652572e-04
4.624369e-02
3.992735e-02
-7.315416e-02
1.374562e-02
-5.948191e-05
-1.253096e-02
-6.576358e-02
2.205357e-03
5.159163e-03
2.729108e-02
4.903100e-02
-3.349311e-02
3.690462e-02
4.652999e-02
-3.651198e-02
1.958474e-02
-5.176021e-02
-8.521423e-02
9.634164e-02
4.524997e-03
8.977876e-03
-9.721466e-03
-5.145900e-02
2.649245e-02
-7.288402e-02
-5.667577e-02
7.110222e-02
7.543717e-02
2.070116e-02
3.985962e-02
-1.466406e-01
-9.159794e-02
5.283507e-02
-8.303803e-02
4.990033e-02
1.072006e-01
3.006132e-02
1.264401e-02
-3.557847e-02
-1.129721e-01
1.617528e-02
3.821686e-03
-4.692642e-02
-2.082893e-02
8.871337e-03
4.153257e-02
-2.702102e-02
-1.123241e-01
9.608185e-02
-3.117115e-02
-1.382554e-01
2.441877e-02
-6.435591e-03
-7.001051e-02
-5.371815e-02
-4.944170e-02
-3.292945e-02
-3.387574e-02
-3.861273e-02
4.778524e-03
-5.017584e-03
-7.158611e-02
-3.061659e-02
-8.804258e-02
-3.657182e-02
-9.922811e-03
-4.371407e-02
3.863657e-02
-1.135300e-01
-2.357541e-02
7.019866e-03
2.464329e-02
1.387036e-02
4.070676e-02
1.862757e-02
9.947176e-02
1.053659e-01
7.236847e-02
2.137184e-02
1.125882e-02
1.126305e-03
-9.620877e-03
9.798164e-03
-9.119038e-03
6.013079e-02
-5.953193e-03
-3.130040e-02
3.801050e-02
-3.781853e-02
-5.439695e-03
-4.256926e-02
1.545714e-02
1.113082e-02
-1.272563e-02
2.341605e-02
4.529351e-02
-8.145840e-03
2.833116e-02
3.904119e-03
-4.819947e-02
7.013531e-02
9.926781e-02
-5.231509e-03
8.693951e-02
6.020761e-02
-6.136940e-02
-1.523953e-02
-1.979165e-02
3.065411e-03
-7.089373e-03
8.906092e-03
-1.623002e-02
3.710865e-02
2.011216e-02
-9.191252e-03
-1.699242e-02
-3.080263e-02
-4.514262e-02
1.258788e-02
5.223953e-02
-5.723852e-02
6.422224e-03
1.682083e-02
-3.521853e-02
6.768155e-02
2.998913e-02
-1.401697e-02
1.138363e-02
6.023117e-02
2.968977e-03
-1.436480e-02
-1.362484e-02
1.104068e-02
1.299221e-01
-3.481686e-02
1.631385e-02
9.547913e-02
4.082626e-02
1.747863e-02
-5.409014e-03
-6.780992e-02
-4.280932e-02
-1.386789e-01
-1.074677e-01
-4.425388e-02
-4.107453e-02
-6.605826e-02
-6.352983e-02
1.772636e-01
2.601217e-02
-3.449018e-02
4.316545e-02
2.449840e-02
-7.936549e-03
-1.151652e-01
-8.991019e-02
-4.353061e-02
2.655212e-02
5.232942e-02
-5.092768e-02
6.673770e-02
7.552806e-05
6.193601e-03
-1.487455e-02
2.650598e-02
1.981321e-02
-4.226643e-03
9.236677e-03
1.585545e-03
7.736905e-02
7.111385e-02
1.778081e-02
-3.360453e-02
-2.243361e-02
5.507042e-03
4.675547e-02
3.244055e-02
-7.337591e-02
-8.682057e-03
-1.819203e-02
1.334804e-02
3.074412e-04
-4.877343e-02
6.584855e-02
-1.459380e-02
-2.828982e-02
-2.869212e-02
-4.932530e-02
-6.013642e-04
-3.657851e-02
-5.012408e-02
3.233134e-02
3.616432e-03
1.614733e-02
5.960906e-03
7.827372e-02
5.012704e-02
2.335243e-03
-1.820274e-03
-2.451000e-04
1.261486e-02
-8.526510e-03
8.015476e-04
6.773938e-02
1.668238e-03
-5.245322e-02
-6.355495e-03
-4.846068e-02
-7.687087e-02
-1.160455e-02
-9.186018e-02
1.063477e-02
-4.051110e-02
1.259467e-02
4.646937e-02
4.928551e-02
-1.804988e-02
-4.840247e-02
-5.387753e-02
1.058499e-03
-2.112288e-02
-3.006312e-02
3.049074e-02
9.165737e-03
7.791544e-03
4.751848e-02
3.303996e-02
-3.791421e-02
-4.722533e-03
4.722104e-02
-8.274464e-02
4.766830e-02
-4.404021e-02
2.325058e-02
-1.339270e-03
4.423928e-02
2.864617e-02
-1.273055e-02
-3.805592e-02
-5.400423e-02
-4.930335e-02
-4.548110e-02
-5.938672e-03
8.872797e-02
1.137765e-02
-3.609198e-03
6.520925e-02
-9.915187e-03
6.064267e-02
-2.332229e-02
-2.457129e-02
4.556288e-02
1.309580e-02
-2.236090e-02
1.726586e-02
-3.561269e-03
2.073941e-02
5.679847e-02
-8.079052e-03
-1.441181e-02
-9.185518e-03
3.923948e-02
7.512458e-03
5.992427e-02
6.609130e-03
-3.621686e-02
1.216261e-02
-3.028010e-02
-6.735104e-02
-3.859393e-02
-5.824696e-02
-1.075144e-01
-7.421322e-03
-2.555815e-02
7.791913e-02
2.721685e-02
-1.437455e-02
6.786186e-02
-4.174253e-02
-1.733653e-02
-6.411652e-03
5.053600e-02
-2.314338e-02
-1.804270e-02
1.361153e-02
-5.020034e-02
-1.193954e-02
-2.117321e-02
5.881867e-03
1.117512e-01
-1.349612e-03
2.585052e-02
3.085566e-02
-3.081230e-02
-4.689042e-03
-4.265689e-02
-2.743636e-02
-4.381135e-02
8.099813e-03
1.651495e-02
9.568222e-03
3.175432e-02
5.394690e-02
1.250864e-02
-1.971476e-02
-1.079111e-03
1.168947e-02
-1.379863e-02
4.229289e-03
-1.176207e-02
-2.426262e-02
-3.862395e-02
1.675229e-02
7.806587e-03
-1.030037e-02
-7.383517e-02
-1.626199e-02
-3.594077e-02
-7.683145e-02
1.351778e-01
1.084831e-01
-1.123471e-01
3.478137e-02
5.242547e-02
-4.935588e-02
-4.926536e-03
9.969484e-03
-6.646712e-02
-4.221647e-02
-3.205286e-03
-3.594242e-02
4.508067e-02
6.925683e-02
-3.629652e-02
-4.171482e-02
-4.913716e-02
-8.670483e-02
-7.058041e-02
-3.693432e-02
3.076763e-03
-8.019061e-02
-2.353972e-04
5.613915e-02
-6.517853e-04
2.012295e-02
4.196989e-02
5.928413e-02
3.182202e-02
3.445894e-02
6.946072e-02
-1.372893e-02
-7.656065e-02
-3.091752e-02
-2.780084e-02
-4.640321e-02
-6.169868e-02
-7.470869e-02
-8.055037e-02
-6.746005e-02
-1.078961e-02
3.719384e-02
2.797122e-02
-3.328206e-02
8.987582e-02
6.207722e-02
-4.136844e-02
5.768475e-02
4.265996e-02
-5.997552e-02
-1.192725e-02
2.861020e-02
-4.920638e-02
8.646042e-03
-8.710650e-02
-6.499294e-02
8.335132e-02
8.631457e-04
5.701419e-02
1.682961e-02
1.863325e-02
4.339397e-03
-1.651282e-02
4.308918e-03
-4.013905e-03
-3.032913e-02
-4.716140e-02
-1.661788e-02
3.222096e-02
1.324102e-02
2.178590e-02
7.922021e-02
2.702542e-02
7.941032e-03
8.011988e-02
2.992919e-02
-2.532904e-02
1.569669e-02
1.053017e-02
7.521320e-03
2.211702e-04
-1.699037e-02
-4.962256e-02
2.003465e-02
1.203305e-02
-1.031103e-02
1.285105e-04
-1.315111e-02
5.946836e-03
1.913836e-02
5.764500e-02
3.163322e-02
-4.653707e-02
3.877359e-02
3.916055e-02
5.470927e-03
1.082714e-01
4.509253e-03
-7.664563e-02
-8.819854e-02
9.851486e-04
-1.746005e-02
8.836326e-02
3.302301e-02
6.553195e-02
4.180166e-02
-7.573923e-02
8.299595e-02
3.905913e-02
-9.010872e-02
1.409242e-02
-7.110405e-02
-9.170175e-02
-3.243382e-02
-6.020475e-02
1.913845e-02
1.381087e-04
2.905316e-02
6.050059e-02
7.708804e-02
1.093185e-03
-2.558580e-02
-1.230553e-01
-3.333947e-02
4.537259e-02
-1.321955e-01
-4.125734e-02
2.748138e-02
6.948942e-03
2.906001e-02
4.466862e-02
-4.032988e-03
5.199463e-02
-4.809216e-03
1.322610e-02
-6.929606e-02
-3.331686e-02
3.872224e-02
1.749143e-02
1.116674e-02
-2.402196e-02
-3.328956e-02
3.470460e-02
2.266707e-02
-7.113949e-02
-5.968666e-02
6.482088e-02
8.426375e-02
1.966048e-02
-8.731594e-03
-5.744861e-02
-7.106292e-03
-3.412792e-02
-9.104200e-02
-8.084926e-03
1.433545e-02
-5.291600e-02
9.127318e-03
4.237210e-03
1.668015e-02
7.896548e-02
-1.073646e-02
-2.861426e-03
4.223156e-02
-3.110203e-02
-3.715557e-02
2.460640e-02
6.494170e-02
-8.806041e-05
-3.606563e-03
3.342029e-02
-1.858722e-02
-5.821696e-02
-1.364868e-02
-4.063555e-02
-2.315586e-02
-7.601818e-02
-6.654805e-02
7.893528e-03
-5.549443e-02
-4.701775e-02
1.446781e-02
1.385982e-02
-4.189585e-02
-2.792740e-02
-4.930360e-02
-2.327747e-02
-5.391329e-03
-3.781769e-02
7.116668e-04
3.985285e-02
-5.571553e-03
1.895017e-02
4.916320e-02
-3.994079e-02
-3.863917e-02
5.708334e-02
1.772355e-02
7.734768e-02
7.059257e-02
-2.499544e-02
-5.594070e-02
4.082319e-04
2.093828e-02
5.193496e-02
-1.273414e-03
3.258526e-02
1.406712e-02
-1.440389e-02
1.130690e-02
8.991197e-03
3.183192e-02
6.164168e-02
-1.762174e-02
1.171267e-02
8.281498e-02
4.448282e-02
-5.280478e-03
-3.307692e-02
-7.926309e-02
-9.501746e-02
7.289580e-02
3.226143e-02
7.813346e-03
7.618554e-02
3.333004e-02
3.012608e-02
-1.564185e-02
-3.576028e-02
-5.667984e-02
1.538581e-02
3.983859e-02
-2.853769e-02
1.271742e-02
1.654618e-02
-8.196453e-03
-2.156449e-02
-9.170657e-03
2.478973e-02
1.488862e-02
1.317393e-01
3.183794e-02
-2.179683e-02
2.191644e-02
-1.447627e-01
4.427999e-02
-1.137154e-01
-2.383691e-02
-1.089311e-02
4.619085e-03
-2.076986e-02
-3.227190e-02
4.625020e-02
6.685881e-02
-1.203167e-02
8.555510e-02
5.345075e-02
-1.850850e-02
-1.611623e-02
-2.792725e-02
-2.642181e-02
-4.720100e-02
5.161793e-02
-3.987223e-02
3.828013e-02
6.871386e-02
8.654137e-02
6.076205e-02
-4.478024e-02
8.202737e-02
-3.259530e-02
-1.330364e-01
-1.756347e-04
-7.664221e-02
-1.123518e-01
-1.244404e-02
3.197395e-03
-1.093689e-02
-5.486186e-02
-4.040404e-03
1.582510e-02
1.005088e-02
3.717210e-02
6.011789e-02
-6.660716e-02
9.608330e-02
-1.077340e-02
-1.621420e-02
9.296310e-02
-7.758513e-02
2.037351e-02
-3.576500e-02
-5.061897e-02
2.268403e-02
-2.756037e-02
-8.511220e-04
5.802267e-03
-5.072261e-02
-2.486309e-02
-3.546581e-02
-7.657881e-02
-3.376161e-03
-1.713436e-02
6.117259e-02
1.128702e-03
9.119797e-02
8.281618e-02
1.483842e-02
2.001174e-02
1.717219e-02
-3.725819e-02
-1.838250e-02
1.743685e-02
4.703370e-02
-9.039742e-02
-9.960406e-03
-1.715624e-02
-2.858115e-02
1.773339e-02
9.833290e-02
-5.491724e-02
-2.819622e-02
-3.182311e-02
-6.803052e-02
5.804033e-02
4.420404e-02
3.318587e-02
5.609563e-02
2.848921e-03
3.977568e-02
4.384909e-03
-3.077641e-02
1.755786e-02
8.553946e-03
-4.949925e-03
-2.026942e-02
1.293567e-02
5.045599e-03
1.249083e-02
-5.186766e-02
9.637921e-03
-2.574723e-02
-2.595881e-02
1.016121e-01
-2.288561e-02
5.659870e-03
-4.384709e-02
-6.913209e-03
2.182057e-02
-5.761144e-02
-4.530422e-02
-3.906252e-02
-4.073542e-02
-2.102596e-02
-1.789432e-02
-3.302072e-02
3.996021e-02
-4.023637e-02
-1.729070e-02
6.422850e-02
1.567758e-02
3.768015e-02
5.913911e-02
-1.567862e-03
-9.712506e-03
-3.708863e-02
-1.388304e-02
6.111610e-02
-9.035635e-02
-4.891637e-02
3.436990e-02
-4.391508e-02
-8.024812e-02
-7.530843e-03
4.604342e-02
2.197554e-04
-1.024038e-01
3.958552e-02
3.561522e-02
-5.620395e-02
-6.582506e-03
1.126141e-02
-5.003009e-02
5.615541e-02
5.516089e-02
-9.586374e-02
-2.461977e-02
-1.646268e-01
-1.023107e-02
5.398717e-02
-3.823679e-02
6.789520e-02
-1.055327e-02
-2.105838e-02
-1.999807e-02
-2.719620e-02
9.060190e-03
-2.159479e-02
4.902580e-03
2.522256e-02
-3.192510e-02
3.205178e-02
-5.602151e-02
-7.154893e-03
6.558561e-02
1.355453e-02
2.184326e-02
7.535079e-03
-1.203982e-02
-3.278721e-02
8.669867e-02
5.055064e-02
3.543521e-02
-1.718153e-02
-7.174644e-02
-7.403948e-02
1.327156e-03
8.422200e-03
-2.864194e-03
-1.838228e-02
-3.338401e-02
-4.305034e-02
-3.409250e-02
-6.573373e-02
-3.226470e-02
-2.060462e-02
-3.806415e-02
-1.093092e-02
3.989908e-02
9.318904e-03
5.568285e-02
1.499363e-02
-7.377779e-02
1.198861e-02
-2.084296e-02
-1.257365e-02
-3.778353e-02
7.259500e-02
2.044841e-02
4.509199e-02
5.200021e-02
-5.986776e-02
-3.035162e-02
3.010464e-02
-1.627972e-02
-1.635020e-02
3.528026e-02
4.636919e-02
4.328582e-02
-7.071367e-02
-8.332145e-02
-4.647299e-02
-2.345370e-02
-4.690785e-02
3.610091e-02
2.421552e-03
-5.458400e-03
-3.340530e-02
3.600853e-04
2.944038e-03
1.116191e-02
-3.129682e-02
-3.024977e-02
-6.645980e-02
-8.519537e-02
-1.321033e-01
-2.528217e-02
5.886358e-02
1.750236e-01
2.038033e-02
2.422142e-02
2.774283e-02
4.533572e-02
5.595435e-03
-3.719863e-02
1.096937e-02
1.819502e-03
-1.817733e-02
2.582345e-02
4.661797e-02
-2.478187e-02
1.355760e-02
-3.499537e-02
-3.307635e-02
-9.515964e-03
-5.706782e-02
8.807995e-02
-2.409901e-02
-3.139747e-02
4.411383e-02
6.943794e-02
-4.738361e-02
-3.213613e-02
-1.355403e-02
-6.107876e-03
-1.909265e-02
-2.131516e-02
7.128075e-02
5.877819e-02
1.655210e-02
5.148680e-02
2.944743e-02
-3.042113e-02
8.895854e-02
5.269672e-02
2.049096e-02
8.054666e-03
-5.472020e-02
-2.976822e-02
4.164997e-02
3.462741e-02
-3.899386e-02
3.384740e-02
9.768084e-02
2.735876e-02
-4.384122e-03
1.274303e-02
-4.790173e-02
4.024500e-03
8.562934e-04
2.855169e-02
-7.055563e-02
-7.053006e-02
4.077347e-02
-6.808458e-02
-4.223741e-02
2.707241e-02
-1.924796e-02
6.100779e-02
-6.744684e-03
-7.704487e-02
1.669494e-02
1.255507e-02
-3.509879e-02
-1.330447e-02
-6.258731e-02
3.300627e-02
-1.333578e-02
-2.769897e-02
-4.520253e-03
-8.846311e-02
-5.831218e-02
-7.394357e-03
-4.432784e-02
1.437687e-02
-2.721176e-02
9.819514e-02
7.406522e-02
-2.746603e-02
2.488517e-02
3.427434e-02
-5.300875e-02
-8.139981e-02
-4.115786e-02
-1.673646e-02
1.959294e-02
1.684378e-02
-2.032510e-02
7.958516e-02
8.266409e-02
4.066990e-03
3.166927e-02
4.522915e-02
-6.254420e-02
-1.077081e-02
3.736749e-02
1.304450e-04
6.519497e-02
4.878555e-02
2.910661e-02
4.026215e-02
-4.076131e-02
-8.037891e-02
-1.319722e-02
-2.088344e-02
-2.796124e-02
4.928013e-02
4.059149e-02
7.636000e-02
5.308888e-02
2.539881e-02
2.098131e-02
-2.361061e-02
-1.322456e-02
2.074998e-02
-1.735181e-02
-5.560710e-03
1.445477e-02
2.846054e-03
1.677111e-02
1.580480e-02
3.559269e-02
7.292414e-02
5.867295e-02
5.931878e-02
5.162333e-02
2.871824e-02
6.908910e-03
2.363436e-02
-1.237601e-02
-2.498152e-02
-3.643291e-02
-4.122481e-02
-5.182384e-02
-2.816545e-02
-1.651311e-02
7.912291e-03
-1.586897e-02
2.816689e-02
2.005214e-02
-2.539988e-02
-3.558711e-02
-8.746365e-02
-9.220381e-02
-3.573648e-03
-3.258885e-02
-2.956203e-02
6.408120e-03
1.887419e-02
-1.359496e-02
3.593537e-02
6.437014e-02
1.189153e-02
1.849615e-02
3.769545e-02
-1.058355e-02
3.263275e-02
-5.150187e-02
-7.676728e-02
1.386875e-01
-5.269862e-02
-6.007515e-02
1.793687e-02
-3.892616e-02
2.784600e-02
7.821426e-04
3.011438e-02
3.874160e-02
2.887110e-02
3.507222e-02
-5.373899e-03
3.494567e-02
2.333940e-02
1.079561e-02
-2.737719e-02
2.502890e-02
3.271626e-02
-4.003438e-02
-2.093235e-02
-1.034546e-02
-1.322446e-02
-1.277291e-02
7.876988e-03
-5.033854e-02
-8.071352e-02
-1.129338e-02
-7.554537e-02
-1.141433e-01
-3.694858e-02
-3.844352e-02
-4.734235e-02
7.190668e-03
-1.214072e-02
3.438753e-02
1.582815e-02
4.803410e-02
1.765238e-02
-3.480114e-02
4.688200e-02
1.709432e-02
-4.137063e-02
-8.376929e-03
4.673105e-02
-3.691360e-02
-2.524820e-02
2.576772e-02
-1.436703e-02
9.588334e-03
1.883648e-02
4.143314e-02
-2.674872e-02
-7.313994e-02
-2.543885e-02
1.890696e-02
-3.578098e-02
2.827726e-03
1.773654e-02
2.732613e-02
7.706871e-02
-1.497043e-02
2.687431e-02
1.856373e-02
-5.103928e-02
5.124414e-03
2.813306e-02
5.000713e-03
-2.557883e-02
-1.007625e-02
-8.909110e-03
7.264551e-02
5.047128e-02
-8.075929e-02
-1.629943e-02
1.794071e-02
-4.944605e-02
-1.804882e-02
-1.816439e-02
-5.136954e-02
-2.786844e-03
-2.960047e-02
-2.007634e-02
-6.496650e-03
-2.568643e-02
1.421158e-02
-4.844875e-02
-3.595807e-02
2.334190e-02
1.503071e-01
1.057235e-01
-4.616207e-02
3.560643e-02
-1.929958e-03
-4.247959e-02
-1.235346e-01
-4.732535e-02
-3.525627e-02
2.385415e-02
4.349902e-02
-2.176302e-02
-3.847399e-02
1.152760e-03
-4.510272e-02
-3.883198e-02
-8.122326e-02
-1.288901e-02
3.729845e-02
6.328187e-02
2.652577e-02
2.425861e-02
2.251034e-02
1.959025e-02
1.755713e-03
-1.753495e-02
4.029020e-02
-3.667988e-02
-1.973579e-02
6.535461e-04
-3.383024e-02
3.290874e-02
-4.219415e-02
-7.241054e-02
-2.722196e-02
-6.046494e-02
-9.620782e-02
-4.595698e-02
-4.990851e-02
-3.262660e-02
-4.477195e-02
4.264579e-03
7.911797e-03
-3.821080e-02
-3.242980e-02
-5.654063e-02
-4.350438e-02
6.317448e-03
-4.500646e-04
-7.871742e-03
4.515329e-02
5.253655e-02
2.471712e-02
-6.217067e-03
-1.114164e-01
5.705722e-03
9.021401e-02
-1.241318e-02
-2.058434e-02
4.657737e-02
3.599540e-02
-1.600109e-02
-4.820509e-02
-8.891214e-02
-4.674727e-02
-1.106108e-01
-1.590413e-01
-7.963316e-02
-3.068216e-02
-1.329819e-02
-3.057389e-02
-1.120732e-02
-1.752588e-02
-3.267328e-02
4.601920e-02
3.372115e-02
3.181729e-02
9.681343e-02
8.528945e-02
5.204888e-02
-6.712244e-02
-4.167513e-02
1.174973e-02
-1.094864e-02
1.389348e-02
5.253395e-02
4.399037e-03
7.969841e-03
5.602754e-02
6.256893e-02
5.976390e-02
1.952107e-02
5.118299e-02
6.351300e-02
8.026147e-03
3.008127e-03
-2.442762e-03
1.671549e-02
4.315607e-02
-5.398779e-02
7.608896e-02
-7.393192e-02
8.700529e-02
8.250763e-02
-1.668761e-02
-4.190668e-02
-1.850024e-02
2.215128e-02
-2.047089e-02
-4.014764e-02
5.057251e-02
-1.736214e-02
-7.428060e-02
7.515307e-02
1.497048e-02
-1.346254e-02
-6.298101e-02
3.184951e-02
-2.211720e-02
-2.300329e-02
-3.966413e-03
9.290121e-03
3.474007e-02
1.672611e-02
-1.576889e-02
-5.171737e-02
-1.865287e-02
3.522586e-02
-9.988669e-02
-3.059872e-02
3.579408e-02
-4.586544e-02
-7.154898e-02
-3.704599e-02
-2.865653e-02
-7.901356e-02
-1.185964e-02
-1.701266e-02
-1.214500e-02
-3.021417e-02
-2.205698e-02
1.929583e-03
4.582508e-03
-6.335074e-02
-5.013429e-02
5.505697e-02
-9.538257e-02
-4.352228e-02
7.701726e-02
2.677283e-02
-4.758816e-02
-2.558578e-02
2.293435e-02
-1.029005e-02
3.653080e-02
2.139700e-02
1.447464e-02
2.360920e-02
1.984315e-02
-5.986138e-02
3.122338e-02
-1.795067e-02
8.084946e-04
3.434484e-02
-6.483428e-02
-2.073043e-03
5.404968e-02
-8.051403e-02
-5.842674e-03
3.181073e-02
-3.133800e-03
-8.102485e-03
4.649217e-02
-4.202796e-02
-2.482739e-02
2.623090e-02
-1.425763e-02
-3.355952e-02
-1.071537e-02
-5.100565e-02
-4.459087e-03
-9.149601e-03
-2.224778e-02
-1.270510e-02
-3.391895e-02
2.557026e-03
2.205993e-02
4.673000e-02
5.130703e-02
4.974466e-02
7.060750e-02
1.707292e-02
5.999309e-02
8.675536e-02
-3.018650e-02
9.742345e-03
7.980060e-02
-3.635082e-02
5.301129e-02
1.192277e-02
3.829216e-02
-6.276402e-02
-7.368784e-02
-1.744063e-02
-1.998332e-02
-5.669229e-03
2.443133e-02
3.191870e-02
4.897197e-02
-2.018092e-02
-3.718127e-02
-5.335208e-02
2.392566e-02
4.056657e-02
5.096253e-02
-6.628647e-02
-2.472097e-02
-5.892586e-02
2.168540e-02
2.104203e-02
-5.074547e-02
1.349349e-01
1.718618e-01
2.848465e-02
-5.226190e-02
5.298448e-03
2.535737e-02
-5.894107e-02
-3.301784e-03
1.129119e-02
9.424929e-03
1.648548e-02
7.036667e-03
2.215029e-02
-9.919452e-03
-3.759046e-03
1.193278e-02
3.411896e-02
4.589133e-02
2.495072e-02
4.416423e-02
3.830604e-02
-2.178643e-05
-5.485400e-02
-6.729223e-02
7.253677e-02
-1.607655e-01
3.173330e-02
4.409449e-02
8.527637e-02
5.904958e-02
-1.832224e-02
1.796498e-02
1.234955e-02
-2.950466e-02
5.713568e-02
1.176159e-02
1.703531e-02
3.181021e-02
-4.006461e-03
5.471150e-02
7.397810e-03
-6.109250e-02
2.676100e-02
7.160787e-02
-8.533086e-02
4.644362e-02
-3.903107e-02
-4.998709e-02
5.176131e-02
2.677056e-02
6.559459e-02
-6.778052e-03
-2.454233e-02
-3.382340e-02
3.372666e-02
8.093888e-02
5.107432e-02
2.860074e-02
-1.619610e-02
3.003726e-02
5.685665e-03
-8.356452e-02
1.926700e-02
-5.901510e-02
-3.222527e-02
-2.813791e-02
6.269704e-02
7.751206e-02
9.754188e-03
6.026009e-02
-6.124688e-02
-9.736120e-02
3.532653e-02
1.136712e-02
-2.523487e-02
-2.741509e-02
4.979302e-02
9.257564e-03
-2.651239e-02
1.415679e-02
8.169721e-03
-9.824268e-02
-1.714961e-02
-2.541713e-02
2.108438e-02
-2.499221e-02
3.230563e-02
7.027484e-02
3.109428e-02
-6.362648e-02
2.977005e-02
9.192497e-03
-2.546147e-02
1.102153e-02
5.103338e-03
-5.117510e-03
-2.030574e-02
-3.912480e-02
-2.243591e-02
-5.727413e-02
-2.245749e-02
4.436227e-03
6.900871e-02
-2.017886e-02
-1.672697e-03
-5.785356e-02
3.021896e-02
-3.032398e-02
1.718666e-02
-7.314748e-03
-3.284699e-02
-4.638040e-02
-4.199055e-02
-5.068633e-02
-6.318223e-02
-3.161013e-02
-7.585381e-04
1.388030e-02
4.561836e-02
6.367034e-02
-6.937696e-02
1.020766e-02
-3.650828e-02
-8.405802e-02
1.529856e-01
-2.436841e-02
-7.441551e-02
-1.917666e-03
2.920022e-03
-1.837469e-02
-8.730071e-02
-3.425723e-02
-6.714378e-02
-2.246103e-02
4.715528e-02
-3.686778e-02
2.167930e-03
4.366338e-02
-2.046615e-03
-1.255958e-02
4.489304e-02
6.762724e-03
-2.682044e-02
7.745843e-02
-4.061048e-02
-4.328555e-02
2.910747e-02
-3.244034e-02
7.700203e-02
-3.890796e-02
1.722519e-02
8.961386e-02
-1.833509e-02
1.484325e-02
3.258876e-02
-5.190938e-02
8.232160e-03
-9.199826e-02
-2.430191e-02
3.807989e-03
-9.521459e-02
-2.240709e-02
9.633458e-02
-1.921224e-02
4.131131e-02
3.520276e-02
7.656918e-02
-9.856132e-02
-1.404642e-02
6.589976e-02
7.626929e-04
-1.637928e-01
-4.126630e-02
5.219956e-02
1.377023e-02
2.076142e-02
2.278795e-02
-2.319967e-03
-2.812210e-02
-1.796690e-02
1.263401e-02
1.963951e-02
-4.592188e-02
9.596503e-03
-5.015199e-03
1.386733e-02
-6.226043e-03
1.402692e-02
9.003752e-03
-2.633509e-02
6.658270e-03
-2.916112e-02
1.604316e-02
-2.669420e-02
-3.074401e-02
-3.491348e-03
4.721078e-03
-8.879935e-03
-2.787974e-02
2.335514e-02
7.336979e-03
-4.921248e-02
-2.985814e-02
-5.963825e-02
-2.175599e-02
-2.821697e-02
-4.437539e-03
-7.260682e-03
1.355785e-02
6.025214e-02
-3.764537e-02
1.427188e-03
-4.811430e-02
-1.228839e-02
5.898047e-02
7.568444e-02
-8.503560e-02
2.042572e-02
7.759280e-02
3.998110e-02
-1.770920e-02
-1.649853e-02
4.756233e-02
5.558645e-02
-4.770941e-03
-2.287644e-02
3.551628e-02
-5.527338e-03
-4.814728e-02
3.215681e-02
3.707856e-02
-2.621135e-02
-1.764433e-03
6.874038e-02
-1.638636e-02
-2.310131e-02
1.334988e-02
-2.261327e-02
-1.437937e-02
-3.203675e-02
-9.674287e-02
-6.269842e-02
-6.951810e-02
-1.293373e-02
-5.274341e-02
-1.224743e-04
8.111946e-02
3.554181e-02
8.104618e-02
6.774807e-02
8.325037e-03
5.902991e-02
6.393358e-02
6.563474e-02
6.451290e-02
-5.401285e-02
1.508913e-03
-3.297739e-02
-1.081212e-02
5.349977e-02
1.061449e-02
-2.660753e-02
4.284493e-02
6.978083e-02
-2.779173e-02
8.012332e-03
8.992592e-02
-1.344658e-02
-9.596203e-02
-3.177872e-03
1.248559e-01
-4.148737e-02
-5.551227e-02
1.792211e-02
8.741684e-02
2.884979e-02
1.046404e-02
4.873506e-02
6.286497e-02
-3.829105e-02
-1.609776e-02
-7.095250e-02
-1.926110e-02
1.265538e-02
1.950058e-04
8.661333e-03
4.754920e-02
-2.155185e-02
2.543190e-02
3.237125e-02
1.104555e-02
-2.870730e-02
-4.288328e-02
-4.175489e-02
-6.273323e-02
-5.692451e-02
-8.536331e-02
1.109236e-02
-1.968740e-02
1.422830e-02
3.785979e-03
1.904311e-02
1.409526e-02
-1.475657e-04
1.714801e-02
3.933235e-02
9.704179e-03
1.321329e-02
3.656841e-02
1.709848e-02
-7.056718e-02
4.338018e-03
-1.380635e-01
1.791179e-01
-1.358143e-01
-2.876729e-02
-6.360791e-02
-5.445637e-02
-5.103436e-02
-3.443227e-03
5.226674e-02
-7.843023e-04
-2.162760e-02
4.930405e-02
-9.707002e-03
-4.094701e-03
3.024511e-02
-3.790715e-02
2.511530e-02
-8.300604e-03
5.561248e-02
-8.190771e-02
2.382054e-02
2.423136e-02
6.510337e-03
6.458113e-02
3.305160e-02
1.475996e-03
-1.092052e-02
3.396220e-02
-3.963368e-02
-2.024778e-02
3.831425e-02
1.006191e-02
-2.172172e-02
-4.474355e-02
-5.706111e-03
2.341125e-02
-7.792634e-03
7.810137e-02
-3.361614e-03
-3.594008e-02
2.051763e-03
-6.825404e-02
4.727421e-02
3.702468e-02
-4.682017e-02
-9.015583e-02
1.258187e-01
-3.427818e-02
-8.333734e-02
4.547175e-02
3.979477e-02
2.201964e-02
-6.379860e-02
-1.392975e-02
1.326518e-02
-7.781007e-02
-7.746477e-02
1.683879e-02
-6.223049e-02
-3.283032e-02
-4.448501e-02
-6.820923e-03
5.431705e-02
-2.637093e-02
-1.184146e-02
7.625043e-02
2.457591e-03
-2.045345e-02
2.547222e-02
-3.918443e-02
-2.560634e-02
-1.418339e-02
-1.020342e-02
2.685918e-02
-2.460639e-02
-2.496718e-02
-1.626536e-02
-4.200859e-02
2.939464e-04
3.484535e-02
-4.510310e-03
-6.663398e-02
-2.020575e-01
1.434347e-03
-4.315575e-02
-2.812374e-02
-3.217078e-02
-7.463051e-03
-3.208859e-02
6.312160e-02
-8.835328e-03
-6.579145e-02
-2.782977e-02
1.583407e-02
-5.074815e-02
5.753847e-02
9.512354e-03
2.427925e-02
-6.163494e-03
6.222724e-02
-1.656158e-01
1.306459e-01
4.934777e-02
3.372901e-02
3.282139e-02
7.309557e-04
8.864497e-02
-2.621889e-02
-1.750204e-02
9.976536e-02
-4.010447e-02
8.494463e-03
1.451807e-02
-1.670307e-03
6.047220e-02
3.125601e-02
6.151038e-02
-3.982078e-02
-2.065215e-03
-1.045227e-01
6.996816e-02
5.831507e-02
-7.128515e-02
3.717802e-02
-4.086262e-02
3.116033e-02
1.891970e-02
-4.670148e-02
7.248133e-03
8.475468e-02
-2.810768e-02
3.925937e-02
-8.066141e-02
2.187406e-02
-1.375829e-03
-4.584251e-02
6.494399e-02
-1.843410e-02
-6.129863e-02
2.832837e-03
-6.289522e-02
