1.458663e+00
1.384787e+00
1.435029e+00
1.265554e+00
5.923288e-01
1.459925e+00
1.399029e+00
1.354807e+00
1.276625e+00
1.399795e+00
1.303388e+00
1.371297e+00
1.335933e+00
1.483804e+00
1.398943e+00
1.387644e+00
1.540907e+00
1.336832e+00
1.331345e+00
1.473549e+00
1.352122e+00
1.326954e+00
1.465015e+00
1.333048e+00
1.305565e+00
1.295458e+00
1.469421e+00
1.315221e+00
1.364298e+00
1.563880e+00
1.417591e+00
1.325172e+00
1.513554e+00
1.070331e+00
1.424404e+00
1.342150e+00
1.359065e+00
1.232143e+00
1.310384e+00
1.286854e+00
1.267167e+00
1.352379e+00
1.438159e+00
1.387576e+00
1.368400e+00
1.392713e+00
1.233370e+00
1.495126e+00
1.405201e+00
1.430668e+00
1.162602e+00
1.201903e+00
1.334929e+00
1.389253e+00
1.351422e+00
1.454246e+00
1.387563e+00
1.283655e+00
1.350757e+00
1.297550e+00
1.488013e+00
1.562580e+00
1.364930e+00
1.441323e+00
