-5.159126e-02
-7.328485e-02
5.181384e-02
1.745997e-02
-7.946253e-02
2.866508e-03
9.492531e-02
-5.138170e-03
-2.029337e-02
6.186133e-02
1.563328e-02
-3.082201e-03
-3.413765e-02
5.135906e-03
2.410129e-02
-7.773698e-02
-5.251312e-02
1.425399e-02
4.091953e-02
6.827474e-03
-4.873129e-02
1.050309e-02
1.423652e-02
5.849243e-02
5.842430e-02
-8.237778e-02
-6.855670e-02
4.804077e-02
5.265700e-02
-8.230742e-02
3.879937e-02
1.504643e-01
1.753339e-02
-1.179068e-01
4.272661e-02
-1.422964e-02
-2.086959e-02
-4.366054e-02
4.528442e-02
5.542582e-03
-7.215665e-02
7.143586e-02
2.530313e-02
-3.997627e-02
-2.921490e-02
-1.369065e-03
-3.724768e-02
-1.376085e-02
2.952797e-02
-8.727487e-02
-7.729475e-03
8.564208e-02
-1.273992e-03
-4.856905e-02
6.183849e-04
4.767987e-02
-5.138563e-02
5.438671e-03
1.130528e-01
3.922650e-02
-4.576356e-02
2.965693e-02
3.103814e-02
2.038304e-02
-9.362128e-03
-3.655522e-02
2.690354e-02
3.350487e-02
-9.646849e-02
-3.692298e-02
7.522913e-02
1.459384e-02
-3.200242e-03
-5.251974e-03
3.098776e-02
-5.943939e-02
-1.450854e-01
-6.401631e-02
4.817241e-02
-2.156023e-02
-5.852258e-02
-6.353768e-03
-9.903084e-02
-2.743368e-02
7.384885e-02
1.014216e-02
-1.289016e-01
-7.180257e-03
8.950193e-02
-1.007801e-01
-5.075579e-02
3.488612e-02
6.055400e-02
-1.159772e-01
-5.219654e-02
2.841710e-02
-8.571122e-02
-4.291600e-02
-4.773498e-03
-9.536427e-03
9.757132e-02
-5.801644e-02
-2.258813e-02
7.769000e-02
5.923695e-02
-6.549182e-02
6.663805e-04
2.639795e-02
2.083481e-02
7.346585e-02
9.035924e-03
1.729844e-02
-3.349996e-03
7.856373e-02
2.962970e-02
-5.396805e-02
-1.571027e-02
-3.599561e-02
-9.821495e-02
1.255685e-01
4.373946e-02
-1.197074e-01
1.282186e-02
9.289858e-02
7.170034e-02
-7.547982e-02
-3.709899e-02
4.311327e-02
-7.518998e-03
-6.229962e-02
-4.684952e-03
2.870153e-02
-1.965423e-02
-8.549423e-02
-9.293975e-03
2.814081e-02
-4.117521e-02
-5.831892e-02
-8.711661e-02
9.968705e-02
3.345415e-02
-3.183200e-02
-1.887030e-02
1.218334e-01
1.887201e-02
-1.406060e-02
5.030494e-02
-2.630509e-03
1.607262e-02
-1.421275e-02
2.862251e-02
3.138047e-02
5.219165e-02
-5.798494e-02
-1.087297e-01
-7.197156e-02
9.476453e-02
1.656622e-02
-8.994649e-02
5.050660e-02
5.924466e-02
-6.294078e-02
-1.792395e-03
-3.895143e-02
-6.280108e-04
6.820904e-02
9.014183e-02
-8.157672e-02
2.670143e-02
6.694206e-02
4.917295e-02
-6.448826e-02
-3.809064e-02
3.716353e-02
-2.918494e-02
-6.706490e-02
-6.933509e-02
-4.141775e-02
-1.445332e-02
-5.031255e-02
2.999616e-02
-1.860019e-02
-2.921215e-02
-1.875607e-02
-4.542548e-02
-3.196317e-02
4.164894e-02
3.260422e-02
2.017539e-02
7.749578e-02
3.082459e-02
-6.986539e-02
7.543110e-03
8.095711e-02
5.523351e-03
-2.566048e-02
-1.606838e-02
-1.767476e-02
-1.615704e-02
-7.501162e-02
-3.323031e-02
2.194128e-02
-2.309908e-02
-2.732722e-02
5.758240e-02
-1.952520e-02
-3.287211e-02
3.515072e-02
4.159027e-02
1.956045e-02
-1.066235e-01
-1.582527e-02
1.999136e-02
4.747397e-02
-1.707074e-02
-7.605933e-02
4.433022e-02
2.461776e-02
1.110214e-02
-5.689592e-02
-2.322283e-02
1.542660e-02
-5.700335e-02
6.423135e-03
1.550314e-02
-1.280307e-02
-1.437116e-02
-5.838169e-02
-8.180604e-02
-6.254008e-02
2.861573e-02
-2.114408e-02
-6.787145e-02
-9.480648e-03
-1.150119e-01
-1.440346e-01
-7.434134e-02
-8.671450e-04
-6.494929e-02
-7.879728e-02
7.533405e-02
4.774664e-02
1.348108e-02
-3.415080e-02
-6.145179e-02
-3.807356e-02
-6.328682e-02
-1.195261e-01
-1.087865e-01
-1.899978e-02
6.111903e-03
-1.691818e-03
-9.090871e-02
3.362451e-02
4.119052e-02
-9.395439e-02
-8.431198e-02
-5.291564e-02
-5.615203e-03
-5.952112e-02
-2.865967e-02
2.234099e-02
6.261202e-02
-8.244406e-02
4.408048e-02
5.150729e-02
-2.522651e-02
6.126872e-02
-4.028673e-03
-4.495485e-02
-6.300082e-02
-4.850601e-02
5.130902e-03
-6.789958e-02
-5.329282e-02
-5.090015e-02
-7.576559e-03
-2.065182e-02
6.966444e-03
1.125952e-02
9.157586e-03
4.985178e-02
2.983488e-02
-3.725730e-02
-5.833473e-02
-3.813891e-02
-3.194007e-02
8.189659e-02
1.208306e-02
-1.113418e-01
-5.554203e-02
-2.254823e-02
-8.266232e-02
-1.147105e-01
-1.146232e-02
7.459410e-04
-9.498543e-02
-2.393117e-02
-4.963552e-02
-3.248704e-02
2.275521e-02
2.189184e-02
1.276253e-02
3.263351e-02
4.721559e-02
3.977660e-02
3.714946e-02
4.676684e-03
2.033082e-02
-1.559047e-02
1.849587e-03
5.372910e-02
1.472101e-02
-6.695084e-02
-4.920219e-02
-2.735911e-02
4.283509e-02
-8.978870e-04
-5.803517e-02
-5.445214e-02
-4.219822e-02
-2.457868e-02
1.825856e-03
-2.808646e-02
5.893190e-02
3.474887e-02
-9.922346e-02
4.838743e-02
2.349044e-04
-1.246134e-01
-4.060872e-02
5.054738e-02
4.345383e-02
7.669255e-03
-4.642099e-02
-3.212551e-02
9.546342e-02
-1.477619e-02
3.152799e-02
-2.982415e-02
-2.494691e-02
-1.582235e-02
-1.517197e-02
-5.585463e-02
3.853793e-02
1.369823e-02
-8.410780e-03
-1.220322e-02
9.694687e-03
-4.037342e-02
8.331917e-05
-1.173905e-01
1.807649e-02
5.900124e-02
-9.842768e-02
-2.697915e-02
-2.881220e-02
1.171836e-01
-7.975120e-03
-2.708151e-02
-8.777250e-03
-6.348639e-02
-2.808038e-02
-8.344782e-02
-6.008654e-02
-3.014924e-02
1.842919e-02
-5.527316e-02
-2.289956e-02
6.146320e-02
1.648188e-02
-1.257901e-04
8.378443e-02
-8.177973e-03
7.691986e-03
-7.227187e-02
4.945991e-03
5.015530e-02
1.466235e-02
1.577831e-02
-3.896435e-02
3.285969e-02
2.559619e-02
2.020003e-02
2.009724e-02
-1.264275e-02
-3.574165e-02
-9.513834e-03
6.716399e-03
1.102672e-02
-1.048395e-02
-6.769434e-02
-1.909961e-02
5.347661e-02
4.490671e-02
-2.256498e-02
2.542178e-02
-3.606912e-03
-1.465860e-02
-2.324205e-02
2.870779e-02
-8.003549e-03
3.036200e-02
-5.056541e-02
-7.551463e-02
-8.978103e-02
-8.576818e-02
2.460813e-03
-1.044015e-01
-1.737500e-01
-1.884305e-02
-7.478984e-02
4.299263e-02
5.307500e-04
-3.145392e-02
-5.532157e-02
2.032974e-03
1.911897e-02
7.970731e-03
-9.698833e-03
-1.181488e-02
-2.076298e-03
-1.634837e-02
-1.759663e-02
2.484981e-02
6.821368e-03
-1.443970e-01
3.858393e-02
-7.894710e-02
-5.758860e-02
-7.960921e-02
-1.733848e-02
-3.897906e-04
-1.617824e-02
-1.111464e-02
-6.288952e-02
-8.032849e-02
-4.780265e-02
-6.815946e-02
-9.359373e-02
-7.007177e-02
-5.043335e-02
7.593510e-03
5.382107e-03
-3.100301e-02
1.812582e-02
6.508541e-02
-4.470008e-02
-2.583475e-02
4.513006e-02
1.754899e-02
2.540011e-02
2.785987e-03
4.499051e-02
1.060652e-02
-1.113954e-03
6.452414e-02
-4.540271e-02
-6.406629e-03
-2.583445e-02
4.622977e-02
3.284840e-02
-1.540749e-02
4.274533e-02
7.839203e-02
-3.340391e-02
-2.799250e-02
3.279209e-02
4.170530e-03
1.878508e-02
4.824684e-02
-1.777168e-02
-7.723227e-02
-1.959341e-02
3.596440e-02
-3.625719e-02
8.431924e-03
-2.514776e-02
-3.494559e-02
6.501968e-03
-2.826851e-02
-4.748244e-02
-6.990214e-02
6.663189e-02
2.291497e-02
-6.869440e-03
-4.247043e-02
-1.423940e-02
-7.482698e-03
2.773480e-02
1.342387e-02
-5.839559e-02
8.708815e-02
8.353724e-02
1.199060e-02
2.179356e-02
-6.246389e-02
-6.649892e-02
2.385322e-02
7.008570e-03
-9.426805e-03
3.158393e-02
6.952689e-02
3.118989e-02
-1.126110e-02
-8.131393e-02
-7.375985e-02
-4.767964e-02
-1.093713e-01
-6.210213e-02
-2.869680e-02
-4.962061e-02
-4.598379e-03
-3.470940e-02
-9.874109e-03
1.435840e-02
-3.864088e-02
-3.450654e-02
-7.870174e-03
-1.134209e-02
-2.540785e-02
-6.026635e-03
-4.119818e-02
-4.701369e-02
-4.544166e-02
-3.856301e-02
-3.109754e-02
-4.212406e-02
-3.424619e-02
-4.469582e-02
-6.753588e-02
1.561392e-02
1.609386e-02
4.103628e-02
-4.570770e-02
-2.450427e-02
1.749132e-02
-4.396317e-03
2.039646e-02
1.494534e-02
-2.918911e-02
-9.189691e-02
-7.982882e-02
-7.291497e-03
-2.766877e-02
-3.529752e-02
-1.702983e-02
-4.010141e-02
-4.820671e-02
3.141765e-03
3.076657e-02
3.362175e-02
9.018684e-03
8.076797e-03
4.947085e-02
3.814252e-02
5.195120e-03
3.856768e-02
-9.794360e-02
-3.579739e-02
-2.168079e-02
-5.109642e-02
-1.927768e-02
-4.000420e-02
4.674385e-03
1.432802e-02
-1.192485e-02
2.640441e-02
-4.138440e-04
3.396814e-03
1.938058e-02
3.914839e-03
-1.307718e-02
-2.096015e-02
1.523660e-02
3.481344e-02
-1.057808e-01
-1.389750e-01
-2.154886e-02
-1.152773e-01
-5.046470e-03
1.827043e-02
-1.067023e-01
6.752548e-02
3.548497e-02
-1.595101e-02
6.152012e-02
2.578061e-02
-5.699609e-02
3.927420e-02
-8.321684e-03
-1.049843e-01
-2.731796e-02
-2.089958e-02
-8.175092e-03
-5.509541e-02
8.166628e-03
-1.716975e-02
-2.413202e-02
-4.688755e-02
1.476813e-02
-1.808057e-01
4.528812e-02
-1.844011e-02
-8.849309e-03
7.884822e-03
-1.669805e-02
3.483465e-02
-8.705393e-02
2.888407e-02
-1.300589e-02
-1.120136e-02
5.280180e-03
6.370961e-02
-4.268291e-03
-2.438906e-02
2.627973e-02
7.769715e-03
4.141997e-02
-4.257583e-02
-3.405327e-02
-1.938952e-02
6.223954e-02
9.330884e-02
-1.869730e-02
4.702727e-02
8.489441e-02
-5.164035e-02
7.415932e-02
-4.184979e-02
1.395560e-02
2.510026e-02
-7.980131e-02
2.071240e-02
-1.156377e-01
-8.006411e-02
-7.638463e-02
-7.397234e-02
-4.386110e-02
5.827833e-03
9.236914e-03
-3.701288e-03
-2.326922e-02
2.454489e-02
-4.664144e-02
-1.141368e-02
-1.789840e-03
-5.280906e-02
-4.674666e-02
-3.464686e-02
-4.048951e-02
3.585454e-02
9.805242e-02
-4.788144e-02
1.823771e-02
8.781424e-03
-3.725424e-02
-4.539469e-02
-4.318248e-02
7.886316e-02
-1.119636e-01
5.318124e-02
7.800496e-02
-2.487038e-02
8.282260e-02
-6.374523e-03
9.493182e-03
-5.708807e-02
1.660418e-02
-4.869386e-02
-1.477898e-01
-1.493039e-02
-1.087729e-01
-1.113229e-01
-2.990504e-02
-9.150530e-03
-7.913160e-04
-1.689569e-03
5.900184e-02
-2.631043e-02
2.067256e-02
2.597906e-02
-5.525207e-02
-6.599964e-02
-5.737838e-02
-7.566155e-03
-7.475860e-03
-7.301806e-02
-1.564267e-02
1.844758e-03
-3.895657e-02
9.240609e-02
-4.174819e-02
-4.418885e-02
-3.508767e-02
-4.516293e-02
7.786406e-03
2.410926e-02
-4.812074e-02
-1.065439e-03
2.630084e-02
-7.058335e-02
-6.352883e-02
-3.773049e-02
-6.482183e-02
-5.984610e-02
5.051436e-02
1.167833e-02
-4.083086e-02
7.002560e-02
-4.449436e-02
-2.482313e-02
-6.435213e-03
-4.142626e-03
-8.380337e-03
-8.236929e-02
-6.975035e-03
2.218402e-02
-1.145982e-01
6.733898e-02
-2.505671e-02
2.441974e-02
2.730066e-02
2.544926e-02
7.174584e-02
1.815711e-02
5.347601e-02
1.579025e-03
-7.425713e-02
2.523670e-02
7.115255e-02
3.889968e-02
5.988580e-02
3.407484e-02
-7.402913e-02
-4.598425e-02
-1.020629e-01
-9.334789e-02
-4.272539e-02
-3.316645e-03
1.447214e-02
-1.947226e-02
1.217604e-01
8.683030e-02
-1.682527e-02
-8.110080e-03
3.873392e-03
-5.119772e-02
6.489541e-02
3.200523e-02
2.950617e-02
8.443552e-02
2.868652e-02
-3.702565e-02
1.149014e-03
-1.615777e-02
3.766114e-02
3.821860e-02
8.690382e-03
-1.391513e-02
1.831634e-02
-1.086989e-04
-7.027175e-02
-4.565970e-02
-5.312044e-02
-9.013220e-02
-7.928134e-02
-6.120444e-02
-4.990602e-02
-1.067687e-01
-5.830994e-02
5.019851e-02
6.572140e-02
4.531765e-02
9.016544e-02
3.159174e-02
-2.926064e-02
5.277058e-02
2.518784e-02
-7.554213e-02
-3.489429e-02
-4.942822e-02
-7.580112e-02
2.110946e-02
-4.832677e-02
-4.082144e-02
-8.345520e-02
-1.424791e-01
-3.554049e-02
-3.560314e-02
8.206967e-02
1.073613e-01
4.035699e-02
2.538734e-02
-1.713416e-02
4.224908e-02
-1.964157e-02
-2.742004e-02
-7.817306e-03
-6.401039e-02
-1.163259e-02
3.985414e-03
2.709474e-02
3.684932e-02
4.781697e-02
-3.474160e-02
-3.207386e-02
-4.421841e-02
5.683384e-02
7.430089e-02
1.001404e-01
6.530262e-02
-1.911986e-02
-4.274370e-02
-8.010871e-02
-1.159623e-01
-3.364106e-02
-5.849799e-02
-6.321990e-02
2.420708e-02
5.790053e-02
2.202319e-02
-5.401463e-02
-1.871712e-02
-9.438563e-04
-1.127542e-02
3.189714e-02
2.192439e-02
5.926683e-02
-4.068571e-02
-1.946567e-02
-2.261007e-02
-1.183412e-02
2.123753e-02
1.344563e-02
3.616636e-02
3.563697e-02
2.400886e-02
8.161569e-02
-1.249996e-02
4.433320e-02
-1.556582e-02
-7.555760e-03
3.692758e-03
-4.207974e-02
-3.180510e-02
1.390674e-02
-1.482041e-02
-3.005090e-02
-2.202281e-02
-1.033247e-01
-8.358443e-02
1.775912e-02
-2.043820e-02
-4.063813e-02
-5.650267e-02
-4.047764e-02
3.468640e-02
-6.966125e-02
7.868937e-02
2.363049e-02
5.807745e-03
-3.787173e-02
-5.274227e-04
-1.956518e-02
-1.805576e-02
1.244997e-02
-1.193654e-02
2.690211e-02
3.741740e-02
-4.294151e-02
-8.240212e-02
-4.219698e-02
4.485414e-02
-5.807882e-02
5.848181e-02
-8.686766e-03
-2.399441e-02
5.924806e-02
-4.501464e-02
-6.244240e-02
-5.206626e-02
-9.135178e-02
-1.013875e-01
-5.017426e-02
-1.332402e-01
2.220547e-02
3.844668e-03
-1.058740e-02
4.523209e-02
-2.081868e-03
-8.280587e-03
-2.814049e-02
8.630232e-03
1.128003e-02
4.722748e-02
-1.418619e-02
6.021942e-02
1.097427e-02
2.215979e-02
-2.713338e-03
7.170070e-02
9.574471e-02
1.383502e-02
-4.032544e-02
-1.185866e-02
-2.347020e-02
-5.258989e-02
-1.119536e-02
-2.931645e-02
-9.283458e-03
-1.981245e-02
-5.250034e-02
-1.334133e-03
-3.606061e-02
6.783880e-02
3.408574e-02
-6.337202e-02
-2.565368e-02
-8.452588e-02
-9.467248e-02
8.706886e-03
2.197184e-02
-2.086538e-02
3.200187e-02
6.307441e-02
3.071429e-02
4.786297e-02
1.377024e-02
1.139175e-03
1.260879e-02
1.318737e-02
-3.659312e-02
2.311252e-02
-3.002936e-02
-7.453326e-02
6.196848e-03
4.918398e-02
4.573336e-02
-4.499570e-03
-6.575811e-02
-6.296951e-02
2.826607e-04
6.458700e-02
-3.396932e-02
-6.242506e-02
-2.274016e-02
1.654631e-02
3.755584e-02
-6.587939e-02
-2.960609e-02
6.250258e-02
3.068604e-03
6.004683e-02
3.458802e-02
5.894799e-02
2.134926e-02
-7.978797e-02
-4.504462e-03
1.621312e-02
-4.669205e-02
5.274450e-02
3.381158e-02
-2.821298e-02
-1.849475e-01
-4.261342e-02
-1.287084e-01
-2.298610e-01
-1.087225e-01
-1.870733e-02
1.378249e-02
6.732194e-03
-5.923225e-02
-3.218871e-02
6.689752e-03
2.162181e-02
3.423121e-02
4.767653e-02
-3.691725e-02
-1.466678e-02
-4.053888e-02
6.583624e-03
-5.672096e-02
-4.167103e-03
-3.012267e-02
-3.200352e-02
-4.571144e-02
1.556833e-02
4.545479e-02
6.126017e-02
-3.172023e-02
-1.924410e-02
4.388071e-02
1.523704e-03
5.593942e-02
1.964086e-02
-1.277240e-02
5.931732e-02
3.916052e-02
3.429233e-02
-1.032476e-01
2.153445e-02
-3.235357e-02
3.773661e-02
-3.431457e-02
-6.175166e-03
4.563891e-02
8.903805e-03
1.209450e-01
9.301630e-02
-1.048723e-01
1.177239e-01
-3.054958e-02
-9.348492e-02
1.740239e-02
-7.277975e-02
2.916979e-02
-7.746987e-02
-5.243064e-02
3.409111e-02
-5.564968e-02
3.658125e-03
6.888049e-02
-2.841393e-02
-1.528095e-02
4.424484e-02
2.241043e-02
-7.630793e-02
-1.456452e-02
1.944235e-02
6.977414e-02
3.150299e-02
2.335721e-03
-2.750080e-03
-1.245972e-02
2.827252e-02
-5.315674e-02
5.802697e-02
-5.363224e-02
-3.259131e-02
1.134490e-01
-7.544677e-02
3.485952e-02
1.729405e-02
-5.101466e-02
-5.629164e-02
4.183248e-02
-4.065477e-02
2.389996e-03
6.254241e-02
7.825142e-03
4.674719e-02
3.618247e-02
-2.122138e-02
5.019509e-02
2.470799e-02
1.253725e-01
-8.922156e-03
-8.450104e-02
-2.599900e-02
-8.566211e-02
-3.556811e-03
-2.374766e-02
1.878619e-02
-1.719818e-02
1.891454e-02
6.405945e-02
5.421739e-02
6.637779e-02
2.762192e-02
5.250589e-03
4.191427e-02
3.734058e-02
-1.163212e-02
2.975394e-02
4.847218e-03
-1.121296e-01
6.158383e-02
2.007420e-02
-1.735770e-03
1.925375e-02
-2.686803e-02
-4.043257e-02
-3.456534e-02
9.756061e-02
3.682115e-03
2.389148e-02
-2.751723e-02
2.079439e-02
2.167947e-02
1.583930e-02
-1.189944e-01
2.630135e-02
-9.583180e-02
-5.712246e-02
-5.905753e-02
-6.240949e-02
-3.081436e-02
-6.775894e-03
6.773880e-02
4.286983e-02
-1.385473e-02
5.475698e-02
-3.979612e-02
-6.860444e-02
-7.154946e-03
-6.022814e-02
-4.924390e-02
1.610555e-02
7.196031e-02
-1.357215e-02
-1.242633e-03
-3.110686e-03
6.410080e-03
-7.496352e-02
-3.284067e-02
2.645506e-02
-2.560664e-02
-9.297327e-02
-1.998633e-03
-7.703901e-02
-6.725910e-02
-9.928448e-03
-1.609628e-01
8.708373e-03
1.228832e-02
3.190365e-02
-6.235619e-02
4.162522e-02
-1.429936e-01
4.885971e-02
-3.672535e-02
5.132699e-02
1.467926e-01
5.120593e-02
-9.099622e-03
-6.866395e-02
-1.926753e-02
-1.246992e-01
-4.525156e-04
-3.590310e-02
-2.232727e-02
4.925072e-02
-2.860610e-02
-1.566358e-02
7.477121e-02
-1.645881e-01
5.663624e-02
5.820010e-03
5.731007e-02
6.717660e-02
-9.575274e-03
-6.008024e-02
-1.504964e-01
-4.843310e-02
-3.281225e-03
-1.746767e-02
-6.496137e-03
-2.159408e-03
-2.969758e-02
3.577494e-02
-7.870794e-02
-5.767860e-02
-1.053626e-01
-3.557260e-02
-4.763545e-02
-6.121366e-02
4.625471e-02
1.797232e-02
-6.372400e-03
-3.132755e-02
3.928253e-02
5.531632e-04
-3.572237e-02
-1.557018e-01
-8.378533e-02
-3.430168e-02
-1.005562e-01
-6.148844e-02
-3.354019e-02
1.003357e-01
2.732768e-02
-1.313653e-01
-6.179440e-02
-8.899830e-02
-3.522740e-02
-1.099263e-01
-7.754084e-02
4.270446e-02
-1.239946e-01
-3.382718e-02
1.300714e-02
4.953117e-02
5.490354e-02
-2.018014e-02
-2.346916e-03
6.959853e-02
2.238727e-02
1.654501e-03
-1.260566e-02
-4.200281e-03
-1.276803e-02
-2.085733e-02
-1.334739e-02
3.642695e-03
2.280414e-02
2.994350e-02
1.738385e-02
-6.935267e-02
-1.532847e-02
-1.981404e-02
-3.239837e-02
2.111374e-03
6.248444e-03
3.211997e-02
-8.533616e-02
-2.778868e-02
3.022024e-03
1.734464e-02
-1.104695e-02
-1.311491e-02
-7.085501e-02
-1.137256e-01
-4.752323e-02
-4.705013e-03
-2.204521e-02
4.386098e-03
-3.289102e-02
1.317018e-02
-3.195982e-02
-2.143479e-02
-2.316209e-02
6.335275e-02
-8.386704e-02
-7.535244e-02
2.310868e-02
-2.350272e-02
-3.391403e-02
-9.388966e-03
-2.936542e-02
-5.601504e-02
-1.696913e-02
-2.239543e-02
-2.907104e-05
-7.205458e-03
-1.029652e-02
-2.286720e-02
3.296273e-02
1.271686e-02
3.005135e-02
4.581325e-03
1.144982e-02
-9.928586e-03
4.673198e-02
2.233399e-02
8.342142e-02
3.135493e-02
-5.583831e-02
6.675414e-03
-4.365470e-03
-3.995024e-02
-6.535427e-02
-1.292590e-02
-1.501900e-02
-5.623830e-02
8.820252e-03
-5.397960e-02
-3.150588e-02
-7.607682e-02
-3.841861e-02
-5.134696e-02
-1.608129e-02
2.523125e-02
-4.323012e-03
3.703839e-02
4.786228e-02
-3.890869e-02
1.708623e-03
-3.988483e-03
1.986444e-02
-5.615811e-03
1.449030e-02
4.658983e-02
4.880912e-02
-9.113982e-02
-2.254749e-02
-3.575202e-02
9.392784e-02
5.222440e-02
-5.142239e-02
-2.002796e-02
-6.762678e-02
2.911690e-02
-3.538886e-02
1.461658e-02
1.704174e-02
-8.715072e-03
-1.022236e-03
-5.194351e-02
-1.599053e-02
1.624518e-02
-4.771411e-03
-3.211127e-02
-3.207466e-02
-7.318486e-02
-6.399789e-02
3.325770e-02
1.419378e-02
-5.071023e-02
-8.814286e-02
1.093360e-02
-1.003877e-02
-5.498148e-02
-7.774349e-02
-3.797253e-02
-2.921700e-04
-2.383367e-02
-4.605066e-02
-1.149964e-02
-1.615234e-02
-1.039686e-01
-3.374652e-02
-2.323412e-02
-3.686325e-02
7.399654e-04
5.418964e-03
-3.724446e-02
-1.081260e-01
-1.964423e-02
2.832614e-02
2.190389e-02
6.401945e-02
9.226411e-02
3.627445e-02
8.287098e-02
-9.446470e-03
3.112711e-02
1.295933e-02
1.826249e-02
-1.129737e-01
-7.981319e-02
-5.002393e-02
1.350893e-02
5.744257e-02
-1.006837e-01
2.621690e-02
-3.322255e-02
-2.211735e-02
-1.882458e-02
-1.167303e-02
1.681064e-02
-1.011431e-02
3.993757e-03
-2.752519e-02
-1.279655e-02
-5.374837e-03
-5.374955e-02
-5.648827e-02
-5.538074e-02
-5.011486e-02
-1.576671e-01
-1.048298e-01
1.928082e-02
1.064604e-03
-5.841320e-03
-3.304076e-02
-7.916547e-02
-5.367931e-03
-2.835736e-02
5.153441e-05
-7.904206e-03
4.560371e-02
3.124335e-02
2.496480e-02
-6.107781e-02
-6.705657e-02
1.037368e-02
-2.734340e-02
-1.059688e-02
-1.460973e-03
-1.585960e-01
3.042109e-03
3.149297e-02
-7.094877e-03
-7.183766e-02
1.305974e-02
2.813367e-02
4.435966e-02
-2.882947e-02
1.031275e-02
-4.952997e-02
-9.616374e-03
9.310612e-03
-5.619291e-02
-2.321062e-02
-4.014110e-02
5.856763e-03
-6.616048e-03
-3.727842e-02
-5.803210e-02
1.970246e-02
-1.621264e-02
-5.356357e-02
-2.635669e-02
-4.242552e-02
8.716851e-02
-4.592224e-02
-3.404735e-02
2.752690e-02
4.464694e-02
6.341662e-02
-2.836293e-02
-6.116620e-02
-9.010779e-03
-1.000172e-01
-9.796745e-02
-3.307549e-02
8.765750e-02
6.530114e-02
-2.671386e-02
-1.888539e-02
4.550023e-02
-1.682657e-01
-1.101654e-01
-6.432447e-02
-1.058037e-02
-8.580276e-02
-4.414109e-02
-7.767246e-02
2.717763e-03
-1.067833e-01
-2.274937e-02
-2.513616e-02
3.954065e-02
4.630204e-02
-8.009488e-02
-3.351434e-02
-1.637192e-02
4.068821e-02
-2.016210e-02
-8.705901e-03
-1.894478e-02
-5.428831e-03
-1.881480e-02
-2.758122e-03
2.415998e-02
2.129653e-02
-4.350986e-02
2.509998e-02
-9.752663e-03
5.309210e-02
4.994056e-02
-9.737303e-02
-2.728656e-02
5.444540e-02
-1.775300e-02
-6.101748e-02
-1.849050e-02
6.980775e-03
1.748440e-02
-3.134698e-02
1.254502e-02
-6.731137e-02
-6.009917e-02
4.771781e-02
-1.849315e-02
4.670189e-02
-3.522373e-02
-5.640914e-02
-7.812646e-03
-1.799720e-02
-8.044545e-02
-4.636320e-02
1.289356e-02
1.167739e-02
2.731230e-03
5.331564e-02
-2.827821e-02
5.936807e-02
-5.960201e-02
1.843585e-02
5.850283e-02
-3.309827e-02
-8.728154e-03
-8.062600e-02
1.940033e-02
-5.457757e-03
1.478908e-02
-1.410117e-02
1.199590e-02
-5.576107e-02
-2.968619e-02
-3.391990e-02
-2.133030e-02
-1.125246e-01
-3.084165e-02
-1.192500e-02
-4.995858e-02
-1.220217e-01
-3.352604e-02
3.036604e-02
-4.292427e-02
1.158429e-02
3.633507e-02
-2.846752e-02
1.707687e-02
1.880783e-02
-2.722314e-02
-8.290973e-03
1.494032e-03
-2.675991e-02
1.480156e-02
-1.306787e-01
-6.971665e-02
-4.036267e-02
-3.987216e-03
-2.934758e-02
-5.396261e-02
-1.113836e-02
-6.818793e-03
-4.930611e-02
3.953642e-02
-4.548861e-02
-2.006894e-02
-3.376459e-02
2.253432e-02
-4.399415e-02
1.459466e-02
2.530727e-02
-3.986713e-02
-6.431358e-02
-9.090646e-02
-2.242303e-02
4.357730e-02
-6.294163e-02
2.033431e-02
6.027460e-02
-3.531662e-02
-1.053982e-02
1.251602e-02
-5.520070e-03
1.238857e-02
-2.635032e-02
-8.311129e-03
2.904194e-02
7.338952e-02
2.494393e-02
6.725032e-02
-4.970448e-02
-1.985388e-02
-7.922766e-02
5.813649e-02
1.279517e-03
2.036337e-06
-1.001691e-02
-5.679257e-03
-1.493295e-02
-3.175704e-02
-2.768270e-02
8.959083e-03
-8.292162e-02
2.955749e-03
-1.367328e-01
3.393459e-02
-1.009113e-01
2.415555e-03
-8.331686e-02
3.690419e-02
-2.688839e-02
-3.146672e-02
-4.178637e-02
-3.266481e-02
-1.990110e-02
-4.955531e-02
-6.137760e-02
9.551483e-03
-9.729651e-02
-1.799242e-02
1.246936e-01
-3.880954e-01
7.640206e-02
-6.099881e-03
-1.317456e-01
-5.823883e-02
-2.758620e-02
-8.229477e-03
-2.325998e-02
-2.900298e-02
-6.101569e-02
-5.397046e-02
1.528057e-03
1.324468e-02
-2.511955e-02
3.143433e-02
-1.086608e-02
1.070868e-02
2.463152e-02
-5.390447e-03
-6.101299e-02
-1.414067e-02
-2.628877e-02
-1.184970e-03
-2.387374e-02
-9.096835e-02
3.755766e-02
-9.028863e-02
-1.168712e-01
4.843459e-03
-6.383001e-02
-1.135330e-01
-7.623112e-02
-9.028192e-02
4.003619e-02
1.158781e-01
-2.836345e-02
4.970530e-03
9.294788e-03
-1.870437e-02
-4.969335e-02
-2.819968e-02
-2.746633e-03
2.323886e-02
6.385683e-02
1.351566e-02
-6.247416e-02
-2.727690e-02
2.935992e-02
8.881706e-02
6.109537e-02
-4.842893e-02
-1.475172e-02
-2.452167e-02
5.256476e-02
-6.368353e-02
1.026197e-02
-5.489781e-03
-4.137848e-02
-4.581606e-02
-1.794866e-02
3.755538e-02
-3.047152e-02
-6.187382e-02
3.121753e-02
3.975063e-02
2.692858e-02
3.551079e-02
1.281710e-02
4.222317e-02
4.711800e-02
-1.329608e-02
-5.852214e-02
-9.582477e-02
-7.982077e-02
-1.450027e-02
-2.726789e-05
-2.397458e-02
7.340107e-02
3.942068e-02
-3.612634e-02
7.087008e-03
2.755143e-02
-1.327306e-02
-6.247961e-03
1.379280e-02
-1.068662e-02
-3.926897e-02
8.697795e-03
-4.877639e-03
3.196431e-02
-1.071280e-01
-1.055266e-01
4.583136e-02
-1.196392e-02
-1.165479e-01
5.678890e-02
5.706659e-02
-2.599567e-02
3.744895e-03
3.548665e-02
-3.044465e-04
-8.043618e-02
-1.221223e-02
-8.056149e-03
3.444815e-02
-4.602429e-02
-1.024229e-01
-2.012226e-02
-2.362680e-02
-9.518997e-02
2.405549e-02
1.763567e-04
-7.174113e-02
-1.033566e-01
-4.281013e-02
-3.858715e-02
-1.851382e-02
3.886529e-02
-1.919057e-02
2.658351e-02
4.296408e-02
3.245322e-02
2.589696e-03
3.352778e-02
4.491695e-02
-1.514802e-02
-6.605963e-02
-5.124642e-02
-2.911977e-02
-1.095550e-02
-2.193851e-02
-6.083861e-02
-1.096885e-03
3.360003e-03
-6.348865e-02
-3.051865e-02
-2.987093e-02
-9.969883e-03
1.919340e-03
-9.467819e-02
1.924577e-02
-2.672429e-02
-6.925649e-03
-3.042056e-02
8.308560e-02
6.513298e-02
-1.956531e-02
-7.577340e-02
4.496294e-02
-1.721057e-03
-9.800898e-03
-5.156697e-02
6.960166e-02
2.719812e-02
-4.565112e-02
-1.246343e-02
-4.863194e-02
-4.327256e-02
2.004502e-02
-7.223338e-02
-4.013973e-02
-5.545806e-02
-5.729632e-02
5.566030e-02
6.397294e-02
-1.331863e-02
-2.153483e-02
-4.340291e-03
1.750734e-02
-5.664082e-03
-2.335314e-02
1.719325e-02
-2.234483e-02
-3.761395e-02
-3.533481e-02
-5.917827e-02
1.747954e-02
-5.696200e-03
-1.545569e-02
-8.482703e-02
-4.094986e-02
1.965431e-02
-6.587778e-02
-6.663606e-02
-7.734231e-02
1.974460e-02
-4.908352e-02
-5.296886e-02
5.586334e-02
1.108399e-01
1.117191e-02
-1.684890e-02
5.088082e-03
-2.238584e-02
1.973365e-02
2.480255e-02
-8.328140e-02
6.947461e-02
-3.530157e-02
-1.977009e-03
3.010630e-03
-4.705219e-02
-3.913225e-02
-3.109165e-02
-6.028541e-02
2.387374e-03
-5.298942e-02
4.245147e-02
6.482228e-02
1.842125e-02
1.151833e-02
-2.012187e-02
2.911213e-02
-1.613405e-02
-2.926851e-02
1.854531e-02
2.767456e-02
-2.374279e-02
8.096489e-03
-6.482181e-02
2.300710e-02
-1.153987e-01
-2.260610e-02
-2.245209e-02
-3.839384e-02
-9.979804e-02
-1.439320e-01
-8.080802e-02
-9.370928e-02
-1.024801e-01
4.046787e-02
5.791199e-02
2.525637e-03
7.196851e-02
2.636610e-02
-1.742668e-01
-3.137922e-02
-9.501407e-02
-7.330026e-02
-3.996154e-02
-3.145723e-02
1.373031e-02
-3.623896e-02
-1.014209e-02
4.974438e-02
-1.232559e-01
-9.709654e-02
-2.601831e-03
1.703625e-02
2.366162e-02
9.062271e-03
-5.569243e-02
-4.147374e-02
-6.821734e-02
-7.943396e-02
-4.672365e-02
1.789114e-02
-3.707079e-03
-1.925425e-02
3.604197e-02
-9.563155e-02
1.402508e-02
2.501572e-02
7.592003e-02
3.944921e-02
3.387300e-02
-5.116111e-02
1.813453e-02
4.135086e-02
-2.323475e-02
-2.331724e-03
-9.893425e-02
-3.936019e-02
-5.819920e-02
-2.892327e-02
-3.606391e-03
2.371606e-02
-4.273874e-02
-6.407314e-02
-2.206086e-02
-5.642015e-02
-9.647869e-02
-5.496679e-02
-2.241404e-02
3.823473e-02
-5.143823e-02
3.411774e-03
-7.029109e-02
-8.320613e-02
6.325340e-02
-2.163790e-02
-3.332354e-02
-4.500871e-02
2.422435e-02
-1.322256e-02
5.084191e-02
-3.441884e-02
-2.812991e-03
5.403236e-02
-7.480021e-02
-2.845476e-02
2.693305e-02
-2.672404e-02
-8.282079e-02
-6.505549e-02
-7.307761e-02
-1.420751e-01
-1.301053e-01
-4.459433e-02
-9.551699e-02
-6.299876e-02
-1.012217e-02
-2.648838e-02
1.784798e-02
-4.983300e-02
-4.098868e-02
3.278959e-02
3.147472e-02
-5.215045e-02
-4.486930e-02
5.590308e-02
3.758170e-02
3.131621e-02
-2.222150e-02
6.015756e-04
3.641442e-02
-9.015993e-03
-8.328580e-02
4.839599e-03
2.343964e-02
5.161500e-02
7.292911e-02
1.281160e-02
-5.005473e-02
-4.855961e-02
-7.739203e-02
-8.712763e-02
-4.326271e-02
-7.345296e-02
-9.337151e-02
2.849650e-02
-3.155048e-02
-2.282958e-02
3.067864e-02
8.556025e-02
7.393370e-02
2.952043e-03
4.925187e-02
-2.546711e-02
8.802605e-03
3.186822e-02
5.945619e-03
-1.458412e-02
-5.457471e-03
6.614919e-03
5.208103e-02
1.540660e-02
2.419278e-02
1.961977e-02
-3.698323e-02
5.771086e-03
4.028709e-02
3.441833e-02
-1.216064e-02
-1.140048e-02
2.101012e-02
5.078019e-02
-3.823937e-04
3.422975e-02
6.210143e-02
1.187989e-02
2.628740e-02
5.370880e-02
6.056684e-02
1.829420e-02
2.980255e-04
-3.229910e-02
-2.442918e-02
-9.656895e-02
-6.274112e-02
-1.739481e-02
-6.061225e-02
-6.149670e-02
-4.351234e-02
2.085321e-02
2.164986e-02
-4.993198e-02
7.700572e-02
1.065451e-01
-3.159799e-02
2.654400e-02
1.359253e-02
-3.134593e-02
5.795422e-03
5.575191e-02
4.226615e-02
3.892196e-03
3.812052e-02
-3.937960e-02
1.855946e-02
2.239133e-02
8.877686e-04
1.374485e-02
2.166858e-02
3.245014e-02
4.585671e-02
1.660866e-02
9.090632e-03
-3.005501e-02
1.294195e-02
3.338523e-02
-6.147109e-02
-1.405310e-02
2.217056e-02
-1.017452e-01
-2.934993e-02
-4.607781e-02
-7.673484e-02
-8.867545e-03
-5.522298e-02
-1.775143e-02
1.454516e-02
-3.757052e-02
-3.931203e-02
-2.897727e-02
1.735072e-03
-6.139039e-02
-3.709199e-02
-3.856163e-02
5.301755e-02
-5.133218e-02
3.405849e-02
5.271433e-02
-7.994378e-03
7.052387e-02
-6.194644e-02
1.859964e-02
-2.665739e-02
-2.095607e-02
-6.571714e-02
-7.784769e-02
-1.043019e-01
-1.539694e-02
-2.788061e-02
-7.321385e-02
-5.547755e-02
1.042560e-02
-5.498973e-02
4.533166e-03
6.859776e-02
1.420704e-02
1.842580e-02
7.160251e-03
6.530142e-03
7.524968e-03
3.510617e-02
4.011391e-03
-3.018565e-02
6.569171e-02
-1.011682e-02
-8.878092e-02
6.076185e-02
-6.829848e-02
-7.238206e-02
-4.209330e-02
5.360476e-02
2.026032e-02
-3.689292e-02
8.463619e-03
-7.359602e-03
-2.863523e-02
-2.791692e-02
1.630189e-02
-5.576699e-02
5.022436e-05
4.087493e-02
-1.092565e-01
-1.902584e-01
-2.785950e-02
-4.711249e-03
-9.231848e-02
-1.473469e-02
-1.579423e-02
-1.517161e-02
5.785125e-02
2.968967e-02
-2.510796e-02
1.663872e-02
-5.877461e-02
1.907452e-02
-5.965917e-02
-5.066174e-02
-9.984905e-02
-9.297999e-02
-5.903332e-02
-1.077065e-01
-2.254419e-01
-2.206689e-02
-6.674181e-02
-1.147134e-01
1.628286e-02
-1.074871e-02
-3.103151e-03
-5.003703e-02
1.396601e-02
3.324856e-02
2.653223e-02
4.218401e-03
-1.446755e-02
-5.957190e-02
-4.050361e-02
-3.338872e-02
-4.563123e-02
-2.362776e-02
1.219836e-02
-2.879723e-02
-1.100384e-02
1.126136e-02
-4.911847e-03
3.394410e-03
9.378918e-03
-1.061633e-01
-1.172166e-01
-6.180055e-03
5.817921e-02
-1.615315e-02
-5.977388e-02
-4.721436e-03
-1.976125e-03
3.056379e-02
4.251149e-02
4.721443e-02
5.876289e-02
-1.055160e-02
-1.303804e-02
-1.156895e-02
-4.216753e-02
-1.965791e-02
-1.197894e-04
1.956984e-02
-8.034518e-02
-6.892730e-02
7.604000e-02
2.907148e-02
-4.015381e-02
-3.131222e-02
-2.267072e-02
-1.583746e-02
4.543125e-04
-1.102823e-01
-4.823948e-02
-1.425115e-02
-4.985698e-02
-1.447281e-02
-3.477317e-02
-2.493617e-02
2.103775e-02
-6.149249e-02
-6.061230e-02
8.345837e-03
8.714283e-04
-2.788230e-02
-5.382664e-02
3.827525e-02
-9.069609e-03
2.784109e-02
-2.880875e-02
-6.210203e-02
-5.958244e-02
-2.845057e-02
-3.223860e-02
-5.525749e-02
2.279522e-02
3.659159e-02
6.070513e-03
3.825857e-02
-4.905702e-03
-1.000959e-01
-1.965978e-02
-4.255047e-02
-7.992176e-03
-3.228674e-02
-2.515138e-02
-3.088137e-02
-8.122137e-03
-1.532471e-02
-5.301589e-02
3.589982e-02
4.502213e-02
-9.125933e-03
-1.162486e-02
-2.887946e-02
-4.829035e-02
2.639159e-02
-3.934073e-02
-8.133443e-02
3.286706e-02
-2.164202e-02
-7.976629e-03
6.309627e-02
-1.161683e-02
1.630297e-02
5.978236e-02
-6.220069e-02
-3.191014e-02
3.760666e-02
-6.212018e-02
-1.075570e-01
-2.626070e-02
9.366770e-04
2.341532e-02
-4.450811e-02
3.845054e-02
-3.532786e-02
-3.564930e-02
2.603548e-02
-7.882578e-03
3.581142e-02
1.428191e-02
-2.164920e-02
5.070961e-02
2.281513e-02
-9.184643e-02
1.114204e-01
6.645564e-03
-6.138423e-02
3.508545e-02
-1.094293e-01
1.576929e-02
-9.981452e-03
-1.156950e-01
1.462196e-02
-4.992992e-02
3.746601e-02
2.205436e-02
2.650278e-02
-1.601022e-02
6.286637e-02
3.199870e-02
-6.344465e-02
8.916435e-02
3.265906e-02
-4.518338e-02
-3.358961e-03
-1.134734e-01
-6.849422e-02
9.774005e-02
-9.874745e-02
-9.297187e-02
5.961771e-02
-3.916189e-02
-1.052409e-01
7.766753e-02
3.617846e-02
5.215066e-02
-2.027384e-02
5.219327e-02
7.218971e-02
1.028482e-02
2.189373e-02
2.501819e-02
5.896935e-02
4.789222e-02
6.994683e-02
5.499316e-02
-7.127914e-02
-6.008669e-02
-3.911419e-02
-1.701825e-03
-6.814358e-02
-3.501832e-03
-6.054946e-03
-9.921019e-02
-1.619204e-02
1.220762e-02
-9.137582e-02
-2.562196e-02
1.709827e-02
-7.702351e-02
-2.607765e-02
2.743771e-02
-2.762205e-02
-2.309269e-02
-1.390470e-02
-1.476344e-01
-4.078622e-02
1.581382e-02
-1.507704e-01
-2.151180e-02
-5.293889e-02
-2.299711e-02
3.078461e-02
-1.168964e-01
-4.754755e-02
4.736569e-02
-8.504987e-02
4.212779e-03
5.855756e-02
3.223191e-02
5.991517e-02
6.603317e-03
5.327431e-02
5.156808e-02
7.298577e-02
2.484387e-02
3.754249e-04
3.116737e-02
3.957663e-02
7.012885e-02
2.124210e-02
1.959494e-02
2.075067e-02
-1.695691e-02
-4.130544e-02
-8.432013e-03
-3.159386e-02
-2.794206e-02
3.534104e-02
2.390523e-02
5.168160e-02
1.199245e-02
6.889529e-02
3.444096e-02
-8.572839e-02
9.336823e-03
