-2.407650e+00
-2.677272e+00
-3.285366e+00
-3.076101e+00
-2.808697e+00
-3.104249e+00
-2.265154e+00
-2.203032e+00
-2.542791e+00
-2.802540e+00
-2.792058e+00
-2.972913e+00
-2.509531e+00
-3.166429e+00
-3.091617e+00
-2.880220e+00
-2.616288e+00
-2.773922e+00
-3.419795e+00
-2.953602e+00
-3.217478e+00
-2.585013e+00
-2.747487e+00
-3.108005e+00
-3.026078e+00
-2.811011e+00
-2.603292e+00
-3.213607e+00
-2.967638e+00
-2.640894e+00
-2.916137e+00
-2.542056e+00
-2.981570e+00
-3.301854e+00
-3.071979e+00
-3.287133e+00
-2.737140e+00
-2.428142e+00
-2.899358e+00
-2.945450e+00
-2.716901e+00
-3.323361e+00
-2.993182e+00
-2.545337e+00
-2.257490e+00
-2.443647e+00
-2.749781e+00
-2.875869e+00
-3.180731e+00
-2.770150e+00
-3.023990e+00
-2.666601e+00
-2.102389e+00
-2.602358e+00
-2.508698e+00
-3.224848e+00
-2.625708e+00
-3.571252e+00
-2.726603e+00
-3.192320e+00
-2.800527e+00
-2.359564e+00
-2.978594e+00
-2.750542e+00
