1.467973e-01
3.354571e-01
2.771450e-01
7.450829e-01
-1.954871e-01
-4.646485e-02
7.002072e-02
5.599182e-01
-2.869997e-01
1.591522e-01
-2.322006e-01
6.650648e-01
-2.261881e-01
-2.486588e-01
-2.591714e-01
-9.371532e-02
-1.689973e-01
-2.590697e-01
-2.943347e-01
-1.796487e-01
-1.514302e-01
-2.190252e-01
2.448734e-01
5.738541e-02
-1.496934e-01
-2.493268e-01
-6.311781e-02
-3.852654e-01
-2.736475e-01
-1.597923e-01
-2.452807e-01
6.966786e-01
-2.892247e-01
-1.741568e-01
-3.019964e-01
-1.679819e-01
-1.521832e-01
9.860321e-01
-1.804205e-01
1.395679e-02
-8.768452e-02
-4.313096e-01
-3.194697e-01
-9.925612e-02
3.298106e-01
3.321678e-01
-1.556225e-01
-1.557993e-01
-3.816468e-01
-2.315590e-01
1.197403e-02
7.374681e-02
-1.574374e-01
-2.228164e-01
4.382242e-01
-3.245641e-02
-2.448828e-01
-1.006517e-01
-1.769823e-01
5.769922e-01
-2.519669e-01
2.833358e-02
5.434731e-01
-1.802566e-01
3.702648e-01
-2.623998e-01
-1.752670e-01
-2.716211e-01
-2.865729e-01
-8.665182e-02
-1.645986e-01
-1.626454e-02
-2.449219e-01
2.297857e-01
-2.309519e-01
-4.263467e-01
4.379027e-01
5.671305e-01
-2.938157e-02
4.190762e-01
5.745904e-01
-1.852724e-01
1.223784e-01
-2.680994e-01
5.340322e-01
-1.770459e-01
-5.111500e-02
5.402313e-01
-1.084418e-01
-1.040325e-01
4.120916e-01
-2.666331e-01
1.842508e-01
7.925497e-02
5.459007e-01
4.744686e-01
3.212076e-01
6.869968e-01
4.302326e-01
4.315237e-01
-1.817255e-01
-2.251564e-01
-9.241426e-02
-3.126189e-01
-2.592851e-01
-3.834929e-01
-3.664926e-02
-8.835042e-02
-1.832110e-01
-3.031966e-01
-1.439035e-01
-3.064407e-01
-3.912134e-01
-1.639637e-01
-4.176631e-01
-2.479786e-01
-1.592492e-01
-1.641886e-01
5.647941e-01
5.515059e-01
-5.851385e-03
6.501694e-01
-9.525879e-03
1.947519e-03
-1.886207e-01
-2.559432e-01
-1.649025e-01
5.448441e-01
-1.663745e-01
6.604691e-01
-3.305639e-01
-3.147957e-01
-2.226488e-01
-3.936048e-01
-1.389312e-01
-1.354805e-01
5.947965e-01
-1.809659e-01
-3.043611e-01
1.186169e-01
-2.208492e-01
-2.211927e-01
-2.037446e-01
-2.903171e-01
-1.424039e-01
-6.500798e-02
-2.469290e-02
8.390755e-01
-2.603935e-01
-2.251778e-01
6.553947e-01
-6.693223e-02
-2.462225e-01
-1.624233e-01
-1.675144e-01
-2.336573e-01
5.923992e-01
-1.699996e-01
-3.110602e-01
-1.192396e-01
-2.741858e-01
-2.069009e-01
-1.160048e-01
-2.484105e-01
-3.579668e-01
-5.990326e-02
-2.007146e-01
-1.804331e-01
-1.934707e-01
-1.441359e-02
-2.776291e-01
-2.202575e-01
3.812163e-01
1.607089e-02
-2.721620e-01
6.316175e-02
7.457532e-01
-3.617268e-01
-3.257664e-01
-1.879244e-01
-1.809079e-01
5.156822e-01
6.151198e-02
1.171023e-04
7.838351e-01
-3.350855e-01
-4.245966e-02
-3.685167e-01
-3.668528e-01
1.186597e-01
-3.207926e-01
-2.453982e-01
-1.229285e-01
-1.508477e-01
6.918342e-01
-1.404800e-01
-2.232985e-02
-2.512558e-01
4.074346e-01
1.029410e-01
-9.492604e-02
8.535385e-02
4.114678e-01
-1.921382e-02
-1.140765e-01
-2.960994e-01
-2.753336e-01
4.224289e-01
-5.980939e-02
-1.468274e-01
-3.957076e-01
-1.342937e-01
-7.486802e-02
-7.146815e-02
-1.860415e-01
-1.489507e-01
6.261231e-01
-1.165664e-01
-1.724079e-01
6.556235e-01
-2.926542e-01
5.478592e-01
-2.099027e-01
-1.738140e-01
-1.690498e-01
-7.608996e-02
-2.672883e-01
5.370582e-02
1.277807e-01
-1.754683e-02
7.425682e-01
-1.791277e-01
-9.074770e-02
2.024804e-01
-2.177574e-01
-3.483671e-03
-1.146011e-01
-6.514990e-02
2.327187e-01
-9.855168e-02
3.104107e-01
6.745303e-02
-2.088870e-01
-1.807482e-01
-1.371903e-02
5.859346e-01
-1.573538e-01
-2.435628e-01
-1.739382e-01
3.595754e-01
9.162574e-01
-3.160776e-01
9.112252e-02
-6.430547e-02
-2.117210e-01
-2.187883e-01
-1.390009e-01
-2.804298e-02
-3.133103e-01
-3.631962e-01
-8.381187e-02
-1.628503e-01
3.752872e-01
-1.289577e-01
3.277141e-01
-3.128664e-01
3.153194e-01
-3.096412e-01
3.042596e-03
4.558649e-01
-2.699998e-01
-2.507989e-01
-2.375134e-01
6.323277e-01
-3.065739e-01
-3.527411e-01
-2.091592e-01
4.313769e-01
-3.603643e-01
-4.092852e-01
-2.573456e-01
-2.472203e-01
-1.039710e-01
-2.743924e-01
-3.178159e-01
-2.151071e-01
1.672643e-01
-1.181754e-01
-2.046886e-01
-2.487115e-01
7.057447e-02
-3.571771e-01
3.000400e-01
-3.121647e-01
-1.764508e-01
-3.471569e-01
-2.823913e-01
7.939116e-01
5.828371e-01
-3.742113e-02
2.665658e-01
-1.992617e-01
-1.491785e-01
-2.820552e-01
5.894153e-01
-1.416652e-01
-1.816231e-01
4.784941e-01
3.042644e-01
-1.343128e-01
-1.902311e-01
-4.223254e-01
-2.491266e-01
-3.788757e-01
-6.926554e-02
9.088284e-01
-1.177745e-01
-1.214639e-01
3.735276e-01
-8.957332e-02
-2.574115e-01
-2.553496e-01
6.199000e-01
-6.843023e-03
4.587640e-01
-2.829460e-01
-1.110616e-01
-1.774533e-01
-1.717042e-01
-2.082384e-01
6.489646e-01
-1.977915e-01
3.600478e-01
-2.365427e-01
-2.465715e-01
-1.473651e-01
2.476135e-02
-2.203151e-01
6.580281e-01
-8.516592e-02
-3.327258e-01
5.749076e-01
-2.312049e-01
-2.330355e-01
1.534348e-01
5.011880e-01
-2.715889e-01
-3.456701e-01
4.245153e-01
-1.173211e-01
-1.496259e-01
-2.942272e-01
3.032065e-02
-3.843115e-01
-2.533548e-01
3.081214e-01
-1.723447e-02
-1.260808e-01
5.494773e-01
-2.998851e-01
-1.448967e-01
-1.973326e-01
-2.272964e-01
-1.860763e-01
-2.074607e-01
-4.099506e-02
3.772294e-01
-1.775935e-01
-7.746606e-02
6.528370e-01
-2.555153e-01
-2.738337e-01
3.868518e-01
-1.734521e-01
-2.403818e-01
-3.054340e-01
1.341811e-01
-2.733568e-01
-3.952506e-01
-2.420699e-01
6.529665e-01
-1.701352e-01
-3.927819e-01
-1.384585e-01
2.871077e-01
-9.696680e-02
-8.135352e-02
-2.392359e-01
-6.222561e-02
9.347771e-01
-6.824905e-02
-1.686930e-02
-7.550348e-02
6.443491e-01
-1.625972e-01
-9.429161e-02
-1.449575e-01
-9.879190e-02
4.911049e-01
-4.528004e-02
-1.401636e-01
7.321545e-01
3.866416e-01
1.056220e+00
3.023813e-01
-1.291360e-01
7.221181e-02
2.602598e-03
6.945298e-01
7.011177e-01
1.510060e-01
-1.577432e-01
7.296444e-02
3.808795e-01
-1.408559e-01
-8.585541e-02
-7.189454e-02
-1.812812e-01
-8.168966e-02
-3.690863e-02
7.842612e-01
-1.269449e-01
2.954526e-02
-5.372021e-02
-7.096445e-02
3.501447e-01
-1.040408e-01
5.069138e-01
-8.029927e-02
-2.168861e-01
-9.922708e-02
6.191020e-01
-1.121031e-01
-1.209576e-01
-1.673768e-01
-7.167720e-02
-1.338461e-01
-5.643036e-02
-1.067850e-01
1.404826e-02
-2.481928e-02
-7.754167e-02
-1.128141e-01
-1.491873e-01
-1.329649e-01
-1.789601e-01
2.029797e-01
-1.286056e-01
-1.713994e-01
-1.523068e-01
-2.204996e-01
6.474921e-01
-1.810149e-01
3.937899e-01
-1.601945e-01
-1.899408e-01
2.743947e-01
-2.064089e-01
-2.719912e-02
-1.571768e-01
1.108585e-01
-2.093829e-01
8.428321e-01
-2.909473e-01
-2.414436e-01
-2.225272e-01
-3.054329e-01
-2.707464e-01
-3.324008e-01
-2.281409e-02
2.038370e-01
-1.664777e-01
-3.050933e-01
-2.539188e-01
-2.043218e-01
1.046921e+00
-1.827520e-01
-2.444307e-01
3.429237e-01
-9.137174e-02
2.380389e-01
-3.556204e-01
-1.459985e-01
-2.694037e-01
-1.815543e-01
-1.766025e-01
-2.426856e-01
-2.084289e-01
-2.049240e-01
-2.428915e-01
7.208991e-01
-2.316670e-01
-1.001134e-01
-2.120609e-01
-2.379579e-01
-2.195017e-01
-2.211455e-01
5.714612e-01
5.890880e-01
-1.032753e-01
1.120416e-01
-1.144812e-01
-9.599608e-02
-1.754000e-01
-7.600667e-02
-3.609240e-01
-1.410316e-01
-3.406113e-01
5.888047e-01
-2.028847e-01
-2.366667e-01
6.100543e-01
1.346107e-01
2.273773e-01
-3.564675e-01
-3.094174e-01
-1.130285e-01
1.316766e-01
-1.313238e-01
9.851709e-02
-1.118170e-01
-2.164034e-01
-2.551665e-01
-2.375333e-01
-1.886443e-01
-1.379799e-01
4.921444e-03
3.321723e-01
2.996190e-01
-1.598948e-01
5.864120e-02
-2.729224e-01
5.906203e-01
-1.338508e-01
-2.246953e-01
-2.354736e-01
-2.393225e-01
2.277562e-02
4.924687e-01
-6.869262e-02
-9.027655e-02
-1.908926e-01
-2.426890e-01
-1.574058e-01
6.356910e-01
7.549198e-01
-8.638724e-02
-2.639049e-01
-6.562710e-02
6.153937e-02
-2.899222e-01
7.260396e-01
6.034119e-01
-2.090638e-01
-1.935540e-01
5.290306e-01
-1.729586e-01
7.196288e-01
5.677276e-01
-1.598457e-01
-2.395028e-01
-1.607473e-01
3.036953e-01
6.806142e-01
-1.210033e-01
-1.248074e-01
-1.617851e-01
-1.223311e-01
7.350503e-02
-3.284093e-02
3.062276e-02
-2.187032e-01
-1.592369e-01
7.989702e-01
4.389934e-01
-1.608534e-01
-8.166698e-02
-2.773926e-01
-1.114132e-01
2.530080e-01
7.083549e-01
-2.364708e-01
-7.838318e-02
-9.641124e-02
-2.110338e-01
6.245906e-03
-1.632738e-01
6.583130e-01
-1.713835e-02
4.256538e-01
-5.465258e-02
-5.525826e-02
9.135584e-02
-1.055660e-01
1.010506e-01
-3.316820e-01
-6.605682e-02
-2.776822e-02
-1.228971e-01
6.599354e-01
-1.679742e-01
-9.159435e-02
-7.264645e-02
2.950212e-02
-1.169869e-01
8.954320e-02
2.433276e-01
-1.310524e-01
-2.162182e-01
1.851559e-01
7.519107e-01
5.504382e-01
-2.557933e-01
-3.171298e-03
-1.389796e-01
8.413708e-01
7.309510e-01
1.319700e-01
7.265984e-02
-1.694364e-01
-1.189535e-01
-3.032423e-02
-1.196259e-01
7.175251e-01
-2.225051e-01
-1.111301e-01
6.520739e-01
-1.674209e-01
-3.699606e-02
-1.111256e-01
-1.119998e-01
7.358378e-01
-2.168995e-01
5.495358e-01
4.538756e-04
1.473958e-01
-1.154713e-01
4.773086e-02
-2.321132e-01
7.031731e-03
